                                                  

        SCF,CCSD
   -103.6142609,   -104.2312412
   -103.6096066,   -104.2209012
   -103.5155449,   -104.1573779
                                                  

        SCF,CCSD
   -103.6142486,   -104.2311847
   -103.6095937,   -104.2208520
   -103.5155306,   -104.1573293
                                                  

        SCF,CCSD
   -103.61424858,   -104.23118468
   -103.60959374,   -104.22085207
   -103.51553064,   -104.15732915
   -103.35833166,   -103.90523634
   -103.32839141,   -103.89283380
   -103.61555817,   -104.29011585
   -102.75741287,   -103.25984706
   -101.74993908,   -102.19998649
   -100.30410175,   -100.69533411
    -98.15400810,    -98.52108676
    -95.48932412,    -95.82690177
    -92.24386440,    -92.55483457
    -88.39347391,    -88.67954240
    -83.96227829,    -84.21775394
    -28.66461823,    -28.71559326
                                                  
