                                                  

          SCF,CCSD
        0.00000,        0.00000
        0.00000,        0.00000
        0.00000,        0.00000
        0.00000,        0.00000
        0.00000,        0.00000
        0.00000,        0.00000
        0.00000,        0.00000
        0.00000,        0.00000
        0.00000,        0.00000
        0.00000,        0.00000
        0.00000,        0.00000
        0.00000,        0.00000
        0.00000,        0.00000
        0.00000,        0.00000
        0.00000,        0.00000
        0.00000,        0.00000
   -17824.62750,   -17827.54012
                                                  
