  1.215775037524561E-006   8.08194399998916     
  1.226830421750313E-006   8.08194399998896     
  1.237986335693001E-006   8.08194399998876     
  1.249243693497602E-006   8.08194399998856     
  1.260603417621676E-006   8.08194399998835     
  1.272066438910944E-006   8.08194399998813     
  1.283633696675570E-006   8.08194399998792     
  1.295306138767131E-006   8.08194399998770     
  1.307084721656284E-006   8.08194399998747     
  1.318970410511143E-006   8.08194399998724     
  1.330964179276365E-006   8.08194399998701     
  1.343067010752962E-006   8.08194399998677     
  1.355279896678832E-006   8.08194399998653     
  1.367603837810021E-006   8.08194399998628     
  1.380039844002736E-006   8.08194399998604     
  1.392588934296086E-006   8.08194399998578     
  1.405252136995594E-006   8.08194399998552     
  1.418030489757448E-006   8.08194399998526     
  1.430925039673541E-006   8.08194399998499     
  1.443936843357265E-006   8.08194399998471     
  1.457066967030092E-006   8.08194399998443     
  1.470316486608951E-006   8.08194399998415     
  1.483686487794382E-006   8.08194399998386     
  1.497178066159505E-006   8.08194399998356     
  1.510792327239798E-006   8.08194399998326     
  1.524530386623681E-006   8.08194399998296     
  1.538393370043933E-006   8.08194399998265     
  1.552382413469940E-006   8.08194399998233     
  1.566498663200774E-006   8.08194399998201     
  1.580743275959129E-006   8.08194399998168     
  1.595117418986103E-006   8.08194399998134     
  1.609622270136845E-006   8.08194399998100     
  1.624259017977073E-006   8.08194399998065     
  1.639028861880466E-006   8.08194399998030     
  1.653933012126946E-006   8.08194399997994     
  1.668972690001851E-006   8.08194399997958     
  1.684149127896008E-006   8.08194399997920     
  1.699463569406722E-006   8.08194399997882     
  1.714917269439678E-006   8.08194399997844     
  1.730511494311769E-006   8.08194399997804     
  1.746247521854867E-006   8.08194399997764     
  1.762126641520526E-006   8.08194399997723     
  1.778150154485646E-006   8.08194399997682     
  1.794319373759094E-006   8.08194399997639     
  1.810635624289298E-006   8.08194399997596     
  1.827100243072811E-006   8.08194399997552     
  1.843714579263874E-006   8.08194399997507     
  1.860479994284967E-006   8.08194399997462     
  1.877397861938365E-006   8.08194399997416     
  1.894469568518716E-006   8.08194399997368     
  1.911696512926634E-006   8.08194399997320     
  1.929080106783329E-006   8.08194399997271     
  1.946621774546280E-006   8.08194399997221     
  1.964322953625958E-006   8.08194399997171     
  1.982185094503613E-006   8.08194399997119     
  2.000209660850127E-006   8.08194399997067     
  2.018398129645952E-006   8.08194399997013     
  2.036751991302144E-006   8.08194399996958     
  2.055272749782477E-006   8.08194399996903     
  2.073961922726699E-006   8.08194399996846     
  2.092821041574877E-006   8.08194399996788     
  2.111851651692896E-006   8.08194399996730     
  2.131055312499086E-006   8.08194399996670     
  2.150433597592007E-006   8.08194399996609     
  2.169988094879394E-006   8.08194399996547     
  2.189720406708272E-006   8.08194399996484     
  2.209632149996258E-006   8.08194399996420     
  2.229724956364056E-006   8.08194399996355     
  2.250000472269157E-006   8.08194399996288     
  2.270460359140750E-006   8.08194399996220     
  2.291106293515870E-006   8.08194399996151     
  2.311939967176771E-006   8.08194399996081     
  2.332963087289563E-006   8.08194399996009     
  2.354177376544093E-006   8.08194399995936     
  2.375584573295115E-006   8.08194399995862     
  2.397186431704728E-006   8.08194399995786     
  2.418984721886122E-006   8.08194399995709     
  2.440981230048625E-006   8.08194399995631     
  2.463177758644066E-006   8.08194399995551     
  2.485576126514476E-006   8.08194399995470     
  2.508178169041131E-006   8.08194399995387     
  2.530985738294940E-006   8.08194399995303     
  2.554000703188216E-006   8.08194399995217     
  2.577224949627819E-006   8.08194399995130     
  2.600660380669686E-006   8.08194399995041     
  2.624308916674781E-006   8.08194399994950     
  2.648172495466446E-006   8.08194399994858     
  2.672253072489201E-006   8.08194399994764     
  2.696552620968965E-006   8.08194399994668     
  2.721073132074761E-006   8.08194399994571     
  2.745816615081871E-006   8.08194399994472     
  2.770785097536482E-006   8.08194399994370     
  2.795980625421825E-006   8.08194399994268     
  2.821405263325837E-006   8.08194399994163     
  2.847061094610328E-006   8.08194399994056     
  2.872950221581709E-006   8.08194399993948     
  2.899074765663249E-006   8.08194399993837     
  2.925436867568917E-006   8.08194399993725     
  2.952038687478797E-006   8.08194399993610     
  2.978882405216097E-006   8.08194399993493     
  3.005970220425769E-006   8.08194399993374     
  3.033304352754756E-006   8.08194399993253     
  3.060887042033876E-006   8.08194399993130     
  3.088720548461358E-006   8.08194399993005     
  3.116807152788046E-006   8.08194399992877     
  3.145149156504296E-006   8.08194399992747     
  3.173748882028561E-006   8.08194399992614     
  3.202608672897700E-006   8.08194399992479     
  3.231730893959008E-006   8.08194399992342     
  3.261117931564005E-006   8.08194399992202     
  3.290772193763975E-006   8.08194399992059     
  3.320696110507288E-006   8.08194399991914     
  3.350892133838518E-006   8.08194399991767     
  3.381362738099372E-006   8.08194399991616     
  3.412110420131440E-006   8.08194399991463     
  3.443137699480794E-006   8.08194399991307     
  3.474447118604449E-006   8.08194399991148     
  3.506041243078693E-006   8.08194399990986     
  3.537922661809324E-006   8.08194399990822     
  3.570093987243787E-006   8.08194399990654     
  3.602557855585245E-006   8.08194399990484     
  3.635316927008598E-006   8.08194399990310     
  3.668373885878466E-006   8.08194399990133     
  3.701731440969149E-006   8.08194399989952     
  3.735392325686595E-006   8.08194399989769     
  3.769359298292378E-006   8.08194399989582     
  3.803635142129723E-006   8.08194399989392     
  3.838222665851578E-006   8.08194399989198     
  3.873124703650757E-006   8.08194399989000     
  3.908344115492190E-006   8.08194399988799     
  3.943883787347273E-006   8.08194399988595     
  3.979746631430350E-006   8.08194399988386     
  4.015935586437346E-006   8.08194399988174     
  4.052453617786579E-006   8.08194399987958     
  4.089303717861747E-006   8.08194399987738     
  4.126488906257133E-006   8.08194399987514     
  4.164012230025044E-006   8.08194399987286     
  4.201876763925485E-006   8.08194399987054     
  4.240085610678122E-006   8.08194399986817     
  4.278641901216521E-006   8.08194399986576     
  4.317548794944710E-006   8.08194399986331     
  4.356809479996062E-006   8.08194399986081     
  4.396427173494547E-006   8.08194399985827     
  4.436405121818345E-006   8.08194399985568     
  4.476746600865867E-006   8.08194399985304     
  4.517454916324189E-006   8.08194399985036     
  4.558533403939929E-006   8.08194399984763     
  4.599985429792585E-006   8.08194399984484     
  4.641814390570366E-006   8.08194399984201     
  4.684023713848518E-006   8.08194399983912     
  4.726616858370195E-006   8.08194399983618     
  4.769597314329873E-006   8.08194399983319     
  4.812968603659350E-006   8.08194399983014     
  4.856734280316338E-006   8.08194399982704     
  4.900897930575686E-006   8.08194399982388     
  4.945463173323248E-006   8.08194399982066     
  4.990433660352426E-006   8.08194399981739     
  5.035813076663405E-006   8.08194399981405     
  5.081605140765114E-006   8.08194399981065     
  5.127813604979927E-006   8.08194399980719     
  5.174442255751142E-006   8.08194399980367     
  5.221494913953250E-006   8.08194399980008     
  5.268975435205028E-006   8.08194399979643     
  5.316887710185476E-006   8.08194399979271     
  5.365235664952637E-006   8.08194399978892     
  5.414023261265301E-006   8.08194399978507     
  5.463254496907642E-006   8.08194399978114     
  5.512933406016814E-006   8.08194399977714     
  5.563064059413512E-006   8.08194399977307     
  5.613650564935550E-006   8.08194399976893     
  5.664697067774460E-006   8.08194399976470     
  5.716207750815174E-006   8.08194399976041     
  5.768186834978766E-006   8.08194399975603     
  5.820638579568341E-006   8.08194399975157     
  5.873567282618032E-006   8.08194399974703     
  5.926977281245215E-006   8.08194399974241     
  5.980872952005890E-006   8.08194399973770     
  6.035258711253311E-006   8.08194399973291     
  6.090139015499875E-006   8.08194399972803     
  6.145518361782295E-006   8.08194399972306     
  6.201401288030110E-006   8.08194399971801     
  6.257792373437524E-006   8.08194399971285     
  6.314696238838641E-006   8.08194399970761     
  6.372117547086107E-006   8.08194399970226     
  6.430061003433205E-006   8.08194399969683     
  6.488531355919403E-006   8.08194399969129     
  6.547533395759427E-006   8.08194399968565     
  6.607071957735868E-006   8.08194399967990     
  6.667151920595352E-006   8.08194399967406     
  6.727778207448322E-006   8.08194399966810     
  6.788955786172447E-006   8.08194399966204     
  6.850689669819703E-006   8.08194399965586     
  6.912984917027163E-006   8.08194399964958     
  6.975846632431499E-006   8.08194399964318     
  7.039279967087289E-006   8.08194399963666     
  7.103290118889093E-006   8.08194399963002     
  7.167882332997389E-006   8.08194399962326     
  7.233061902268377E-006   8.08194399961637     
  7.298834167687678E-006   8.08194399960937     
  7.365204518808008E-006   8.08194399960223     
  7.432178394190792E-006   8.08194399959496     
  7.499761281851830E-006   8.08194399958756     
  7.567958719710984E-006   8.08194399958003     
  7.636776296045988E-006   8.08194399957236     
  7.706219649950349E-006   8.08194399956454     
  7.776294471795441E-006   8.08194399955659     
  7.847006503696785E-006   8.08194399954849     
  7.918361539984566E-006   8.08194399954024     
  7.990365427678453E-006   8.08194399953184     
  8.063024066966700E-006   8.08194399952329     
  8.136343411689639E-006   8.08194399951458     
  8.210329469827537E-006   8.08194399950571     
  8.284988303992923E-006   8.08194399949668     
  8.360326031927360E-006   8.08194399948748     
  8.436348827002760E-006   8.08194399947812     
  8.513062918727238E-006   8.08194399946859     
  8.590474593255582E-006   8.08194399945888     
  8.668590193904344E-006   8.08194399944899     
  8.747416121671649E-006   8.08194399943892     
  8.826958835761685E-006   8.08194399942868     
  8.907224854114010E-006   8.08194399941824     
  8.988220753937634E-006   8.08194399940761     
  9.069953172249977E-006   8.08194399939679     
  9.152428806420727E-006   8.08194399938576     
  9.235654414720636E-006   8.08194399937454     
  9.319636816875310E-006   8.08194399936312     
  9.404382894624042E-006   8.08194399935148     
  9.489899592283712E-006   8.08194399933963     
  9.576193917317826E-006   8.08194399932757     
  9.663272940910726E-006   8.08194399931529     
  9.751143798547024E-006   8.08194399930277     
  9.839813690596293E-006   8.08194399929004     
  9.929289882903098E-006   8.08194399927707     
  1.001957970738237E-005   8.08194399926386     
  1.011069056262019E-005   8.08194399925041     
  1.020262991448010E-005   8.08194399923672     
  1.029540529671478E-005   8.08194399922277     
  1.038902431158350E-005   8.08194399920857     
  1.048349463047497E-005   8.08194399919411     
  1.057882399453602E-005   8.08194399917939     
  1.067502021530589E-005   8.08194399916440     
  1.077209117535634E-005   8.08194399914913     
  1.087004482893758E-005   8.08194399913359     
  1.096888920263005E-005   8.08194399911776     
  1.106863239600215E-005   8.08194399910164     
  1.116928258227392E-005   8.08194399908523     
  1.127084800898679E-005   8.08194399906852     
  1.137333699867941E-005   8.08194399905150     
  1.147675794956962E-005   8.08194399903417     
  1.158111933624259E-005   8.08194399901653     
  1.168642971034531E-005   8.08194399899856     
  1.179269770128726E-005   8.08194399898026     
  1.189993201694761E-005   8.08194399896163     
  1.200814144438869E-005   8.08194399894266     
  1.211733485057607E-005   8.08194399892335     
  1.222752118310513E-005   8.08194399890368     
  1.233870947093426E-005   8.08194399888365     
  1.245090882512470E-005   8.08194399886325     
  1.256412843958712E-005   8.08194399884249     
  1.267837759183501E-005   8.08194399882134     
  1.279366564374492E-005   8.08194399879981     
  1.291000204232356E-005   8.08194399877788     
  1.302739632048191E-005   8.08194399875555     
  1.314585809781641E-005   8.08194399873282     
  1.326539708139719E-005   8.08194399870967     
  1.338602306656351E-005   8.08194399868609     
  1.350774593772639E-005   8.08194399866209     
  1.363057566917857E-005   8.08194399863765     
  1.375452232591186E-005   8.08194399861276     
  1.387959606444186E-005   8.08194399858741     
  1.400580713364022E-005   8.08194399856161     
  1.413316587557445E-005   8.08194399853533     
  1.426168272635542E-005   8.08194399850857     
  1.439136821699245E-005   8.08194399848132     
  1.452223297425633E-005   8.08194399845358     
  1.465428772155003E-005   8.08194399842533     
  1.478754327978746E-005   8.08194399839656     
  1.492201056828012E-005   8.08194399836727     
  1.505770060563190E-005   8.08194399833743     
  1.519462451064195E-005   8.08194399830706     
  1.533279350321579E-005   8.08194399827613     
  1.547221890528467E-005   8.08194399824464     
  1.561291214173337E-005   8.08194399821257     
  1.575488474133635E-005   8.08194399817991     
  1.589814833770247E-005   8.08194399814666     
  1.604271467022824E-005   8.08194399811280     
  1.618859558505982E-005   8.08194399807833     
  1.633580303606371E-005   8.08194399804322     
  1.648434908580628E-005   8.08194399800747     
  1.663424590654220E-005   8.08194399797107     
  1.678550578121186E-005   8.08194399793400     
  1.693814110444791E-005   8.08194399789626     
  1.709216438359087E-005   8.08194399785782     
  1.724758823971400E-005   8.08194399781869     
  1.740442540865757E-005   8.08194399777884     
  1.756268874207238E-005   8.08194399773826     
  1.772239120847294E-005   8.08194399769694     
  1.788354589430009E-005   8.08194399765486     
  1.804616600499336E-005   8.08194399761202     
  1.821026486607307E-005   8.08194399756839     
  1.837585592423220E-005   8.08194399752397     
  1.854295274843834E-005   8.08194399747873     
  1.871156903104549E-005   8.08194399743267     
  1.888171858891607E-005   8.08194399738577     
  1.905341536455314E-005   8.08194399733800     
  1.922667342724283E-005   8.08194399728937     
  1.940150697420726E-005   8.08194399723985     
  1.957793033176788E-005   8.08194399718943     
  1.975595795651941E-005   8.08194399713808     
  1.993560443651446E-005   8.08194399708579     
  2.011688449245888E-005   8.08194399703256     
  2.029981297891806E-005   8.08194399697834     
  2.048440488553410E-005   8.08194399692314     
  2.067067533825417E-005   8.08194399686693     
  2.085863960056990E-005   8.08194399680969     
  2.104831307476815E-005   8.08194399675140     
  2.123971130319311E-005   8.08194399669205     
  2.143284996951986E-005   8.08194399663162     
  2.162774490003957E-005   8.08194399657008     
  2.182441206495631E-005   8.08194399650742     
  2.202286757969570E-005   8.08194399644361     
  2.222312770622546E-005   8.08194399637864     
  2.242520885438798E-005   8.08194399631248     
  2.262912758324492E-005   8.08194399624511     
  2.283490060243416E-005   8.08194399617651     
  2.304254477353902E-005   8.08194399610666     
  2.325207711146994E-005   8.08194399603553     
  2.346351478585873E-005   8.08194399596310     
  2.367687512246545E-005   8.08194399588935     
  2.389217560459821E-005   8.08194399581426     
  2.410943387454574E-005   8.08194399573778     
  2.432866773502306E-005   8.08194399565992     
  2.454989515063029E-005   8.08194399558063     
  2.477313424932471E-005   8.08194399549989     
  2.499840332390619E-005   8.08194399541767     
  2.522572083351621E-005   8.08194399533396     
  2.545510540515038E-005   8.08194399524872     
  2.568657583518483E-005   8.08194399516191     
  2.592015109091644E-005   8.08194399507352     
  2.615585031211701E-005   8.08194399498352     
  2.639369281260170E-005   8.08194399489187     
  2.663369808181163E-005   8.08194399479855     
  2.687588578641086E-005   8.08194399470353     
  2.712027577189795E-005   8.08194399460676     
  2.736688806423221E-005   8.08194399450823     
  2.761574287147457E-005   8.08194399440790     
  2.786686058544356E-005   8.08194399430574     
  2.812026178338625E-005   8.08194399420171     
  2.837596722966443E-005   8.08194399409578     
  2.863399787745601E-005   8.08194399398791     
  2.889437487047208E-005   8.08194399387808     
  2.915711954468944E-005   8.08194399376623     
  2.942225343009892E-005   8.08194399365235     
  2.968979825246959E-005   8.08194399353638     
  2.995977593512907E-005   8.08194399341830     
  3.023220860075995E-005   8.08194399329805     
  3.050711857321260E-005   8.08194399317561     
  3.078452837933444E-005   8.08194399305094     
  3.106446075081582E-005   8.08194399292398     
  3.134693862605278E-005   8.08194399279471     
  3.163198515202662E-005   8.08194399266307     
  3.191962368620065E-005   8.08194399252903     
  3.220987779843418E-005   8.08194399239255     
  3.250277127291385E-005   8.08194399225356     
  3.279832811010261E-005   8.08194399211204     
  3.309657252870638E-005   8.08194399196793     
  3.339752896765854E-005   8.08194399182119     
  3.370122208812262E-005   8.08194399167177     
  3.400767677551299E-005   8.08194399151962     
  3.431691814153412E-005   8.08194399136469     
  3.462897152623827E-005   8.08194399120693     
  3.494386250010190E-005   8.08194399104629     
  3.526161686612102E-005   8.08194399088271     
  3.558226066192552E-005   8.08194399071614     
  3.590582016191280E-005   8.08194399054654     
  3.623232187940073E-005   8.08194399037383     
  3.656179256880021E-005   8.08194399019797     
  3.689425922780758E-005   8.08194399001889     
  3.722974909961676E-005   8.08194398983654     
  3.756828967515173E-005   8.08194398965086     
  3.790990869531917E-005   8.08194398946179     
  3.825463415328160E-005   8.08194398926927     
  3.860249429675125E-005   8.08194398907323     
  3.895351763030475E-005   8.08194398887360     
  3.930773291771884E-005   8.08194398867033     
  3.966516918432738E-005   8.08194398846335     
  4.002585571939975E-005   8.08194398825258     
  4.038982207854088E-005   8.08194398803796     
  4.075709808611315E-005   8.08194398781943     
  4.112771383768023E-005   8.08194398759690     
  4.150169970247322E-005   8.08194398737030     
  4.187908632587916E-005   8.08194398713956     
  4.225990463195226E-005   8.08194398690461     
  4.264418582594776E-005   8.08194398666537     
  4.303196139687917E-005   8.08194398642176     
  4.342326312009836E-005   8.08194398617369     
  4.381812305989947E-005   8.08194398592110     
  4.421657357214622E-005   8.08194398566389     
  4.461864730692338E-005   8.08194398540198     
  4.502437721121202E-005   8.08194398513528     
  4.543379653158946E-005   8.08194398486371     
  4.584693881695344E-005   8.08194398458719     
  4.626383792127128E-005   8.08194398430560     
  4.668452800635395E-005   8.08194398401888     
  4.710904354465535E-005   8.08194398372692     
  4.753741932209709E-005   8.08194398342962     
  4.796969044091900E-005   8.08194398312689     
  4.840589232255539E-005   8.08194398281863     
  4.884606071053764E-005   8.08194398250474     
  4.929023167342313E-005   8.08194398218512     
  4.973844160775074E-005   8.08194398185965     
  5.019072724102335E-005   8.08194398152824     
  5.064712563471734E-005   8.08194398119078     
  5.110767418731948E-005   8.08194398084715     
  5.157241063739154E-005   8.08194398049724     
  5.204137306666261E-005   8.08194398014094     
  5.251459990314965E-005   8.08194397977813     
  5.299212992430642E-005   8.08194397940869     
  5.347400226020093E-005   8.08194397903250     
  5.396025639672192E-005   8.08194397864944     
  5.445093217881440E-005   8.08194397825938     
  5.494606981374467E-005   8.08194397786220     
  5.544570987439503E-005   8.08194397745776     
  5.594989330258837E-005   8.08194397704592     
  5.645866141244312E-005   8.08194397662657     
  5.697205589375860E-005   8.08194397619956     
  5.749011881543115E-005   8.08194397576474     
  5.801289262890149E-005   8.08194397532198     
  5.854042017163315E-005   8.08194397487113     
  5.907274467062279E-005   8.08194397441205     
  5.960990974594233E-005   8.08194397394457     
  6.015195941431323E-005   8.08194397346856     
  6.069893809271341E-005   8.08194397298385     
  6.125089060201679E-005   8.08194397249028     
  6.180786217066619E-005   8.08194397198771     
  6.236989843837927E-005   8.08194397147594     
  6.293704545988859E-005   8.08194397095483     
  6.350934970871526E-005   8.08194397042420     
  6.408685808097723E-005   8.08194396988387     
  6.466961789923196E-005   8.08194396933367     
  6.525767691635434E-005   8.08194396877342     
  6.585108331944947E-005   8.08194396820293     
  6.644988573380143E-005   8.08194396762202     
  6.705413322685762E-005   8.08194396703050     
  6.766387531224957E-005   8.08194396642817     
  6.827916195385015E-005   8.08194396581484     
  6.890004356986783E-005   8.08194396519030     
  6.952657103697793E-005   8.08194396455436     
  7.015879569449178E-005   8.08194396390679     
  7.079676934856344E-005   8.08194396324739     
  7.144054427643494E-005   8.08194396257595     
  7.209017323071993E-005   8.08194396189224     
  7.274570944372642E-005   8.08194396119604     
  7.340720663181872E-005   8.08194396048712     
  7.407471899981926E-005   8.08194395976525     
  7.474830124545004E-005   8.08194395903019     
  7.542800856381487E-005   8.08194395828171     
  7.611389665192219E-005   8.08194395751954     
  7.680602171324893E-005   8.08194395674346     
  7.750444046234606E-005   8.08194395595319     
  7.820921012948598E-005   8.08194395514849     
  7.892038846535194E-005   8.08194395432909     
  7.963803374577039E-005   8.08194395349472     
  8.036220477648639E-005   8.08194395264510     
  8.109296089798202E-005   8.08194395177996     
  8.183036199033911E-005   8.08194395089902     
  8.257446847814592E-005   8.08194395000198     
  8.332534133544848E-005   8.08194394908855     
  8.408304209074692E-005   8.08194394815844     
  8.484763283203734E-005   8.08194394721133     
  8.561917621189949E-005   8.08194394624692     
  8.639773545263061E-005   8.08194394526489     
  8.718337435142599E-005   8.08194394426492     
  8.797615728560690E-005   8.08194394324669     
  8.877614921789557E-005   8.08194394220984     
  8.958341570173859E-005   8.08194394115406     
  9.039802288667844E-005   8.08194394007899     
  9.122003752377400E-005   8.08194393898428     
  9.204952697107028E-005   8.08194393786957     
  9.288655919911796E-005   8.08194393673449     
  9.373120279654303E-005   8.08194393557868     
  9.458352697566714E-005   8.08194393440175     
  9.544360157817901E-005   8.08194393320332     
  9.631149708085756E-005   8.08194393198299     
  9.718728460134677E-005   8.08194393074037     
  9.807103590398340E-005   8.08194392947505     
  9.896282340567751E-005   8.08194392818661     
  9.986272018184645E-005   8.08194392687464     
  1.007707999724029E-004   8.08194392553869     
  1.016871371877974E-004   8.08194392417834     
  1.026118069151154E-004   8.08194392279313     
  1.035448849242306E-004   8.08194392138262     
  1.044864476740132E-004   8.08194391994634     
  1.054365723185956E-004   8.08194391848382     
  1.063953367136943E-004   8.08194391699458     
  1.073628194229899E-004   8.08194391547813     
  1.083390997245644E-004   8.08194391393398     
  1.093242576173978E-004   8.08194391236162     
  1.103183738279234E-004   8.08194391076053     
  1.113215298166424E-004   8.08194390913020     
  1.123338077847995E-004   8.08194390747007     
  1.133552906811184E-004   8.08194390577962     
  1.143860622085987E-004   8.08194390405828     
  1.154262068313750E-004   8.08194390230550     
  1.164758097816382E-004   8.08194390052070     
  1.175349570666190E-004   8.08194389870329     
  1.186037354756366E-004   8.08194389685267     
  1.196822325872095E-004   8.08194389496824     
  1.207705367762324E-004   8.08194389304939     
  1.218687372212178E-004   8.08194389109549     
  1.229769239116034E-004   8.08194388910588     
  1.240951876551263E-004   8.08194388707993     
  1.252236200852637E-004   8.08194388501697     
  1.263623136687419E-004   8.08194388291631     
  1.275113617131132E-004   8.08194388077728     
  1.286708583744015E-004   8.08194387859917     
  1.298408986648180E-004   8.08194387638127     
  1.310215784605467E-004   8.08194387412285     
  1.322129945096006E-004   8.08194387182317     
  1.334152444397497E-004   8.08194386948147     
  1.346284267665207E-004   8.08194386709700     
  1.358526409012696E-004   8.08194386466896     
  1.370879871593279E-004   8.08194386219656     
  1.383345667682227E-004   8.08194385967900     
  1.395924818759712E-004   8.08194385711544     
  1.408618355594515E-004   8.08194385450504     
  1.421427318328487E-004   8.08194385184696     
  1.434352756561779E-004   8.08194384914031     
  1.447395729438854E-004   8.08194384638422     
  1.460557305735272E-004   8.08194384357778     
  1.473838563945269E-004   8.08194384072006     
  1.487240592370134E-004   8.08194383781013     
  1.500764489207386E-004   8.08194383484705     
  1.514411362640759E-004   8.08194383182983     
  1.528182330931018E-004   8.08194382875748     
  1.542078522507584E-004   8.08194382562901     
  1.556101076061006E-004   8.08194382244338     
  1.570251140636266E-004   8.08194381919956     
  1.584529875726934E-004   8.08194381589647     
  1.598938451370181E-004   8.08194381253304     
  1.613478048242657E-004   8.08194380910815     
  1.628149857757236E-004   8.08194380562070     
  1.642955082160641E-004   8.08194380206954     
  1.657894934631968E-004   8.08194379845350     
  1.672970639382087E-004   8.08194379477140     
  1.688183431753964E-004   8.08194379102202     
  1.703534558323884E-004   8.08194378720415     
  1.719025277003603E-004   8.08194378331653     
  1.734656857143421E-004   8.08194377935789     
  1.750430579636197E-004   8.08194377532692     
  1.766347737022308E-004   8.08194377122231     
  1.782409633595568E-004   8.08194376704271     
  1.798617585510096E-004   8.08194376278676     
  1.814972920888173E-004   8.08194375845305     
  1.831476979929071E-004   8.08194375404017     
  1.848131115018867E-004   8.08194374954667     
  1.864936690841269E-004   8.08194374497107     
  1.881895084489433E-004   8.08194374031189     
  1.899007685578814E-004   8.08194373556758     
  1.916275896361030E-004   8.08194373073660     
  1.933701131838766E-004   8.08194372581736     
  1.951284819881726E-004   8.08194372080825     
  1.969028401343633E-004   8.08194371570762     
  1.986933330180300E-004   8.08194371051382     
  2.005001073568766E-004   8.08194370522512     
  2.023233112027527E-004   8.08194369983980     
  2.041630939537847E-004   8.08194369435610     
  2.060196063666181E-004   8.08194368877222     
  2.078930005687714E-004   8.08194368308632     
  2.097834300711011E-004   8.08194367729654     
  2.116910497803809E-004   8.08194367140099     
  2.136160160119957E-004   8.08194366539774     
  2.155584865027499E-004   8.08194365928480     
  2.175186204237932E-004   8.08194365306019     
  2.194965783936631E-004   8.08194364672186     
  2.214925224914468E-004   8.08194364026774     
  2.235066162700622E-004   8.08194363369570     
  2.255390247696596E-004   8.08194362700359     
  2.275899145311462E-004   8.08194362018923     
  2.296594536098321E-004   8.08194361325037     
  2.317478115892019E-004   8.08194360618475     
  2.338551595948103E-004   8.08194359899004     
  2.359816703083049E-004   8.08194359166389     
  2.381275179815760E-004   8.08194358420389     
  2.402928784510353E-004   8.08194357660761     
  2.424779291520245E-004   8.08194356887255     
  2.446828491333547E-004   8.08194356099617     
  2.469078190719783E-004   8.08194355297590     
  2.491530212877937E-004   8.08194354480911     
  2.514186397585858E-004   8.08194353649311     
  2.537048601351011E-004   8.08194352802519     
  2.560118697562602E-004   8.08194351940256     
  2.583398576645096E-004   8.08194351062241     
  2.606890146213119E-004   8.08194350168185     
  2.630595331227770E-004   8.08194349257795     
  2.654516074154362E-004   8.08194348330773     
  2.678654335121592E-004   8.08194347386815     
  2.703012092082159E-004   8.08194346425611     
  2.727591340974838E-004   8.08194345446848     
  2.752394095888041E-004   8.08194344450202     
  2.777422389224850E-004   8.08194343435349     
  2.802678271869560E-004   8.08194342401956     
  2.828163813355733E-004   8.08194341349683     
  2.853881102035782E-004   8.08194340278185     
  2.879832245252096E-004   8.08194339187112     
  2.906019369509720E-004   8.08194338076107     
  2.932444620650607E-004   8.08194336944804     
  2.959110164029456E-004   8.08194335792832     
  2.986018184691143E-004   8.08194334619816     
  3.013170887549774E-004   8.08194333425369     
  3.040570497569354E-004   8.08194332209100     
  3.068219259946117E-004   8.08194330970612     
  3.096119440292494E-004   8.08194329709496     
  3.124273324822766E-004   8.08194328425342     
  3.152683220540408E-004   8.08194327117726     
  3.181351455427121E-004   8.08194325786222     
  3.210280378633601E-004   8.08194324430392     
  3.239472360672031E-004   8.08194323049792     
  3.268929793610327E-004   8.08194321643969     
  3.298655091268153E-004   8.08194320212464     
  3.328650689414711E-004   8.08194318754805     
  3.358919045968340E-004   8.08194317270516     
  3.389462641197920E-004   8.08194315759111     
  3.420283977926113E-004   8.08194314220093     
  3.451385581734453E-004   8.08194312652959     
  3.482770001170293E-004   8.08194311057194     
  3.514439807955649E-004   8.08194309432276     
  3.546397597197925E-004   8.08194307777671     
  3.578645987602564E-004   8.08194306092839     
  3.611187621687640E-004   8.08194304377225     
  3.644025166000382E-004   8.08194302630269     
  3.677161311335683E-004   8.08194300851397     
  3.710598772956593E-004   8.08194299040027     
  3.744340290816809E-004   8.08194297195564     
  3.778388629785201E-004   8.08194295317404     
  3.812746579872366E-004   8.08194293404932     
  3.847416956459252E-004   8.08194291457520     
  3.882402600527859E-004   8.08194289474530     
  3.917706378894034E-004   8.08194287455313     
  3.953331184442387E-004   8.08194285399206     
  3.989279936363341E-004   8.08194283305535     
  4.025555580392338E-004   8.08194281173615     
  4.062161089051221E-004   8.08194279002747     
  4.099099461891809E-004   8.08194276792218     
  4.136373725741689E-004   8.08194274541304     
  4.173986934952244E-004   8.08194272249268     
  4.211942171648931E-004   8.08194269915358     
  4.250242545983840E-004   8.08194267538809     
  4.288891196390549E-004   8.08194265118843     
  4.327891289841297E-004   8.08194262654666     
  4.367246022106489E-004   8.08194260145470     
  4.406958618016569E-004   8.08194257590432     
  4.447032331726273E-004   8.08194254988717     
  4.487470446981279E-004   8.08194252339469     
  4.528276277387288E-004   8.08194249641823     
  4.569453166681551E-004   8.08194246894892     
  4.611004489006858E-004   8.08194244097776     
  4.652933649188031E-004   8.08194241249560     
  4.695244083010922E-004   8.08194238349309     
  4.737939257503948E-004   8.08194235396072     
  4.781022671222190E-004   8.08194232388882     
  4.824497854534075E-004   8.08194229326753     
  4.868368369910662E-004   8.08194226208681     
  4.912637812217563E-004   8.08194223033644     
  4.957309809009507E-004   8.08194219800602     
  5.002388020827607E-004   8.08194216508495     
  5.047876141499301E-004   8.08194213156243     
  5.093777898441038E-004   8.08194209742748     
  5.140097052963713E-004   8.08194206266891     
  5.186837400580879E-004   8.08194202727533     
  5.234002771319760E-004   8.08194199123513     
  5.281597030035097E-004   8.08194195453651     
  5.329624076725841E-004   8.08194191716743     
  5.378087846854723E-004   8.08194187911565     
  5.426992311670754E-004   8.08194184036869     
  5.476341478534621E-004   8.08194180091385     
  5.526139391247072E-004   8.08194176073820     
  5.576390130380271E-004   8.08194171982857     
  5.627097813612172E-004   8.08194167817155     
  5.678266596063931E-004   8.08194163575349     
  5.729900670640391E-004   8.08194159256049     
  5.782004268373657E-004   8.08194154857838     
  5.834581658769797E-004   8.08194150379275     
  5.887637150158699E-004   8.08194145818893     
  5.941175090047109E-004   8.08194141175195     
  5.995199865474868E-004   8.08194136446661     
  6.049715903374407E-004   8.08194131631740     
  6.104727670933500E-004   8.08194126728854     
  6.160239675961312E-004   8.08194121736396     
  6.216256467257786E-004   8.08194116652729     
  6.272782634986383E-004   8.08194111476188     
  6.329822811050205E-004   8.08194106205075     
  6.387381669471559E-004   8.08194100837663     
  6.445463926774944E-004   8.08194095372193     
  6.504074342373549E-004   8.08194089806872     
  6.563217718959240E-004   8.08194084139877     
  6.622898902896112E-004   8.08194078369351     
  6.683122784617611E-004   8.08194072493401     
  6.743894299027270E-004   8.08194066510103     
  6.805218425903086E-004   8.08194060417494     
  6.867100190305580E-004   8.08194054213577     
  6.929544662989560E-004   8.08194047896320     
  6.992556960819628E-004   8.08194041463651     
  7.056142247189482E-004   8.08194034913462     
  7.120305732445008E-004   8.08194028243607     
  7.185052674311232E-004   8.08194021451898     
  7.250388378323147E-004   8.08194014536109     
  7.316318198260474E-004   8.08194007493975     
  7.382847536586357E-004   8.08194000323186     
  7.449981844890053E-004   8.08193993021392     
  7.517726624333656E-004   8.08193985586200     
  7.586087426102871E-004   8.08193978015172     
  7.655069851861897E-004   8.08193970305828     
  7.724679554212442E-004   8.08193962455640     
  7.794922237156906E-004   8.08193954462035     
  7.865803656565791E-004   8.08193946322393     
  7.937329620649345E-004   8.08193938034045     
  8.009505990433503E-004   8.08193929594276     
  8.082338680240165E-004   8.08193921000319     
  8.155833658171812E-004   8.08193912249356     
  8.229996946600566E-004   8.08193903338521     
  8.304834622661668E-004   8.08193894264891     
  8.380352818751463E-004   8.08193885025492     
  8.456557723029893E-004   8.08193875617297     
  8.533455579927584E-004   8.08193866037222     
  8.611052690657523E-004   8.08193856282125     
  8.689355413731400E-004   8.08193846348811     
  8.768370165480636E-004   8.08193836234022     
  8.848103420582162E-004   8.08193825934444     
  8.928561712588962E-004   8.08193815446701     
  9.009751634465457E-004   8.08193804767354     
  9.091679839127747E-004   8.08193793892904     
  9.174353039988768E-004   8.08193782819786     
  9.257778011508408E-004   8.08193771544371     
  9.341961589748620E-004   8.08193760062962     
  9.426910672933596E-004   8.08193748371797     
  9.512632222015017E-004   8.08193736467043     
  9.599133261242453E-004   8.08193724344799     
  9.686420878738951E-004   8.08193712001090     
  9.774502227081854E-004   8.08193699431871     
  9.863384523888907E-004   8.08193686633023     
  9.953075052409673E-004   8.08193673600349     
  1.004358116212235E-003   8.08193660329578     
  1.013491026933603E-003   8.08193646816360     
  1.022706985779836E-003   8.08193633056266     
  1.032006747930882E-003   8.08193619044786     
  1.041391075433752E-003   8.08193604777327     
  1.050860737264966E-003   8.08193590249212     
  1.060416509393564E-003   8.08193575455680     
  1.070059174844687E-003   8.08193560391881     
  1.079789523763749E-003   8.08193545052879     
  1.089608353481175E-003   8.08193529433644     
  1.099516468577740E-003   8.08193513529058     
  1.109514680950499E-003   8.08193497333908     
  1.119603809879314E-003   8.08193480842884     
  1.129784682093992E-003   8.08193464050582     
  1.140058131842022E-003   8.08193446951499     
  1.150425000956944E-003   8.08193429540027     
  1.160886138927326E-003   8.08193411810462     
  1.171442402966373E-003   8.08193393756991     
  1.182094658082173E-003   8.08193375373698     
  1.192843777148572E-003   8.08193356654555     
  1.203690640976707E-003   8.08193337593429     
  1.214636138387178E-003   8.08193318184070     
  1.225681166282878E-003   8.08193298420118     
  1.236826629722492E-003   8.08193278295093     
  1.248073441994658E-003   8.08193257802400     
  1.259422524692804E-003   8.08193236935321     
  1.270874807790667E-003   8.08193215687017     
  1.282431229718495E-003   8.08193194050522     
  1.294092737439948E-003   8.08193172018746     
  1.305860286529691E-003   8.08193149584467     
  1.317734841251699E-003   8.08193126740330     
  1.329717374638271E-003   8.08193103478849     
  1.341808868569760E-003   8.08193079792399     
  1.354010313855036E-003   8.08193055673216     
  1.366322710312672E-003   8.08193031113394     
  1.378747066852870E-003   8.08193006104884     
  1.391284401560139E-003   8.08192980639487     
  1.403935741776714E-003   8.08192954708858     
  1.416702124186745E-003   8.08192928304496     
  1.429584594901240E-003   8.08192901417747     
  1.442584209543789E-003   8.08192874039799     
  1.455702033337064E-003   8.08192846161677     
  1.468939141190107E-003   8.08192817774243     
  1.482296617786410E-003   8.08192788868193     
  1.495775557672796E-003   8.08192759434053     
  1.509377065349111E-003   8.08192729462174     
  1.523102255358726E-003   8.08192698942732     
  1.536952252379874E-003   8.08192667865724     
  1.550928191317798E-003   8.08192636220963     
  1.565031217397754E-003   8.08192603998078     
  1.579262486258857E-003   8.08192571186506     
  1.593623164048769E-003   8.08192537775493     
  1.608114427519263E-003   8.08192503754087     
  1.622737464122647E-003   8.08192469111137     
  1.637493472109064E-003   8.08192433835287     
  1.652383660624685E-003   8.08192397914976     
  1.667409249810786E-003   8.08192361338429     
  1.682571470903732E-003   8.08192324093658     
  1.697871566335864E-003   8.08192286168455     
  1.713310789837312E-003   8.08192247550388     
  1.728890406538725E-003   8.08192208226800     
  1.744611693074942E-003   8.08192168184802     
  1.760475937689599E-003   8.08192127411268     
  1.776484440340697E-003   8.08192085892834     
  1.792638512807117E-003   8.08192043615892     
  1.808939478796118E-003   8.08192000566585     
  1.825388674051798E-003   8.08191956730800     
  1.841987446464553E-003   8.08191912094172     
  1.858737156181526E-003   8.08191866642068     
  1.875639175718059E-003   8.08191820359591     
  1.892694890070162E-003   8.08191773231570     
  1.909905696828005E-003   8.08191725242559     
  1.927273006290435E-003   8.08191676376827     
  1.944798241580546E-003   8.08191626618358     
  1.962482838762289E-003   8.08191575950842     
  1.980328246958149E-003   8.08191524357671     
  1.998335928467888E-003   8.08191471821936     
  2.016507358888371E-003   8.08191418326415     
  2.034844027234481E-003   8.08191363853575     
  2.053347436061133E-003   8.08191308385561     
  2.072019101586393E-003   8.08191251904192     
  2.090860553815727E-003   8.08191194390954     
  2.109873336667370E-003   8.08191135826996     
  2.129059008098839E-003   8.08191076193124     
  2.148419140234597E-003   8.08191015469790     
  2.167955319494877E-003   8.08190953637090     
  2.187669146725678E-003   8.08190890674758     
  2.207562237329941E-003   8.08190826562157     
  2.227636221399918E-003   8.08190761278271     
  2.247892743850751E-003   8.08190694801703     
  2.268333464555258E-003   8.08190627110664     
  2.288960058479945E-003   8.08190558182966     
  2.309774215822261E-003   8.08190487996016     
  2.330777642149095E-003   8.08190416526810     
  2.351972058536535E-003   8.08190343751921     
  2.373359201710899E-003   8.08190269647496     
  2.394940824191044E-003   8.08190194189246     
  2.416718694431974E-003   8.08190117352437     
  2.438694596969753E-003   8.08190039111885     
  2.460870332567731E-003   8.08189959441944     
  2.483247718364107E-003   8.08189878316501     
  2.505828588020829E-003   8.08189795708965     
  2.528614791873847E-003   8.08189711592260     
  2.551608197084736E-003   8.08189625938814     
  2.574810687793698E-003   8.08189538720553     
  2.598224165273950E-003   8.08189449908890     
  2.621850548087519E-003   8.08189359474714     
  2.645691772242462E-003   8.08189267388384     
  2.669749791351496E-003   8.08189173619716     
  2.694026576792089E-003   8.08189078137976     
  2.718524117868000E-003   8.08188980911867     
  2.743244421972284E-003   8.08188881909522     
  2.768189514751789E-003   8.08188781098491     
  2.793361440273135E-003   8.08188678445730     
  2.818762261190217E-003   8.08188573917594     
  2.844394058913222E-003   8.08188467479820     
  2.870258933779184E-003   8.08188359097523     
  2.896359005224093E-003   8.08188248735176     
  2.922696411956564E-003   8.08188136356608     
  2.949273312133095E-003   8.08188021924983     
  2.976091883534903E-003   8.08187905402794     
  3.003154323746385E-003   8.08187786751850     
  3.030462850335191E-003   8.08187665933259     
  3.058019701033935E-003   8.08187542907421     
  3.085827133923564E-003   8.08187417634012     
  3.113887427618390E-003   8.08187290071972     
  3.142202881452805E-003   8.08187160179489     
  3.170775815669696E-003   8.08187027913989     
  3.199608571610569E-003   8.08186893232119     
  3.228703511907409E-003   8.08186756089735     
  3.258063020676277E-003   8.08186616441886     
  3.287689503712670E-003   8.08186474242800     
  3.317585388688662E-003   8.08186329445868     
  3.347753125351831E-003   8.08186182003631     
  3.378195185725997E-003   8.08186031867762     
  3.408914064313792E-003   8.08185878989052     
  3.439912278301056E-003   8.08185723317391     
  3.471192367763110E-003   8.08185564801756     
  3.502756895872896E-003   8.08185403390190     
  3.534608449111006E-003   8.08185239029788     
  3.566749637477627E-003   8.08185071666680     
  3.599183094706413E-003   8.08184901246007     
  3.631911478480297E-003   8.08184727711912     
  3.664937470649270E-003   8.08184551007518     
  3.698263777450142E-003   8.08184371074905     
  3.731893129728291E-003   8.08184187855099     
  3.765828283161444E-003   8.08184001288047     
  3.800072018485474E-003   8.08183811312597     
  3.834627141722275E-003   8.08183617866484     
  3.869496484409682E-003   8.08183420886302     
  3.904682903833499E-003   8.08183220307488     
  3.940189283261637E-003   8.08183016064299     
  3.976018532180371E-003   8.08182808089793     
  4.012173586532749E-003   8.08182596315802     
  4.048657408959181E-003   8.08182380672915     
  4.085472989040193E-003   8.08182161090452     
  4.122623343541415E-003   8.08181937496443     
  4.160111516660766E-003   8.08181709817601     
  4.197940580277918E-003   8.08181477979302     
  4.236113634206008E-003   8.08181241905557     
  4.274633806445644E-003   8.08181001518992     
  4.313504253441223E-003   8.08180756740817     
  4.352728160339579E-003   8.08180507490803     
  4.392308741250983E-003   8.08180253687255     
  4.432249239512513E-003   8.08179995246987     
  4.472552927953821E-003   8.08179732085292     
  4.513223109165322E-003   8.08179464115917     
  4.554263115768812E-003   8.08179191251032     
  4.595676310690557E-003   8.08178913401203     
  4.637466087436854E-003   8.08178630475362     
  4.679635870372108E-003   8.08178342380777     
  4.722189114999433E-003   8.08178049023025     
  4.765129308243801E-003   8.08177750305953     
  4.808459968737778E-003   8.08177446131655     
  4.852184647109842E-003   8.08177136400437     
  4.896306926275335E-003   8.08176821010781     
  4.940830421730054E-003   8.08176499859316     
  4.985758781846518E-003   8.08176172840784     
  5.031095688172923E-003   8.08175839848001     
  5.076844855734817E-003   8.08175500771828     
  5.123010033339516E-003   8.08175155501131     
  5.169595003883303E-003   8.08174803922746     
  5.216603584661395E-003   8.08174445921441     
  5.264039627680746E-003   8.08174081379881     
  5.311907019975697E-003   8.08173710178585     
  5.360209683926482E-003   8.08173332195892     
  5.408951577580644E-003   8.08172947307916     
  5.458136694977360E-003   8.08172555388511     
  5.507769066474735E-003   8.08172156309223     
  5.557852759080046E-003   8.08171749939254     
  5.608391876783017E-003   8.08171336145416     
  5.659390560892100E-003   8.08170914792089     
  5.710852990373834E-003   8.08170485741173     
  5.762783382195268E-003   8.08170048852049     
  5.815185991669524E-003   8.08169603981525     
  5.868065112804482E-003   8.08169150983797     
  5.921425078654642E-003   8.08168689710397     
  5.975270261676185E-003   8.08168220010142     
  6.029605074085267E-003   8.08167741729090     
  6.084433968219566E-003   8.08167254710488     
  6.139761436903121E-003   8.08166758794716     
  6.195592013814475E-003   8.08166253819242     
  6.251930273858195E-003   8.08165739618562     
  6.308780833539735E-003   8.08165216024151     
  6.366148351343730E-003   8.08164682864404     
  6.424037528115731E-003   8.08164139964583     
  6.482453107447394E-003   8.08163587146756     
  6.541399876065192E-003   8.08163024229743     
  6.600882664222641E-003   8.08162451029052     
  6.660906346096118E-003   8.08161867356825     
  6.721475840184253E-003   8.08161273021768     
  6.782596109710964E-003   8.08160667829096     
  6.844272163032162E-003   8.08160051580463     
  6.906509054046150E-003   8.08159424073904     
  6.969311882607742E-003   8.08158785103761     
  7.032685794946169E-003   8.08158134460621     
  7.096635984086773E-003   8.08157471931246     
  7.161167690276533E-003   8.08156797298504     
  7.226286201413467E-003   8.08156110341294     
  7.291996853479941E-003   8.08155410834479     
  7.358305030979899E-003   8.08154698548809     
  7.425216167380103E-003   8.08153973250846     
  7.492735745555352E-003   8.08153234702889     
  7.560869298237766E-003   8.08152482662894     
  7.629622408470155E-003   8.08151716884397     
  7.699000710063507E-003   8.08150937116432     
  7.769009888058637E-003   8.08150143103448     
  7.839655679192033E-003   8.08149334585228     
  7.910943872365945E-003   8.08148511296801     
  7.982880309122732E-003   8.08147672968357     
  8.055470884123546E-003   8.08146819325156     
  8.128721545631349E-003   8.08145950087442     
  8.202638295998326E-003   8.08145064970348     
  8.277227192157744E-003   8.08144163683805     
  8.352494346120265E-003   8.08143245932445     
  8.428445925474778E-003   8.08142311415505     
  8.505088153893798E-003   8.08141359826730     
  8.582427311643442E-003   8.08140390854270     
  8.660469736098049E-003   8.08139404180579     
  8.739221822259492E-003   8.08138399482313     
  8.818690023281185E-003   8.08137376430221     
  8.898880850996885E-003   8.08136334689038     
  8.979800876454287E-003   8.08135273917377     
  9.061456730453466E-003   8.08134193767616     
  9.143855104090224E-003   8.08133093885782     
  9.227002749304384E-003   8.08131973911440     
  9.310906479433053E-003   8.08130833477569     
  9.395573169768927E-003   8.08129672210447     
  9.481009758123675E-003   8.08128489729526     
  9.567223245396437E-003   8.08127285647307     
  9.654220696147495E-003   8.08126059569216     
  9.742009239177164E-003   8.08124811093470     
  9.830596068109944E-003   8.08123539810952     
  9.919988441983987E-003   8.08122245305068     
  1.001019368584592E-002   8.08120927151621     
  1.010121919135108E-002   8.08119584918664     
  1.019307241736920E-002   8.08118218166362     
  1.028576089059561E-002   8.08116826446848     
  1.037929220616801E-002   8.08115409304076     
  1.047367402828880E-002   8.08113966273671     
  1.056891409085315E-002   8.08112496882776     
  1.066502019808271E-002   8.08111000649903     
  1.076200022516509E-002   8.08109477084766     
  1.085986211889921E-002   8.08107925688130     
  1.095861389834648E-002   8.08106345951639     
  1.105826365548788E-002   8.08104737357656     
  1.115881955588703E-002   8.08103099379093     
  1.126028983935933E-002   8.08101431479232     
  1.136268282064715E-002   8.08099733111558     
  1.146600689010114E-002   8.08098003719574     
  1.157027051436776E-002   8.08096242736623     
  1.167548223708306E-002   8.08094449585697     
  1.178165067957281E-002   8.08092623679256     
  1.188878454155889E-002   8.08090764419027     
  1.199689260187220E-002   8.08088871195816     
  1.210598371917202E-002   8.08086943389303     
  1.221606683267191E-002   8.08084980367841     
  1.232715096287221E-002   8.08082981488251     
  1.243924521229922E-002   8.08080946095609     
  1.255235876625104E-002   8.08078873523032     
  1.266650089355031E-002   8.08076763091461     
  1.278168094730364E-002   8.08074614109437     
  1.289790836566809E-002   8.08072425872878     
  1.301519267262452E-002   8.08070197664845     
  1.313354347875806E-002   8.08067928755309     
  1.325297048204555E-002   8.08065618400912     
  1.337348346865028E-002   8.08063265844724     
  1.349509231372389E-002   8.08060870315995     
  1.361780698221551E-002   8.08058431029904     
  1.374163752968839E-002   8.08055947187299     
  1.386659410314382E-002   8.08053417974441     
  1.399268694185265E-002   8.08050842562732     
  1.411992637819428E-002   8.08048220108447     
  1.424832283850335E-002   8.08045549752459     
  1.437788684392407E-002   8.08042830619956     
  1.450862901127241E-002   8.08040061820155     
  1.464056005390601E-002   8.08037242446010     
  1.477369078260208E-002   8.08034371573920     
  1.490803210644327E-002   8.08031448263420     
  1.504359503371159E-002   8.08028471556879     
  1.518039067279045E-002   8.08025440479184     
  1.531843023307492E-002   8.08022354037421     
  1.545772502589024E-002   8.08019211220553     
  1.559828646541872E-002   8.08016010999086     
  1.574012606963504E-002   8.08012752324735     
  1.588325546125004E-002   8.08009434130081     
  1.602768636866317E-002   8.08006055328220     
  1.617343062692348E-002   8.08002614812409     
  1.632050017869948E-002   8.07999111455706     
  1.646890707525771E-002   8.07995544110599     
  1.661866347745026E-002   8.07991911608630     
  1.676978165671126E-002   8.07988212760019     
  1.692227399606246E-002   8.07984446353267     
  1.707615299112791E-002   8.07980611154767     
  1.723143125115785E-002   8.07976705908397     
  1.738812150006201E-002   8.07972729335110     
  1.754623657745219E-002   8.07968680132518     
  1.770578943969441E-002   8.07964556974465     
  1.786679316097054E-002   8.07960358510594     
  1.802926093434970E-002   8.07956083365903     
  1.819320607286926E-002   8.07951730140302     
  1.835864201062579E-002   8.07947297408152     
  1.852558230387590E-002   8.07942783717798     
  1.869404063214701E-002   8.07938187591097     
  1.886403079935839E-002   8.07933507522934     
  1.903556673495216E-002   8.07928741980734     
  1.920866249503483E-002   8.07923889403955     
  1.938333226352900E-002   8.07918948203584     
  1.955959035333569E-002   8.07913916761618     
  1.973745120750714E-002   8.07908793430531     
  1.991692940043033E-002   8.07903576532742     
  2.009803963902124E-002   8.07898264360063     
  2.028079676392996E-002   8.07892855173142     
  2.046521575075680E-002   8.07887347200901     
  2.065131171127940E-002   8.07881738639950     
  2.083909989469105E-002   8.07876027654001     
  2.102859568885025E-002   8.07870212373273     
  2.121981462154160E-002   8.07864290893876     
  2.141277236174824E-002   8.07858261277195     
  2.160748472093576E-002   8.07852121549253     
  2.180396765434785E-002   8.07845869700071     
  2.200223726231372E-002   8.07839503683009     
  2.220230979156742E-002   8.07833021414104     
  2.240420163657908E-002   8.07826420771381     
  2.260792934089840E-002   8.07819699594172     
  2.281350959851020E-002   8.07812855682403     
  2.302095925520240E-002   8.07805886795882     
  2.323029530994642E-002   8.07798790653566     
  2.344153491629009E-002   8.07791564932819     
  2.365469538376328E-002   8.07784207268654     
  2.386979417929630E-002   8.07776715252961     
  2.408684892865113E-002   8.07769086433729     
  2.430587741786577E-002   8.07761318314236     
  2.452689759471170E-002   8.07753408352247     
  2.474992757016449E-002   8.07745353959179     
  2.497498561988792E-002   8.07737152499258     
  2.520209018573152E-002   8.07728801288664     
  2.543125987724174E-002   8.07720297594657     
  2.566251347318686E-002   8.07711638634683     
  2.589586992309579E-002   8.07702821575471     
  2.613134834881083E-002   8.07693843532114     
  2.636896804605457E-002   8.07684701567124     
  2.660874848601103E-002   8.07675392689479     
  2.685070931692118E-002   8.07665913853652     
  2.709487036569296E-002   8.07656261958614     
  2.734125163952598E-002   8.07646433846834     
  2.758987332755092E-002   8.07636426303245     
  2.784075580248391E-002   8.07626236054200     
  2.809391962229592E-002   8.07615859766410     
  2.834938553189732E-002   8.07605294045860     
  2.860717446483778E-002   8.07594535436701     
  2.886730754502164E-002   8.07583580420135     
  2.912980608843883E-002   8.07572425413263     
  2.939469160491156E-002   8.07561066767929     
  2.966198579985693E-002   8.07549500769530     
  2.993171057606546E-002   8.07537723635808     
  3.020388803549592E-002   8.07525731515628     
  3.047854048108643E-002   8.07513520487723     
  3.075569041858196E-002   8.07501086559421     
  3.103536055837857E-002   8.07488425665353     
  3.131757381738431E-002   8.07475533666129     
  3.160235332089715E-002   8.07462406346997     
  3.188972240449987E-002   8.07449039416479     
  3.217970461597228E-002   8.07435428504974     
  3.247232371722078E-002   8.07421569163343     
  3.276760368622544E-002   8.07407456861469     
  3.306556871900485E-002   8.07393086986787     
  3.336624323159882E-002   8.07378454842786     
  3.366965186206906E-002   8.07363555647494     
  3.397581947251811E-002   8.07348384531924     
  3.428477115112658E-002   8.07332936538500     
  3.459653221420897E-002   8.07317206619449     
  3.491112820828816E-002   8.07301189635169     
  3.522858491218871E-002   8.07284880352568     
  3.554892833914933E-002   8.07268273443364     
  3.587218473895438E-002   8.07251363482370     
  3.619838060008489E-002   8.07234144945731     
  3.652754265188913E-002   8.07216612209147     
  3.685969786677282E-002   8.07198759546047     
  3.719487346240934E-002   8.07180581125743     
  3.753309690397007E-002   8.07162071011546     
  3.787439590637486E-002   8.07143223158846     
  3.821879843656317E-002   8.07124031413163     
  3.856633271578565E-002   8.07104489508159     
  3.891702722191677E-002   8.07084591063618     
  3.927091069178827E-002   8.07064329583384     
  3.962801212354403E-002   8.07043698453268     
  3.998836077901616E-002   8.07022690938915     
  4.035198618612285E-002   8.07001300183635     
  4.071891814128797E-002   8.06979519206191     
  4.108918671188264E-002   8.06957340898550     
  4.146282223868903E-002   8.06934758023597     
  4.183985533838658E-002   8.06911763212804     
  4.222031690606078E-002   8.06888348963856     
  4.260423811773486E-002   8.06864507638242     
  4.299165043292436E-002   8.06840231458796     
  4.338258559721508E-002   8.06815512507196     
  4.377707564486430E-002   8.06790342721421     
  4.417515290142586E-002   8.06764713893163     
  4.457684998639892E-002   8.06738617665184     
  4.498219981590090E-002   8.06712045528644     
  4.539123560536480E-002   8.06684988820359     
  4.580399087226081E-002   8.06657438720033     
  4.622049943884295E-002   8.06629386247423     
  4.664079543492047E-002   8.06600822259461     
  4.706491330065461E-002   8.06571737447332     
  4.749288778938066E-002   8.06542122333483     
  4.792475397045575E-002   8.06511967268598     
  4.836054723213253E-002   8.06481262428506     
  4.880030328445900E-002   8.06449997811039     
  4.924405816220466E-002   8.06418163232839     
  4.969184822781329E-002   8.06385748326101     
  5.014371017438263E-002   8.06352742535260     
  5.059968102867101E-002   8.06319135113628     
  5.105979815413154E-002   8.06284915119960     
  5.152409925397369E-002   8.06250071414965     
  5.199262237425282E-002   8.06214592657762     
  5.246540590698776E-002   8.06178467302257     
  5.294248859330676E-002   8.06141683593477     
  5.342390952662206E-002   8.06104229563823     
  5.390970815583328E-002   8.06066093029266     
  5.439992428855994E-002   8.06027261585476     
  5.489459809440350E-002   8.05987722603877     
  5.539377010823885E-002   8.05947463227641     
  5.589748123353592E-002   8.05906470367609     
  5.640577274571136E-002   8.05864730698135     
  5.691868629551083E-002   8.05822230652872     
  5.743626391242191E-002   8.05778956420466     
  5.795854800811812E-002   8.05734893940190     
  5.848558137993426E-002   8.05690028897494     
  5.901740721437332E-002   8.05644346719482     
  5.955406909064532E-002   8.05597832570310     
  6.009561098423826E-002   8.05550471346496     
  6.064207727052165E-002   8.05502247672164     
  6.119351272838270E-002   8.05453145894191     
  6.174996254389560E-002   8.05403150077283     
  6.231147231402426E-002   8.05352243998951     
  6.287808805035859E-002   8.05300411144415     
  6.344985618288480E-002   8.05247634701413     
  6.402682356379004E-002   8.05193897554920     
  6.460903747130158E-002   8.05139182281777     
  6.519654561356085E-002   8.05083471145231     
  6.578939613253292E-002   8.05026746089379     
  6.638763760795117E-002   8.04968988733513     
  6.699131906129822E-002   8.04910180366378     
  6.760048995982283E-002   8.04850301940319     
  6.821520022059331E-002   8.04789334065341     
  6.883550021458792E-002   8.04727257003059     
  6.946144077082241E-002   8.04664050660547     
  7.009307318051504E-002   8.04599694584088     
  7.073044920128954E-002   8.04534167952807     
  7.137362106141627E-002   8.04467449572206     
  7.202264146409193E-002   8.04399517867589     
  7.267756359175821E-002   8.04330350877364     
  7.333844111045970E-002   8.04259926246253     
  7.400532817424141E-002   8.04188221218365     
  7.467827942958628E-002   8.04115212630172     
  7.535735001989317E-002   8.04040876903353     
  7.604259558999528E-002   8.03965190037524     
  7.673407229071995E-002   8.03888127602849     
  7.743183678348979E-002   8.03809664732523     
  7.813594624496566E-002   8.03729776115132     
  7.884645837173186E-002   8.03648435986882     
  7.956343138502395E-002   8.03565618123709     
  8.028692403549956E-002   8.03481295833247     
  8.101699560805256E-002   8.03395441946667     
  8.175370592667104E-002   8.03308028810386     
  8.249711535933942E-002   8.03219028277634     
  8.324728482298518E-002   8.03128411699885     
  8.400427578847056E-002   8.03036149918142     
  8.476815028562962E-002   8.02942213254092     
  8.553897090835115E-002   8.02846571501102     
  8.631680081970773E-002   8.02749193915082     
  8.710170375713155E-002   8.02650049205183     
  8.789374403763722E-002   8.02549105524364     
  8.869298656309202E-002   8.02446330459792     
  8.949949682553411E-002   8.02341691023090     
  9.031334091253920E-002   8.02235153640436     
  9.113458551263597E-002   8.02126684142490     
  9.196329792077054E-002   8.02016247754174     
  9.279954604382096E-002   8.01903809084277     
  9.364339840616155E-002   8.01789332114904     
  9.449492415527810E-002   8.01672780190751     
  9.535419306743394E-002   8.01554116008216     
  9.622127555338748E-002   8.01433301604333     
  9.709624266416203E-002   8.01310298345536     
  9.797916609686783E-002   8.01185066916247     
  9.887011820057706E-002   8.01057567307284     
  9.976917198225239E-002   8.00927758804093     
  0.100676401112729        8.00795599974789     
  0.101591879932753        8.00661048658021     
  0.102515683459070        8.00524061950652     
  0.103447887390574        8.00384596195236     
  0.104388568114513        8.00242606967325     
  0.105337802712743        8.00098049062561     
  0.106295668968047        7.99950876483591     
  0.107262245370510        7.99801042426776     
  0.108237611123949        7.99648499268700     
  0.109221846152404        7.99493198552480     
  0.110215031106686        7.99335090973873     
  0.111217247370987        7.99174126367175     
  0.112228577069547        7.99010253690917     
  0.113249103073387        7.98843421013342     
  0.114278909007096        7.98673575497684     
  0.115318079255685        7.98500663387219     
  0.116366698971503        7.98324629990114     
  0.117424854081211        7.98145419664049     
  0.118492631292828        7.97962975800620     
  0.119570118102830        7.97777240809534     
  0.120657402803326        7.97588156102559     
  0.121754574489289        7.97395662077272     
  0.122861723065856        7.97199698100567     
  0.123978939255701        7.97000202491938     
  0.125106314606459        7.96797112506539     
  0.126243941498239        7.96590364318003     
  0.127391913151184        7.96379893001037     
  0.128550323633116        7.96165632513781     
  0.129719267867243        7.95947515679933     
  0.130898841639933        7.95725474170635     
  0.132089141608570        7.95499438486127     
  0.133290265309470        7.95269337937158     
  0.134502311165872        7.95035100626163     
  0.135725378496007        7.94796653428196     
  0.136959567521235        7.94553921971625     
  0.138204979374256        7.94306830618586     
  0.139461716107398        7.94055302445197     
  0.140729880700981        7.93799259221525     
  0.142009577071751        7.93538621391315     
  0.143300910081402        7.93273308051479     
  0.144603985545162        7.93003236931339     
  0.145918910240467        7.92728324371631     
  0.147245791915712        7.92448485303266     
  0.148584739299077        7.92163633225849     
  0.149935862107437        7.91873680185966     
  0.151299271055356        7.91578536755219     
  0.152675077864154        7.91278112008038     
  0.154063395271066        7.90972313499243     
  0.155464337038479        7.90661047241380     
  0.156878017963250        7.90344217681823     
  0.158304553886121        7.90021727679640     
  0.159744061701202        7.89693478482234     
  0.161196659365557        7.89359369701761     
  0.162662465908865        7.89019299291318     
  0.164141601443176        7.88673163520914     
  0.165634187172753        7.88320856953228     
  0.167140345404002        7.87962272419143     
  0.168660199555497        7.87597300993088     
  0.170193874168092        7.87225831968158     
  0.171741494915125        7.86847752831043     
  0.173303188612717        7.86462949236766     
  0.174879083230164        7.86071304983220     
  0.176469307900424        7.85672701985533     
  0.178073992930694        7.85267020250248     
  0.179693269813094        7.84854137849340     
  0.181327271235438        7.84433930894061     
  0.182976131092107        7.84006273508635     
  0.184639984495023        7.83571037803808     
  0.186318967784716        7.83128093850250     
  0.188013218541500        7.82677309651839     
  0.189722875596747        7.82218551118811     
  0.191448079044259        7.81751682040817     
  0.193188970251752        7.81276564059867     
  0.194945691872439        7.80793056643191     
  0.196718387856717        7.80301017056028     
  0.198507203463965        7.79800300334347     
  0.200312285274447        7.79290759257526     
  0.202133781201322        7.78772244320984     
  0.203971840502766        7.78244603708804     
  0.205826613794199        7.77707683266350     
  0.207698253060632        7.77161326472886     
  0.209586911669118        7.76605374414233     
  0.211492744381318        7.76039665755473     
  0.213415907366187        7.75464036713713     
  0.215356558212765        7.74878321030939     
  0.217314855943096        7.74282349946972     
  0.219290961025256        7.73675952172559     
  0.221285035386500        7.73058953862605     
  0.223297242426536        7.72431178589587     
  0.225327747030910        7.71792447317166     
  0.227376715584518        7.71142578374018     
  0.229444315985243        7.70481387427921     
  0.231530717657707        7.69808687460126     
  0.233636091567162        7.69124288740026     
  0.235760610233491        7.68427998800177     
  0.237904447745352        7.67719622411684     
  0.240067779774438        7.66998961559990     
  0.242250783589875        7.66265815421110     
  0.244453638072748        7.65519980338335     
  0.246676523730756        7.64761249799454     
  0.248919622713006        7.63989414414522     
  0.251183118824938        7.63204261894222     
  0.253467197543388        7.62405577028865     
  0.255772046031783        7.61593141668056     
  0.258097853155481        7.60766734701099     
  0.260444809497244        7.59926132038155     
  0.262813107372859        7.59071106592229     
  0.265202940846892        7.58201428262023     
  0.267614505748596        7.57316863915710     
  0.270047999687952        7.56417177375683     
  0.272503622071863        7.55502129404331     
  0.274981574120498        7.54571477690920     
  0.277482058883777        7.53624976839605     
  0.280005281258007        7.52662378358664     
  0.282551448002679        7.51683430651017     
  0.285120767757403        7.50687879006068     
  0.287713451059009        7.49675465592983     
  0.290329710358798        7.48645929455436     
  0.292969760039949        7.47599006507918     
  0.295633816435088        7.46534429533681     
  0.298322097844016        7.45451928184395     
  0.301034824551593        7.44351228981597     
  0.303772218845792        7.43232055320013     
  0.306534505035915        7.42094127472853     
  0.309321909470968        7.40937162599149     
  0.312134660558215        7.39760874753245     
  0.314972988781890        7.38564974896516     
  0.317837126722086        7.37349170911431     
  0.320727309073811        7.36113167618047     
  0.323643772666222        7.34856666793043     
  0.326586756482030        7.33579367191398     
  0.329556501677080        7.32280964570820     
  0.332553251600120        7.30961151719044     
  0.335577251812732        7.29619618484109     
  0.338628750109461        7.28256051807727     
  0.341707996538116        7.26870135761880     
  0.344815243420264        7.25461551588756     
  0.347950745371899        7.24029977744154     
  0.351114759324312        7.22575089944490     
  0.354307544545142        7.21096561217544     
  0.357529362659622        7.19594061957075     
  0.360780477672017        7.18067259981444     
  0.364061155987255        7.16515820596400     
  0.367371666432761        7.14939406662166     
  0.370712280280483        7.13337678664977     
  0.374083271269120        7.11710294793218     
  0.377484915626556        7.10056911018336     
  0.380917492092490        7.08377181180662     
  0.384381281941282        7.06670757080319     
  0.387876569004998        7.04937288573379     
  0.391403639696668        7.03176423673447     
  0.394962783033757        7.01387808658814     
  0.398554290661847        6.99571088185393     
  0.402178456878535        6.97725905405584     
  0.405835578657548        6.95851902093264     
  0.409525955673082        6.93948718775080     
  0.413249890324350        6.92015994868222     
  0.417007687760369        6.90053368824885     
  0.420799655904961        6.88060478283583     
  0.424626105481986        6.86036960227521     
  0.428487350040804        6.83982451150219     
  0.432383705981966        6.81896587228580     
  0.436315492583144        6.79779004503589     
  0.440283032025290        6.77629339068865     
  0.444286649419038        6.75447227267233     
  0.448326672831347        6.73232305895541     
  0.452403433312378        6.70984212417910     
  0.456517264922625        6.68702585187613     
  0.460668504760289        6.66387063677799     
  0.464857492988898        6.64037288721235     
  0.469084572865185        6.61652902759293     
  0.473350090767211        6.59233550100353     
  0.477654396222751        6.56778877187837     
  0.481997841937934        6.54288532878049     
  0.486380783826145        6.51762168728026     
  0.490803581037189        6.49199439293574     
  0.495266595986722        6.46600002437684     
  0.499770194385947        6.43963519649492     
  0.504314745271583        6.41289656373969     
  0.508900621036101        6.38578082352505     
  0.513528197458243        6.35828471974538     
  0.518197853733814        6.33040504640399     
  0.522909972506751        6.30213865135511     
  0.527664939900481        6.27348244016076     
  0.532463145549559        6.24443338006387     
  0.537304982631597        6.21498850407874     
  0.542190847899482        6.18514491520001     
  0.547121141713887        6.15489979073100     
  0.552096268076076        6.12425038673227     
  0.557116634661010        6.09319404259111     
  0.562182652850754        6.06172818571240     
  0.567294737768184        6.02985033633128     
  0.572453308311008        5.99755811244775     
  0.577658787186086        5.96484923488328     
  0.582911600944071        5.93172153245905     
  0.588212180014362        5.89817294729567     
  0.593560958740373        5.86420154023345     
  0.598958375415124        5.82980549637254     
  0.604404872317157        5.79498313073172     
  0.609900895746778        5.75973289402442     
  0.615446896062625        5.72405337855030     
  0.621043327718578        5.68794332420038     
  0.626690649300988        5.65140162457347     
  0.632389323566267        5.61442733320111     
  0.638139817478795        5.57701966987826     
  0.643942602249194        5.53917802709613     
  0.649798153372937        5.50090197657357     
  0.655706950669310        5.46219127588290     
  0.661669478320729        5.42304587516549     
  0.667686224912420        5.38346592393218     
  0.673757683472450        5.34345177794313     
  0.679884351512128        5.30300400616110     
  0.686066731066776        5.26212339777177     
  0.692305328736862        5.22081096926421     
  0.698600655729515        5.17906797156408     
  0.704953227900414        5.13689589721144     
  0.711363565796059        5.09429648757481     
  0.717832194696427        5.05127174009217     
  0.724359644658010        5.00782391552927     
  0.730946450557257        4.96395554524491     
  0.737593152134396        4.91966943845221     
  0.744300294037665        4.87496868946415     
  0.751068425867942        4.82985668491130     
  0.757898102223782        4.78433711091866     
  0.764789882746857        4.73841396022795     
  0.771744332167820        4.69209153925118     
  0.778762020352580        4.64537447504023     
  0.785843522348994        4.59826772215694     
  0.792989418433994        4.55077656942705     
  0.800200294161129        4.50290664656081     
  0.807476740408557        4.45466393062245     
  0.814819353427451        4.40605475232969     
  0.822228734890868        4.35708580216396     
  0.829705491943046        4.30776413627125     
  0.837250237249154        4.25809718213258     
  0.844863589045501        4.20809274398277     
  0.852546171190191        4.15775900795504     
  0.860298613214246        4.10710454692854     
  0.868121550373188        4.05613832505530     
  0.876015623699099        4.00486970194225     
  0.883981480053145        3.95330843646343     
  0.892019772178582        3.90146469017700     
  0.900131158754245        3.84934903032103     
  0.908316304448519        3.79697243236149     
  0.916575879973807        3.74434628206560     
  0.924910562141488        3.69148237707297     
  0.933321033917377        3.63839292793695     
  0.941807984477689        3.58509055860805     
  0.950372109265514        3.53158830633120     
  0.959014110047798        3.47789962092833     
  0.967734694972854        3.42403836343793     
  0.976534578628386        3.37001880408286     
  0.985414482100045        3.31585561953816     
  0.994375133030515        3.26156388947065     
   1.00341726567914        3.20715909232222     
   1.01254162098210        3.15265710030956     
   1.02174894661309        3.09807417361312     
   1.03103999704464        3.04342695372908     
   1.04041553360991        2.98873245595884     
   1.04987632456505        2.93400806101122     
   1.05942314515220        2.87927150569394     
   1.06905677766300        2.82454087267205     
   1.07877801150267        2.76983457927222     
   1.08858764325472        2.71517136531347     
   1.09848647674623        2.66057027994666     
   1.10847532311369        2.60605066748675     
   1.11855500086948        2.55163215222409     
   1.12872633596897        2.49733462220309     
   1.13899016187813        2.44317821195902     
   1.14934731964192        2.38918328420649     
   1.15979865795312        2.33537041047574     
   1.17034503322193        2.28176035069579     
   1.18098730964612        2.22837403172709     
   1.19172635928186        2.17523252484914     
   1.20256306211518        2.12235702221243     
   1.21349830613405        2.06976881226776     
   1.22453298740118        2.01748925418973     
   1.23566801012741        1.96553975131553     
   1.24690428674586        1.91394172362427     
   1.25824273798663        1.86271657928653     
   1.26968429295228        1.81188568531832     
   1.28122988919397        1.76147033737857     
   1.29288047278829        1.71149172875382     
   1.30463699841473        1.66197091857895     
   1.31650042943399        1.61292879934759     
   1.32847173796685        1.56438606377122     
   1.34055190497388        1.51636317105089     
   1.35274192033579        1.46888031263086     
   1.36504278293455        1.42195737750845     
   1.37745550073526        1.37561391717976     
   1.38998109086870        1.32986911030584     
   1.40262057971474        1.28474172718910     
   1.41537500298639        1.24025009415450     
   1.42824540581469        1.19641205793480     
   1.44123284283437        1.15324495016408     
   1.45433837827023        1.11076555208747     
   1.46756308602436        1.06899005959971     
   1.48090804976417        1.02793404872860     
   1.49437436301114       0.987612441682946     
   1.50796312923046       0.948039473587685     
   1.52167546192143       0.909228660031437     
   1.53551248470871       0.871192765553959     
   1.54947533143442       0.833943773202603     
   1.56356514625099       0.797492855287961     
   1.57778308371498       0.761850345469417     
   1.59213030888163       0.727025712301196     
   1.60660799740038       0.693027534368687     
   1.62121733561117       0.659863477143365     
   1.63595952064165       0.627540271682352     
   1.65083576050531       0.596063695295729     
   1.66584727420045       0.565438554300861     
   1.68099529181002       0.535668668978447     
   1.69628105460252       0.506756860839572     
   1.71170581513361       0.478704942306773     
   1.72727083734882       0.451513708905019     
   1.74297739668705       0.425182934050582     
   1.75882678018518       0.399711366516951     
   1.77482028658344       0.375096730647382     
   1.79095922643187       0.351335729373217     
   1.80724492219774       0.328424050085961     
   1.82367870837386       0.306356373399199     
   1.84026193158795       0.285126384823794     
   1.85699595071303       0.264726789366633     
   1.87388213697871       0.245149329049335     
   1.89092187408357       0.226384803329074     
   1.90811655830857       0.208423092388925     
   1.92546759863144       0.191253183250109     
   1.94297641684212       0.174863198643212     
   1.96064444765932       0.159240428560064     
   1.97847313884803       0.144371364392480     
   1.99646395133817       0.130241735548777     
