  1.363600441568433E-006  3.016632923679439E-003
  1.375960561541763E-006  3.016632923679439E-003
  1.388432717681331E-006  3.016632914259163E-003
  1.401017925519559E-006  3.016632895417849E-003
  1.413717209793982E-006  3.016632867153967E-003
  1.426531604530696E-006  3.016632829465218E-003
  1.439462153128542E-006  3.016632782348541E-003
  1.452509908444074E-006  3.016632725800101E-003
  1.465675932877279E-006  3.016632659815301E-003
  1.478961298458085E-006  3.016632584388772E-003
  1.492367086933650E-006  3.016632499514376E-003
  1.505894389856442E-006  3.016632405185209E-003
  1.519544308673116E-006  3.016632301393593E-003
  1.533317954814200E-006  3.016632188131084E-003
  1.547216449784592E-006  3.016632065388465E-003
  1.561240925254877E-006  3.016631933155745E-003
  1.575392523153472E-006  3.016631791422164E-003
  1.589672395759605E-006  3.016631640176189E-003
  1.604081705797140E-006  3.016631479405509E-003
  1.618621626529250E-006  3.016631309097038E-003
  1.633293341853950E-006  3.016631129236917E-003
  1.648098046400493E-006  3.016630939810507E-003
  1.663036945626640E-006  3.016630740802390E-003
  1.678111255916817E-006  3.016630532196367E-003
  1.693322204681155E-006  3.016630313975462E-003
  1.708671030455433E-006  3.016630086121911E-003
  1.724158983001921E-006  3.016629848617169E-003
  1.739787323411144E-006  3.016629601441903E-003
  1.755557324204562E-006  3.016629344575997E-003
  1.771470269438187E-006  3.016629077998542E-003
  1.787527454807135E-006  3.016628801687841E-003
  1.803730187751122E-006  3.016628515621401E-003
  1.820079787560929E-006  3.016628219775940E-003
  1.836577585485819E-006  3.016627914127375E-003
  1.853224924841930E-006  3.016627598650827E-003
  1.870023161121660E-006  3.016627273320618E-003
  1.886973662104032E-006  3.016626938110266E-003
  1.904077807966065E-006  3.016626592992488E-003
  1.921336991395153E-006  3.016626237939191E-003
  1.938752617702465E-006  3.016625872921472E-003
  1.956326104937367E-006  3.016625497909623E-003
  1.974058884002889E-006  3.016625112873115E-003
  1.991952398772236E-006  3.016624717780610E-003
  2.010008106206349E-006  3.016624312599947E-003
  2.028227476472539E-006  3.016623897298143E-003
  2.046611993064195E-006  3.016623471841396E-003
  2.065163152921574E-006  3.016623036195072E-003
  2.083882466553690E-006  3.016622590323711E-003
  2.102771458161301E-006  3.016622134191018E-003
  2.121831665761023E-006  3.016621667759866E-003
  2.141064641310555E-006  3.016621190992286E-003
  2.160471950835047E-006  3.016620703849470E-003
  2.180055174554614E-006  3.016620206291766E-003
  2.199815907013001E-006  3.016619698278673E-003
  2.219755757207422E-006  3.016619179768838E-003
  2.239876348719562E-006  3.016618650720056E-003
  2.260179319847786E-006  3.016618111089260E-003
  2.280666323740528E-006  3.016617560832527E-003
  2.301339028530901E-006  3.016616999905066E-003
  2.322199117472519E-006  3.016616428261217E-003
  2.343248289076560E-006  3.016615845854452E-003
  2.364488257250062E-006  3.016615252637360E-003
  2.385920751435473E-006  3.016614648561655E-003
  2.407547516751477E-006  3.016614033578166E-003
  2.429370314135080E-006  3.016613407636835E-003
  2.451390920485000E-006  3.016612770686709E-003
  2.473611128806343E-006  3.016612122675945E-003
  2.496032748356599E-006  3.016611463551791E-003
  2.518657604792963E-006  3.016610793260595E-003
  2.541487540320978E-006  3.016610111747798E-003
  2.564524413844543E-006  3.016609418957927E-003
  2.587770101117270E-006  3.016608714834589E-003
  2.611226494895212E-006  3.016607999320469E-003
  2.634895505090983E-006  3.016607272357326E-003
  2.658779058929270E-006  3.016606533885986E-003
  2.682879101103753E-006  3.016605783846339E-003
  2.707197593935450E-006  3.016605022177333E-003
  2.731736517532500E-006  3.016604248816970E-003
  2.756497869951389E-006  3.016603463702302E-003
  2.781483667359637E-006  3.016602666769422E-003
  2.806695944199969E-006  3.016601857953459E-003
  2.832136753355961E-006  3.016601037188580E-003
  2.857808166319198E-006  3.016600204407978E-003
  2.883712273357942E-006  3.016599359543863E-003
  2.909851183687327E-006  3.016598502527468E-003
  2.936227025641104E-006  3.016597633289036E-003
  2.962841946844939E-006  3.016596751757810E-003
  2.989698114391273E-006  3.016595857862037E-003
  3.016797715015786E-006  3.016594951528960E-003
  3.044142955275441E-006  3.016594032684804E-003
  3.071736061728159E-006  3.016593101254781E-003
  3.099579281114105E-006  3.016592157163075E-003
  3.127674880538635E-006  3.016591200332840E-003
  3.156025147656883E-006  3.016590230686195E-003
  3.184632390860042E-006  3.016589248144215E-003
  3.213498939463317E-006  3.016588252626925E-003
  3.242627143895584E-006  3.016587244053296E-003
  3.272019375890776E-006  3.016586222341236E-003
  3.301678028680996E-006  3.016585187407580E-003
  3.331605517191387E-006  3.016584139168093E-003
  3.361804278236762E-006  3.016583077537453E-003
  3.392276770720018E-006  3.016582002429249E-003
  3.423025475832354E-006  3.016580913755974E-003
  3.454052897255295E-006  3.016579811429016E-003
  3.485361561364553E-006  3.016578695358655E-003
  3.516954017435736E-006  3.016577565454047E-003
  3.548832837851921E-006  3.016576421623226E-003
  3.581000618313101E-006  3.016575263773092E-003
  3.613459978047546E-006  3.016574091809403E-003
  3.646213560025065E-006  3.016572905636773E-003
  3.679264031172210E-006  3.016571705158654E-003
  3.712614082589425E-006  3.016570490277338E-003
  3.746266429770170E-006  3.016569260893941E-003
  3.780223812822025E-006  3.016568016908403E-003
  3.814488996689796E-006  3.016566758219475E-003
  3.849064771380659E-006  3.016565484724710E-003
  3.883953952191324E-006  3.016564196320456E-003
  3.919159379937266E-006  3.016562892901850E-003
  3.954683921184045E-006  3.016561574362805E-003
  3.990530468480707E-006  3.016560240596005E-003
  4.026701940595307E-006  3.016558891492893E-003
  4.063201282752568E-006  3.016557526943665E-003
  4.100031466873690E-006  3.016556146837262E-003
  4.137195491818340E-006  3.016554751061360E-003
  4.174696383628830E-006  3.016553339502356E-003
  4.212537195776505E-006  3.016551912045366E-003
  4.250721009410375E-006  3.016550468574207E-003
  4.289250933607989E-006  3.016549008971402E-003
  4.328130105628594E-006  3.016547533118155E-003
  4.367361691168576E-006  3.016546040894351E-003
  4.406948884619229E-006  3.016544532178541E-003
  4.446894909326858E-006  3.016543006847934E-003
  4.487203017855224E-006  3.016541464778389E-003
  4.527876492250395E-006  3.016539905844402E-003
  4.568918644307975E-006  3.016538329919094E-003
  4.610332815842764E-006  3.016536736874211E-003
  4.652122378960865E-006  3.016535126580097E-003
  4.694290736334254E-006  3.016533498905700E-003
  4.736841321477835E-006  3.016531853718552E-003
  4.779777599029012E-006  3.016530190884758E-003
  4.823103065029800E-006  3.016528510268990E-003
  4.866821247211476E-006  3.016526811734470E-003
  4.910935705281827E-006  3.016525095142967E-003
  4.955450031214997E-006  3.016523360354773E-003
  5.000367849543955E-006  3.016521607228712E-003
  5.045692817655622E-006  3.016519835622105E-003
  5.091428626088669E-006  3.016518045390776E-003
  5.137578998834014E-006  3.016516236389031E-003
  5.184147693638048E-006  3.016514408469651E-003
  5.231138502308603E-006  3.016512561483873E-003
  5.278555251023695E-006  3.016510695281387E-003
  5.326401800643068E-006  3.016508809710323E-003
  5.374682047022558E-006  3.016506904617231E-003
  5.423399921331319E-006  3.016504979847073E-003
  5.472559390371896E-006  3.016503035243212E-003
  5.522164456903236E-006  3.016501070647396E-003
  5.572219159966602E-006  3.016499085899747E-003
  5.622727575214440E-006  3.016497080838749E-003
  5.673693815242246E-006  3.016495055301232E-003
  5.725122029923426E-006  3.016493009122365E-003
  5.777016406747192E-006  3.016490942135634E-003
  5.829381171159529E-006  3.016488854172830E-003
  5.882220586907242E-006  3.016486745064043E-003
  5.935538956385134E-006  3.016484614637639E-003
  5.989340620986320E-006  3.016482462720254E-003
  6.043629961455716E-006  3.016480289136774E-003
  6.098411398246746E-006  3.016478093710321E-003
  6.153689391881268E-006  3.016475876262243E-003
  6.209468443312766E-006  3.016473636612096E-003
  6.265753094292838E-006  3.016471374577630E-003
  6.322547927741000E-006  3.016469089974775E-003
  6.379857568117854E-006  3.016466782617625E-003
  6.437686681801618E-006  3.016464452318425E-003
  6.496039977468090E-006  3.016462098887553E-003
  6.554922206474043E-006  3.016459722133504E-003
  6.614338163244101E-006  3.016457321862879E-003
  6.674292685661119E-006  3.016454897880363E-003
  6.734790655460102E-006  3.016452449988715E-003
  6.795836998625700E-006  3.016449977988749E-003
  6.857436685793291E-006  3.016447481679323E-003
  6.919594732653725E-006  3.016444960857307E-003
  6.982316200361703E-006  3.016442415317589E-003
  7.045606195947893E-006  3.016439844853044E-003
  7.109469872734757E-006  3.016437249254516E-003
  7.173912430756153E-006  3.016434628310809E-003
  7.238939117180746E-006  3.016431981808663E-003
  7.304555226739253E-006  3.016429309532742E-003
  7.370766102155561E-006  3.016426611265615E-003
  7.437577134581750E-006  3.016423886787735E-003
  7.504993764037064E-006  3.016421135877425E-003
  7.573021479850865E-006  3.016418358310857E-003
  7.641665821109581E-006  3.016415553862039E-003
  7.710932377107733E-006  3.016412722302790E-003
  7.780826787803038E-006  3.016409863402726E-003
  7.851354744275630E-006  3.016406976929241E-003
  7.922521989191447E-006  3.016404062647485E-003
  7.994334317269836E-006  3.016401120320350E-003
  8.066797575755371E-006  3.016398149708444E-003
  8.139917664893958E-006  3.016395150570078E-003
  8.213700538413265E-006  3.016392122661244E-003
  8.288152204007489E-006  3.016389065735591E-003
  8.363278723826533E-006  3.016385979544416E-003
  8.439086214969608E-006  3.016382863836628E-003
  8.515580849983308E-006  3.016379718358744E-003
  8.592768857364207E-006  3.016376542854856E-003
  8.670656522066010E-006  3.016373337066617E-003
  8.749250186011294E-006  3.016370100733219E-003
  8.828556248607892E-006  3.016366833591371E-003
  8.908581167269967E-006  3.016363535375274E-003
  8.989331457943789E-006  3.016360205816608E-003
  9.070813695638293E-006  3.016356844644500E-003
  9.153034514960450E-006  3.016353451585513E-003
  9.236000610655472E-006  3.016350026363611E-003
  9.319718738151926E-006  3.016346568700150E-003
  9.404195714111796E-006  3.016343078313844E-003
  9.489438416985517E-006  3.016339554920752E-003
  9.575453787572047E-006  3.016335998234247E-003
  9.662248829584013E-006  3.016332407964994E-003
  9.749830610217976E-006  3.016328783820936E-003
  9.838206260729884E-006  3.016325125507256E-003
  9.927382977015718E-006  3.016321432726361E-003
  1.001736802019740E-005  3.016317705177858E-003
  1.010816871721406E-005  3.016313942558526E-003
  1.019979246141857E-005  3.016310144562299E-003
  1.029224671317959E-005  3.016306310880232E-003
  1.038553900048897E-005  3.016302441200480E-003
  1.047967691957478E-005  3.016298535208270E-003
  1.057466813551974E-005  3.016294592585885E-003
  1.067052038288543E-005  3.016290613012626E-003
  1.076724146634197E-005  3.016286596164793E-003
  1.086483926130361E-005  3.016282541715658E-003
  1.096332171456990E-005  3.016278449335433E-003
  1.106269684497279E-005  3.016274318691254E-003
  1.116297274402952E-005  3.016270149447142E-003
  1.126415757660153E-005  3.016265941263988E-003
  1.136625958155919E-005  3.016261693799511E-003
  1.146928707245270E-005  3.016257406708248E-003
  1.157324843818900E-005  3.016253079641507E-003
  1.167815214371481E-005  3.016248712247357E-003
  1.178400673070591E-005  3.016244304170579E-003
  1.189082081826262E-005  3.016239855052663E-003
  1.199860310361157E-005  3.016235364531754E-003
  1.210736236281394E-005  3.016230832242635E-003
  1.221710745147996E-005  3.016226257816698E-003
  1.232784730549003E-005  3.016221640881914E-003
  1.243959094172227E-005  3.016216981062793E-003
  1.255234745878674E-005  3.016212277980370E-003
  1.266612603776628E-005  3.016207531252161E-003
  1.278093594296405E-005  3.016202740492138E-003
  1.289678652265788E-005  3.016197905310694E-003
  1.301368720986148E-005  3.016193025314618E-003
  1.313164752309243E-005  3.016188100107055E-003
  1.325067706714729E-005  3.016183129287479E-003
  1.337078553388364E-005  3.016178112451660E-003
  1.349198270300920E-005  3.016173049191632E-003
  1.361427844287818E-005  3.016167939095653E-003
  1.373768271129477E-005  3.016162781748182E-003
  1.386220555632394E-005  3.016157576729839E-003
  1.398785711710963E-005  3.016152323617371E-003
  1.411464762470026E-005  3.016147021983625E-003
  1.424258740288184E-005  3.016141671397500E-003
  1.437168686901854E-005  3.016136271423926E-003
  1.450195653490092E-005  3.016130821623819E-003
  1.463340700760187E-005  3.016125321554048E-003
  1.476604899034022E-005  3.016119770767403E-003
  1.489989328335228E-005  3.016114168812557E-003
  1.503495078477126E-005  3.016108515234023E-003
  1.517123249151457E-005  3.016102809572125E-003
  1.530874950017930E-005  3.016097051362962E-003
  1.544751300794571E-005  3.016091240138361E-003
  1.558753431348897E-005  3.016085375425848E-003
  1.572882481789913E-005  3.016079456748606E-003
  1.587139602560944E-005  3.016073483625435E-003
  1.601525954533309E-005  3.016067455570718E-003
  1.616042709100845E-005  3.016061372094377E-003
  1.630691048275285E-005  3.016055232701836E-003
  1.645472164782504E-005  3.016049036893978E-003
  1.660387262159630E-005  3.016042784167110E-003
  1.675437554853050E-005  3.016036474012916E-003
  1.690624268317286E-005  3.016030105918421E-003
  1.705948639114783E-005  3.016023679365947E-003
  1.721411915016589E-005  3.016017193833068E-003
  1.737015355103959E-005  3.016010648792575E-003
  1.752760229870871E-005  3.016004043712426E-003
  1.768647821327475E-005  3.015997378055711E-003
  1.784679423104482E-005  3.015990651280601E-003
  1.800856340558492E-005  3.015983862840306E-003
  1.817179890878285E-005  3.015977012183033E-003
  1.833651403192070E-005  3.015970098751943E-003
  1.850272218675710E-005  3.015963121985103E-003
  1.867043690661921E-005  3.015956081315437E-003
  1.883967184750473E-005  3.015948976170685E-003
  1.901044078919375E-005  3.015941805973360E-003
  1.918275763637080E-005  3.015934570140691E-003
  1.935663641975704E-005  3.015927268084589E-003
  1.953209129725262E-005  3.015919899211585E-003
  1.970913655508958E-005  3.015912462922795E-003
  1.988778660899499E-005  3.015904958613863E-003
  2.006805600536481E-005  3.015897385674918E-003
  2.024995942244827E-005  3.015889743490521E-003
  2.043351167154305E-005  3.015882031439613E-003
  2.061872769820127E-005  3.015874248895475E-003
  2.080562258344643E-005  3.015866395225664E-003
  2.099421154500134E-005  3.015858469791969E-003
  2.118450993852724E-005  3.015850471950365E-003
  2.137653325887408E-005  3.015842401050946E-003
  2.157029714134221E-005  3.015834256437888E-003
  2.176581736295544E-005  3.015826037449385E-003
  2.196310984374569E-005  3.015817743417602E-003
  2.216219064804924E-005  3.015809373668620E-003
  2.236307598581476E-005  3.015800927522380E-003
  2.256578221392321E-005  3.015792404292626E-003
  2.277032583751966E-005  3.015783803286857E-003
  2.297672351135719E-005  3.015775123806261E-003
  2.318499204115301E-005  3.015766365145667E-003
  2.339514838495687E-005  3.015757526593484E-003
  2.360720965453179E-005  3.015748607431645E-003
  2.382119311674740E-005  3.015739606935550E-003
  2.403711619498591E-005  3.015730524374007E-003
  2.425499647056075E-005  3.015721359009166E-003
  2.447485168414809E-005  3.015712110096471E-003
  2.469669973723141E-005  3.015702776884596E-003
  2.492055869355909E-005  3.015693358615377E-003
  2.514644678061523E-005  3.015683854523761E-003
  2.537438239110378E-005  3.015674263837742E-003
  2.560438408444618E-005  3.015664585778293E-003
  2.583647058829253E-005  3.015654819559309E-003
  2.607066080004650E-005  3.015644964387539E-003
  2.630697378840393E-005  3.015635019462529E-003
  2.654542879490562E-005  3.015624983976552E-003
  2.678604523550396E-005  3.015614857114541E-003
  2.702884270214386E-005  3.015604638054027E-003
  2.727384096435804E-005  3.015594325965076E-003
  2.752105997087671E-005  3.015583920010216E-003
  2.777051985125192E-005  3.015573419344370E-003
  2.802224091749651E-005  3.015562823114793E-003
  2.827624366573808E-005  3.015552130460997E-003
  2.853254877788782E-005  3.015541340514686E-003
  2.879117712332450E-005  3.015530452399687E-003
  2.905214976059379E-005  3.015519465231872E-003
  2.931548793912287E-005  3.015508378119096E-003
  2.958121310095068E-005  3.015497190161119E-003
  2.984934688247383E-005  3.015485900449537E-003
  3.011991111620828E-005  3.015474508067708E-003
  3.039292783256703E-005  3.015463012090677E-003
  3.066841926165398E-005  3.015451411585100E-003
  3.094640783507392E-005  3.015439705609175E-003
  3.122691618775907E-005  3.015427893212559E-003
  3.150996715981205E-005  3.015415973436298E-003
  3.179558379836563E-005  3.015403945312744E-003
  3.208378935945933E-005  3.015391807865483E-003
  3.237460730993303E-005  3.015379560109250E-003
  3.266806132933768E-005  3.015367201049857E-003
  3.296417531186343E-005  3.015354729684106E-003
  3.326297336828519E-005  3.015342144999711E-003
  3.356447982792580E-005  3.015329445975219E-003
  3.386871924063705E-005  3.015316631579926E-003
  3.417571637879856E-005  3.015303700773793E-003
  3.448549623933496E-005  3.015290652507364E-003
  3.479808404575112E-005  3.015277485721683E-003
  3.511350525018603E-005  3.015264199348204E-003
  3.543178553548518E-005  3.015250792308711E-003
  3.575295081729174E-005  3.015237263515226E-003
  3.607702724615677E-005  3.015223611869928E-003
  3.640404120966846E-005  3.015209836265060E-003
  3.673401933460071E-005  3.015195935582837E-003
  3.706698848908121E-005  3.015181908695366E-003
  3.740297578477914E-005  3.015167754464544E-003
  3.774200857911269E-005  3.015153471741978E-003
  3.808411447747666E-005  3.015139059368887E-003
  3.842932133549013E-005  3.015124516176004E-003
  3.877765726126467E-005  3.015109840983493E-003
  3.912915061769288E-005  3.015095032600845E-003
  3.948383002475796E-005  3.015080089826792E-003
  3.984172436186395E-005  3.015065011449196E-003
  4.020286277018724E-005  3.015049796244969E-003
  4.056727465504940E-005  3.015034442979963E-003
  4.093498968831141E-005  3.015018950408875E-003
  4.130603781078971E-005  3.015003317275146E-003
  4.168044923469407E-005  3.014987542310864E-003
  4.205825444608761E-005  3.014971624236658E-003
  4.243948420736910E-005  3.014955561761598E-003
  4.282416955977773E-005  3.014939353583087E-003
  4.321234182592062E-005  3.014922998386767E-003
  4.360403261232325E-005  3.014906494846400E-003
  4.399927381200296E-005  3.014889841623774E-003
  4.439809760706583E-005  3.014873037368588E-003
  4.480053647132709E-005  3.014856080718346E-003
  4.520662317295517E-005  3.014838970298252E-003
  4.561639077713997E-005  3.014821704721092E-003
  4.602987264878502E-005  3.014804282587132E-003
  4.644710245522428E-005  3.014786702483997E-003
  4.686811416896336E-005  3.014768962986564E-003
  4.729294207044584E-005  3.014751062656850E-003
  4.772162075084440E-005  3.014733000043886E-003
  4.815418511487740E-005  3.014714773683618E-003
  4.859067038365101E-005  3.014696382098772E-003
  4.903111209752699E-005  3.014677823798750E-003
  4.947554611901656E-005  3.014659097279503E-003
  4.992400863570044E-005  3.014640201023413E-003
  5.037653616317547E-005  3.014621133499173E-003
  5.083316554802770E-005  3.014601893161662E-003
  5.129393397083275E-005  3.014582478451825E-003
  5.175887894918308E-005  3.014562887796545E-003
  5.222803834074291E-005  3.014543119608519E-003
  5.270145034633066E-005  3.014523172286132E-003
  5.317915351302945E-005  3.014503044213328E-003
  5.366118673732580E-005  3.014482733759486E-003
  5.414758926827665E-005  3.014462239279277E-003
  5.463840071070526E-005  3.014441559112549E-003
  5.513366102842588E-005  3.014420691584185E-003
  5.563341054749792E-005  3.014399635003968E-003
  5.613768995950929E-005  3.014378387666454E-003
  5.664654032488980E-005  3.014356947850830E-003
  5.716000307625439E-005  3.014335313820777E-003
  5.767812002177676E-005  3.014313483824336E-003
  5.820093334859357E-005  3.014291456093765E-003
  5.872848562623948E-005  3.014269228845398E-003
  5.926081981011327E-005  3.014246800279505E-003
  5.979797924497556E-005  3.014224168580146E-003
  6.034000766847802E-005  3.014201331915030E-003
  6.088694921472463E-005  3.014178288435369E-003
  6.143884841786541E-005  3.014155036275726E-003
  6.199575021572240E-005  3.014131573553870E-003
  6.255769995344874E-005  3.014107898370630E-003
  6.312474338722088E-005  3.014084008809738E-003
  6.369692668796422E-005  3.014059902937680E-003
  6.427429644511246E-005  3.014035578803539E-003
  6.485689967040124E-005  3.014011034438844E-003
  6.544478380169581E-005  3.013986267857413E-003
  6.603799670685384E-005  3.013961277055192E-003
  6.663658668762284E-005  3.013936060010101E-003
  6.724060248357320E-005  3.013910614681867E-003
  6.785009327606664E-005  3.013884939011872E-003
  6.846510869226082E-005  3.013859030922978E-003
  6.908569880915023E-005  3.013832888319369E-003
  6.971191415764354E-005  3.013806509086383E-003
  7.034380572667813E-005  3.013779891090347E-003
  7.098142496737175E-005  3.013753032178406E-003
  7.162482379721186E-005  3.013725930178348E-003
  7.227405460428308E-005  3.013698582898443E-003
  7.292917025153266E-005  3.013670988127256E-003
  7.359022408107492E-005  3.013643143633483E-003
  7.425726991853452E-005  3.013615047165769E-003
  7.493036207742919E-005  3.013586696452528E-003
  7.560955536359210E-005  3.013558089201768E-003
  7.629490507963441E-005  3.013529223100910E-003
  7.698646702944825E-005  3.013500095816597E-003
  7.768429752275042E-005  3.013470704994521E-003
  7.838845337966744E-005  3.013441048259227E-003
  7.909899193536195E-005  3.013411123213933E-003
  7.981597104470133E-005  3.013380927440337E-003
  8.053944908696831E-005  3.013350458498424E-003
  8.126948497061454E-005  3.013319713926275E-003
  8.200613813805713E-005  3.013288691239881E-003
  8.274946857051869E-005  3.013257387932930E-003
  8.349953679291120E-005  3.013225801476625E-003
  8.425640387876426E-005  3.013193929319475E-003
  8.502013145519786E-005  3.013161768887099E-003
  8.579078170794037E-005  3.013129317582022E-003
  8.656841738639190E-005  3.013096572783467E-003
  8.735310180873363E-005  3.013063531847154E-003
  8.814489886708348E-005  3.013030192105088E-003
  8.894387303269833E-005  3.012996550865350E-003
  8.975008936122359E-005  3.012962605411886E-003
  9.056361349799039E-005  3.012928353004292E-003
  9.138451168336051E-005  3.012893790877602E-003
  9.221285075812004E-005  3.012858916242064E-003
  9.304869816892180E-005  3.012823726282929E-003
  9.389212197377710E-005  3.012788218160221E-003
  9.474319084759731E-005  3.012752389008520E-003
  9.560197408778563E-005  3.012716235936738E-003
  9.646854161987959E-005  3.012679756027886E-003
  9.734296400324460E-005  3.012642946338851E-003
  9.822531243681926E-005  3.012605803900164E-003
  9.911565876491256E-005  3.012568325715766E-003
  1.000140754830539E-004  3.012530508762773E-003
  1.009206357438956E-004  3.012492349991238E-003
  1.018354133631698E-004  3.012453846323918E-003
  1.027584828256985E-004  3.012414994656026E-003
  1.036899192914582E-004  3.012375791854991E-003
  1.046297986017004E-004  3.012336234760215E-003
  1.055781972851262E-004  3.012296320182821E-003
  1.065351925641180E-004  3.012256044905408E-003
  1.075008623610269E-004  3.012215405681798E-003
  1.084752853045178E-004  3.012174399236785E-003
  1.094585407359717E-004  3.012133022265873E-003
  1.104507087159453E-004  3.012091271435026E-003
  1.114518700306910E-004  3.012049143380400E-003
  1.124621061987336E-004  3.012006634708088E-003
  1.134814994775087E-004  3.011963741993850E-003
  1.145101328700603E-004  3.011920461782851E-003
  1.155480901317989E-004  3.011876790589385E-003
  1.165954557773214E-004  3.011832724896610E-003
  1.176523150872928E-004  3.011788261156270E-003
  1.187187541153899E-004  3.011743395788425E-003
  1.197948596953079E-004  3.011698125181168E-003
  1.208807194478312E-004  3.011652445690339E-003
  1.219764217879676E-004  3.011606353639253E-003
  1.230820559321474E-004  3.011559845318411E-003
  1.241977119054878E-004  3.011512916985207E-003
  1.253234805491230E-004  3.011465564863642E-003
  1.264594535276010E-004  3.011417785144030E-003
  1.276057233363472E-004  3.011369573982701E-003
  1.287623833091957E-004  3.011320927501710E-003
  1.299295276259891E-004  3.011271841788528E-003
  1.311072513202467E-004  3.011222312895742E-003
  1.322956502869028E-004  3.011172336840754E-003
  1.334948212901147E-004  3.011121909605465E-003
  1.347048619711415E-004  3.011071027135973E-003
  1.359258708562949E-004  3.011019685342254E-003
  1.371579473649610E-004  3.010967880097846E-003
  1.384011918176957E-004  3.010915607239538E-003
  1.396557054443934E-004  3.010862862567036E-003
  1.409215903925290E-004  3.010809641842651E-003
  1.421989497354760E-004  3.010755940790965E-003
  1.434878874808983E-004  3.010701755098505E-003
  1.447885085792191E-004  3.010647080413414E-003
  1.461009189321669E-004  3.010591912345107E-003
  1.474252254013979E-004  3.010536246463941E-003
  1.487615358171972E-004  3.010480078300874E-003
  1.501099589872590E-004  3.010423403347116E-003
  1.514706047055458E-004  3.010366217053793E-003
  1.528435837612286E-004  3.010308514831586E-003
  1.542290079477077E-004  3.010250292050386E-003
  1.556269900717151E-004  3.010191544038941E-003
  1.570376439625001E-004  3.010132266084490E-003
  1.584610844810973E-004  3.010072453432412E-003
  1.598974275296793E-004  3.010012101285855E-003
  1.613467900609942E-004  3.009951204805372E-003
  1.628092900878874E-004  3.009889759108551E-003
  1.642850466929120E-004  3.009827759269641E-003
  1.657741800380235E-004  3.009765200319179E-003
  1.672768113743654E-004  3.009702077243605E-003
  1.687930630521406E-004  3.009638384984887E-003
  1.703230585305746E-004  3.009574118440129E-003
  1.718669223879674E-004  3.009509272461188E-003
  1.734247803318375E-004  3.009443841854277E-003
  1.749967592091576E-004  3.009377821379576E-003
  1.765829870166824E-004  3.009311205750826E-003
  1.781835929113715E-004  3.009243989634938E-003
  1.797987072209051E-004  3.009176167651576E-003
  1.814284614542961E-004  3.009107734372761E-003
  1.830729883125981E-004  3.009038684322446E-003
  1.847324216997103E-004  3.008969011976116E-003
  1.864068967332809E-004  3.008898711760357E-003
  1.880965497557083E-004  3.008827778052446E-003
  1.898015183452431E-004  3.008756205179915E-003
  1.915219413271901E-004  3.008683987420131E-003
  1.932579587852119E-004  3.008611118999861E-003
  1.950097120727354E-004  3.008537594094831E-003
  1.967773438244610E-004  3.008463406829296E-003
  1.985609979679768E-004  3.008388551275595E-003
  2.003608197354774E-004  3.008313021453702E-003
  2.021769556755895E-004  3.008236811330776E-003
  2.040095536653045E-004  3.008159914820711E-003
  2.058587629220192E-004  3.008082325783677E-003
  2.077247340156856E-004  3.008004038025661E-003
  2.096076188810708E-004  3.007925045298000E-003
  2.115075708301287E-004  3.007845341296912E-003
  2.134247445644822E-004  3.007764919663032E-003
  2.153592961880209E-004  3.007683773980926E-003
  2.173113832196106E-004  3.007601897778619E-003
  2.192811646059198E-004  3.007519284527108E-003
  2.212688007343617E-004  3.007435927639874E-003
  2.232744534461529E-004  3.007351820472398E-003
  2.252982860494922E-004  3.007266956321654E-003
  2.273404633328570E-004  3.007181328425621E-003
  2.294011515784214E-004  3.007094929962777E-003
  2.314805185755954E-004  3.007007754051591E-003
  2.335787336346870E-004  3.006919793750012E-003
  2.356959676006884E-004  3.006831042054954E-003
  2.378323928671863E-004  3.006741491901780E-003
  2.399881833903994E-004  3.006651136163777E-003
  2.421635147033425E-004  3.006559967651628E-003
  2.443585639301188E-004  3.006467979112882E-003
  2.465735098003421E-004  3.006375163231420E-003
  2.488085326636904E-004  3.006281512626912E-003
  2.510638145045895E-004  3.006187019854278E-003
  2.533395389570319E-004  3.006091677403135E-003
  2.556358913195284E-004  3.005995477697246E-003
  2.579530585701961E-004  3.005898413093966E-003
  2.602912293819829E-004  3.005800475883677E-003
  2.626505941380300E-004  3.005701658289232E-003
  2.650313449471734E-004  3.005601952465371E-003
  2.674336756595865E-004  3.005501350498159E-003
  2.698577818825641E-004  3.005399844404401E-003
  2.723038609964493E-004  3.005297426131063E-003
  2.747721121707051E-004  3.005194087554681E-003
  2.772627363801317E-004  3.005089820480776E-003
  2.797759364212304E-004  3.004984616643246E-003
  2.823119169287166E-004  3.004878467703777E-003
  2.848708843921812E-004  3.004771365251229E-003
  2.874530471729045E-004  3.004663300801035E-003
  2.900586155208215E-004  3.004554265794573E-003
  2.926878015916412E-004  3.004444251598560E-003
  2.953408194641212E-004  3.004333249504422E-003
  2.980178851574993E-004  3.004221250727663E-003
  3.007192166490818E-004  3.004108246407233E-003
  3.034450338919929E-004  3.003994227604894E-003
  3.061955588330835E-004  3.003879185304571E-003
  3.089710154310034E-004  3.003763110411708E-003
  3.117716296744369E-004  3.003645993752613E-003
  3.145976296005033E-004  3.003527826073806E-003
  3.174492453133251E-004  3.003408598041345E-003
  3.203267090027637E-004  3.003288300240169E-003
  3.232302549633254E-004  3.003166923173424E-003
  3.261601196132380E-004  3.003044457261785E-003
  3.291165415137019E-004  3.002920892842765E-003
  3.320997613883140E-004  3.002796220170046E-003
  3.351100221426683E-004  3.002670429412768E-003
  3.381475688841349E-004  3.002543510654847E-003
  3.412126489418168E-004  3.002415453894260E-003
  3.443055118866891E-004  3.002286249042346E-003
  3.474264095519195E-004  3.002155885923091E-003
  3.505755960533742E-004  3.002024354272409E-003
  3.537533278103081E-004  3.001891643737421E-003
  3.569598635662447E-004  3.001757743875722E-003
  3.601954644100427E-004  3.001622644154653E-003
  3.634603937971559E-004  3.001486333950562E-003
  3.667549175710843E-004  3.001348802548055E-003
  3.700793039850204E-004  3.001210039139255E-003
  3.734338237236909E-004  3.001070032823039E-003
  3.768187499253978E-004  3.000928772604283E-003
  3.802343582042576E-004  3.000786247393099E-003
  3.836809266726433E-004  3.000642446004056E-003
  3.871587359638294E-004  3.000497357155414E-003
  3.906680692548419E-004  3.000350969468332E-003
  3.942092122895163E-004  3.000203271466092E-003
  3.977824534017631E-004  3.000054251573299E-003
  4.013880835390458E-004  2.999903898115091E-003
  4.050263962860710E-004  2.999752199316323E-003
  4.086976878886924E-004  2.999599143300768E-003
  4.124022572780338E-004  2.999444718090303E-003
  4.161404060948275E-004  2.999288911604086E-003
  4.199124387139766E-004  2.999131711657730E-003
  4.237186622693375E-004  2.998973105962473E-003
  4.275593866787281E-004  2.998813082124343E-003
  4.314349246691630E-004  2.998651627643313E-003
  4.353455918023165E-004  2.998488729912451E-003
  4.392917065002170E-004  2.998324376217076E-003
  4.432735900711743E-004  2.998158553733888E-003
  4.472915667359415E-004  2.997991249530109E-003
  4.513459636541149E-004  2.997822450562610E-003
  4.554371109507718E-004  2.997652143677036E-003
  4.595653417433515E-004  2.997480315606922E-003
  4.637309921687786E-004  2.997306952972809E-003
  4.679344014108323E-004  2.997132042281349E-003
  4.721759117277648E-004  2.996955569924401E-003
  4.764558684801685E-004  2.996777522178131E-003
  4.807746201590974E-004  2.996597885202104E-003
  4.851325184144422E-004  2.996416645038357E-003
  4.895299180835631E-004  2.996233787610485E-003
  4.939671772201819E-004  2.996049298722713E-003
  4.984446571235367E-004  2.995863164058956E-003
  5.029627223677997E-004  2.995675369181887E-003
  5.075217408317627E-004  2.995485899531980E-003
  5.121220837287909E-004  2.995294740426572E-003
  5.167641256370485E-004  2.995101877058896E-003
  5.214482445299994E-004  2.994907294497119E-003
  5.261748218071815E-004  2.994710977683378E-003
  5.309442423252635E-004  2.994512911432797E-003
  5.357568944293802E-004  2.994313080432518E-003
  5.406131699847539E-004  2.994111469240701E-003
  5.455134644086014E-004  2.993908062285539E-003
  5.504581767023298E-004  2.993702843864261E-003
  5.554477094840260E-004  2.993495798142123E-003
  5.604824690212385E-004  2.993286909151404E-003
  5.655628652640574E-004  2.993076160790381E-003
  5.706893118784948E-004  2.992863536822317E-003
  5.758622262801664E-004  2.992649020874428E-003
  5.810820296682796E-004  2.992432596436852E-003
  5.863491470599289E-004  2.992214246861610E-003
  5.916640073247029E-004  2.991993955361556E-003
  5.970270432196039E-004  2.991771705009334E-003
  6.024386914242853E-004  2.991547478736318E-003
  6.078993925766075E-004  2.991321259331549E-003
  6.134095913085166E-004  2.991093029440668E-003
  6.189697362822479E-004  2.990862771564842E-003
  6.245802802268575E-004  2.990630468059688E-003
  6.302416799750860E-004  2.990396101134182E-003
  6.359543965005551E-004  2.990159652849572E-003
  6.417188949553019E-004  2.989921105118278E-003
  6.475356447076538E-004  2.989680439702798E-003
  6.534051193804459E-004  2.989437638214594E-003
  6.593277968895853E-004  2.989192682112978E-003
  6.653041594829656E-004  2.988945552703997E-003
  6.713346937797323E-004  2.988696231139309E-003
  6.774198908099062E-004  2.988444698415049E-003
  6.835602460543644E-004  2.988190935370697E-003
  6.897562594851849E-004  2.987934922687937E-003
  6.960084356063555E-004  2.987676640889512E-003
  7.023172834948537E-004  2.987416070338071E-003
  7.086833168420963E-004  2.987153191235013E-003
  7.151070539957674E-004  2.986887983619325E-003
  7.215890180020238E-004  2.986620427366418E-003
  7.281297366480838E-004  2.986350502186949E-003
  7.347297425052010E-004  2.986078187625648E-003
  7.413895729720292E-004  2.985803463060136E-003
  7.481097703183792E-004  2.985526307699734E-003
  7.548908817293726E-004  2.985246700584274E-003
  7.617334593499954E-004  2.984964620582898E-003
  7.686380603300567E-004  2.984680046392859E-003
  7.756052468695532E-004  2.984392956538315E-003
  7.826355862644458E-004  2.984103329369114E-003
  7.897296509528520E-004  2.983811143059580E-003
  7.968880185616551E-004  2.983516375607289E-003
  8.041112719535370E-004  2.983219004831850E-003
  8.113999992744381E-004  2.982919008373668E-003
  8.187547940014449E-004  2.982616363692715E-003
  8.261762549911146E-004  2.982311048067286E-003
  8.336649865282361E-004  2.982003038592763E-003
  8.412215983750329E-004  2.981692312180360E-003
  8.488467058208123E-004  2.981378845555881E-003
  8.565409297320651E-004  2.981062615258459E-003
  8.643048966030194E-004  2.980743597639295E-003
  8.721392386066505E-004  2.980421768860406E-003
  8.800445936461572E-004  2.980097104893348E-003
  8.880216054069008E-004  2.979769581517949E-003
  8.960709234088174E-004  2.979439174321042E-003
  9.041932030593036E-004  2.979105858695178E-003
  9.123891057065830E-004  2.978769609837356E-003
  9.206592986935559E-004  2.978430402747729E-003
  9.290044554121363E-004  2.978088212228332E-003
  9.374252553580825E-004  2.977743012881781E-003
  9.459223841863248E-004  2.977394779109990E-003
  9.544965337667935E-004  2.977043485112864E-003
  9.631484022407543E-004  2.976689104887021E-003
  9.718786940776531E-004  2.976331612224477E-003
  9.806881201324773E-004  2.975970980711350E-003
  9.895773977036362E-004  2.975607183726559E-003
  9.985472505913658E-004  2.975240194440515E-003
  1.007598409156665E-003  2.974869985813814E-003
  1.016731610380762E-003  2.974496530595933E-003
  1.025947597925126E-003  2.974119801323913E-003
  1.035247122192013E-003  2.973739770321050E-003
  1.044630940385574E-003  2.973356409695585E-003
  1.054099816573504E-003  2.972969691339383E-003
  1.063654521749257E-003  2.972579586926626E-003
  1.073295833894825E-003  2.972186067912496E-003
  1.083024538044081E-003  2.971789105531860E-003
  1.092841426346704E-003  2.971388670797948E-003
  1.102747298132675E-003  2.970984734501048E-003
  1.112742959977363E-003  2.970577267207183E-003
  1.122829225767200E-003  2.970166239256799E-003
  1.133006916765950E-003  2.969751620763443E-003
  1.143276861681583E-003  2.969333381612463E-003
  1.153639896733744E-003  2.968911491459684E-003
  1.164096865721850E-003  2.968485919730101E-003
  1.174648620093790E-003  2.968056635616570E-003
  1.185296019015255E-003  2.967623608078499E-003
  1.196039929439696E-003  2.967186805840539E-003
  1.206881226178910E-003  2.966746197391287E-003
  1.217820791974278E-003  2.966301750981976E-003
  1.228859517568634E-003  2.965853434625186E-003
  1.239998301778799E-003  2.965401216093538E-003
  1.251238051568761E-003  2.964945062918415E-003
  1.262579682123528E-003  2.964484942388660E-003
  1.274024116923641E-003  2.964020821549304E-003
  1.285572287820373E-003  2.963552667200273E-003
  1.297225135111600E-003  2.963080445895125E-003
  1.308983607618368E-003  2.962604123939770E-003
  1.320848662762142E-003  2.962123667391211E-003
  1.332821266642773E-003  2.961639042056272E-003
  1.344902394117154E-003  2.961150213490363E-003
  1.357093028878599E-003  2.960657146996214E-003
  1.369394163536941E-003  2.960159807622643E-003
  1.381806799699354E-003  2.959658160163315E-003
  1.394331948051904E-003  2.959152169155520E-003
  1.406970628441846E-003  2.958641798878951E-003
  1.419723869960667E-003  2.958127013354491E-003
  1.432592711027871E-003  2.957607776343011E-003
  1.445578199475539E-003  2.957084051344176E-003
  1.458681392633644E-003  2.956555801595258E-003
  1.471903357416141E-003  2.956022990069958E-003
  1.485245170407844E-003  2.955485579477248E-003
  1.498707917952083E-003  2.954943532260206E-003
  1.512292696239160E-003  2.954396810594879E-003
  1.526000611395601E-003  2.953845376389145E-003
  1.539832779574228E-003  2.953289191281597E-003
  1.553790327045034E-003  2.952728216640433E-003
  1.567874390286892E-003  2.952162413562354E-003
  1.582086116080092E-003  2.951591742871488E-003
  1.596426661599714E-003  2.951016165118325E-003
  1.610897194509852E-003  2.950435640578650E-003
  1.625498893058689E-003  2.949850129252515E-003
  1.640232946174431E-003  2.949259590863210E-003
  1.655100553562124E-003  2.948663984856257E-003
  1.670102925801328E-003  2.948063270398417E-003
  1.685241284444692E-003  2.947457406376715E-003
  1.700516862117420E-003  2.946846351397483E-003
  1.715930902617631E-003  2.946230063785430E-003
  1.731484661017638E-003  2.945608501582709E-003
  1.747179403766138E-003  2.944981622548026E-003
  1.763016408791335E-003  2.944349384155756E-003
  1.778996965604991E-003  2.943711743595089E-003
  1.795122375407422E-003  2.943068657769189E-003
  1.811393951193451E-003  2.942420083294378E-003
  1.827813017859316E-003  2.941765976499344E-003
  1.844380912310545E-003  2.941106293424375E-003
  1.861098983570816E-003  2.940440989820611E-003
  1.877968592891797E-003  2.939770021149322E-003
  1.894991113863988E-003  2.939093342581220E-003
  1.912167932528561E-003  2.938410908995788E-003
  1.929500447490218E-003  2.937722674980642E-003
  1.946990070031071E-003  2.937028594830915E-003
  1.964638224225554E-003  2.936328622548674E-003
  1.982446347056379E-003  2.935622711842372E-003
  2.000415888531535E-003  2.934910816126320E-003
  2.018548311802362E-003  2.934192888520194E-003
  2.036845093282677E-003  2.933468881848579E-003
  2.055307722768998E-003  2.932738748640540E-003
  2.073937703561844E-003  2.932002441129229E-003
  2.092736552588141E-003  2.931259911251531E-003
  2.111705800524735E-003  2.930511110647738E-003
  2.130846991923031E-003  2.929755990661266E-003
  2.150161685334749E-003  2.928994502338409E-003
  2.169651453438832E-003  2.928226596428128E-003
  2.189317883169500E-003  2.927452223381886E-003
  2.209162575845461E-003  2.926671333353513E-003
  2.229187147300302E-003  2.925883876199131E-003
  2.249393228014052E-003  2.925089801477102E-003
  2.269782463245943E-003  2.924289058448030E-003
  2.290356513168375E-003  2.923481596074814E-003
  2.311117053002094E-003  2.922667363022730E-003
  2.332065773152593E-003  2.921846307659581E-003
  2.353204379347753E-003  2.921018378055877E-003
  2.374534592776731E-003  2.920183521985078E-003
  2.396058150230103E-003  2.919341686923881E-003
  2.417776804241284E-003  2.918492820052561E-003
  2.439692323229224E-003  2.917636868255367E-003
  2.461806491642399E-003  2.916773778120969E-003
  2.484121110104111E-003  2.915903495942963E-003
  2.506637995559099E-003  2.915025967720438E-003
  2.529358981421483E-003  2.914141139158589E-003
  2.552285917724048E-003  2.913248955669408E-003
  2.575420671268879E-003  2.912349362372419E-003
  2.598765125779368E-003  2.911442304095489E-003
  2.622321182053589E-003  2.910527725375694E-003
  2.646090758119071E-003  2.909605570460255E-003
  2.670075789388972E-003  2.908675783307540E-003
  2.694278228819669E-003  2.907738307588141E-003
  2.718700047069769E-003  2.906793086686010E-003
  2.743343232660578E-003  2.905840063699675E-003
  2.768209792138005E-003  2.904879181443526E-003
  2.793301750235948E-003  2.903910382449180E-003
  2.818621150041154E-003  2.902933608966920E-003
  2.844170053159579E-003  2.901948802967205E-003
  2.869950539884245E-003  2.900955906142282E-003
  2.895964709364632E-003  2.899954859907853E-003
  2.922214679777596E-003  2.898945605404840E-003
  2.948702588499840E-003  2.897928083501246E-003
  2.975430592281948E-003  2.896902234794075E-003
  3.002400867423997E-003  2.895867999611365E-003
  3.029615609952758E-003  2.894825318014305E-003
  3.057077035800506E-003  2.893774129799443E-003
  3.084787380985451E-003  2.892714374500989E-003
  3.112748901793804E-003  2.891645991393218E-003
  3.140963874963487E-003  2.890568919492974E-003
  3.169434597869523E-003  2.889483097562259E-003
  3.198163388711091E-003  2.888388464110952E-003
  3.227152586700285E-003  2.887284957399610E-003
  3.256404552252581E-003  2.886172515442386E-003
  3.285921667179035E-003  2.885051076010054E-003
  3.315706334880215E-003  2.883920576633154E-003
  3.345760980541893E-003  2.882780954605238E-003
  3.376088051332525E-003  2.881632146986239E-003
  3.406690016602496E-003  2.880474090605959E-003
  3.437569368085193E-003  2.879306722067682E-003
  3.468728620099885E-003  2.878129977751898E-003
  3.500170309756455E-003  2.876943793820169E-003
  3.531896997161979E-003  2.875748106219108E-003
  3.563911265629179E-003  2.874542850684499E-003
  3.596215721886769E-003  2.873327962745553E-003
  3.628812996291703E-003  2.872103377729282E-003
  3.661705743043349E-003  2.870869030765041E-003
  3.694896640399607E-003  2.869624856789178E-003
  3.728388390894981E-003  2.868370790549861E-003
  3.762183721560631E-003  2.867106766612025E-003
  3.796285384146419E-003  2.865832719362485E-003
  3.830696155344964E-003  2.864548583015195E-003
  3.865418837017740E-003  2.863254291616667E-003
  3.900456256423203E-003  2.861949779051540E-003
  3.935811266447007E-003  2.860634979048322E-003
  3.971486745834292E-003  2.859309825185288E-003
  4.007485599424086E-003  2.857974250896544E-003
  4.043810758385826E-003  2.856628189478276E-003
  4.080465180458027E-003  2.855271574095154E-003
  4.117451850189114E-003  2.853904337786924E-003
  4.154773779180431E-003  2.852526413475183E-003
  4.192434006331462E-003  2.851137733970323E-003
  4.230435598087271E-003  2.849738231978687E-003
  4.268781648688179E-003  2.848327840109885E-003
  4.307475280421713E-003  2.846906490884332E-003
  4.346519643876836E-003  2.845474116740959E-003
  4.385917918200478E-003  2.844030650045150E-003
  4.425673311356394E-003  2.842576023096863E-003
  4.465789060386374E-003  2.841110168138967E-003
  4.506268431673809E-003  2.839633017365797E-003
  4.547114721209659E-003  2.838144502931910E-003
  4.588331254860820E-003  2.836644556961079E-003
  4.629921388640938E-003  2.835133111555495E-003
  4.671888508983656E-003  2.833610098805206E-003
  4.714236033018364E-003  2.832075450797783E-003
  4.756967408848427E-003  2.830529099628222E-003
  4.800086115831946E-003  2.828970977409091E-003
  4.843595664865059E-003  2.827401016280909E-003
  4.887499598667817E-003  2.825819148422786E-003
  4.931801492072641E-003  2.824225306063310E-003
  4.976504952315400E-003  2.822619421491687E-003
  5.021613619329132E-003  2.821001427069148E-003
  5.067131166040411E-003  2.819371255240618E-003
  5.113061298668426E-003  2.817728838546659E-003
  5.159407757026740E-003  2.816074109635680E-003
  5.206174314827813E-003  2.814407001276433E-003
  5.253364779990265E-003  2.812727446370797E-003
  5.300982994948937E-003  2.811035377966833E-003
  5.349032836967751E-003  2.809330729272160E-003
  5.397518218455421E-003  2.807613433667598E-003
  5.446443087284010E-003  2.805883424721142E-003
  5.495811427110383E-003  2.804140636202230E-003
  5.545627257700573E-003  2.802385002096328E-003
  5.595894635257084E-003  2.800616456619830E-003
  5.646617652749169E-003  2.798834934235288E-003
  5.697800440246086E-003  2.797040369666972E-003
  5.749447165253396E-003  2.795232697916759E-003
  5.801562033052290E-003  2.793411854280363E-003
  5.854149287042002E-003  2.791577774363912E-003
  5.907213209085320E-003  2.789730394100882E-003
  5.960758119857240E-003  2.787869649769373E-003
  6.014788379196764E-003  2.785995478009768E-003
  6.069308386461907E-003  2.784107815842740E-003
  6.124322580887891E-003  2.782206600687647E-003
  6.179835441948628E-003  2.780291770381298E-003
  6.235851489721434E-003  2.778363263197118E-003
  6.292375285255095E-003  2.776421017864687E-003
  6.349411430941226E-003  2.774464973589694E-003
  6.406964570889021E-003  2.772495070074288E-003
  6.465039391303405E-003  2.770511247537837E-003
  6.523640620866590E-003  2.768513446738113E-003
  6.582773031123111E-003  2.766501608992894E-003
  6.642441436868342E-003  2.764475676201995E-003
  6.702650696540533E-003  2.762435590869746E-003
  6.763405712616410E-003  2.760381296127902E-003
  6.824711432010346E-003  2.758312735759011E-003
  6.886572846477165E-003  2.756229854220236E-003
  6.948994993018587E-003  2.754132596667642E-003
  7.011982954293360E-003  2.752020908980953E-003
  7.075541859031115E-003  2.749894737788794E-003
  7.139676882449961E-003  2.747754030494405E-003
  7.204393246677876E-003  2.745598735301866E-003
  7.269696221177915E-003  2.743428801242805E-003
  7.335591123177265E-003  2.741244178203628E-003
  7.402083318100196E-003  2.739044816953256E-003
  7.469178220004940E-003  2.736830669171381E-003
  7.536881292024522E-003  2.734601687477265E-003
  7.605198046811589E-003  2.732357825459070E-003
  7.674134046987273E-003  2.730099037703737E-003
  7.743694905594121E-003  2.727825279827414E-003
  7.813886286553131E-003  2.725536508506453E-003
  7.884713905124935E-003  2.723232681508973E-003
  7.956183528375151E-003  2.720913757727007E-003
  8.028300975643967E-003  2.718579697209232E-003
  8.101072119019970E-003  2.716230461194294E-003
  8.174502883818281E-003  2.713866012144745E-003
  8.248599249063005E-003  2.711486313781586E-003
  8.323367247974084E-003  2.709091331119432E-003
  8.398812968458534E-003  2.706681030502307E-003
  8.474942553606144E-003  2.704255379640088E-003
  8.551762202189684E-003  2.701814347645584E-003
  8.629278169169627E-003  2.699357905072286E-003
  8.707496766203440E-003  2.696886023952772E-003
  8.786424362159526E-003  2.694398677837802E-003
  8.866067383635792E-003  2.691895841836084E-003
  8.946432315482920E-003  2.689377492654750E-003
  9.027525701332409E-003  2.686843608640527E-003
  9.109354144129365E-003  2.684294169821632E-003
  9.191924306670146E-003  2.681729157950385E-003
  9.275242912144875E-003  2.679148556546565E-003
  9.359316744684871E-003  2.676552350941500E-003
  9.444152649915025E-003  2.673940528322924E-003
  9.529757535511224E-003  2.671313077780598E-003
  9.616138371762770E-003  2.668669990352706E-003
  9.703302192139961E-003  2.666011259073038E-003
  9.791256093866753E-003  2.663336879018971E-003
  9.880007238498670E-003  2.660646847360269E-003
  9.969562852505914E-003  2.657941163408685E-003
  1.005993022786177E-002  2.655219828668417E-003
  1.015111672263635E-002  2.652482846887389E-003
  1.024312976159573E-002  2.649730224109393E-003
  1.033597683680647E-002  2.646961968727104E-003
  1.042966550824569E-002  2.644178091535962E-003
  1.052420340441661E-002  2.641378605788951E-003
  1.061959822296969E-002  2.638563527252282E-003
  1.071585773132940E-002  2.635732874261981E-003
  1.081298976732670E-002  2.632886667781418E-003
  1.091100223983721E-002  2.630024931459766E-003
  1.100990312942517E-002  2.627147691691412E-003
  1.110970048899328E-002  2.624254977676337E-003
  1.121040244443836E-002  2.621346821481480E-003
  1.131201719531303E-002  2.618423258103076E-003
  1.141455301549333E-002  2.615484325530023E-003
  1.151801825385241E-002  2.612530064808251E-003
  1.162242133494035E-002  2.609560520106127E-003
  1.172777075967009E-002  2.606575738780914E-003
  1.183407510600962E-002  2.603575771446286E-003
  1.194134302968045E-002  2.600560672040919E-003
  1.204958326486237E-002  2.597530497898179E-003
  1.215880462490462E-002  2.594485309816904E-003
  1.226901600304354E-002  2.591425172133318E-003
  1.238022637312665E-002  2.588350152794080E-003
  1.249244479034337E-002  2.585260323430478E-003
  1.260568039196230E-002  2.582155759433801E-003
  1.271994239807524E-002  2.579036540031891E-003
  1.283524011234792E-002  2.575902748366895E-003
  1.295158292277752E-002  2.572754471574239E-003
  1.306898030245710E-002  2.569591800862833E-003
  1.318744181034694E-002  2.566414831596532E-003
  1.330697709205286E-002  2.563223663376870E-003
  1.342759588061158E-002  2.560018400127072E-003
  1.354930799728327E-002  2.556799150177386E-003
  1.367212335235120E-002  2.553566026351736E-003
  1.379605194592869E-002  2.550319146055716E-003
  1.392110386877336E-002  2.547058631365952E-003
  1.404728930310874E-002  2.543784609120855E-003
  1.417461852345336E-002  2.540497211012768E-003
  1.430310189745737E-002  2.537196573681547E-003
  1.443274988674665E-002  2.533882838809583E-003
  1.456357304777472E-002  2.530556153218302E-003
  1.469558203268220E-002  2.527216668966146E-003
  1.482878759016423E-002  2.523864543448074E-003
  1.496320056634561E-002  2.520499939496601E-003
  1.509883190566396E-002  2.517123025484392E-003
  1.523569265176088E-002  2.513733975428450E-003
  1.537379394838112E-002  2.510332969095903E-003
  1.551314704028000E-002  2.506920192111432E-003
  1.565376327413896E-002  2.503495836066373E-003
  1.579565409948947E-002  2.500060098629480E-003
  1.593883106964529E-002  2.496613183659430E-003
  1.608330584264320E-002  2.493155301319061E-003
  1.622909018219223E-002  2.489686668191381E-003
  1.637619595863152E-002  2.486207507397388E-003
  1.652463514989683E-002  2.482718048715715E-003
  1.667441984249586E-002  2.479218528704143E-003
  1.682556223249235E-002  2.475709190823017E-003
  1.697807462649915E-002  2.472190285560580E-003
  1.713196944268027E-002  2.468662070560278E-003
  1.728725921176203E-002  2.465124810750072E-003
  1.744395657805333E-002  2.461578778473764E-003
  1.760207430047522E-002  2.458024253624418E-003
  1.776162525359980E-002  2.454461523779876E-003
  1.792262242869847E-002  2.450890884340431E-003
  1.808507893479977E-002  2.447312638668694E-003
  1.824900799975677E-002  2.443727098231676E-003
  1.841442297132410E-002  2.440134582745170E-003
  1.858133731824483E-002  2.436535420320435E-003
  1.874976463134708E-002  2.432929947613253E-003
  1.891971862465070E-002  2.429318509975395E-003
  1.909121313648391E-002  2.425701461608556E-003
  1.926426213061003E-002  2.422079165720797E-003
  1.943887969736451E-002  2.418451994685554E-003
  1.961508005480219E-002  2.414820330203264E-003
  1.979287754985504E-002  2.411184563465674E-003
  1.997228665950027E-002  2.407545095322866E-003
  2.015332199193915E-002  2.403902336453092E-003
  2.033599828778649E-002  2.400256707535454E-003
  2.052033042127081E-002  2.396608639425500E-003
  2.070633340144551E-002  2.392958573333808E-003
  2.089402237341098E-002  2.389306961007624E-003
  2.108341261954770E-002  2.385654264915613E-003
  2.127451956076069E-002  2.382000958435819E-003
  2.146735875773506E-002  2.378347526046887E-003
  2.166194591220306E-002  2.374694463522645E-003
  2.185829686822258E-002  2.371042278130113E-003
  2.205642761346724E-002  2.367391488831029E-003
  2.225635428052811E-002  2.363742626486983E-003
  2.245809314822739E-002  2.360096234068246E-003
  2.266166064294382E-002  2.356452866866390E-003
  2.286707333995021E-002  2.352813092710795E-003
  2.307434796476304E-002  2.349177492189143E-003
  2.328350139450437E-002  2.345546658872014E-003
  2.349455065927598E-002  2.341921199541677E-003
  2.370751294354607E-002  2.338301734425204E-003
  2.392240558754848E-002  2.334688897432023E-003
  2.413924608869459E-002  2.331083336396016E-003
  2.435805210299802E-002  2.327485713322315E-003
  2.457884144651230E-002  2.323896704638901E-003
  2.480163209678146E-002  2.320317001453168E-003
  2.502644219430387E-002  2.316747309813571E-003
  2.525329004400931E-002  2.313188350976523E-003
  2.548219411674944E-002  2.309640861678685E-003
  2.571317305080172E-002  2.306105594414811E-003
  2.594624565338708E-002  2.302583317721316E-003
  2.618143090220122E-002  2.299074816465731E-003
  2.641874794695990E-002  2.295580892142229E-003
  2.665821611095814E-002  2.292102363173415E-003
  2.689985489264363E-002  2.288640065218562E-003
  2.714368396720436E-002  2.285194851488487E-003
  2.738972318817065E-002  2.281767593067305E-003
  2.763799258903172E-002  2.278359179241241E-003
  2.788851238486685E-002  2.274970517834754E-003
  2.814130297399145E-002  2.271602535554189E-003
  2.839638493961789E-002  2.268256178339214E-003
  2.865377905153151E-002  2.264932411722286E-003
  2.891350626778178E-002  2.261632221196409E-003
  2.917558773638878E-002  2.258356612591468E-003
  2.944004479706513E-002  2.255106612459416E-003
  2.970689898295362E-002  2.251883268468606E-003
  2.997617202238044E-002  2.248687649807588E-003
  3.024788584062446E-002  2.245520847598683E-003
  3.052206256170242E-002  2.242383975321669E-003
  3.079872451017040E-002  2.239278169247928E-003
  3.107789421294153E-002  2.236204588885407E-003
  3.135959440112024E-002  2.233164417434787E-003
  3.164384801185314E-002  2.230158862257219E-003
  3.193067819019661E-002  2.227189155354073E-003
  3.222010829100141E-002  2.224256553859078E-003
  3.251216188081426E-002  2.221362340543335E-003
  3.280686273979679E-002  2.218507824333628E-003
  3.310423486366179E-002  2.215694340844526E-003
  3.340430246562700E-002  2.212923252924762E-003
  3.370708997838670E-002  2.210195951218418E-003
  3.401262205610110E-002  2.207513854741430E-003
  3.432092357640377E-002  2.204878411473989E-003
  3.463201964242725E-002  2.202291098969409E-003
  3.494593558484712E-002  2.199753424980071E-003
  3.526269696394447E-002  2.197266928101071E-003
  3.558232957168710E-002  2.194833178432211E-003
  3.590485943382966E-002  2.192453778259044E-003
  3.623031281203275E-002  2.190130362753652E-003
  3.655871620600123E-002  2.187864600695908E-003
  3.689009635564194E-002  2.185658195215986E-003
  3.722448024324098E-002  2.183512884558920E-003
  3.756189509566071E-002  2.181430442872039E-003
  3.790236838655667E-002  2.179412681016147E-003
  3.824592783861459E-002  2.177461447401345E-003
  3.859260142580766E-002  2.175578628848435E-003
  3.894241737567434E-002  2.173766151476882E-003
  3.929540417161668E-002  2.172025981620347E-003
  3.965159055521964E-002  2.170360126770846E-003
  4.001100552859127E-002  2.168770636552650E-003
  4.037367835672421E-002  2.167259603727056E-003
  4.073963856987855E-002  2.165829165229225E-003
  4.110891596598631E-002  2.164481503238344E-003
  4.148154061307771E-002  2.163218846282387E-003
  4.185754285172942E-002  2.162043470378832E-003
  4.223695329753500E-002  2.160957700212742E-003
  4.261980284359776E-002  2.159963910353659E-003
  4.300612266304620E-002  2.159064526512841E-003
  4.339594421157222E-002  2.158262026842424E-003
  4.378929922999243E-002  2.157558943278168E-003
  4.418621974683254E-002  2.156957862927484E-003
  4.458673808093528E-002  2.156461429504567E-003
  4.499088684409196E-002  2.156072344814469E-003
  4.539869894369781E-002  2.155793370288070E-003
  4.581020758543142E-002  2.155627328569983E-003
  4.622544627595852E-002  2.155577105161473E-003
  4.664444882566025E-002  2.155645650120614E-003
  4.706724935138598E-002  2.155835979821981E-003
  4.749388227923149E-002  2.156151178778216E-003
  4.792438234734182E-002  2.156594401526025E-003
  4.835878460873998E-002  2.157168874579142E-003
  4.879712443418103E-002  2.157877898450983E-003
  4.923943751503207E-002  2.158724849749822E-003
  4.968575986617846E-002  2.159713183349390E-003
  5.013612782895620E-002  2.160846434637993E-003
  5.059057807411109E-002  2.162128221849316E-003
  5.104914760478451E-002  2.163562248478252E-003
  5.151187375952643E-002  2.165152305785223E-003
  5.197879421533564E-002  2.166902275392603E-003
  5.244994699072752E-002  2.168816131977036E-003
  5.292537044882974E-002  2.170897946061557E-003
  5.340510330050587E-002  2.173151886911646E-003
  5.388918460750740E-002  2.175582225539476E-003
  5.437765378565432E-002  2.178193337820838E-003
  5.487055060804445E-002  2.180989707729394E-003
  5.536791520829201E-002  2.183975930693118E-003
  5.586978808379540E-002  2.187156717078012E-003
  5.637621009903465E-002  2.190536895804379E-003
  5.688722248889880E-002  2.194121418101183E-003
  5.740286686204343E-002  2.197915361404270E-003
  5.792318520427853E-002  2.201923933404471E-003
  5.844821988198718E-002  2.206152476251862E-003
  5.897801364557527E-002  2.210606470922762E-003
  5.951260963295226E-002  2.215291541756311E-003
  6.005205137304378E-002  2.220213461167792E-003
  6.059638278933580E-002  2.225378154546171E-003
  6.114564820345118E-002  2.230791705343653E-003
  6.169989233875842E-002  2.236460360365435E-003
  6.225916032401325E-002  2.242390535268152E-003
  6.282349769703319E-002  2.248588820275924E-003
  6.339295040840544E-002  2.255061986123328E-003
  6.396756482522829E-002  2.261816990234987E-003
  6.454738773488659E-002  2.268860983151961E-003
  6.513246634886136E-002  2.276201315215545E-003
  6.572284830657384E-002  2.283845543519591E-003
  6.631858167926462E-002  2.291801439142952E-003
  6.691971497390768E-002  2.300076994674189E-003
  6.752629713716010E-002  2.308680432041237E-003
  6.813837755934740E-002  2.317620210659301E-003
  6.875600607848523E-002  2.326905035910862E-003
  6.937923298433718E-002  2.336543867972334E-003
  7.000810902250980E-002  2.346545931002539E-003
  7.064268539858436E-002  2.356920722708922E-003
  7.128301378228624E-002  2.367678024308132E-003
  7.192914631169212E-002  2.378827910898374E-003
  7.258113559747520E-002  2.390380762261762E-003
  7.323903472718903E-002  2.402347274115743E-003
  7.390289726959016E-002  2.414738469833545E-003
  7.457277727899976E-002  2.427565712654588E-003
  7.524872929970507E-002  2.440840718406699E-003
  7.593080837040055E-002  2.454575568763097E-003
  7.661907002866944E-002  2.468782725058124E-003
  7.731357031550568E-002  2.483475042686888E-003
  7.801436577987715E-002  2.498665786115143E-003
  7.872151348333006E-002  2.514368644527002E-003
  7.943507100463512E-002  2.530597748139408E-003
  8.015509644447580E-002  2.547367685213651E-003
  8.088164843017917E-002  2.564693519795672E-003
  8.161478612048954E-002  2.582590810218444E-003
  8.235456921038542E-002  2.601075628401301E-003
  8.310105793594012E-002  2.620164579982784E-003
  8.385431307922639E-002  2.639874825325319E-003
  8.461439597326552E-002  2.660224101431947E-003
  8.538136850702141E-002  2.681230744817206E-003
  8.615529313043969E-002  2.702913715376401E-003
  8.693623285953274E-002  2.725292621299580E-003
  8.772425128151067E-002  2.748387745078840E-003
  8.851941255995879E-002  2.772220070659964E-003
  8.932178144006220E-002  2.796811311791855E-003
  9.013142325387741E-002  2.822183941629930E-003
  9.094840392565212E-002  2.848361223652306E-003
  9.177278997719293E-002  2.875367243950615E-003
  9.260464853328181E-002  2.903226944960236E-003
  9.344404732714173E-002  2.931966160698025E-003
  9.429105470595167E-002  2.961611653578930E-003
  9.514573963641185E-002  2.992191152886431E-003
  9.600817171035908E-002  3.023733394975530E-003
  9.687842115043344E-002  3.056268165290806E-003
  9.775655881579588E-002  3.089826342286284E-003
  9.864265620789800E-002  3.124439943338115E-003
  9.953678547630390E-002  3.160142172745625E-003
  0.100439019424565       3.196967471921065E-003
  0.101349431516147       3.234951571873397E-003
  0.102268095880415       3.274131548096757E-003
  0.103195087318663       3.314545877979715E-003
  0.104130481310213       3.356234500857343E-003
  0.105074354018551       3.399238880834128E-003
  0.106026782297539       3.443602072512303E-003
  0.106987843697663       3.489368789766793E-003
  0.107957616472355       3.536585477715185E-003
  0.108936179584360       3.585300388038471E-003
  0.109923612712168       3.635563657816200E-003
  0.110919996256501       3.687427392047889E-003
  0.111925411346859       3.740945750041098E-003
  0.112939939848126       3.796175035855738E-003
  0.113963664367237       3.853173793003578E-003
  0.114996668259901       3.912002903611972E-003
  0.116039035637394       3.972725692271246E-003
  0.117090851373401       4.035408034796207E-003
  0.118152201110931       4.100118472143735E-003
  0.119223171269290       4.166928329740505E-003
  0.120303849051114       4.235911842487589E-003
  0.121394322449476       4.307146285721937E-003
  0.122494680255045       4.380712112428685E-003
  0.123605012063317       4.456693097012823E-003
  0.124725408281911       4.535176485954061E-003
  0.125855960137933       4.616253155684687E-003
  0.126996759685397       4.700017778047044E-003
  0.128147899812728       4.786568993704737E-003
  0.129309474250321       4.876009593900034E-003
  0.130481577578172       4.968446710969156E-003
  0.131664305233585       5.063992018047166E-003
  0.132857753518934       5.162761938415141E-003
  0.134062019609515       5.264877864964220E-003
  0.135277201561447       5.370466390273947E-003
  0.136503398319665       5.479659547826207E-003
  0.137740709725972       5.592595064900864E-003
  0.138989236527171       5.709416627725211E-003
  0.140249080383265       5.830274159476253E-003
  0.141520343875738       5.955324111762970E-003
  0.142803130515906       6.084729770244955E-003
  0.144097544753344       6.218661575074176E-003
  0.145403691984395       6.357297456878123E-003
  0.146721678560745       6.500823189035406E-003
  0.148051611798089       6.649432757028710E-003
  0.149393599984866       6.803328745695266E-003
  0.150747752391078       6.962722745231222E-003
  0.152114179277182       7.127835776843978E-003
  0.153492991903077       7.298898738985276E-003
  0.154884302537155       7.476152875137799E-003
  0.156288224465446       7.659850264169214E-003
  0.157704872000841       7.850254334309831E-003
  0.159134360492401       8.047640401853479E-003
  0.160576806334750       8.252296235725595E-003
  0.162032326977548       8.464522649107981E-003
  0.163501040935060       8.684634119355975E-003
  0.164983067795800       8.912959437490922E-003
  0.166478528232274       9.149842388598705E-003
  0.167987544010802       9.395642464513462E-003
  0.169510238001433       9.650735610214444E-003
  0.171046734187952       9.915515005413119E-003
  0.172597157677972       1.019039188285660E-002
  0.174161634713123       1.047579638492257E-002
  0.175740292679330       1.077217846012918E-002
  0.177333260117186       1.108000880123147E-002
  0.178940666732418       1.139977982662208E-002
  0.180562643406447       1.173200670679970E-002
  0.182199322207048       1.207722843771207E-002
  0.183850836399100       1.243600896282108E-002
  0.185517320455439       1.280893834577639E-002
  0.187198910067805       1.319663399561844E-002
  0.188895742157895       1.359974194646304E-002
  0.190607954888508       1.401893819364561E-002
  0.192335687674795       1.445493008832432E-002
  0.194079081195612       1.490845779255579E-002
  0.195838277404974       1.538029579686427E-002
  0.197613419543613       1.587125450232491E-002
  0.199404652150644       1.638218186917126E-002
  0.201212121075329       1.691396513391722E-002
  0.203035973488958       1.746753259695151E-002
  0.204876357896826       1.804385548251777E-002
  0.206733424150333       1.864394987293390E-002
  0.208607323459178       1.926887871882883E-002
  0.210498208403674       1.991975392708162E-002
  0.212406232947174       2.059773852803453E-002
  0.214331552448604       2.130404892341792E-002
  0.216274323675114       2.203995721626606E-002
  0.218234704814841       2.280679362391949E-002
  0.220212855489795       2.360594897499704E-002
  0.222208936768848       2.443887729097826E-002
  0.224223111180855       2.530709845276037E-002
  0.226255542727886       2.621220095224197E-002
  0.228306396898578       2.715584472863456E-002
  0.230375840681611       2.813976408880971E-002
  0.232464042579306       2.916577071055151E-002
  0.234571172621344       3.023575672709747E-002
  0.236697402378611       3.135169789081258E-002
  0.238842904977165       3.251565681324815E-002
  0.241007855112339       3.372978627818480E-002
  0.243192429062958       3.499633262354473E-002
  0.245396804705699       3.631763918727897E-002
  0.247621161529568       3.769614981148545E-002
  0.249865680650521       3.913441239809255E-002
  0.252130544826208       4.063508250844366E-002
  0.254415938470851       4.220092699804183E-002
  0.256722047670265       4.383482767655193E-002
  0.259049060197009       4.553978498191308E-002
  0.261397165525672       4.731892165607948E-002
  0.263766554848302       4.917548640848427E-002
  0.266157421089975       5.111285755180422E-002
  0.268569958924504       5.313454659299419E-002
  0.271004364790287       5.524420176085726E-002
  0.273460836906306       5.744561144961900E-002
  0.275939575288263       5.974270755608592E-002
  0.278440781764868       6.213956868598734E-002
  0.280964659994273       6.464042320303280E-002
  0.283511415480653       6.724965209206646E-002
  0.286081255590942       6.997179160547071E-002
  0.288674389571712       7.281153565967353E-002
  0.291291028566219       7.577373794625215E-002
  0.293931385631586       7.886341371971466E-002
  0.296595675756158       8.208574122159061E-002
  0.299284115877005       8.544606269798793E-002
  0.301996924897584       8.894988496529081E-002
  0.304734323705564       9.260287947620661E-002
  0.307496535190814       9.641088183593273E-002
  0.310283784263548       0.100379890715839     
  0.313096297872641       0.104516066109774     
  0.315934305024105       0.108825726875916     
  0.318798036799739       0.113315347505093     
  0.321687726375943       0.117991554054608     
  0.324603609042702       0.122861119185046     
  0.327545922222748       0.127930956236131     
  0.330514905490890       0.133208112276704     
  0.333510800593522       0.138699760063172     
  0.336533851468304       0.144413188840528     
  0.339584304264030       0.150355793920202     
  0.342662407360664       0.156535064969691     
  0.345768411389568       0.162958572950203     
  0.348902569253911       0.169633955640378     
  0.352065136149255       0.176568901686769     
  0.355256369584341       0.183771133125008     
  0.358476529402053       0.191248386319687     
  0.361725877800573       0.199008391275918     
  0.365004679354737       0.207058849281339     
  0.368313201037571       0.215407408844084     
  0.371651712242033       0.224061639899999     
  0.375020484802946       0.233029006271100     
  0.378419793019134       0.242316836367083     
  0.381849913675753       0.251932292132550     
  0.385311126066833       0.261882336254503     
  0.388803712018013       0.272173697657685     
  0.392327955909494       0.282812835329345     
  0.395884144699192       0.293805900530055     
  0.399472567946101       0.305158697463255     
  0.403093517833877       0.316876642493100     
  0.406747289194619       0.328964722017941     
  0.410434179532884       0.341427449125279     
  0.414154489049905       0.354268819173101     
  0.417908520668040       0.367492264462057     
  0.421696580055431       0.381100608182842     
  0.425518975650898       0.395096017843090     
  0.429376018689050       0.409479958398058     
  0.433268023225631       0.424253145328982     
  0.437195306163084       0.439415497932088     
  0.441158187276365       0.454966093099588     
  0.445156989238969       0.470903119891224     
  0.449192037649214       0.487223835210912     
  0.453263661056745       0.503924520917323     
  0.457372190989287       0.521000442709699     
  0.461517961979644       0.538445811140393     
  0.465701311592932       0.556253745113376     
  0.469922580454069       0.574416238232906     
  0.474182112275508       0.592924128368486     
  0.478480253885224       0.611767070800871     
  0.482817355254954       0.630933515309021     
  0.487193769528693       0.650410687549316     
  0.491609853051449       0.670184575065919     
  0.496065965398258       0.690239918254746     
  0.500562469403460       0.710560206583048     
  0.505099731190246       0.731127680342053     
  0.509678120200466       0.751923338181549     
  0.514298009224712       0.772926950642761     
  0.518959774432671       0.794117079869541     
  0.523663795403757       0.815471105638029     
  0.528410455158014       0.836965257801701     
  0.533200140187305       0.858574655202614     
  0.538033240486782       0.880273351050918     
  0.542910149586640       0.902034384723911     
  0.547831264584162       0.923829839883536     
  0.552796986176047       0.945630908757790     
  0.557807718691044       0.967407962377704     
  0.562863870122867       0.989130626507924     
  0.567965852163419        1.01076786295619     
  0.573114080236314        1.03228805589579     
  0.578308973530700        1.05365910278611     
  0.583550955035393        1.07484850943024     
  0.588840451573317        1.09582348866619     
  0.594177893836261        1.11655106214952     
  0.599563716419942        1.13699816465187     
  0.604998357859396        1.15713175027114     
  0.610482260664684        1.17691889992623     
  0.616015871356923        1.19632692949279     
  0.621599640504643        1.21532349792569     
  0.627234022760473        1.23387671471028     
  0.632919476898165        1.25195524598738     
  0.638656465849944        1.26952841870627     
  0.644445456744203        1.28656632217613     
  0.650286920943543        1.30303990640887     
  0.656181334083146        1.31892107667498     
  0.662129176109508        1.33418278372809     
  0.668130931319519        1.34879910919384     
  0.674187088399890        1.36274534566289     
  0.680298140466951        1.37599807107623     
  0.686464585106799        1.38853521704319     
  0.692686924415814        1.40033613078682     
  0.698965665041542        1.41138163046819     
  0.705301318223947        1.42165405369919     
  0.711694399837039        1.43113729911130     
  0.718145430430880        1.43981686090640     
  0.724654935273966        1.44767985637230     
  0.731223444396000        1.45471504640116     
  0.737851492631046        1.46091284910190     
  0.744539619661080        1.46626534664746     
  0.751288370059931        1.47076628554421     
  0.758098293337623        1.47441107055342     
  0.764969943985119        1.47719675253242     
  0.771903881519469        1.47912201049666     
  0.778900670529368        1.48018712823255     
  0.785960880721128        1.48039396581411     
  0.793085086965065        1.47974592639548     
  0.800273869342307        1.47824791866438     
  0.807527813192028        1.47590631535069     
  0.814847509159106        1.47272890818798     
  0.822233553242218        1.46872485972566     
  0.829686546842367        1.46390465238467     
  0.837207096811854        1.45828003514137     
  0.844795815503683        1.45186396821269     
  0.852453320821430        1.44467056610086     
  0.860180236269549        1.43671503933897     
  0.867977191004141        1.42801363525940     
  0.875844819884185        1.41858357808629     
  0.883783763523229        1.40844300863129     
  0.891794668341552        1.39761092384909     
  0.899878186618797        1.38610711648602     
  0.908034976547082        1.37395211503207     
  0.916265702284595        1.36116712416372     
  0.924571034009670        1.34777396584324     
  0.932951647975357        1.33379502121845     
  0.941408226564484        1.31925317344747     
  0.949941458345219        1.30417175155359     
  0.958552038127139        1.28857447539885     
  0.967240667017801        1.27248540184837     
  0.976008052479830        1.25592887218403     
  0.984854908388524        1.23892946081308     
  0.993781955089978        1.22151192530652     
   1.00278991945974        1.20370115779275     
   1.01187953496200        1.18552213772399     
   1.02105154170930        1.16699988602673     
   1.03030668652281        1.14815942064212     
   1.03964572299312        1.12902571345849     
   1.04906941154164        1.10962364863515     
   1.05857851948244        1.08997798231487     
   1.06817382108483        1.07011330372127     
   1.07785609763630        1.05005399763690     
   1.08762613750622        1.02982420825814     
   1.09748473620999        1.00944780442322     
   1.10743269647382       0.988948346211199     
   1.11747082830007       0.968349052910111     
   1.12759994903327       0.947672772354383     
   1.13782088342659       0.926941951632487     
   1.14813446370905       0.906178609167197     
   1.15854152965326       0.885404308171931     
   1.16904292864381       0.864640131487607     
   1.17963951574625       0.843906657805259     
   1.19033215377674       0.823223939280207     
   1.20112171337227       0.802611480543862     
   1.21200907306157       0.782088219119320     
   1.22299511933666       0.761672507246624     
   1.23408074672500       0.741382095123100     
   1.24526685786233       0.721234115563349     
   1.25655436356619       0.701245070082453     
   1.26794418291006       0.681430816404649     
   1.27943724329821       0.661806557398172     
   1.29103448054120       0.642386831435215     
   1.30273683893208       0.623185504174018     
   1.31454527132328       0.604215761757911     
   1.32646073920421       0.585490105423910     
   1.33848421277952       0.567020347510974     
   1.35061667104811       0.548817608855529     
   1.36285910188286       0.530892317559212     
   1.37521250211104       0.513254209111112     
   1.38767787759549       0.495912327844000     
   1.40025624331653       0.478875029701304     
   1.41294862345457       0.462149986288784     
   1.42575605147356       0.445744190182087     
   1.43867957020508       0.429663961458649     
   1.45172023193328       0.413914955419692     
   1.46487909848055       0.398502171465461     
   1.47815724129401       0.383429963084299     
   1.49155574153271       0.368702048913691     
   1.50507569015567       0.354321524829094     
   1.51871818801074       0.340290877014139     
   1.53248434592419       0.326611995963696     
   1.54637528479122       0.313286191369380     
   1.56039213566714       0.300314207835268     
   1.57453603985956       0.287696241369991     
   1.58880814902125       0.275431956599904     
   1.60320962524395       0.263520504646784     
   1.61774164115297       0.251960541612414     
   1.63240538000267       0.240750247611515     
   1.64720203577284       0.229887346293806     
   1.66213281326588       0.219369124795449     
   1.67719892820490       0.209192454059882     
   1.69240160733275       0.199353809467890     
   1.70774208851185       0.189849291716931     
   1.72322162082501       0.180674647889995     
   1.73884146467717       0.171825292654830     
   1.75460289189796       0.163296329535019     
   1.77050718584528       0.155082572195375     
   1.78655564150985       0.147178565685117     
   1.80274956562056       0.139578607583656     
   1.81909027675095       0.132276768995211     
   1.83557910542652       0.125266915340126     
   1.85221739423311       0.118542726892551     
   1.86900649792618       0.112097719016062     
   1.88594778354114       0.105925262050930     
   1.90304263050467       0.100018600808895     
   1.92029243074699       9.437087363373083E-002
   1.93769858881526       8.897513098825403E-002
   1.95526252198792       8.382435353104727E-002
   1.97298566039005       7.891146964877409E-002
   1.99086944710988       7.422937241268857E-002
   2.00891533831626       6.977093593071895E-002
   2.02712480337722       6.552903106932904E-002
   2.04549932497963       6.149654052222336E-002
   2.06404039924991       5.766637320584420E-002
   2.08274953587588       5.403147796450128E-002
   2.10162825822963       5.058485657086137E-002
   2.12067810349162       4.731957601039639E-002
   2.13990062277580       4.422878004122763E-002
   2.15929738125594       4.130570002360199E-002
   2.17886995829304       3.854366501597903E-002
   2.19861994756395       3.593611113738547E-002
   2.21854895719113       3.347659019829421E-002
   2.23865860987359       3.115877760479863E-002
   2.25895054301900       2.897647954326969E-002
   2.27942640887705       2.692363945499494E-002
   2.30008787467395       2.499434381249505E-002
   2.32093662274818       2.318282721128999E-002
   2.34197435068750       2.148347679283471E-002
   2.36320277146717       1.989083601615827E-002
   2.38462361358940       1.839960779741618E-002
   2.40623862122412       1.700465703809891E-002
   2.42804955435096       1.570101256402678E-002
   2.45005818890263       1.448386849850091E-002
   2.47226631690943       1.334858509407057E-002
   2.49467574664522       1.229068904831767E-002
   2.51728830277465       1.130587332985048E-002
   2.54010582650174       1.038999654134238E-002
   2.56313017571976       9.539081846948681E-003
   2.58636322516254       8.749315491789032E-003
   2.60980686655712       8.017044941397562E-003
   2.63346300877775       7.338776669122729E-003
   2.65733357800137       6.711173619407670E-003
   2.68142051786440       6.131052374706236E-003
   2.70572578962101       5.595380053495291E-003
   2.73025137230282       5.101270966436828E-003
   2.75499926288006       4.645983057231220E-003
   2.77997147642413       4.226914154092524E-003
   2.80517004627170       3.841598057075896E-003
   2.83059702419027       3.487700485703848E-003
   2.85625448054522       3.163014910480106E-003
   2.88214450446843       2.865458290955567E-003
   2.90826920402831       2.593066742028395E-003
   2.93463070640153       2.343991149127974E-003
   2.96123115804616       2.116492751858332E-003
   2.98807272487648       1.908938714568852E-003
   3.01515759243932       1.719797701186580E-003
   3.04248796609202       1.547635470492687E-003
   3.07006607118199       1.391110506863372E-003
   3.09789415322794       1.248969700329583E-003
   3.12597447810267       1.120044088647328E-003
   3.15430933221762       1.003244672917399E-003
   3.18290102270898       8.975583171561633E-004
   3.21175187762559       8.020437411031651E-004
   3.24086424611849       7.158276144619157E-004
   3.27024049863218       6.381007597120828E-004
   3.29988302709766       5.681144696085367E-004
   3.32979424512716       5.051769444991914E-004
   3.35997658821070       4.486498536525101E-004
   3.39043251391434       3.979450238897802E-004
   3.42116450208036       3.525212579690632E-004
   3.45217505502912       3.118812843690333E-004
   3.48346669776283       2.755688393730482E-004
   3.51504197817117       2.431658816577832E-004
   3.54690346723868       2.142899389471151E-004
   3.57905375925418       1.885915857008084E-004
   3.61149547202195       1.657520502687227E-004
   3.64423124707493       1.454809494541036E-004
   3.67726374988976       1.275141479931536E-004
   3.71059567010381       1.116117400712624E-004
   3.74422972173425       9.755614965752483E-005
   3.77816864339895       8.515034614674214E-005
   3.81241519853952       7.421617155002684E-005
   3.84697217564632       6.459277526925487E-005
   3.88184238848547       5.613515232460930E-005
   3.91702867632800       4.871278077586508E-005
   3.95253390418104       4.220835398428617E-005
   3.98836096302105       3.651660330034980E-005
   4.02451277002925       3.154320673020145E-005
   4.06099226882917       2.720377912792593E-005
   4.09780242972627       2.342293947848388E-005
   4.13494624994985       2.013345087453348E-005
   4.17242675389708       1.727542884630352E-005
   4.21024699337924       1.479561377409812E-005
   4.24841004787024       1.264670319470380E-005
   4.28691902475732       1.078673990262191E-005
   4.32577705959412       9.178551841193631E-006
   4.36498731635597       7.789239873629253E-006
   4.40455298769747       6.589709615715388E-006
   4.44447729521251       5.554243596169824E-006
   4.48476348969657       4.660110082333720E-006
   4.52541485141136       3.887204962520424E-006
   4.56643469035201       3.217723105344358E-006
   4.60782634651649       2.635855612989907E-006
   4.64959319017760       2.127509340336818E-006
   4.69173862215742       1.680044953786598E-006
   4.73426607410417       1.282029638549133E-006
   4.77717900877166       9.230003136610711E-007
   4.82048092030124       5.932328583334500E-007
   4.86417533450628       2.835123639122682E-007
   4.90826580915929      -1.510123198703629E-008
   4.95275593428159       8.437040404452764E-007
   4.99764933243562       7.497816351986602E-007
   5.04294965901991       6.802438470692913E-007
   5.08866060256673       6.331461865269488E-007
   5.13478588504239       6.072113879644658E-007
   5.18132926215034       6.018256880802237E-007
   5.22829452363693      -1.750261171552903E-015
   5.27568549360005       6.286247351937892E-029
   5.32350603080041       0.000000000000000E+000
   5.37176002897582       0.000000000000000E+000
   5.42045141715820       0.000000000000000E+000
   5.46958415999350       0.000000000000000E+000
   5.51916225806450       0.000000000000000E+000
   5.56918974821660       0.000000000000000E+000
   5.61967070388644       0.000000000000000E+000
   5.67060923543366       0.000000000000000E+000
   5.72200949047554       0.000000000000000E+000
   5.77387565422469       0.000000000000000E+000
   5.82621194982989       0.000000000000000E+000
   5.87902263871990       0.000000000000000E+000
   5.93231202095045       0.000000000000000E+000
   5.98608443555442       0.000000000000000E+000
   6.04034426089507       0.000000000000000E+000
   6.09509591502258       0.000000000000000E+000
   6.15034385603379       0.000000000000000E+000
   6.20609258243518       0.000000000000000E+000
   6.26234663350916       0.000000000000000E+000
   6.31911058968368       0.000000000000000E+000
   6.37638907290520       0.000000000000000E+000
   6.43418674701498       0.000000000000000E+000
   6.49250831812891       0.000000000000000E+000
   6.55135853502060       0.000000000000000E+000
   6.61074218950814       0.000000000000000E+000
   6.67066411684419       0.000000000000000E+000
   6.73112919610975       0.000000000000000E+000
   6.79214235061137       0.000000000000000E+000
   6.85370854828210       0.000000000000000E+000
   6.91583280208592       0.000000000000000E+000
   6.97852017042598       0.000000000000000E+000
   7.04177575755644       0.000000000000000E+000
   7.10560471399809       0.000000000000000E+000
   7.17001223695771       0.000000000000000E+000
   7.23500357075129       0.000000000000000E+000
   7.30058400723097       0.000000000000000E+000
   7.36675888621602       0.000000000000000E+000
   7.43353359592753       0.000000000000000E+000
   7.50091357342722       0.000000000000000E+000
   7.56890430506008       0.000000000000000E+000
   7.63751132690117       0.000000000000000E+000
   7.70674022520629       0.000000000000000E+000
   7.77659663686693       0.000000000000000E+000
   7.84708624986919       0.000000000000000E+000
   7.91821480375693       0.000000000000000E+000
   7.98998809009912       0.000000000000000E+000
   8.06241195296140       0.000000000000000E+000
   8.13549228938194       0.000000000000000E+000
   8.20923504985157       0.000000000000000E+000
   8.28364623879832       0.000000000000000E+000
   8.35873191507634       0.000000000000000E+000
   8.43449819245918       0.000000000000000E+000
   8.51095124013766       0.000000000000000E+000
   8.58809728322215       0.000000000000000E+000
   8.66594260324944       0.000000000000000E+000
   8.74449353869425       0.000000000000000E+000
   8.82375648548528       0.000000000000000E+000
   8.90373789752604       0.000000000000000E+000
   8.98444428722031       0.000000000000000E+000
   9.06588222600244       0.000000000000000E+000
   9.14805834487241       0.000000000000000E+000
   9.23097933493573       0.000000000000000E+000
   9.31465194794831       0.000000000000000E+000
   9.39908299686615       0.000000000000000E+000
   9.48427935640012       0.000000000000000E+000
   9.57024796357573       0.000000000000000E+000
   9.65699581829793       0.000000000000000E+000
   9.74452998392112       0.000000000000000E+000
   9.83285758782424       0.000000000000000E+000
   9.92198582199112       0.000000000000000E+000
   10.0119219435961       0.000000000000000E+000
   10.1026732755949       0.000000000000000E+000
   10.1942472073208       0.000000000000000E+000
   10.2866511950867       0.000000000000000E+000
   10.3798927627917       0.000000000000000E+000
   10.4739795025341       0.000000000000000E+000
   10.5689190752293       0.000000000000000E+000
   10.6647192112340       0.000000000000000E+000
   10.7613877109751       0.000000000000000E+000
   10.8589324455853       0.000000000000000E+000
   10.9573613575438       0.000000000000000E+000
   11.0566824613230       0.000000000000000E+000
   11.1569038440410       0.000000000000000E+000
   11.2580336661205       0.000000000000000E+000
   11.3600801619525       0.000000000000000E+000
   11.4630516405675       0.000000000000000E+000
   11.5669564863117       0.000000000000000E+000
   11.6718031595297       0.000000000000000E+000
   11.7776001972536       0.000000000000000E+000
   11.8843562138976       0.000000000000000E+000
   11.9920799019603       0.000000000000000E+000
   12.1007800327313       0.000000000000000E+000
   12.2104654570066       0.000000000000000E+000
   12.3211451058085       0.000000000000000E+000
   12.4328279911128       0.000000000000000E+000
   12.5455232065831       0.000000000000000E+000
   12.6592399283107       0.000000000000000E+000
   12.7739874155623       0.000000000000000E+000
   12.8897750115332       0.000000000000000E+000
   13.0066121441089       0.000000000000000E+000
   13.1245083266320       0.000000000000000E+000
   13.2434731586774       0.000000000000000E+000
   13.3635163268334       0.000000000000000E+000
   13.4846476054910       0.000000000000000E+000
   13.6068768576392       0.000000000000000E+000
   13.7302140356686       0.000000000000000E+000
   13.8546691821815       0.000000000000000E+000
   13.9802524308093       0.000000000000000E+000
   14.1069740070384       0.000000000000000E+000
   14.2348442290421       0.000000000000000E+000
   14.3638735085209       0.000000000000000E+000
   14.4940723515507       0.000000000000000E+000
   14.6254513594375       0.000000000000000E+000
   14.7580212295813       0.000000000000000E+000
   14.8917927563467       0.000000000000000E+000
   15.0267768319419       0.000000000000000E+000
   15.1629844473059       0.000000000000000E+000
   15.3004266930028       0.000000000000000E+000
   15.4391147601254       0.000000000000000E+000
   15.5790599412062       0.000000000000000E+000
   15.7202736311369       0.000000000000000E+000
   15.8627673280962       0.000000000000000E+000
   16.0065526344860       0.000000000000000E+000
   16.1516412578764       0.000000000000000E+000
   16.2980450119584       0.000000000000000E+000
   16.4457758175065       0.000000000000000E+000
   16.5948457033486       0.000000000000000E+000
   16.7452668073461       0.000000000000000E+000
   16.8970513773820       0.000000000000000E+000
   17.0502117723579       0.000000000000000E+000
   17.2047604632007       0.000000000000000E+000
   17.3607100338777       0.000000000000000E+000
   17.5180731824215       0.000000000000000E+000
   17.6768627219638       0.000000000000000E+000
   17.8370915817786       0.000000000000000E+000
   17.9987728083353       0.000000000000000E+000
   18.1619195663606       0.000000000000000E+000
   18.3265451399106       0.000000000000000E+000
   18.4926629334523       0.000000000000000E+000
   18.6602864729555       0.000000000000000E+000
   18.8294294069936       0.000000000000000E+000
   19.0001055078550       0.000000000000000E+000
   19.1723286726648       0.000000000000000E+000
   19.3461129245162       0.000000000000000E+000
   19.5214724136123       0.000000000000000E+000
   19.6984214184181       0.000000000000000E+000
   19.8769743468234       0.000000000000000E+000
   20.0571457373159       0.000000000000000E+000
   20.2389502601647       0.000000000000000E+000
   20.4224027186152       0.000000000000000E+000
   20.6075180500941       0.000000000000000E+000
   20.7943113274260       0.000000000000000E+000
   20.9827977600602       0.000000000000000E+000
   21.1729926953099       0.000000000000000E+000
   21.3649116196008       0.000000000000000E+000
   21.5585701597331       0.000000000000000E+000
   21.7539840841531       0.000000000000000E+000
   21.9511693042376       0.000000000000000E+000
   22.1501418755893       0.000000000000000E+000
   22.3509179993442       0.000000000000000E+000
   22.5535140234906       0.000000000000000E+000
   22.7579464442002       0.000000000000000E+000
   22.9642319071715       0.000000000000000E+000
   23.1723872089853       0.000000000000000E+000
   23.3824292984716       0.000000000000000E+000
   23.5943752780905       0.000000000000000E+000
   23.8082424053243       0.000000000000000E+000
   24.0240480940827       0.000000000000000E+000
   24.2418099161208       0.000000000000000E+000
   24.4615456024698       0.000000000000000E+000
   24.6832730448809       0.000000000000000E+000
   24.9070102972818       0.000000000000000E+000
   25.1327755772470       0.000000000000000E+000
   25.3605872674810       0.000000000000000E+000
   25.5904639173152       0.000000000000000E+000
   25.8224242442181       0.000000000000000E+000
   26.0564871353196       0.000000000000000E+000
   26.2926716489486       0.000000000000000E+000
   26.5309970161849       0.000000000000000E+000
   26.7714826424251       0.000000000000000E+000
   27.0141481089629       0.000000000000000E+000
   27.2590131745829       0.000000000000000E+000
   27.5060977771699       0.000000000000000E+000
   27.7554220353323       0.000000000000000E+000
   28.0070062500400       0.000000000000000E+000
   28.2608709062776       0.000000000000000E+000
   28.5170366747124       0.000000000000000E+000
   28.7755244133772       0.000000000000000E+000
   29.0363551693688       0.000000000000000E+000
   29.2995501805620       0.000000000000000E+000
   29.5651308773384       0.000000000000000E+000
   29.8331188843316       0.000000000000000E+000
   30.1035360221883       0.000000000000000E+000
   30.3764043093441       0.000000000000000E+000
   30.6517459638173       0.000000000000000E+000
   30.9295834050175       0.000000000000000E+000
   31.2099392555710       0.000000000000000E+000
   31.4928363431633       0.000000000000000E+000
   31.7782977023971       0.000000000000000E+000
   32.0663465766685       0.000000000000000E+000
   32.3570064200593       0.000000000000000E+000
   32.6503008992469       0.000000000000000E+000
   32.9462538954309       0.000000000000000E+000
   33.2448895062781       0.000000000000000E+000
   33.5462320478844       0.000000000000000E+000
   33.8503060567547       0.000000000000000E+000
   34.1571362918008       0.000000000000000E+000
   34.4667477363574       0.000000000000000E+000
   34.7791656002163       0.000000000000000E+000
   35.0944153216791       0.000000000000000E+000
   35.4125225696284       0.000000000000000E+000
   35.7335132456181       0.000000000000000E+000
   36.0574134859820       0.000000000000000E+000
   36.3842496639625       0.000000000000000E+000
   36.7140483918573       0.000000000000000E+000
   37.0468365231871       0.000000000000000E+000
   37.3826411548813       0.000000000000000E+000
   37.7214896294849       0.000000000000000E+000
   38.0634095373846       0.000000000000000E+000
   38.4084287190556       0.000000000000000E+000
   38.7565752673279       0.000000000000000E+000
   39.1078775296743       0.000000000000000E+000
   39.4623641105183       0.000000000000000E+000
   39.8200638735634       0.000000000000000E+000
   40.1810059441430       0.000000000000000E+000
   40.5452197115919       0.000000000000000E+000
   40.9127348316397       0.000000000000000E+000
   41.2835812288252       0.000000000000000E+000
   41.6577890989327       0.000000000000000E+000
   42.0353889114512       0.000000000000000E+000
   42.4164114120552       0.000000000000000E+000
   42.8008876251078       0.000000000000000E+000
   43.1888488561873       0.000000000000000E+000
   43.5803266946356       0.000000000000000E+000
   43.9753530161313       0.000000000000000E+000
   44.3739599852840       0.000000000000000E+000
   44.7761800582542       0.000000000000000E+000
   45.1820459853955       0.000000000000000E+000
   45.5915908139214       0.000000000000000E+000
   46.0048478905962       0.000000000000000E+000
   46.4218508644501       0.000000000000000E+000
   46.8426336895192       0.000000000000000E+000
   47.2672306276099       0.000000000000000E+000
   47.6956762510891       0.000000000000000E+000
   48.1280054456987       0.000000000000000E+000
   48.5642534133964       0.000000000000000E+000
   49.0044556752220       0.000000000000000E+000
   49.4486480741895       0.000000000000000E+000
   49.8968667782059       0.000000000000000E+000
   50.3491482830157       0.000000000000000E+000
   50.8055294151728       0.000000000000000E+000
   51.2660473350393       0.000000000000000E+000
   51.7307395398105       0.000000000000000E+000
   52.1996438665689       0.000000000000000E+000
   52.6727984953646       0.000000000000000E+000
   53.1502419523239       0.000000000000000E+000
   53.6320131127869       0.000000000000000E+000
   54.1181512044721       0.000000000000000E+000
   54.6086958106712       0.000000000000000E+000
   55.1036868734715       0.000000000000000E+000
   55.6031646970087       0.000000000000000E+000
   56.1071699507481       0.000000000000000E+000
   56.6157436727964       0.000000000000000E+000
   57.1289272732433       0.000000000000000E+000
   57.6467625375329       0.000000000000000E+000
   58.1692916298661       0.000000000000000E+000
   58.6965570966342       0.000000000000000E+000
   59.2286018698826       0.000000000000000E+000
   59.7654692708071       0.000000000000000E+000
   60.3072030132807       0.000000000000000E+000
   60.8538472074134       0.000000000000000E+000
   61.4054463631434       0.000000000000000E+000
   61.9620453938619       0.000000000000000E+000
   62.5236896200695       0.000000000000000E+000
   63.0904247730667       0.000000000000000E+000
   63.6622969986774       0.000000000000000E+000
   64.2393528610063       0.000000000000000E+000
   64.8216393462306       0.000000000000000E+000
   65.4092038664252       0.000000000000000E+000
   66.0020942634238       0.000000000000000E+000
   66.6003588127140       0.000000000000000E+000
   67.2040462273684       0.000000000000000E+000
   67.8132056620104       0.000000000000000E+000
   68.4278867168174       0.000000000000000E+000
   69.0481394415587       0.000000000000000E+000
   69.6740143396712       0.000000000000000E+000
   70.3055623723715       0.000000000000000E+000
   70.9428349628053       0.000000000000000E+000
   71.5858840002343       0.000000000000000E+000
   72.2347618442617       0.000000000000000E+000
   72.8895213290952       0.000000000000000E+000
   73.5502157678487       0.000000000000000E+000
   74.2168989568841       0.000000000000000E+000
   74.8896251801907       0.000000000000000E+000
   75.5684492138058       0.000000000000000E+000
   76.2534263302746       0.000000000000000E+000
   76.9446123031507       0.000000000000000E+000
   77.6420634115372       0.000000000000000E+000
   78.3458364446697       0.000000000000000E+000
   79.0559887065399       0.000000000000000E+000
   79.7725780205615       0.000000000000000E+000
   80.4956627342785       0.000000000000000E+000
   81.2253017241163       0.000000000000000E+000
   81.9615544001753       0.000000000000000E+000
   82.7044807110685       0.000000000000000E+000
   83.4541411488027       0.000000000000000E+000
   84.2105967537040       0.000000000000000E+000
   84.9739091193881       0.000000000000000E+000
   85.7441403977752       0.000000000000000E+000
   86.5213533041508       0.000000000000000E+000
   87.3056111222725       0.000000000000000E+000
   88.0969777095221       0.000000000000000E+000
   88.8955175021061       0.000000000000000E+000
   89.7012955203014       0.000000000000000E+000
   90.5143773737502       0.000000000000000E+000
   91.3348292668017       0.000000000000000E+000
   92.1627180039033       0.000000000000000E+000
   92.9981109950395       0.000000000000000E+000
  20. 0.
  20. -100000.
  0. -100000.
