  1.3636004E-06  3.0166330E-03
  1.3759606E-06  3.0166330E-03
  1.3884327E-06  3.0166330E-03
  1.4010179E-06  3.0166330E-03
  1.4137172E-06  3.0166330E-03
  1.4265316E-06  3.0166327E-03
  1.4394622E-06  3.0166327E-03
  1.4525099E-06  3.0166327E-03
  1.4656760E-06  3.0166327E-03
  1.4789613E-06  3.0166325E-03
  1.4923671E-06  3.0166325E-03
  1.5058944E-06  3.0166325E-03
  1.5195443E-06  3.0166323E-03
  1.5333179E-06  3.0166323E-03
  1.5472165E-06  3.0166321E-03
  1.5612409E-06  3.0166318E-03
  1.5753925E-06  3.0166318E-03
  1.5896724E-06  3.0166316E-03
  1.6040817E-06  3.0166316E-03
  1.6186216E-06  3.0166314E-03
  1.6332933E-06  3.0166311E-03
  1.6480981E-06  3.0166309E-03
  1.6630370E-06  3.0166307E-03
  1.6781113E-06  3.0166304E-03
  1.6933222E-06  3.0166304E-03
  1.7086710E-06  3.0166302E-03
  1.7241590E-06  3.0166300E-03
  1.7397873E-06  3.0166295E-03
  1.7555574E-06  3.0166293E-03
  1.7714702E-06  3.0166290E-03
  1.7875275E-06  3.0166288E-03
  1.8037302E-06  3.0166286E-03
  1.8200798E-06  3.0166283E-03
  1.8365776E-06  3.0166279E-03
  1.8532249E-06  3.0166276E-03
  1.8700232E-06  3.0166272E-03
  1.8869737E-06  3.0166269E-03
  1.9040779E-06  3.0166267E-03
  1.9213369E-06  3.0166262E-03
  1.9387526E-06  3.0166258E-03
  1.9563261E-06  3.0166255E-03
  1.9740589E-06  3.0166251E-03
  1.9919523E-06  3.0166248E-03
  2.0100081E-06  3.0166244E-03
  2.0282275E-06  3.0166239E-03
  2.0466121E-06  3.0166234E-03
  2.0651632E-06  3.0166230E-03
  2.0838825E-06  3.0166225E-03
  2.1027715E-06  3.0166220E-03
  2.1218316E-06  3.0166216E-03
  2.1410647E-06  3.0166211E-03
  2.1604719E-06  3.0166206E-03
  2.1800552E-06  3.0166202E-03
  2.1998160E-06  3.0166197E-03
  2.2197557E-06  3.0166192E-03
  2.2398763E-06  3.0166185E-03
  2.2601794E-06  3.0166181E-03
  2.2806664E-06  3.0166176E-03
  2.3013390E-06  3.0166169E-03
  2.3221992E-06  3.0166165E-03
  2.3432483E-06  3.0166158E-03
  2.3644882E-06  3.0166153E-03
  2.3859207E-06  3.0166146E-03
  2.4075475E-06  3.0166141E-03
  2.4293704E-06  3.0166134E-03
  2.4513909E-06  3.0166127E-03
  2.4736112E-06  3.0166120E-03
  2.4960327E-06  3.0166116E-03
  2.5186575E-06  3.0166109E-03
  2.5414874E-06  3.0166102E-03
  2.5645245E-06  3.0166095E-03
  2.5877700E-06  3.0166088E-03
  2.6112266E-06  3.0166081E-03
  2.6348955E-06  3.0166074E-03
  2.6587791E-06  3.0166064E-03
  2.6828791E-06  3.0166057E-03
  2.7071976E-06  3.0166050E-03
  2.7317365E-06  3.0166043E-03
  2.7564979E-06  3.0166034E-03
  2.7814838E-06  3.0166027E-03
  2.8066959E-06  3.0166018E-03
  2.8321367E-06  3.0166011E-03
  2.8578081E-06  3.0166002E-03
  2.8837123E-06  3.0165995E-03
  2.9098512E-06  3.0165985E-03
  2.9362270E-06  3.0165976E-03
  2.9628420E-06  3.0165967E-03
  2.9896980E-06  3.0165960E-03
  3.0167978E-06  3.0165950E-03
  3.0441429E-06  3.0165941E-03
  3.0717360E-06  3.0165932E-03
  3.0995793E-06  3.0165922E-03
  3.1276750E-06  3.0165913E-03
  3.1560251E-06  3.0165901E-03
  3.1846323E-06  3.0165892E-03
  3.2134990E-06  3.0165883E-03
  3.2426271E-06  3.0165873E-03
  3.2720193E-06  3.0165862E-03
  3.3016781E-06  3.0165853E-03
  3.3316055E-06  3.0165841E-03
  3.3618044E-06  3.0165832E-03
  3.3922768E-06  3.0165820E-03
  3.4230254E-06  3.0165808E-03
  3.4540528E-06  3.0165799E-03
  3.4853615E-06  3.0165787E-03
  3.5169539E-06  3.0165776E-03
  3.5488329E-06  3.0165764E-03
  3.5810006E-06  3.0165752E-03
  3.6134600E-06  3.0165741E-03
  3.6462136E-06  3.0165729E-03
  3.6792640E-06  3.0165717E-03
  3.7126140E-06  3.0165706E-03
  3.7462664E-06  3.0165692E-03
  3.7802238E-06  3.0165680E-03
  3.8144890E-06  3.0165669E-03
  3.8490648E-06  3.0165655E-03
  3.8839539E-06  3.0165643E-03
  3.9191596E-06  3.0165629E-03
  3.9546840E-06  3.0165615E-03
  3.9905303E-06  3.0165603E-03
  4.0267018E-06  3.0165589E-03
  4.0632012E-06  3.0165575E-03
  4.1000317E-06  3.0165561E-03
  4.1371954E-06  3.0165548E-03
  4.1746962E-06  3.0165534E-03
  4.2125371E-06  3.0165520E-03
  4.2507208E-06  3.0165506E-03
  4.2892511E-06  3.0165489E-03
  4.3281302E-06  3.0165475E-03
  4.3673617E-06  3.0165461E-03
  4.4069488E-06  3.0165445E-03
  4.4468948E-06  3.0165431E-03
  4.4872031E-06  3.0165415E-03
  4.5278766E-06  3.0165398E-03
  4.5689185E-06  3.0165382E-03
  4.6103328E-06  3.0165368E-03
  4.6521222E-06  3.0165352E-03
  4.6942905E-06  3.0165336E-03
  4.7368412E-06  3.0165319E-03
  4.7797776E-06  3.0165303E-03
  4.8231032E-06  3.0165284E-03
  4.8668212E-06  3.0165268E-03
  4.9109358E-06  3.0165252E-03
  4.9554501E-06  3.0165233E-03
  5.0003678E-06  3.0165217E-03
  5.0456929E-06  3.0165198E-03
  5.0914286E-06  3.0165180E-03
  5.1375791E-06  3.0165163E-03
  5.1841475E-06  3.0165145E-03
  5.2311384E-06  3.0165126E-03
  5.2785554E-06  3.0165107E-03
  5.3264016E-06  3.0165089E-03
  5.3746821E-06  3.0165070E-03
  5.4234001E-06  3.0165049E-03
  5.4725592E-06  3.0165031E-03
  5.5221644E-06  3.0165010E-03
  5.5722194E-06  3.0164991E-03
  5.6227277E-06  3.0164970E-03
  5.6736940E-06  3.0164951E-03
  5.7251218E-06  3.0164931E-03
  5.7770162E-06  3.0164910E-03
  5.8293813E-06  3.0164889E-03
  5.8822206E-06  3.0164868E-03
  5.9355389E-06  3.0164847E-03
  5.9893405E-06  3.0164826E-03
  6.0436300E-06  3.0164802E-03
  6.0984112E-06  3.0164781E-03
  6.1536894E-06  3.0164758E-03
  6.2094687E-06  3.0164737E-03
  6.2657532E-06  3.0164714E-03
  6.3225480E-06  3.0164691E-03
  6.3798575E-06  3.0164667E-03
  6.4376868E-06  3.0164644E-03
  6.4960400E-06  3.0164621E-03
  6.5549220E-06  3.0164598E-03
  6.6143380E-06  3.0164574E-03
  6.6742928E-06  3.0164549E-03
  6.7347905E-06  3.0164525E-03
  6.7958372E-06  3.0164500E-03
  6.8574368E-06  3.0164474E-03
  6.9195949E-06  3.0164449E-03
  6.9823163E-06  3.0164425E-03
  7.0456063E-06  3.0164397E-03
  7.1094701E-06  3.0164372E-03
  7.1739123E-06  3.0164346E-03
  7.2389389E-06  3.0164320E-03
  7.3045553E-06  3.0164293E-03
  7.3707661E-06  3.0164267E-03
  7.4375771E-06  3.0164239E-03
  7.5049938E-06  3.0164211E-03
  7.5730213E-06  3.0164183E-03
  7.6416654E-06  3.0164155E-03
  7.7109326E-06  3.0164127E-03
  7.7808272E-06  3.0164099E-03
  7.8513549E-06  3.0164069E-03
  7.9225219E-06  3.0164041E-03
  7.9943347E-06  3.0164011E-03
  8.0667978E-06  3.0163981E-03
  8.1399176E-06  3.0163953E-03
  8.2137003E-06  3.0163922E-03
  8.2881525E-06  3.0163890E-03
  8.3632785E-06  3.0163859E-03
  8.4390858E-06  3.0163829E-03
  8.5155807E-06  3.0163797E-03
  8.5927686E-06  3.0163766E-03
  8.6706568E-06  3.0163734E-03
  8.7492499E-06  3.0163701E-03
  8.8285560E-06  3.0163669E-03
  8.9085815E-06  3.0163636E-03
  8.9893310E-06  3.0163601E-03
  9.0708136E-06  3.0163568E-03
  9.1530346E-06  3.0163534E-03
  9.2360006E-06  3.0163501E-03
  9.3197186E-06  3.0163466E-03
  9.4041961E-06  3.0163431E-03
  9.4894385E-06  3.0163396E-03
  9.5754540E-06  3.0163359E-03
  9.6622489E-06  3.0163324E-03
  9.7498305E-06  3.0163287E-03
  9.8382061E-06  3.0163252E-03
  9.9273830E-06  3.0163215E-03
  1.0017368E-05  3.0163177E-03
  1.0108169E-05  3.0163140E-03
  1.0199792E-05  3.0163100E-03
  1.0292247E-05  3.0163063E-03
  1.0385539E-05  3.0163024E-03
  1.0479677E-05  3.0162986E-03
  1.0574669E-05  3.0162947E-03
  1.0670520E-05  3.0162907E-03
  1.0767241E-05  3.0162865E-03
  1.0864839E-05  3.0162826E-03
  1.0963322E-05  3.0162784E-03
  1.1062697E-05  3.0162744E-03
  1.1162972E-05  3.0162702E-03
  1.1264157E-05  3.0162660E-03
  1.1366260E-05  3.0162616E-03
  1.1469287E-05  3.0162574E-03
  1.1573248E-05  3.0162530E-03
  1.1678152E-05  3.0162488E-03
  1.1784006E-05  3.0162444E-03
  1.1890821E-05  3.0162400E-03
  1.1998603E-05  3.0162353E-03
  1.2107363E-05  3.0162309E-03
  1.2217108E-05  3.0162262E-03
  1.2327847E-05  3.0162216E-03
  1.2439591E-05  3.0162169E-03
  1.2552347E-05  3.0162123E-03
  1.2666126E-05  3.0162076E-03
  1.2780936E-05  3.0162027E-03
  1.2896787E-05  3.0161978E-03
  1.3013687E-05  3.0161929E-03
  1.3131647E-05  3.0161880E-03
  1.3250678E-05  3.0161832E-03
  1.3370785E-05  3.0161780E-03
  1.3491983E-05  3.0161731E-03
  1.3614278E-05  3.0161680E-03
  1.3737683E-05  3.0161629E-03
  1.3862205E-05  3.0161575E-03
  1.3987858E-05  3.0161524E-03
  1.4114647E-05  3.0161471E-03
  1.4242587E-05  3.0161417E-03
  1.4371687E-05  3.0161364E-03
  1.4501957E-05  3.0161308E-03
  1.4633407E-05  3.0161254E-03
  1.4766049E-05  3.0161198E-03
  1.4899893E-05  3.0161142E-03
  1.5034951E-05  3.0161084E-03
  1.5171233E-05  3.0161028E-03
  1.5308749E-05  3.0160970E-03
  1.5447513E-05  3.0160912E-03
  1.5587535E-05  3.0160854E-03
  1.5728825E-05  3.0160795E-03
  1.5871396E-05  3.0160735E-03
  1.6015259E-05  3.0160674E-03
  1.6160428E-05  3.0160614E-03
  1.6306911E-05  3.0160553E-03
  1.6454722E-05  3.0160490E-03
  1.6603874E-05  3.0160428E-03
  1.6754375E-05  3.0160365E-03
  1.6906242E-05  3.0160302E-03
  1.7059487E-05  3.0160237E-03
  1.7214119E-05  3.0160171E-03
  1.7370154E-05  3.0160106E-03
  1.7527602E-05  3.0160041E-03
  1.7686478E-05  3.0159974E-03
  1.7846794E-05  3.0159906E-03
  1.8008563E-05  3.0159838E-03
  1.8171799E-05  3.0159771E-03
  1.8336514E-05  3.0159701E-03
  1.8502722E-05  3.0159631E-03
  1.8670436E-05  3.0159561E-03
  1.8839672E-05  3.0159489E-03
  1.9010440E-05  3.0159417E-03
  1.9182758E-05  3.0159345E-03
  1.9356636E-05  3.0159273E-03
  1.9532092E-05  3.0159198E-03
  1.9709136E-05  3.0159124E-03
  1.9887786E-05  3.0159049E-03
  2.0068055E-05  3.0158975E-03
  2.0249960E-05  3.0158898E-03
  2.0433512E-05  3.0158821E-03
  2.0618727E-05  3.0158742E-03
  2.0805623E-05  3.0158665E-03
  2.0994212E-05  3.0158584E-03
  2.1184511E-05  3.0158504E-03
  2.1376532E-05  3.0158423E-03
  2.1570297E-05  3.0158344E-03
  2.1765818E-05  3.0158260E-03
  2.1963109E-05  3.0158178E-03
  2.2162190E-05  3.0158095E-03
  2.2363076E-05  3.0158008E-03
  2.2565782E-05  3.0157925E-03
  2.2770326E-05  3.0157838E-03
  2.2976723E-05  3.0157752E-03
  2.3184992E-05  3.0157664E-03
  2.3395149E-05  3.0157575E-03
  2.3607210E-05  3.0157487E-03
  2.3821192E-05  3.0157396E-03
  2.4037116E-05  3.0157305E-03
  2.4254996E-05  3.0157214E-03
  2.4474852E-05  3.0157121E-03
  2.4696699E-05  3.0157028E-03
  2.4920559E-05  3.0156933E-03
  2.5146446E-05  3.0156840E-03
  2.5374382E-05  3.0156742E-03
  2.5604384E-05  3.0156646E-03
  2.5836471E-05  3.0156549E-03
  2.6070660E-05  3.0156448E-03
  2.6306974E-05  3.0156351E-03
  2.6545429E-05  3.0156251E-03
  2.6786045E-05  3.0156148E-03
  2.7028842E-05  3.0156046E-03
  2.7273842E-05  3.0155943E-03
  2.7521060E-05  3.0155838E-03
  2.7770520E-05  3.0155734E-03
  2.8022241E-05  3.0155629E-03
  2.8276243E-05  3.0155522E-03
  2.8532550E-05  3.0155412E-03
  2.8791177E-05  3.0155305E-03
  2.9052149E-05  3.0155194E-03
  2.9315488E-05  3.0155084E-03
  2.9581213E-05  3.0154972E-03
  2.9849347E-05  3.0154858E-03
  3.0119911E-05  3.0154744E-03
  3.0392928E-05  3.0154630E-03
  3.0668420E-05  3.0154514E-03
  3.0946409E-05  3.0154397E-03
  3.1226915E-05  3.0154279E-03
  3.1509968E-05  3.0154160E-03
  3.1795586E-05  3.0154039E-03
  3.2083790E-05  3.0153918E-03
  3.2374606E-05  3.0153797E-03
  3.2668060E-05  3.0153673E-03
  3.2964177E-05  3.0153547E-03
  3.3262972E-05  3.0153422E-03
  3.3564480E-05  3.0153294E-03
  3.3868720E-05  3.0153166E-03
  3.4175715E-05  3.0153038E-03
  3.4485496E-05  3.0152907E-03
  3.4798086E-05  3.0152774E-03
  3.5113506E-05  3.0152642E-03
  3.5431785E-05  3.0152509E-03
  3.5752950E-05  3.0152372E-03
  3.6077028E-05  3.0152237E-03
  3.6404042E-05  3.0152099E-03
  3.6734018E-05  3.0151960E-03
  3.7066988E-05  3.0151820E-03
  3.7402977E-05  3.0151678E-03
  3.7742007E-05  3.0151536E-03
  3.8084116E-05  3.0151391E-03
  3.8429320E-05  3.0151245E-03
  3.8777656E-05  3.0151098E-03
  3.9129151E-05  3.0150951E-03
  3.9483832E-05  3.0150800E-03
  3.9841725E-05  3.0150651E-03
  4.0202864E-05  3.0150497E-03
  4.0567276E-05  3.0150344E-03
  4.0934989E-05  3.0150190E-03
  4.1306037E-05  3.0150034E-03
  4.1680451E-05  3.0149876E-03
  4.2058255E-05  3.0149717E-03
  4.2439486E-05  3.0149557E-03
  4.2824169E-05  3.0149394E-03
  4.3212342E-05  3.0149231E-03
  4.3604032E-05  3.0149065E-03
  4.3999273E-05  3.0148898E-03
  4.4398097E-05  3.0148730E-03
  4.4800538E-05  3.0148560E-03
  4.5206623E-05  3.0148390E-03
  4.5616391E-05  3.0148218E-03
  4.6029872E-05  3.0148043E-03
  4.6447101E-05  3.0147866E-03
  4.6868114E-05  3.0147689E-03
  4.7292942E-05  3.0147510E-03
  4.7721620E-05  3.0147331E-03
  4.8154187E-05  3.0147147E-03
  4.8590671E-05  3.0146963E-03
  4.9031110E-05  3.0146779E-03
  4.9475548E-05  3.0146590E-03
  4.9924009E-05  3.0146402E-03
  5.0376537E-05  3.0146211E-03
  5.0833165E-05  3.0146020E-03
  5.1293933E-05  3.0145824E-03
  5.1758878E-05  3.0145629E-03
  5.2228039E-05  3.0145431E-03
  5.2701449E-05  3.0145231E-03
  5.3179152E-05  3.0145030E-03
  5.3661188E-05  3.0144828E-03
  5.4147589E-05  3.0144623E-03
  5.4638400E-05  3.0144416E-03
  5.5133660E-05  3.0144206E-03
  5.5633409E-05  3.0143997E-03
  5.6137691E-05  3.0143785E-03
  5.6646539E-05  3.0143571E-03
  5.7160003E-05  3.0143354E-03
  5.7678120E-05  3.0143135E-03
  5.8200934E-05  3.0142914E-03
  5.8728485E-05  3.0142693E-03
  5.9260819E-05  3.0142467E-03
  5.9797978E-05  3.0142241E-03
  6.0340008E-05  3.0142013E-03
  6.0886949E-05  3.0141782E-03
  6.1438848E-05  3.0141550E-03
  6.1995750E-05  3.0141317E-03
  6.2557701E-05  3.0141079E-03
  6.3124746E-05  3.0140840E-03
  6.3696927E-05  3.0140600E-03
  6.4274296E-05  3.0140355E-03
  6.4856897E-05  3.0140111E-03
  6.5444787E-05  3.0139862E-03
  6.6037996E-05  3.0139612E-03
  6.6636589E-05  3.0139361E-03
  6.7240602E-05  3.0139107E-03
  6.7850095E-05  3.0138849E-03
  6.8465110E-05  3.0138590E-03
  6.9085698E-05  3.0138330E-03
  6.9711918E-05  3.0138064E-03
  7.0343805E-05  3.0137799E-03
  7.0981427E-05  3.0137531E-03
  7.1624825E-05  3.0137259E-03
  7.2274051E-05  3.0136986E-03
  7.2929171E-05  3.0136709E-03
  7.3590221E-05  3.0136432E-03
  7.4257267E-05  3.0136150E-03
  7.4930365E-05  3.0135866E-03
  7.5609554E-05  3.0135580E-03
  7.6294906E-05  3.0135291E-03
  7.6986464E-05  3.0135000E-03
  7.7684301E-05  3.0134707E-03
  7.8388453E-05  3.0134411E-03
  7.9098994E-05  3.0134111E-03
  7.9815974E-05  3.0133810E-03
  8.0539452E-05  3.0133505E-03
  8.1269485E-05  3.0133198E-03
  8.2006140E-05  3.0132886E-03
  8.2749466E-05  3.0132574E-03
  8.3499537E-05  3.0132257E-03
  8.4256404E-05  3.0131938E-03
  8.5020132E-05  3.0131617E-03
  8.5790780E-05  3.0131293E-03
  8.6568420E-05  3.0130965E-03
  8.7353103E-05  3.0130635E-03
  8.8144901E-05  3.0130302E-03
  8.8943874E-05  3.0129966E-03
  8.9750087E-05  3.0129626E-03
  9.0563612E-05  3.0129284E-03
  9.1384514E-05  3.0128937E-03
  9.2212853E-05  3.0128590E-03
  9.3048700E-05  3.0128236E-03
  9.3892122E-05  3.0127882E-03
  9.4743191E-05  3.0127524E-03
  9.5601972E-05  3.0127163E-03
  9.6468539E-05  3.0126798E-03
  9.7342963E-05  3.0126430E-03
  9.8225311E-05  3.0126057E-03
  9.9115656E-05  3.0125682E-03
  1.0001408E-04  3.0125305E-03
  1.0092064E-04  3.0124923E-03
  1.0183542E-04  3.0124539E-03
  1.0275848E-04  3.0124150E-03
  1.0368992E-04  3.0123759E-03
  1.0462980E-04  3.0123363E-03
  1.0557820E-04  3.0122963E-03
  1.0653519E-04  3.0122560E-03
  1.0750086E-04  3.0122155E-03
  1.0847529E-04  3.0121745E-03
  1.0945854E-04  3.0121331E-03
  1.1045071E-04  3.0120914E-03
  1.1145187E-04  3.0120492E-03
  1.1246210E-04  3.0120066E-03
  1.1348150E-04  3.0119638E-03
  1.1451013E-04  3.0119205E-03
  1.1554809E-04  3.0118767E-03
  1.1659545E-04  3.0118327E-03
  1.1765231E-04  3.0117882E-03
  1.1871875E-04  3.0117433E-03
  1.1979486E-04  3.0116981E-03
  1.2088072E-04  3.0116525E-03
  1.2197642E-04  3.0116064E-03
  1.2308205E-04  3.0115598E-03
  1.2419772E-04  3.0115128E-03
  1.2532348E-04  3.0114655E-03
  1.2645945E-04  3.0114178E-03
  1.2760573E-04  3.0113696E-03
  1.2876239E-04  3.0113210E-03
  1.2992953E-04  3.0112718E-03
  1.3110726E-04  3.0112222E-03
  1.3229565E-04  3.0111724E-03
  1.3349482E-04  3.0111219E-03
  1.3470487E-04  3.0110711E-03
  1.3592587E-04  3.0110197E-03
  1.3715794E-04  3.0109680E-03
  1.3840118E-04  3.0109156E-03
  1.3965571E-04  3.0108630E-03
  1.4092159E-04  3.0108097E-03
  1.4219894E-04  3.0107559E-03
  1.4348789E-04  3.0107019E-03
  1.4478852E-04  3.0106471E-03
  1.4610092E-04  3.0105920E-03
  1.4742522E-04  3.0105363E-03
  1.4876154E-04  3.0104800E-03
  1.5010996E-04  3.0104234E-03
  1.5147061E-04  3.0103661E-03
  1.5284358E-04  3.0103086E-03
  1.5422901E-04  3.0102504E-03
  1.5562699E-04  3.0101915E-03
  1.5703765E-04  3.0101324E-03
  1.5846109E-04  3.0100725E-03
  1.5989743E-04  3.0100122E-03
  1.6134679E-04  3.0099512E-03
  1.6280929E-04  3.0098897E-03
  1.6428504E-04  3.0098278E-03
  1.6577418E-04  3.0097652E-03
  1.6727681E-04  3.0097021E-03
  1.6879306E-04  3.0096383E-03
  1.7032305E-04  3.0095740E-03
  1.7186692E-04  3.0095093E-03
  1.7342478E-04  3.0094439E-03
  1.7499676E-04  3.0093777E-03
  1.7658298E-04  3.0093112E-03
  1.7818359E-04  3.0092441E-03
  1.7979871E-04  3.0091761E-03
  1.8142846E-04  3.0091077E-03
  1.8307299E-04  3.0090387E-03
  1.8473242E-04  3.0089691E-03
  1.8640689E-04  3.0088988E-03
  1.8809654E-04  3.0088278E-03
  1.8980152E-04  3.0087563E-03
  1.9152195E-04  3.0086839E-03
  1.9325796E-04  3.0086110E-03
  1.9500971E-04  3.0085377E-03
  1.9677734E-04  3.0084634E-03
  1.9856100E-04  3.0083884E-03
  2.0036082E-04  3.0083130E-03
  2.0217696E-04  3.0082369E-03
  2.0400956E-04  3.0081598E-03
  2.0585876E-04  3.0080823E-03
  2.0772473E-04  3.0080040E-03
  2.0960762E-04  3.0079251E-03
  2.1150758E-04  3.0078453E-03
  2.1342475E-04  3.0077649E-03
  2.1535929E-04  3.0076837E-03
  2.1731139E-04  3.0076019E-03
  2.1928117E-04  3.0075193E-03
  2.2126880E-04  3.0074359E-03
  2.2327446E-04  3.0073519E-03
  2.2529828E-04  3.0072669E-03
  2.2734047E-04  3.0071812E-03
  2.2940115E-04  3.0070948E-03
  2.3148052E-04  3.0070078E-03
  2.3357873E-04  3.0069198E-03
  2.3569597E-04  3.0068310E-03
  2.3783240E-04  3.0067414E-03
  2.3998818E-04  3.0066511E-03
  2.4216351E-04  3.0065600E-03
  2.4435855E-04  3.0064681E-03
  2.4657350E-04  3.0063752E-03
  2.4880853E-04  3.0062816E-03
  2.5106382E-04  3.0061870E-03
  2.5333953E-04  3.0060916E-03
  2.5563588E-04  3.0059954E-03
  2.5795307E-04  3.0058983E-03
  2.6029124E-04  3.0058005E-03
  2.6265060E-04  3.0057016E-03
  2.6503135E-04  3.0056019E-03
  2.6743367E-04  3.0055013E-03
  2.6985779E-04  3.0053998E-03
  2.7230385E-04  3.0052974E-03
  2.7477212E-04  3.0051940E-03
  2.7726273E-04  3.0050899E-03
  2.7977594E-04  3.0049847E-03
  2.8231193E-04  3.0048785E-03
  2.8487088E-04  3.0047714E-03
  2.8745303E-04  3.0046634E-03
  2.9005861E-04  3.0045542E-03
  2.9268779E-04  3.0044443E-03
  2.9534081E-04  3.0043332E-03
  2.9801790E-04  3.0042212E-03
  3.0071923E-04  3.0041083E-03
  3.0344503E-04  3.0039942E-03
  3.0619555E-04  3.0038792E-03
  3.0897101E-04  3.0037630E-03
  3.1177164E-04  3.0036459E-03
  3.1459762E-04  3.0035279E-03
  3.1744924E-04  3.0034087E-03
  3.2032671E-04  3.0032883E-03
  3.2323026E-04  3.0031670E-03
  3.2616011E-04  3.0030445E-03
  3.2911653E-04  3.0029209E-03
  3.3209976E-04  3.0027963E-03
  3.3511003E-04  3.0026704E-03
  3.3814757E-04  3.0025435E-03
  3.4121264E-04  3.0024154E-03
  3.4430550E-04  3.0022862E-03
  3.4742642E-04  3.0021558E-03
  3.5057560E-04  3.0020243E-03
  3.5375333E-04  3.0018915E-03
  3.5695988E-04  3.0017577E-03
  3.6019547E-04  3.0016226E-03
  3.6346039E-04  3.0014864E-03
  3.6675492E-04  3.0013488E-03
  3.7007930E-04  3.0012100E-03
  3.7343381E-04  3.0010701E-03
  3.7681876E-04  3.0009288E-03
  3.8023436E-04  3.0007863E-03
  3.8368092E-04  3.0006424E-03
  3.8715874E-04  3.0004974E-03
  3.9066808E-04  3.0003509E-03
  3.9420920E-04  3.0002033E-03
  3.9778245E-04  3.0000543E-03
  4.0138810E-04  2.9999039E-03
  4.0502640E-04  2.9997523E-03
  4.0869770E-04  2.9995991E-03
  4.1240227E-04  2.9994447E-03
  4.1614039E-04  2.9992890E-03
  4.1991245E-04  2.9991318E-03
  4.2371865E-04  2.9989730E-03
  4.2755940E-04  2.9988131E-03
  4.3143492E-04  2.9986517E-03
  4.3534560E-04  2.9984887E-03
  4.3929170E-04  2.9983243E-03
  4.4327360E-04  2.9981586E-03
  4.4729156E-04  2.9979912E-03
  4.5134596E-04  2.9978224E-03
  4.5543711E-04  2.9976522E-03
  4.5956534E-04  2.9974803E-03
  4.6373100E-04  2.9973069E-03
  4.6793441E-04  2.9971320E-03
  4.7217592E-04  2.9969555E-03
  4.7645587E-04  2.9967774E-03
  4.8077462E-04  2.9965979E-03
  4.8513251E-04  2.9964165E-03
  4.8952992E-04  2.9962338E-03
  4.9396715E-04  2.9960494E-03
  4.9844466E-04  2.9958631E-03
  5.0296274E-04  2.9956754E-03
  5.0752173E-04  2.9954859E-03
  5.1212206E-04  2.9952948E-03
  5.1676412E-04  2.9951020E-03
  5.2144827E-04  2.9949073E-03
  5.2617484E-04  2.9947110E-03
  5.3094426E-04  2.9945129E-03
  5.3575687E-04  2.9943131E-03
  5.4061320E-04  2.9941115E-03
  5.4551347E-04  2.9939080E-03
  5.5045815E-04  2.9937029E-03
  5.5544771E-04  2.9934959E-03
  5.6048244E-04  2.9932868E-03
  5.6556286E-04  2.9930761E-03
  5.7068933E-04  2.9928635E-03
  5.7586224E-04  2.9926491E-03
  5.8108201E-04  2.9924326E-03
  5.8634917E-04  2.9922142E-03
  5.9166399E-04  2.9919939E-03
  5.9702707E-04  2.9917718E-03
  6.0243870E-04  2.9915476E-03
  6.0789939E-04  2.9913213E-03
  6.1340962E-04  2.9910931E-03
  6.1896973E-04  2.9908628E-03
  6.2458031E-04  2.9906305E-03
  6.3024170E-04  2.9903960E-03
  6.3595438E-04  2.9901597E-03
  6.4171891E-04  2.9899210E-03
  6.4753566E-04  2.9896805E-03
  6.5340509E-04  2.9894377E-03
  6.5932778E-04  2.9891927E-03
  6.6530413E-04  2.9889455E-03
  6.7133468E-04  2.9886963E-03
  6.7741988E-04  2.9884446E-03
  6.8356027E-04  2.9881909E-03
  6.8975624E-04  2.9879350E-03
  6.9600844E-04  2.9876765E-03
  7.0231728E-04  2.9874160E-03
  7.0868334E-04  2.9871531E-03
  7.1510707E-04  2.9868879E-03
  7.2158902E-04  2.9866204E-03
  7.2812976E-04  2.9863506E-03
  7.3472975E-04  2.9860782E-03
  7.4138958E-04  2.9858034E-03
  7.4810977E-04  2.9855263E-03
  7.5489091E-04  2.9852467E-03
  7.6173345E-04  2.9849645E-03
  7.6863804E-04  2.9846800E-03
  7.7560527E-04  2.9843929E-03
  7.8263559E-04  2.9841033E-03
  7.8972965E-04  2.9838111E-03
  7.9688802E-04  2.9835163E-03
  8.0411125E-04  2.9832190E-03
  8.1140001E-04  2.9829191E-03
  8.1875478E-04  2.9826164E-03
  8.2617626E-04  2.9823110E-03
  8.3366496E-04  2.9820031E-03
  8.4122160E-04  2.9816923E-03
  8.4884668E-04  2.9813789E-03
  8.5654092E-04  2.9810625E-03
  8.6430489E-04  2.9807435E-03
  8.7213924E-04  2.9804218E-03
  8.8004459E-04  2.9800972E-03
  8.8802160E-04  2.9797696E-03
  8.9607091E-04  2.9794392E-03
  9.0419321E-04  2.9791058E-03
  9.1238908E-04  2.9787696E-03
  9.2065928E-04  2.9784304E-03
  9.2900445E-04  2.9780881E-03
  9.3742524E-04  2.9777430E-03
  9.4592239E-04  2.9773947E-03
  9.5449656E-04  2.9770434E-03
  9.6314843E-04  2.9766890E-03
  9.7187870E-04  2.9763316E-03
  9.8068814E-04  2.9759710E-03
  9.8957738E-04  2.9756073E-03
  9.9854730E-04  2.9752401E-03
  1.0075984E-03  2.9748699E-03
  1.0167316E-03  2.9744965E-03
  1.0259476E-03  2.9741197E-03
  1.0352471E-03  2.9737398E-03
  1.0446309E-03  2.9733565E-03
  1.0540998E-03  2.9729698E-03
  1.0636545E-03  2.9725796E-03
  1.0732958E-03  2.9721861E-03
  1.0830245E-03  2.9717891E-03
  1.0928414E-03  2.9713886E-03
  1.1027473E-03  2.9709847E-03
  1.1127429E-03  2.9705772E-03
  1.1228293E-03  2.9701663E-03
  1.1330069E-03  2.9697516E-03
  1.1432768E-03  2.9693334E-03
  1.1536399E-03  2.9689115E-03
  1.1640969E-03  2.9684859E-03
  1.1746486E-03  2.9680566E-03
  1.1852960E-03  2.9676235E-03
  1.1960400E-03  2.9671867E-03
  1.2068813E-03  2.9667462E-03
  1.2178208E-03  2.9663017E-03
  1.2288595E-03  2.9658535E-03
  1.2399983E-03  2.9654012E-03
  1.2512380E-03  2.9649450E-03
  1.2625797E-03  2.9644850E-03
  1.2740241E-03  2.9640207E-03
  1.2855723E-03  2.9635527E-03
  1.2972251E-03  2.9630805E-03
  1.3089837E-03  2.9626042E-03
  1.3208487E-03  2.9621236E-03
  1.3328213E-03  2.9616391E-03
  1.3449024E-03  2.9611501E-03
  1.3570930E-03  2.9606572E-03
  1.3693941E-03  2.9601599E-03
  1.3818068E-03  2.9596582E-03
  1.3943319E-03  2.9591522E-03
  1.4069707E-03  2.9586419E-03
  1.4197238E-03  2.9581271E-03
  1.4325927E-03  2.9576079E-03
  1.4455782E-03  2.9570840E-03
  1.4586814E-03  2.9565557E-03
  1.4719034E-03  2.9560230E-03
  1.4852452E-03  2.9554856E-03
  1.4987079E-03  2.9549436E-03
  1.5122927E-03  2.9543969E-03
  1.5260006E-03  2.9538453E-03
  1.5398328E-03  2.9532891E-03
  1.5537903E-03  2.9527282E-03
  1.5678743E-03  2.9521624E-03
  1.5820861E-03  2.9515917E-03
  1.5964267E-03  2.9510162E-03
  1.6108972E-03  2.9504357E-03
  1.6254989E-03  2.9498502E-03
  1.6402330E-03  2.9492595E-03
  1.6551005E-03  2.9486639E-03
  1.6701029E-03  2.9480632E-03
  1.6852412E-03  2.9474574E-03
  1.7005169E-03  2.9468464E-03
  1.7159309E-03  2.9462301E-03
  1.7314847E-03  2.9456085E-03
  1.7471794E-03  2.9449817E-03
  1.7630165E-03  2.9443493E-03
  1.7789970E-03  2.9437118E-03
  1.7951224E-03  2.9430687E-03
  1.8113940E-03  2.9424201E-03
  1.8278130E-03  2.9417661E-03
  1.8443809E-03  2.9411062E-03
  1.8610990E-03  2.9404410E-03
  1.8779685E-03  2.9397700E-03
  1.8949911E-03  2.9390934E-03
  1.9121679E-03  2.9384110E-03
  1.9295005E-03  2.9377227E-03
  1.9469900E-03  2.9370287E-03
  1.9646382E-03  2.9363285E-03
  1.9824463E-03  2.9356228E-03
  2.0004159E-03  2.9349108E-03
  2.0185483E-03  2.9341928E-03
  2.0368451E-03  2.9334689E-03
  2.0553076E-03  2.9327387E-03
  2.0739378E-03  2.9320025E-03
  2.0927365E-03  2.9312598E-03
  2.1117057E-03  2.9305110E-03
  2.1308470E-03  2.9297560E-03
  2.1501617E-03  2.9289946E-03
  2.1696514E-03  2.9282265E-03
  2.1893180E-03  2.9274523E-03
  2.2091626E-03  2.9266714E-03
  2.2291872E-03  2.9258840E-03
  2.2493931E-03  2.9250898E-03
  2.2697824E-03  2.9242891E-03
  2.2903564E-03  2.9234816E-03
  2.3111170E-03  2.9226674E-03
  2.3320657E-03  2.9218462E-03
  2.3532044E-03  2.9210183E-03
  2.3745345E-03  2.9201836E-03
  2.3960581E-03  2.9193417E-03
  2.4177767E-03  2.9184928E-03
  2.4396924E-03  2.9176369E-03
  2.4618064E-03  2.9167738E-03
  2.4841211E-03  2.9159035E-03
  2.5066379E-03  2.9150259E-03
  2.5293590E-03  2.9141412E-03
  2.5522860E-03  2.9132490E-03
  2.5754208E-03  2.9123493E-03
  2.5987651E-03  2.9114422E-03
  2.6223212E-03  2.9105276E-03
  2.6460907E-03  2.9096056E-03
  2.6700757E-03  2.9086757E-03
  2.6942783E-03  2.9077383E-03
  2.7187001E-03  2.9067930E-03
  2.7433431E-03  2.9058401E-03
  2.7682099E-03  2.9048792E-03
  2.7933018E-03  2.9039104E-03
  2.8186212E-03  2.9029336E-03
  2.8441700E-03  2.9019488E-03
  2.8699506E-03  2.9009560E-03
  2.8959648E-03  2.8999548E-03
  2.9222146E-03  2.8989457E-03
  2.9487025E-03  2.8979280E-03
  2.9754306E-03  2.8969022E-03
  3.0024010E-03  2.8958679E-03
  3.0296156E-03  2.8948253E-03
  3.0570771E-03  2.8937741E-03
  3.0847874E-03  2.8927145E-03
  3.1127490E-03  2.8916460E-03
  3.1409638E-03  2.8905689E-03
  3.1694346E-03  2.8894830E-03
  3.1981634E-03  2.8883885E-03
  3.2271526E-03  2.8872848E-03
  3.2564045E-03  2.8861726E-03
  3.2859216E-03  2.8850511E-03
  3.3157063E-03  2.8839207E-03
  3.3457610E-03  2.8827810E-03
  3.3760881E-03  2.8816322E-03
  3.4066900E-03  2.8804741E-03
  3.4375694E-03  2.8793067E-03
  3.4687286E-03  2.8781299E-03
  3.5001703E-03  2.8769439E-03
  3.5318970E-03  2.8757481E-03
  3.5639112E-03  2.8745430E-03
  3.5962157E-03  2.8733280E-03
  3.6288130E-03  2.8721034E-03
  3.6617056E-03  2.8708691E-03
  3.6948966E-03  2.8696249E-03
  3.7283883E-03  2.8683709E-03
  3.7621837E-03  2.8671068E-03
  3.7962855E-03  2.8658328E-03
  3.8306962E-03  2.8645485E-03
  3.8654187E-03  2.8632544E-03
  3.9004562E-03  2.8619498E-03
  3.9358111E-03  2.8606351E-03
  3.9714868E-03  2.8593098E-03
  4.0074857E-03  2.8579743E-03
  4.0438105E-03  2.8566283E-03
  4.0804651E-03  2.8552716E-03
  4.1174521E-03  2.8539044E-03
  4.1547739E-03  2.8525265E-03
  4.1924338E-03  2.8511377E-03
  4.2304355E-03  2.8497383E-03
  4.2687817E-03  2.8483279E-03
  4.3074754E-03  2.8469064E-03
  4.3465197E-03  2.8454741E-03
  4.3859179E-03  2.8440307E-03
  4.4256733E-03  2.8425760E-03
  4.4657891E-03  2.8411101E-03
  4.5062685E-03  2.8396330E-03
  4.5471149E-03  2.8381445E-03
  4.5883311E-03  2.8366446E-03
  4.6299212E-03  2.8351331E-03
  4.6718884E-03  2.8336102E-03
  4.7142361E-03  2.8320753E-03
  4.7569675E-03  2.8305291E-03
  4.8000859E-03  2.8289710E-03
  4.8435954E-03  2.8274010E-03
  4.8874994E-03  2.8258192E-03
  4.9318015E-03  2.8242252E-03
  4.9765049E-03  2.8226194E-03
  5.0216136E-03  2.8210015E-03
  5.0671310E-03  2.8193712E-03
  5.1130615E-03  2.8177288E-03
  5.1594079E-03  2.8160741E-03
  5.2061742E-03  2.8144070E-03
  5.2533648E-03  2.8127274E-03
  5.3009829E-03  2.8110354E-03
  5.3490330E-03  2.8093308E-03
  5.3975182E-03  2.8076135E-03
  5.4464429E-03  2.8058835E-03
  5.4958113E-03  2.8041406E-03
  5.5456273E-03  2.8023850E-03
  5.5958945E-03  2.8006164E-03
  5.6466176E-03  2.7988350E-03
  5.6978003E-03  2.7970404E-03
  5.7494473E-03  2.7952327E-03
  5.8015622E-03  2.7934120E-03
  5.8541493E-03  2.7915777E-03
  5.9072133E-03  2.7897304E-03
  5.9607583E-03  2.7878697E-03
  6.0147885E-03  2.7859954E-03
  6.0693086E-03  2.7841078E-03
  6.1243228E-03  2.7822065E-03
  6.1798356E-03  2.7802917E-03
  6.2358514E-03  2.7783632E-03
  6.2923753E-03  2.7764209E-03
  6.3494113E-03  2.7744649E-03
  6.4069647E-03  2.7724952E-03
  6.4650392E-03  2.7705112E-03
  6.5236408E-03  2.7685135E-03
  6.5827728E-03  2.7665016E-03
  6.6424413E-03  2.7644758E-03
  6.7026508E-03  2.7624357E-03
  6.7634056E-03  2.7603812E-03
  6.8247113E-03  2.7583127E-03
  6.8865730E-03  2.7562298E-03
  6.9489949E-03  2.7541325E-03
  7.0119831E-03  2.7520210E-03
  7.0755417E-03  2.7498947E-03
  7.1396767E-03  2.7477541E-03
  7.2043934E-03  2.7455988E-03
  7.2696963E-03  2.7434288E-03
  7.3355911E-03  2.7412442E-03
  7.4020834E-03  2.7390448E-03
  7.4691782E-03  2.7368306E-03
  7.5368811E-03  2.7346017E-03
  7.6051978E-03  2.7323579E-03
  7.6741339E-03  2.7300990E-03
  7.7436948E-03  2.7278252E-03
  7.8138867E-03  2.7255365E-03
  7.8847138E-03  2.7232326E-03
  7.9561835E-03  2.7209138E-03
  8.0283014E-03  2.7185797E-03
  8.1010722E-03  2.7162305E-03
  8.1745032E-03  2.7138661E-03
  8.2485992E-03  2.7114863E-03
  8.3233677E-03  2.7090914E-03
  8.3988132E-03  2.7066811E-03
  8.4749423E-03  2.7042553E-03
  8.5517624E-03  2.7018143E-03
  8.6292783E-03  2.6993579E-03
  8.7074963E-03  2.6968860E-03
  8.7864241E-03  2.6943986E-03
  8.8660670E-03  2.6918959E-03
  8.9464327E-03  2.6893774E-03
  9.0275258E-03  2.6868435E-03
  9.1093546E-03  2.6842942E-03
  9.1919247E-03  2.6817292E-03
  9.2752427E-03  2.6791485E-03
  9.3593169E-03  2.6765524E-03
  9.4441529E-03  2.6739405E-03
  9.5297573E-03  2.6713130E-03
  9.6161384E-03  2.6686699E-03
  9.7033018E-03  2.6660112E-03
  9.7912559E-03  2.6633369E-03
  9.8800072E-03  2.6606468E-03
  9.9695632E-03  2.6579411E-03
  1.0059930E-02  2.6552198E-03
  1.0151117E-02  2.6524828E-03
  1.0243130E-02  2.6497303E-03
  1.0335977E-02  2.6469619E-03
  1.0429665E-02  2.6441780E-03
  1.0524203E-02  2.6413787E-03
  1.0619598E-02  2.6385635E-03
  1.0715858E-02  2.6357328E-03
  1.0812989E-02  2.6328866E-03
  1.0911002E-02  2.6300249E-03
  1.1009903E-02  2.6271476E-03
  1.1109700E-02  2.6242549E-03
  1.1210402E-02  2.6213469E-03
  1.1312017E-02  2.6184232E-03
  1.1414553E-02  2.6154844E-03
  1.1518018E-02  2.6125300E-03
  1.1622421E-02  2.6095605E-03
  1.1727771E-02  2.6065758E-03
  1.1834075E-02  2.6035758E-03
  1.1941343E-02  2.6005607E-03
  1.2049584E-02  2.5975306E-03
  1.2158805E-02  2.5944854E-03
  1.2269016E-02  2.5914251E-03
  1.2380227E-02  2.5883501E-03
  1.2492444E-02  2.5852604E-03
  1.2605680E-02  2.5821559E-03
  1.2719942E-02  2.5790366E-03
  1.2835240E-02  2.5759027E-03
  1.2951583E-02  2.5727544E-03
  1.3068981E-02  2.5695919E-03
  1.3187442E-02  2.5664149E-03
  1.3306977E-02  2.5632237E-03
  1.3427596E-02  2.5600183E-03
  1.3549308E-02  2.5567992E-03
  1.3672124E-02  2.5535661E-03
  1.3796052E-02  2.5503191E-03
  1.3921103E-02  2.5470587E-03
  1.4047289E-02  2.5437847E-03
  1.4174619E-02  2.5404971E-03
  1.4303102E-02  2.5371965E-03
  1.4432750E-02  2.5338829E-03
  1.4563573E-02  2.5305562E-03
  1.4695582E-02  2.5272167E-03
  1.4828787E-02  2.5238646E-03
  1.4963200E-02  2.5205000E-03
  1.5098832E-02  2.5171230E-03
  1.5235692E-02  2.5137339E-03
  1.5373794E-02  2.5103330E-03
  1.5513147E-02  2.5069201E-03
  1.5653763E-02  2.5034959E-03
  1.5795654E-02  2.5000600E-03
  1.5938831E-02  2.4966132E-03
  1.6083306E-02  2.4931552E-03
  1.6229089E-02  2.4896867E-03
  1.6376195E-02  2.4862075E-03
  1.6524635E-02  2.4827181E-03
  1.6674420E-02  2.4792186E-03
  1.6825562E-02  2.4757092E-03
  1.6978074E-02  2.4721902E-03
  1.7131969E-02  2.4686621E-03
  1.7287260E-02  2.4651247E-03
  1.7443957E-02  2.4615787E-03
  1.7602075E-02  2.4580243E-03
  1.7761625E-02  2.4544615E-03
  1.7922623E-02  2.4508908E-03
  1.8085079E-02  2.4473127E-03
  1.8249009E-02  2.4437271E-03
  1.8414423E-02  2.4401345E-03
  1.8581338E-02  2.4365354E-03
  1.8749764E-02  2.4329301E-03
  1.8919719E-02  2.4293186E-03
  1.9091213E-02  2.4257014E-03
  1.9264262E-02  2.4220792E-03
  1.9438880E-02  2.4184519E-03
  1.9615080E-02  2.4148203E-03
  1.9792877E-02  2.4111846E-03
  1.9972287E-02  2.4075450E-03
  2.0153321E-02  2.4039024E-03
  2.0335998E-02  2.4002567E-03
  2.0520331E-02  2.3966087E-03
  2.0706333E-02  2.3929586E-03
  2.0894023E-02  2.3893069E-03
  2.1083413E-02  2.3856543E-03
  2.1274520E-02  2.3820009E-03
  2.1467358E-02  2.3783476E-03
  2.1661947E-02  2.3746944E-03
  2.1858297E-02  2.3710423E-03
  2.2056427E-02  2.3673915E-03
  2.2256354E-02  2.3637426E-03
  2.2458093E-02  2.3600962E-03
  2.2661660E-02  2.3564529E-03
  2.2867074E-02  2.3528130E-03
  2.3074348E-02  2.3491776E-03
  2.3283502E-02  2.3455466E-03
  2.3494551E-02  2.3419212E-03
  2.3707513E-02  2.3383016E-03
  2.3922406E-02  2.3346888E-03
  2.4139246E-02  2.3310834E-03
  2.4358053E-02  2.3274857E-03
  2.4578841E-02  2.3238966E-03
  2.4801632E-02  2.3203171E-03
  2.5026442E-02  2.3167473E-03
  2.5253290E-02  2.3131883E-03
  2.5482194E-02  2.3096409E-03
  2.5713174E-02  2.3061056E-03
  2.5946246E-02  2.3025833E-03
  2.6181431E-02  2.2990748E-03
  2.6418747E-02  2.2955809E-03
  2.6658216E-02  2.2921024E-03
  2.6899856E-02  2.2886400E-03
  2.7143683E-02  2.2851948E-03
  2.7389724E-02  2.2817675E-03
  2.7637992E-02  2.2783591E-03
  2.7888512E-02  2.2749705E-03
  2.8141303E-02  2.2716026E-03
  2.8396385E-02  2.2682562E-03
  2.8653778E-02  2.2649325E-03
  2.8913505E-02  2.2616321E-03
  2.9175587E-02  2.2583567E-03
  2.9440045E-02  2.2551066E-03
  2.9706899E-02  2.2518833E-03
  2.9976172E-02  2.2486877E-03
  3.0247886E-02  2.2455209E-03
  3.0522063E-02  2.2423840E-03
  3.0798724E-02  2.2392783E-03
  3.1077893E-02  2.2362047E-03
  3.1359594E-02  2.2331644E-03
  3.1643849E-02  2.2301588E-03
  3.1930678E-02  2.2271893E-03
  3.2220107E-02  2.2242565E-03
  3.2512162E-02  2.2213624E-03
  3.2806862E-02  2.2185079E-03
  3.3104233E-02  2.2156944E-03
  3.3404302E-02  2.2129233E-03
  3.3707090E-02  2.2101959E-03
  3.4012623E-02  2.2075139E-03
  3.4320924E-02  2.2048785E-03
  3.4632020E-02  2.2022910E-03
  3.4945935E-02  2.1997534E-03
  3.5262696E-02  2.1972670E-03
  3.5582330E-02  2.1948332E-03
  3.5904858E-02  2.1924537E-03
  3.6230315E-02  2.1901303E-03
  3.6558717E-02  2.1878646E-03
  3.6890097E-02  2.1856581E-03
  3.7224479E-02  2.1835128E-03
  3.7561893E-02  2.1814303E-03
  3.7902370E-02  2.1794126E-03
  3.8245928E-02  2.1774615E-03
  3.8592603E-02  2.1755786E-03
  3.8942419E-02  2.1737663E-03
  3.9295405E-02  2.1720261E-03
  3.9651591E-02  2.1703602E-03
  4.0011007E-02  2.1687706E-03
  4.0373679E-02  2.1672596E-03
  4.0739637E-02  2.1658291E-03
  4.1108917E-02  2.1644814E-03
  4.1481540E-02  2.1632188E-03
  4.1857544E-02  2.1620435E-03
  4.2236954E-02  2.1609578E-03
  4.2619802E-02  2.1599638E-03
  4.3006122E-02  2.1590646E-03
  4.3395944E-02  2.1582621E-03
  4.3789301E-02  2.1575589E-03
  4.4186220E-02  2.1569578E-03
  4.4586737E-02  2.1564614E-03
  4.4990886E-02  2.1560723E-03
  4.5398697E-02  2.1557934E-03
  4.5810208E-02  2.1556274E-03
  4.6225447E-02  2.1555771E-03
  4.6644449E-02  2.1556458E-03
  4.7067251E-02  2.1558360E-03
  4.7493882E-02  2.1561512E-03
  4.7924381E-02  2.1565943E-03
  4.8358783E-02  2.1571689E-03
  4.8797123E-02  2.1578779E-03
  4.9239438E-02  2.1587249E-03
  4.9685761E-02  2.1597131E-03
  5.0136127E-02  2.1608465E-03
  5.0590578E-02  2.1621282E-03
  5.1049147E-02  2.1635622E-03
  5.1511873E-02  2.1651522E-03
  5.1978793E-02  2.1669022E-03
  5.2449945E-02  2.1688160E-03
  5.2925371E-02  2.1708980E-03
  5.3405102E-02  2.1731518E-03
  5.3889185E-02  2.1755823E-03
  5.4377653E-02  2.1781933E-03
  5.4870550E-02  2.1809896E-03
  5.5367917E-02  2.1839759E-03
  5.5869788E-02  2.1871568E-03
  5.6376211E-02  2.1905368E-03
  5.6887224E-02  2.1941215E-03
  5.7402868E-02  2.1979155E-03
  5.7923187E-02  2.2019239E-03
  5.8448222E-02  2.2061525E-03
  5.8978014E-02  2.2106064E-03
  5.9512611E-02  2.2152916E-03
  6.0052052E-02  2.2202134E-03
  6.0596384E-02  2.2253781E-03
  6.1145648E-02  2.2307916E-03
  6.1699893E-02  2.2364603E-03
  6.2259160E-02  2.2423905E-03
  6.2823497E-02  2.2485887E-03
  6.3392952E-02  2.2550619E-03
  6.3967563E-02  2.2618170E-03
  6.4547390E-02  2.2688610E-03
  6.5132469E-02  2.2762013E-03
  6.5722845E-02  2.2838456E-03
  6.6318579E-02  2.2918014E-03
  6.6919714E-02  2.3000769E-03
  6.7526296E-02  2.3086804E-03
  6.8138376E-02  2.3176202E-03
  6.8756007E-02  2.3269050E-03
  6.9379233E-02  2.3365438E-03
  7.0008107E-02  2.3465459E-03
  7.0642687E-02  2.3569206E-03
  7.1283013E-02  2.3676781E-03
  7.1929149E-02  2.3788279E-03
  7.2581135E-02  2.3903807E-03
  7.3239036E-02  2.4023473E-03
  7.3902898E-02  2.4147385E-03
  7.4572779E-02  2.4275656E-03
  7.5248726E-02  2.4408407E-03
  7.5930811E-02  2.4545756E-03
  7.6619074E-02  2.4687827E-03
  7.7313572E-02  2.4834750E-03
  7.8014366E-02  2.4986658E-03
  7.8721516E-02  2.5143686E-03
  7.9435073E-02  2.5305978E-03
  8.0155097E-02  2.5473677E-03
  8.0881648E-02  2.5646936E-03
  8.1614785E-02  2.5825908E-03
  8.2354568E-02  2.6010757E-03
  8.3101057E-02  2.6201645E-03
  8.3854310E-02  2.6398748E-03
  8.4614396E-02  2.6602242E-03
  8.5381366E-02  2.6812307E-03
  8.6155295E-02  2.7029137E-03
  8.6936235E-02  2.7252927E-03
  8.7724254E-02  2.7483876E-03
  8.8519409E-02  2.7722202E-03
  8.9321785E-02  2.7968113E-03
  9.0131424E-02  2.8221840E-03
  9.0948403E-02  2.8483612E-03
  9.1772787E-02  2.8753672E-03
  9.2604652E-02  2.9032270E-03
  9.3444049E-02  2.9319662E-03
  9.4291054E-02  2.9616116E-03
  9.5145740E-02  2.9921911E-03
  9.6008174E-02  3.0237334E-03
  9.6878424E-02  3.0562682E-03
  9.7756557E-02  3.0898263E-03
  9.8642655E-02  3.1244399E-03
  9.9536784E-02  3.1601421E-03
  0.1004390      3.1969675E-03
  0.1013494      3.2349515E-03
  0.1022681      3.2741316E-03
  0.1031951      3.3145458E-03
  0.1041305      3.3562344E-03
  0.1050744      3.3992389E-03
  0.1060268      3.4436020E-03
  0.1069878      3.4893688E-03
  0.1079576      3.5365855E-03
  0.1089362      3.5853004E-03
  0.1099236      3.6355637E-03
  0.1109200      3.6874274E-03
  0.1119254      3.7409458E-03
  0.1129399      3.7961751E-03
  0.1139637      3.8531737E-03
  0.1149967      3.9120028E-03
  0.1160390      3.9727255E-03
  0.1170909      4.0354081E-03
  0.1181522      4.1001183E-03
  0.1192232      4.1669281E-03
  0.1203038      4.2359116E-03
  0.1213943      4.3071462E-03
  0.1224947      4.3807123E-03
  0.1236050      4.4566933E-03
  0.1247254      4.5351763E-03
  0.1258560      4.6162531E-03
  0.1269968      4.7000176E-03
  0.1281479      4.7865692E-03
  0.1293095      4.8760097E-03
  0.1304816      4.9684467E-03
  0.1316643      5.0639920E-03
  0.1328578      5.1627620E-03
  0.1340620      5.2648778E-03
  0.1352772      5.3704665E-03
  0.1365034      5.4796594E-03
  0.1377407      5.5925949E-03
  0.1389892      5.7094167E-03
  0.1402491      5.8302740E-03
  0.1415204      5.9553240E-03
  0.1428031      6.0847299E-03
  0.1440976      6.2186616E-03
  0.1454037      6.3572973E-03
  0.1467217      6.5008230E-03
  0.1480516      6.6494327E-03
  0.1493936      6.8033286E-03
  0.1507477      6.9627226E-03
  0.1521142      7.1278359E-03
  0.1534930      7.2988989E-03
  0.1548843      7.4761529E-03
  0.1562882      7.6598502E-03
  0.1577049      7.8502540E-03
  0.1591344      8.0476403E-03
  0.1605768      8.2522966E-03
  0.1620323      8.4645227E-03
  0.1635010      8.6846342E-03
  0.1649831      8.9129591E-03
  0.1664785      9.1498420E-03
  0.1679875      9.3956422E-03
  0.1695102      9.6507352E-03
  0.1710467      9.9155148E-03
  0.1725972      1.0190392E-02
  0.1741616      1.0475797E-02
  0.1757403      1.0772179E-02
  0.1773333      1.1080009E-02
  0.1789407      1.1399779E-02
  0.1805626      1.1732006E-02
  0.1821993      1.2077228E-02
  0.1838508      1.2436009E-02
  0.1855173      1.2808939E-02
  0.1871989      1.3196634E-02
  0.1888957      1.3599742E-02
  0.1906080      1.4018938E-02
  0.1923357      1.4454930E-02
  0.1940791      1.4908458E-02
  0.1958383      1.5380296E-02
  0.1976134      1.5871255E-02
  0.1994047      1.6382182E-02
  0.2012121      1.6913965E-02
  0.2030360      1.7467532E-02
  0.2048764      1.8043855E-02
  0.2067334      1.8643949E-02
  0.2086073      1.9268878E-02
  0.2104982      1.9919753E-02
  0.2124062      2.0597739E-02
  0.2143316      2.1304049E-02
  0.2162743      2.2039957E-02
  0.2182347      2.2806793E-02
  0.2202129      2.3605948E-02
  0.2222089      2.4438877E-02
  0.2242231      2.5307098E-02
  0.2262555      2.6212201E-02
  0.2283064      2.7155844E-02
  0.2303758      2.8139764E-02
  0.2324640      2.9165771E-02
  0.2345712      3.0235756E-02
  0.2366974      3.1351697E-02
  0.2388429      3.2515656E-02
  0.2410078      3.3729788E-02
  0.2431924      3.4996334E-02
  0.2453968      3.6317639E-02
  0.2476212      3.7696149E-02
  0.2498657      3.9134413E-02
  0.2521305      4.0635083E-02
  0.2544159      4.2200927E-02
  0.2567220      4.3834828E-02
  0.2590491      4.5539785E-02
  0.2613972      4.7318920E-02
  0.2637666      4.9175486E-02
  0.2661574      5.1112857E-02
  0.2685699      5.3134546E-02
  0.2710044      5.5244200E-02
  0.2734608      5.7445612E-02
  0.2759396      5.9742708E-02
  0.2784408      6.2139567E-02
  0.2809647      6.4640425E-02
  0.2835114      6.7249656E-02
  0.2860813      6.9971792E-02
  0.2886744      7.2811536E-02
  0.2912910      7.5773738E-02
  0.2939314      7.8863412E-02
  0.2965957      8.2085744E-02
  0.2992841      8.5446060E-02
  0.3019969      8.8949881E-02
  0.3047343      9.2602879E-02
  0.3074965      9.6410885E-02
  0.3102838      0.1003799    
  0.3130963      0.1045161    
  0.3159343      0.1088257    
  0.3187980      0.1133153    
  0.3216877      0.1179916    
  0.3246036      0.1228611    
  0.3275459      0.1279310    
  0.3305149      0.1332081    
  0.3335108      0.1386998    
  0.3365338      0.1444132    
  0.3395843      0.1503558    
  0.3426624      0.1565351    
  0.3457684      0.1629586    
  0.3489026      0.1696340    
  0.3520651      0.1765689    
  0.3552564      0.1837711    
  0.3584765      0.1912484    
  0.3617259      0.1990084    
  0.3650047      0.2070588    
  0.3683132      0.2154074    
  0.3716517      0.2240616    
  0.3750205      0.2330290    
  0.3784198      0.2423168    
  0.3818499      0.2519323    
  0.3853111      0.2618823    
  0.3888037      0.2721737    
  0.3923280      0.2828128    
  0.3958842      0.2938059    
  0.3994726      0.3051587    
  0.4030935      0.3168766    
  0.4067473      0.3289647    
  0.4104342      0.3414274    
  0.4141545      0.3542688    
  0.4179085      0.3674923    
  0.4216966      0.3811006    
  0.4255190      0.3950960    
  0.4293760      0.4094799    
  0.4332680      0.4242531    
  0.4371953      0.4394155    
  0.4411582      0.4549661    
  0.4451570      0.4709031    
  0.4491920      0.4872238    
  0.4532637      0.5039245    
  0.4573722      0.5210004    
  0.4615180      0.5384458    
  0.4657013      0.5562537    
  0.4699226      0.5744162    
  0.4741821      0.5929241    
  0.4784802      0.6117671    
  0.4828174      0.6309335    
  0.4871938      0.6504107    
  0.4916098      0.6701846    
  0.4960660      0.6902399    
  0.5005625      0.7105602    
  0.5050997      0.7311277    
  0.5096781      0.7519233    
  0.5142980      0.7729269    
  0.5189598      0.7941171    
  0.5236638      0.8154711    
  0.5284104      0.8369653    
  0.5332001      0.8585746    
  0.5380332      0.8802733    
  0.5429102      0.9020344    
  0.5478312      0.9238299    
  0.5527970      0.9456309    
  0.5578077      0.9674079    
  0.5628639      0.9891306    
  0.5679659       1.010768    
  0.5731141       1.032288    
  0.5783090       1.053659    
  0.5835509       1.074849    
  0.5888404       1.095824    
  0.5941779       1.116551    
  0.5995637       1.136998    
  0.6049984       1.157132    
  0.6104823       1.176919    
  0.6160159       1.196327    
  0.6215996       1.215323    
  0.6272340       1.233877    
  0.6329195       1.251955    
  0.6386564       1.269528    
  0.6444455       1.286566    
  0.6502869       1.303040    
  0.6561813       1.318921    
  0.6621292       1.334183    
  0.6681309       1.348799    
  0.6741871       1.362745    
  0.6802981       1.375998    
  0.6864646       1.388535    
  0.6926869       1.400336    
  0.6989657       1.411382    
  0.7053013       1.421654    
  0.7116944       1.431137    
  0.7181454       1.439817    
  0.7246549       1.447680    
  0.7312235       1.454715    
  0.7378515       1.460913    
  0.7445396       1.466265    
  0.7512884       1.470766    
  0.7580983       1.474411    
  0.7649699       1.477197    
  0.7719039       1.479122    
  0.7789007       1.480187    
  0.7859609       1.480394    
  0.7930851       1.479746    
  0.8002739       1.478248    
  0.8075278       1.475906    
  0.8148475       1.472729    
  0.8222336       1.468725    
  0.8296865       1.463905    
  0.8372071       1.458280    
  0.8447958       1.451864    
  0.8524533       1.444671    
  0.8601803       1.436715    
  0.8679772       1.428014    
  0.8758448       1.418584    
  0.8837838       1.408443    
  0.8917947       1.397611    
  0.8998782       1.386107    
  0.9080350       1.373952    
  0.9162657       1.361167    
  0.9245710       1.347774    
  0.9329516       1.333795    
  0.9414082       1.319253    
  0.9499415       1.304172    
  0.9585521       1.288574    
  0.9672407       1.272485    
  0.9760081       1.255929    
  0.9848549       1.238930    
  0.9937820       1.221512    
   1.002790       1.203701    
   1.011880       1.185522    
   1.021052       1.167000    
   1.030307       1.148159    
   1.039646       1.129026    
   1.049069       1.109624    
   1.058578       1.089978    
   1.068174       1.070113    
   1.077856       1.050054    
   1.087626       1.029824    
   1.097485       1.009448    
   1.107433      0.9889483    
   1.117471      0.9683490    
   1.127600      0.9476728    
   1.137821      0.9269419    
   1.148134      0.9061786    
   1.158542      0.8854043    
   1.169043      0.8646401    
   1.179639      0.8439066    
   1.190332      0.8232239    
   1.201122      0.8026115    
   1.212009      0.7820882    
   1.222995      0.7616725    
   1.234081      0.7413821    
   1.245267      0.7212341    
   1.256554      0.7012451    
   1.267944      0.6814308    
   1.279437      0.6618066    
   1.291034      0.6423869    
   1.302737      0.6231855    
   1.314545      0.6042157    
   1.326461      0.5854901    
   1.338484      0.5670204    
   1.350617      0.5488176    
   1.362859      0.5308923    
   1.375213      0.5132542    
   1.387678      0.4959123    
   1.400256      0.4788750    
   1.412949      0.4621500    
   1.425756      0.4457442    
   1.438680      0.4296640    
   1.451720      0.4139149    
   1.464879      0.3985022    
   1.478157      0.3834300    
   1.491556      0.3687021    
   1.505076      0.3543215    
   1.518718      0.3402909    
   1.532484      0.3266120    
   1.546375      0.3132862    
   1.560392      0.3003142    
   1.574536      0.2876962    
   1.588808      0.2754320    
   1.603210      0.2635205    
   1.617742      0.2519605    
   1.632405      0.2407503    
   1.647202      0.2298874    
   1.662133      0.2193691    
   1.677199      0.2091925    
   1.692402      0.1993538    
   1.707742      0.1898493    
   1.723222      0.1806746    
   1.738841      0.1718253    
   1.754603      0.1632963    
   1.770507      0.1550826    
   1.786556      0.1471786    
   1.802750      0.1395786    
   1.819090      0.1322768    
   1.835579      0.1252669    
   1.852217      0.1185427    
   1.869007      0.1120977    
   1.885948      0.1059253    
   1.903043      0.1000186    
   1.920292      9.4370872E-02
   1.937699      8.8975132E-02
   1.955263      8.3824351E-02
   1.972986      7.8911468E-02
   1.990869      7.4229375E-02
   2.008915      6.9770940E-02
   2.027125      6.5529034E-02
   2.045499      6.1496541E-02
   2.064040      5.7666373E-02
   2.082750      5.4031476E-02
   2.101628      5.0584856E-02
   2.120678      4.7319576E-02
   2.139901      4.4228781E-02
   2.159297      4.1305698E-02
   2.178870      3.8543664E-02
   2.198620      3.5936110E-02
   2.218549      3.3476591E-02
   2.238659      3.1158777E-02
   2.258950      2.8976480E-02
   2.279426      2.6923640E-02
   2.300088      2.4994344E-02
   2.320937      2.3182828E-02
   2.341974      2.1483477E-02
   2.363203      1.9890836E-02
   2.384624      1.8399607E-02
   2.406239      1.7004658E-02
   2.428050      1.5701013E-02
   2.450058      1.4483868E-02
   2.472266      1.3348585E-02
   2.494676      1.2290689E-02
   2.517288      1.1305873E-02
   2.540106      1.0389997E-02
   2.563130      9.5390817E-03
   2.586363      8.7493155E-03
   2.609807      8.0170445E-03
   2.633463      7.3387767E-03
   2.657334      6.7111738E-03
   2.681421      6.1310525E-03
   2.705726      5.5953800E-03
   2.730251      5.1012710E-03
   2.754999      4.6459832E-03
   2.779971      4.2269141E-03
   2.805170      3.8415981E-03
   2.830597      3.4877006E-03
   2.856255      3.1630150E-03
   2.882144      2.8654584E-03
   2.908269      2.5930668E-03
   2.934631      2.3439911E-03
   2.961231      2.1164927E-03
   2.988073      1.9089387E-03
   3.015158      1.7197977E-03
   3.042488      1.5476354E-03
   3.070066      1.3911105E-03
   3.097894      1.2489697E-03
   3.125974      1.1200440E-03
   3.154309      1.0032447E-03
   3.182901      8.9755829E-04
   3.211752      8.0204377E-04
   3.240864      7.1582763E-04
   3.270241      6.3810078E-04
   3.299883      5.6811445E-04
   3.329794      5.0517695E-04
   3.359977      4.4864987E-04
   3.390433      3.9794503E-04
   3.421165      3.5252125E-04
   3.452175      3.1188127E-04
   3.483467      2.7556883E-04
   3.515042      2.4316588E-04
   3.546903      2.1428993E-04
   3.579054      1.8859158E-04
   3.611495      1.6575205E-04
   3.644231      1.4548095E-04
   3.677264      1.2751415E-04
   3.710596      1.1161174E-04
   3.744230      9.7556149E-05
   3.778169      8.5150343E-05
   3.812415      7.4216172E-05
   3.846972      6.4592772E-05
   3.881842      5.6135152E-05
   3.917029      4.8712780E-05
   3.952534      4.2208354E-05
   3.988361      3.6516602E-05
   4.024513      3.1543208E-05
   4.060992      2.7203780E-05
   4.097803      2.3422939E-05
   4.134946      2.0133451E-05
   4.172427      1.7275428E-05
   4.210247      1.4795613E-05
   4.248410      1.2646703E-05
   4.286919      1.0786740E-05
   4.325777      9.1785514E-06
   4.364987      7.7892400E-06
   4.404553      6.5897098E-06
   4.444477      5.5542437E-06
   4.484764      4.6601099E-06
   4.525415      3.8872049E-06
   4.566435      3.2177231E-06
   4.607826      2.6358557E-06
   4.649593      2.1275093E-06
   4.691739      1.6800450E-06
   4.734266      1.2820296E-06
   4.777179      9.2300030E-07
   4.820481      5.9323287E-07
   4.864175      2.8351238E-07
   4.908266     -1.5101232E-08
   4.952756      8.4370402E-07
   4.997649      7.4978163E-07
   5.042950      6.8024383E-07
   5.088661      6.3314621E-07
   5.134786      6.0721140E-07
   5.181329      6.0182566E-07
   5.228294     -1.7502611E-15
   5.275685      6.2862474E-29
   5.323506      0.0000000E+00
   5.371760      0.0000000E+00
   5.420452      0.0000000E+00
   5.469584      0.0000000E+00
   5.519162      0.0000000E+00
   5.569190      0.0000000E+00
   5.619671      0.0000000E+00
   5.670609      0.0000000E+00
   5.722010      0.0000000E+00
   5.773876      0.0000000E+00
   5.826212      0.0000000E+00
   5.879023      0.0000000E+00
   5.932312      0.0000000E+00
   5.986084      0.0000000E+00
   6.040344      0.0000000E+00
   6.095096      0.0000000E+00
   6.150344      0.0000000E+00
   6.206092      0.0000000E+00
   6.262347      0.0000000E+00
   6.319110      0.0000000E+00
   6.376389      0.0000000E+00
   6.434187      0.0000000E+00
   6.492508      0.0000000E+00
   6.551359      0.0000000E+00
   6.610742      0.0000000E+00
   6.670664      0.0000000E+00
   6.731129      0.0000000E+00
   6.792142      0.0000000E+00
   6.853709      0.0000000E+00
   6.915833      0.0000000E+00
   6.978520      0.0000000E+00
   7.041776      0.0000000E+00
   7.105605      0.0000000E+00
   7.170012      0.0000000E+00
   7.235003      0.0000000E+00
   7.300584      0.0000000E+00
   7.366759      0.0000000E+00
   7.433534      0.0000000E+00
   7.500914      0.0000000E+00
   7.568904      0.0000000E+00
   7.637511      0.0000000E+00
   7.706740      0.0000000E+00
   7.776597      0.0000000E+00
   7.847086      0.0000000E+00
   7.918215      0.0000000E+00
   7.989988      0.0000000E+00
   8.062412      0.0000000E+00
   8.135492      0.0000000E+00
   8.209235      0.0000000E+00
   8.283647      0.0000000E+00
   8.358732      0.0000000E+00
   8.434498      0.0000000E+00
   8.510951      0.0000000E+00
   8.588098      0.0000000E+00
   8.665942      0.0000000E+00
   8.744493      0.0000000E+00
   8.823756      0.0000000E+00
   8.903738      0.0000000E+00
   8.984445      0.0000000E+00
   9.065883      0.0000000E+00
   9.148058      0.0000000E+00
   9.230979      0.0000000E+00
   9.314651      0.0000000E+00
   9.399083      0.0000000E+00
   9.484280      0.0000000E+00
   9.570248      0.0000000E+00
   9.656996      0.0000000E+00
   9.744530      0.0000000E+00
   9.832857      0.0000000E+00
   9.921986      0.0000000E+00
   10.01192      0.0000000E+00
   10.10267      0.0000000E+00
   10.19425      0.0000000E+00
   10.28665      0.0000000E+00
   10.37989      0.0000000E+00
   10.47398      0.0000000E+00
   10.56892      0.0000000E+00
   10.66472      0.0000000E+00
   10.76139      0.0000000E+00
   10.85893      0.0000000E+00
   10.95736      0.0000000E+00
   11.05668      0.0000000E+00
   11.15690      0.0000000E+00
   11.25803      0.0000000E+00
   11.36008      0.0000000E+00
   11.46305      0.0000000E+00
   11.56696      0.0000000E+00
   11.67180      0.0000000E+00
   11.77760      0.0000000E+00
   11.88436      0.0000000E+00
   11.99208      0.0000000E+00
   12.10078      0.0000000E+00
   12.21047      0.0000000E+00
   12.32115      0.0000000E+00
   12.43283      0.0000000E+00
   12.54552      0.0000000E+00
   12.65924      0.0000000E+00
   12.77399      0.0000000E+00
   12.88978      0.0000000E+00
   13.00661      0.0000000E+00
   13.12451      0.0000000E+00
   13.24347      0.0000000E+00
   13.36352      0.0000000E+00
   13.48465      0.0000000E+00
   13.60688      0.0000000E+00
   13.73021      0.0000000E+00
   13.85467      0.0000000E+00
   13.98025      0.0000000E+00
   14.10697      0.0000000E+00
   14.23484      0.0000000E+00
   14.36387      0.0000000E+00
   14.49407      0.0000000E+00
   14.62545      0.0000000E+00
   14.75802      0.0000000E+00
   14.89179      0.0000000E+00
   15.02678      0.0000000E+00
   15.16298      0.0000000E+00
   15.30043      0.0000000E+00
   15.43911      0.0000000E+00
   15.57906      0.0000000E+00
   15.72027      0.0000000E+00
   15.86277      0.0000000E+00
   16.00655      0.0000000E+00
   16.15164      0.0000000E+00
   16.29804      0.0000000E+00
   16.44578      0.0000000E+00
   16.59484      0.0000000E+00
   16.74527      0.0000000E+00
   16.89705      0.0000000E+00
   17.05021      0.0000000E+00
   17.20476      0.0000000E+00
   17.36071      0.0000000E+00
   17.51807      0.0000000E+00
   17.67686      0.0000000E+00
   17.83709      0.0000000E+00
   17.99877      0.0000000E+00
   18.16192      0.0000000E+00
   18.32655      0.0000000E+00
   18.49266      0.0000000E+00
   18.66029      0.0000000E+00
   18.82943      0.0000000E+00
   19.00010      0.0000000E+00
   19.17233      0.0000000E+00
   19.34611      0.0000000E+00
   19.52147      0.0000000E+00
   19.69842      0.0000000E+00
   19.87697      0.0000000E+00
   20.05715      0.0000000E+00
   20.23895      0.0000000E+00
   20.42240      0.0000000E+00
   20.60752      0.0000000E+00
   20.79431      0.0000000E+00
   20.98280      0.0000000E+00
   21.17299      0.0000000E+00
   21.36491      0.0000000E+00
   21.55857      0.0000000E+00
   21.75398      0.0000000E+00
   21.95117      0.0000000E+00
   22.15014      0.0000000E+00
   22.35092      0.0000000E+00
   22.55351      0.0000000E+00
   22.75795      0.0000000E+00
   22.96423      0.0000000E+00
   23.17239      0.0000000E+00
   23.38243      0.0000000E+00
   23.59438      0.0000000E+00
   23.80824      0.0000000E+00
   24.02405      0.0000000E+00
   24.24181      0.0000000E+00
   24.46155      0.0000000E+00
   24.68327      0.0000000E+00
   24.90701      0.0000000E+00
   25.13278      0.0000000E+00
   25.36059      0.0000000E+00
   25.59046      0.0000000E+00
   25.82242      0.0000000E+00
   26.05649      0.0000000E+00
   26.29267      0.0000000E+00
   26.53100      0.0000000E+00
   26.77148      0.0000000E+00
   27.01415      0.0000000E+00
   27.25901      0.0000000E+00
   27.50610      0.0000000E+00
   27.75542      0.0000000E+00
   28.00701      0.0000000E+00
   28.26087      0.0000000E+00
   28.51704      0.0000000E+00
   28.77552      0.0000000E+00
   29.03636      0.0000000E+00
   29.29955      0.0000000E+00
   29.56513      0.0000000E+00
   29.83312      0.0000000E+00
   30.10354      0.0000000E+00
   30.37640      0.0000000E+00
   30.65175      0.0000000E+00
   30.92958      0.0000000E+00
   31.20994      0.0000000E+00
   31.49284      0.0000000E+00
   31.77830      0.0000000E+00
   32.06635      0.0000000E+00
   32.35701      0.0000000E+00
   32.65030      0.0000000E+00
   32.94625      0.0000000E+00
   33.24489      0.0000000E+00
   33.54623      0.0000000E+00
   33.85031      0.0000000E+00
   34.15714      0.0000000E+00
   34.46675      0.0000000E+00
   34.77917      0.0000000E+00
   35.09441      0.0000000E+00
   35.41252      0.0000000E+00
   35.73351      0.0000000E+00
   36.05742      0.0000000E+00
   36.38425      0.0000000E+00
   36.71405      0.0000000E+00
   37.04684      0.0000000E+00
   37.38264      0.0000000E+00
   37.72149      0.0000000E+00
   38.06341      0.0000000E+00
   38.40843      0.0000000E+00
   38.75658      0.0000000E+00
   39.10788      0.0000000E+00
   39.46236      0.0000000E+00
   39.82006      0.0000000E+00
   40.18101      0.0000000E+00
   40.54522      0.0000000E+00
   40.91273      0.0000000E+00
   41.28358      0.0000000E+00
   41.65779      0.0000000E+00
   42.03539      0.0000000E+00
   42.41641      0.0000000E+00
   42.80089      0.0000000E+00
   43.18885      0.0000000E+00
   43.58033      0.0000000E+00
   43.97535      0.0000000E+00
   44.37396      0.0000000E+00
   44.77618      0.0000000E+00
   45.18204      0.0000000E+00
   45.59159      0.0000000E+00
   46.00485      0.0000000E+00
   46.42185      0.0000000E+00
   46.84263      0.0000000E+00
   47.26723      0.0000000E+00
   47.69567      0.0000000E+00
   48.12801      0.0000000E+00
   48.56425      0.0000000E+00
   49.00446      0.0000000E+00
   49.44865      0.0000000E+00
   49.89687      0.0000000E+00
   50.34915      0.0000000E+00
   50.80553      0.0000000E+00
   51.26605      0.0000000E+00
   51.73074      0.0000000E+00
   52.19964      0.0000000E+00
   52.67280      0.0000000E+00
   53.15024      0.0000000E+00
   53.63201      0.0000000E+00
   54.11815      0.0000000E+00
   54.60870      0.0000000E+00
   55.10369      0.0000000E+00
   55.60316      0.0000000E+00
   56.10717      0.0000000E+00
   56.61575      0.0000000E+00
   57.12893      0.0000000E+00
   57.64676      0.0000000E+00
   58.16929      0.0000000E+00
   58.69656      0.0000000E+00
   59.22860      0.0000000E+00
   59.76547      0.0000000E+00
   60.30720      0.0000000E+00
   60.85385      0.0000000E+00
   61.40545      0.0000000E+00
   61.96204      0.0000000E+00
   62.52369      0.0000000E+00
   63.09042      0.0000000E+00
   63.66230      0.0000000E+00
   64.23935      0.0000000E+00
   64.82164      0.0000000E+00
   65.40920      0.0000000E+00
   66.00209      0.0000000E+00
   66.60036      0.0000000E+00
   67.20405      0.0000000E+00
   67.81320      0.0000000E+00
   68.42789      0.0000000E+00
   69.04814      0.0000000E+00
   69.67401      0.0000000E+00
   70.30556      0.0000000E+00
   70.94283      0.0000000E+00
   71.58588      0.0000000E+00
   72.23476      0.0000000E+00
   72.88952      0.0000000E+00
   73.55022      0.0000000E+00
   74.21690      0.0000000E+00
   74.88963      0.0000000E+00
   75.56845      0.0000000E+00
   76.25343      0.0000000E+00
   76.94461      0.0000000E+00
   77.64207      0.0000000E+00
   78.34583      0.0000000E+00
   79.05599      0.0000000E+00
   79.77258      0.0000000E+00
   80.49567      0.0000000E+00
   81.22530      0.0000000E+00
   81.96156      0.0000000E+00
   82.70448      0.0000000E+00
   83.45414      0.0000000E+00
   84.21059      0.0000000E+00
   84.97391      0.0000000E+00
   85.74414      0.0000000E+00
   86.52135      0.0000000E+00
   87.30561      0.0000000E+00
   88.09698      0.0000000E+00
   88.89552      0.0000000E+00
   89.70129      0.0000000E+00
   90.51437      0.0000000E+00
   91.33483      0.0000000E+00
   92.16272      0.0000000E+00
   92.99811      0.0000000E+00
  20. 0.
  20. -100000.
  0. -100000.
