  1.363600441568433E-006  -10266779.8605175     
  1.375960561541763E-006  -10174552.9623084     
  1.388432717681331E-006  -10083154.5293610     
  1.401017925519559E-006  -9992577.11965238     
  1.413717209793982E-006  -9902813.35801051     
  1.426531604530696E-006  -9813855.93551392     
  1.439462153128542E-006  -9725697.60889648     
  1.452509908444074E-006  -9638331.19995755     
  1.465675932877279E-006  -9551749.59497762     
  1.478961298458085E-006  -9465945.74413902     
  1.492367086933650E-006  -9380912.66095189     
  1.505894389856442E-006  -9296643.42168534     
  1.519544308673116E-006  -9213131.16480369     
  1.533317954814200E-006  -9130369.09040775     
  1.547216449784592E-006  -9048350.45968118     
  1.561240925254877E-006  -8967068.59434175     
  1.575392523153472E-006  -8886516.87609763     
  1.589672395759605E-006  -8806688.74610841     
  1.604081705797140E-006  -8727577.70445115     
  1.618621626529250E-006  -8649177.30959107     
  1.633293341853950E-006  -8571481.17785706     
  1.648098046400493E-006  -8494482.98292192     
  1.663036945626640E-006  -8418176.45528723     
  1.678111255916817E-006  -8342555.38177287     
  1.693322204681155E-006  -8267613.60501111     
  1.708671030455433E-006  -8193345.02294523     
  1.724158983001921E-006  -8119743.58833273     
  1.739787323411144E-006  -8046803.30825289     
  1.755557324204562E-006  -7974518.24361881     
  1.771470269438187E-006  -7902882.50869383     
  1.787527454807135E-006  -7831890.27061228     
  1.803730187751122E-006  -7761535.74890459     
  1.820079787560929E-006  -7691813.21502654     
  1.836577585485819E-006  -7622716.99189290     
  1.853224924841930E-006  -7554241.45341514     
  1.870023161121660E-006  -7486381.02404332     
  1.886973662104032E-006  -7419130.17831213     
  1.904077807966065E-006  -7352483.44039100     
  1.921336991395153E-006  -7286435.38363818     
  1.938752617702465E-006  -7220980.63015893     
  1.956326104937367E-006  -7156113.85036762     
  1.974058884002889E-006  -7091829.76255376     
  1.991952398772236E-006  -7028123.13245197     
  2.010008106206349E-006  -6964988.77281574     
  2.028227476472539E-006  -6902421.54299512     
  2.046611993064195E-006  -6840416.34851809     
  2.065163152921574E-006  -6778968.14067580     
  2.083882466553690E-006  -6718071.91611145     
  2.102771458161301E-006  -6657722.71641291     
  2.121831665761023E-006  -6597915.62770899     
  2.141064641310555E-006  -6538645.78026931     
  2.160471950835047E-006  -6479908.34810782     
  2.180055174554614E-006  -6421698.54858984     
  2.199815907013001E-006  -6364011.64204262     
  2.219755757207422E-006  -6306842.93136941     
  2.239876348719562E-006  -6250187.76166707     
  2.260179319847786E-006  -6194041.51984697     
  2.280666323740528E-006  -6138399.63425942     
  2.301339028530901E-006  -6083257.57432139     
  2.322199117472519E-006  -6028610.85014768     
  2.343248289076560E-006  -5974455.01218525     
  2.364488257250062E-006  -5920785.65085099     
  2.385920751435473E-006  -5867598.39617264     
  2.407547516751477E-006  -5814888.91743297     
  2.429370314135080E-006  -5762652.92281716     
  2.451390920485000E-006  -5710886.15906336     
  2.473611128806343E-006  -5659584.41111634     
  2.496032748356599E-006  -5608743.50178432     
  2.518657604792963E-006  -5558359.29139880     
  2.541487540320978E-006  -5508427.67747756     
  2.564524413844543E-006  -5458944.59439053     
  2.587770101117270E-006  -5409906.01302885     
  2.611226494895212E-006  -5361307.94047672     
  2.634895505090983E-006  -5313146.41968633     
  2.658779058929270E-006  -5265417.52915562     
  2.682879101103753E-006  -5218117.38260904     
  2.707197593935450E-006  -5171242.12868105     
  2.731736517532500E-006  -5124787.95060256     
  2.756497869951389E-006  -5078751.06589015     
  2.781483667359637E-006  -5033127.72603807     
  2.806695944199969E-006  -4987914.21621304     
  2.832136753355961E-006  -4943106.85495176     
  2.857808166319198E-006  -4898701.99386117     
  2.883712273357942E-006  -4854696.01732135     
  2.909851183687327E-006  -4811085.34219117     
  2.936227025641104E-006  -4767866.41751648     
  2.962841946844939E-006  -4725035.72424103     
  2.989698114391273E-006  -4682589.77491989     
  3.016797715015786E-006  -4640525.11343552     
  3.044142955275441E-006  -4598838.31471634     
  3.071736061728159E-006  -4557525.98445787     
  3.099579281114105E-006  -4516584.75884633     
  3.127674880538635E-006  -4476011.30428474     
  3.156025147656883E-006  -4435802.31712151     
  3.184632390860042E-006  -4395954.52338143     
  3.213498939463317E-006  -4356464.67849909     
  3.242627143895584E-006  -4317329.56705470     
  3.272019375890776E-006  -4278546.00251226     
  3.301678028680996E-006  -4240110.82696013     
  3.331605517191387E-006  -4202020.91085388     
  3.361804278236762E-006  -4164273.15276145     
  3.392276770720018E-006  -4126864.47911068     
  3.423025475832354E-006  -4089791.84393898     
  3.454052897255295E-006  -4053052.22864536     
  3.485361561364553E-006  -4016642.64174463     
  3.516954017435736E-006  -3980560.11862382     
  3.548832837851921E-006  -3944801.72130078     
  3.581000618313101E-006  -3909364.53818498     
  3.613459978047546E-006  -3874245.68384041     
  3.646213560025065E-006  -3839442.29875068     
  3.679264031172210E-006  -3804951.54908612     
  3.712614082589425E-006  -3770770.62647311     
  3.746266429770170E-006  -3736896.74776536     
  3.780223812822025E-006  -3703327.15481731     
  3.814488996689796E-006  -3670059.11425956     
  3.849064771380659E-006  -3637089.91727630     
  3.883953952191324E-006  -3604416.87938476     
  3.919159379937266E-006  -3572037.34021659     
  3.954683921184045E-006  -3539948.66330130     
  3.990530468480707E-006  -3508148.23585155     
  4.026701940595307E-006  -3476633.46855039     
  4.063201282752568E-006  -3445401.79534050     
  4.100031466873690E-006  -3414450.67321515     
  4.137195491818340E-006  -3383777.58201124     
  4.174696383628830E-006  -3353380.02420402     
  4.212537195776505E-006  -3323255.52470376     
  4.250721009410375E-006  -3293401.63065425     
  4.289250933607989E-006  -3263815.91123303     
  4.328130105628594E-006  -3234495.95745346     
  4.367361691168576E-006  -3205439.38196864     
  4.406948884619229E-006  -3176643.81887694     
  4.446894909326858E-006  -3148106.92352940     
  4.487203017855224E-006  -3119826.37233882     
  4.527876492250395E-006  -3091799.86259057     
  4.568918644307975E-006  -3064025.11225504     
  4.610332815842764E-006  -3036499.85980193     
  4.652122378960865E-006  -3009221.86401599     
  4.694290736334254E-006  -2982188.90381463     
  4.736841321477835E-006  -2955398.77806699     
  4.779777599029012E-006  -2928849.30541481     
  4.823103065029800E-006  -2902538.32409470     
  4.866821247211476E-006  -2876463.69176221     
  4.910935705281827E-006  -2850623.28531737     
  4.955450031214997E-006  -2825015.00073180     
  5.000367849543955E-006  -2799636.75287738     
  5.045692817655622E-006  -2774486.47535654     
  5.091428626088669E-006  -2749562.12033392     
  5.137578998834014E-006  -2724861.65836968     
  5.184147693638048E-006  -2700383.07825425     
  5.231138502308603E-006  -2676124.38684454     
  5.278555251023695E-006  -2652083.60890168     
  5.326401800643068E-006  -2628258.78693019     
  5.374682047022558E-006  -2604647.98101856     
  5.423399921331319E-006  -2581249.26868133     
  5.472559390371896E-006  -2558060.74470255     
  5.522164456903236E-006  -2535080.52098062     
  5.572219159966602E-006  -2512306.72637457     
  5.622727575214440E-006  -2489737.50655173     
  5.673693815242246E-006  -2467371.02383670     
  5.725122029923426E-006  -2445205.45706176     
  5.777016406747192E-006  -2423239.00141854     
  5.829381171159529E-006  -2401469.86831110     
  5.882220586907242E-006  -2379896.28521029     
  5.935538956385134E-006  -2358516.49550940     
  5.989340620986320E-006  -2337328.75838116     
  6.043629961455716E-006  -2316331.34863597     
  6.098411398246746E-006  -2295522.55658146     
  6.153689391881268E-006  -2274900.68788325     
  6.209468443312766E-006  -2254464.06342699     
  6.265753094292838E-006  -2234211.01918167     
  6.322547927741000E-006  -2214139.90606410     
  6.379857568117854E-006  -2194249.08980464     
  6.437686681801618E-006  -2174536.95081414     
  6.496039977468090E-006  -2155001.88405207     
  6.554922206474043E-006  -2135642.29889580     
  6.614338163244101E-006  -2116456.61901113     
  6.674292685661119E-006  -2097443.28222391     
  6.734790655460102E-006  -2078600.74039284     
  6.795836998625700E-006  -2059927.45928345     
  6.857436685793291E-006  -2041421.91844311     
  6.919594732653725E-006  -2023082.61107731     
  6.982316200361703E-006  -2004908.04392688     
  7.045606195947893E-006  -1986896.73714650     
  7.109469872734757E-006  -1969047.22418413     
  7.173912430756153E-006  -1951358.05166163     
  7.238939117180746E-006  -1933827.77925642     
  7.304555226739253E-006  -1916454.97958418     
  7.370766102155561E-006  -1899238.23808266     
  7.437577134581750E-006  -1882176.15289649     
  7.504993764037064E-006  -1865267.33476301     
  7.573021479850865E-006  -1848510.40689920     
  7.641665821109581E-006  -1831904.00488953     
  7.710932377107733E-006  -1815446.77657487     
  7.780826787803038E-006  -1799137.38194243     
  7.851354744275630E-006  -1782974.49301660     
  7.922521989191447E-006  -1766956.79375088     
  7.994334317269836E-006  -1751082.97992065     
  8.066797575755371E-006  -1735351.75901703     
  8.139917664893958E-006  -1719761.85014163     
  8.213700538413265E-006  -1704311.98390224     
  8.288152204007489E-006  -1689000.90230945     
  8.363278723826533E-006  -1673827.35867430     
  8.439086214969608E-006  -1658790.11750666     
  8.515580849983308E-006  -1643887.95441474     
  8.592768857364207E-006  -1629119.65600529     
  8.670656522066010E-006  -1614484.01978489     
  8.749250186011294E-006  -1599979.85406200     
  8.828556248607892E-006  -1585605.97784991     
  8.908581167269967E-006  -1571361.22077062     
  8.989331457943789E-006  -1557244.42295950     
  9.070813695638293E-006  -1543254.43497088     
  9.153034514960450E-006  -1529390.11768446     
  9.236000610655472E-006  -1515650.34221254     
  9.319718738151926E-006  -1502033.98980810     
  9.404195714111796E-006  -1488539.95177372     
  9.489438416985517E-006  -1475167.12937131     
  9.575453787572047E-006  -1461914.43373263     
  9.662248829584013E-006  -1448780.78577063     
  9.749830610217976E-006  -1435765.11609162     
  9.838206260729884E-006  -1422866.36490814     
  9.927382977015718E-006  -1410083.48195270     
  1.001736802019740E-005  -1397415.42639229     
  1.010816871721406E-005  -1384861.16674357     
  1.019979246141857E-005  -1372419.68078894     
  1.029224671317959E-005  -1360089.95549325     
  1.038553900048897E-005  -1347870.98692138     
  1.047967691957478E-005  -1335761.78015643     
  1.057466813551974E-005  -1323761.34921878     
  1.067052038288543E-005  -1311868.71698572     
  1.076724146634197E-005  -1300082.91511199     
  1.086483926130361E-005  -1288402.98395085     
  1.096332171456990E-005  -1276827.97247597     
  1.106269684497279E-005  -1265356.93820401     
  1.116297274402952E-005  -1253988.94711787     
  1.126415757660153E-005  -1242723.07359063     
  1.136625958155919E-005  -1231558.40031017     
  1.146928707245270E-005  -1220494.01820453     
  1.157324843818900E-005  -1209529.02636782     
  1.167815214371481E-005  -1198662.53198693     
  1.178400673070591E-005  -1187893.65026877     
  1.189082081826262E-005  -1177221.50436829     
  1.199860310361157E-005  -1166645.22531705     
  1.210736236281394E-005  -1156163.95195244     
  1.221710745147996E-005  -1145776.83084764     
  1.232784730549003E-005  -1135483.01624203     
  1.243959094172227E-005  -1125281.66997241     
  1.255234745878674E-005  -1115171.96140471     
  1.266612603776628E-005  -1105153.06736635     
  1.278093594296405E-005  -1095224.17207924     
  1.289678652265788E-005  -1085384.46709335     
  1.301368720986148E-005  -1075633.15122088     
  1.313164752309243E-005  -1065969.43047100     
  1.325067706714729E-005  -1056392.51798526     
  1.337078553388364E-005  -1046901.63397345     
  1.349198270300920E-005  -1037496.00565014     
  1.361427844287818E-005  -1028174.86717179     
  1.373768271129477E-005  -1018937.45957432     
  1.386220555632394E-005  -1009783.03071138     
  1.398785711710963E-005  -1000710.83519304     
  1.411464762470026E-005  -991720.134325185     
  1.424258740288184E-005  -982810.196049276     
  1.437168686901854E-005  -973980.294882804     
  1.450195653490092E-005  -965229.711860196     
  1.463340700760187E-005  -956557.734474274     
  1.476604899034022E-005  -947963.656618246     
  1.489989328335228E-005  -939446.778528207     
  1.503495078477126E-005  -931006.406726162     
  1.517123249151457E-005  -922641.853963565     
  1.530874950017930E-005  -914352.439165353     
  1.544751300794571E-005  -906137.487374497     
  1.558753431348897E-005  -897996.329697039     
  1.572882481789913E-005  -889928.303247632     
  1.587139602560944E-005  -881932.751095564     
  1.601525954533309E-005  -874009.022211265     
  1.616042709100845E-005  -866156.471413304     
  1.630691048275285E-005  -858374.459315850     
  1.645472164782504E-005  -850662.352276612     
  1.660387262159630E-005  -843019.522345249     
  1.675437554853050E-005  -835445.347212233     
  1.690624268317286E-005  -827939.210158186     
  1.705948639114783E-005  -820500.500003657     
  1.721411915016589E-005  -813128.611059363     
  1.737015355103959E-005  -805822.943076866     
  1.752760229870871E-005  -798582.901199705     
  1.768647821327475E-005  -791407.895914955     
  1.784679423104482E-005  -784297.343005228     
  1.800856340558492E-005  -777250.663501103     
  1.817179890878285E-005  -770267.283633988     
  1.833651403192070E-005  -763346.634789396     
  1.850272218675710E-005  -756488.153460649     
  1.867043690661921E-005  -749691.281202997     
  1.883967184750473E-005  -742955.464588141     
  1.901044078919375E-005  -736280.155159179     
  1.918275763637080E-005  -729664.809385939     
  1.935663641975704E-005  -723108.888620733     
  1.953209129725262E-005  -716611.859054488     
  1.970913655508958E-005  -710173.191673290     
  1.988778660899499E-005  -703792.362215304     
  2.006805600536481E-005  -697468.851128086     
  2.024995942244827E-005  -691202.143526285     
  2.043351167154305E-005  -684991.729149712     
  2.061872769820127E-005  -678837.102321798     
  2.080562258344643E-005  -672737.761908415     
  2.099421154500134E-005  -666693.211277076     
  2.118450993852724E-005  -660702.958256495     
  2.137653325887408E-005  -654766.515096512     
  2.157029714134221E-005  -648883.398428380     
  2.176581736295544E-005  -643053.129225406     
  2.196310984374569E-005  -637275.232763949     
  2.216219064804924E-005  -631549.238584761     
  2.236307598581476E-005  -625874.680454687     
  2.256578221392321E-005  -620251.096328697     
  2.277032583751966E-005  -614678.028312267     
  2.297672351135719E-005  -609155.022624097     
  2.318499204115301E-005  -603681.629559156     
  2.339514838495687E-005  -598257.403452074     
  2.360720965453179E-005  -592881.902640847     
  2.382119311674740E-005  -587554.689430879     
  2.403711619498591E-005  -582275.330059342     
  2.425499647056075E-005  -577043.394659857     
  2.447485168414809E-005  -571858.457227493     
  2.469669973723141E-005  -566720.095584079     
  2.492055869355909E-005  -561627.891343831     
  2.514644678061523E-005  -556581.429879282     
  2.537438239110378E-005  -551580.300287526     
  2.560438408444618E-005  -546624.095356756     
  2.583647058829253E-005  -541712.411533108     
  2.607066080004650E-005  -536844.848887805     
  2.630697378840393E-005  -532021.011084592     
  2.654542879490562E-005  -527240.505347461     
  2.678604523550396E-005  -522502.942428676     
  2.702884270214386E-005  -517807.936577073     
  2.727384096435804E-005  -513155.105506655     
  2.752105997087671E-005  -508544.070365462     
  2.777051985125192E-005  -503974.455704724     
  2.802224091749651E-005  -499445.889448292     
  2.827624366573808E-005  -494958.002862340     
  2.853254877788782E-005  -490510.430525342     
  2.879117712332450E-005  -486102.810298320     
  2.905214976059379E-005  -481734.783295352     
  2.931548793912287E-005  -477405.993854356     
  2.958121310095068E-005  -473116.089508126     
  2.984934688247383E-005  -468864.720955637     
  3.011991111620828E-005  -464651.542033598     
  3.039292783256703E-005  -460476.209688272     
  3.066841926165398E-005  -456338.383947539     
  3.094640783507392E-005  -452237.727893216     
  3.122691618775907E-005  -448173.907633622     
  3.150996715981205E-005  -444146.592276396     
  3.179558379836563E-005  -440155.453901546     
  3.208378935945933E-005  -436200.167534757     
  3.237460730993303E-005  -432280.411120926     
  3.266806132933768E-005  -428395.865497939     
  3.296417531186343E-005  -424546.214370684     
  3.326297336828519E-005  -420731.144285298     
  3.356447982792580E-005  -416950.344603644     
  3.386871924063705E-005  -413203.507478016     
  3.417571637879856E-005  -409490.327826074     
  3.448549623933496E-005  -405810.503306005     
  3.479808404575112E-005  -402163.734291901     
  3.511350525018603E-005  -398549.723849365     
  3.543178553548518E-005  -394968.177711333     
  3.575295081729174E-005  -391418.804254114     
  3.607702724615677E-005  -387901.314473642     
  3.640404120966846E-005  -384415.421961950     
  3.673401933460071E-005  -380960.842883843     
  3.706698848908121E-005  -377537.295953790     
  3.740297578477914E-005  -374144.502413023     
  3.774200857911269E-005  -370782.186006835     
  3.808411447747666E-005  -367450.072962089     
  3.842932133549013E-005  -364147.891964925     
  3.877765726126467E-005  -360875.374138668     
  3.912915061769288E-005  -357632.253021939     
  3.948383002475796E-005  -354418.264546953     
  3.984172436186395E-005  -351233.147018020     
  4.020286277018724E-005  -348076.641090240     
  4.056727465504940E-005  -344948.489748379     
  4.093498968831141E-005  -341848.438285950     
  4.130603781078971E-005  -338776.234284466     
  4.168044923469407E-005  -335731.627592894     
  4.205825444608761E-005  -332714.370307279     
  4.243948420736910E-005  -329724.216750569     
  4.282416955977773E-005  -326760.923452599     
  4.321234182592062E-005  -323824.249130277     
  4.360403261232325E-005  -320913.954667933     
  4.399927381200296E-005  -318029.803097848     
  4.439809760706583E-005  -315171.559580962     
  4.480053647132709E-005  -312338.991387753     
  4.520662317295517E-005  -309531.867879283     
  4.561639077713997E-005  -306749.960488422     
  4.602987264878502E-005  -303993.042701237     
  4.644710245522428E-005  -301260.890038548     
  4.686811416896336E-005  -298553.280037649     
  4.729294207044584E-005  -295869.992234194     
  4.772162075084440E-005  -293210.808144248     
  4.815418511487740E-005  -290575.511246496     
  4.859067038365101E-005  -287963.886964611     
  4.903111209752699E-005  -285375.722649788     
  4.947554611901656E-005  -282810.807563422     
  4.992400863570044E-005  -280268.932859954     
  5.037653616317547E-005  -277749.891569864     
  5.083316554802770E-005  -275253.478582819     
  5.129393397083275E-005  -272779.490630973     
  5.175887894918308E-005  -270327.726272415     
  5.222803834074291E-005  -267897.985874765     
  5.270145034633066E-005  -265490.071598924     
  5.317915351302945E-005  -263103.787382963     
  5.366118673732580E-005  -260738.938926154     
  5.414758926827665E-005  -258395.333673158     
  5.463840071070526E-005  -256072.780798339     
  5.513366102842588E-005  -253771.091190232     
  5.563341054749792E-005  -251490.077436138     
  5.613768995950929E-005  -249229.553806872     
  5.664654032488980E-005  -246989.336241633     
  5.716000307625439E-005  -244769.242333023     
  5.767812002177676E-005  -242569.091312190     
  5.820093334859357E-005  -240388.704034112     
  5.872848562623948E-005  -238227.902963008     
  5.926081981011327E-005  -236086.512157887     
  5.979797924497556E-005  -233964.357258214     
  6.034000766847802E-005  -231861.265469721     
  6.088694921472463E-005  -229777.065550334     
  6.143884841786541E-005  -227711.587796229     
  6.199575021572240E-005  -225664.664028015     
  6.255769995344874E-005  -223636.127577040     
  6.312474338722088E-005  -221625.813271821     
  6.369692668796422E-005  -219633.557424594     
  6.427429644511246E-005  -217659.197817986     
  6.485689967040124E-005  -215702.573691808     
  6.544478380169581E-005  -213763.525729962     
  6.603799670685384E-005  -211841.896047474     
  6.663658668762284E-005  -209937.528177632     
  6.724060248357320E-005  -208050.267059252     
  6.785009327606664E-005  -206179.959024048     
  6.846510869226082E-005  -204326.451784122     
  6.908569880915023E-005  -202489.594419564     
  6.971191415764354E-005  -200669.237366161     
  7.034380572667813E-005  -198865.232403222     
  7.098142496737175E-005  -197077.432641508     
  7.162482379721186E-005  -195305.692511272     
  7.227405460428308E-005  -193549.867750406     
  7.292917025153266E-005  -191809.815392693     
  7.359022408107492E-005  -190085.393756169     
  7.425726991853452E-005  -188376.462431585     
  7.493036207742919E-005  -186682.882270975     
  7.560955536359210E-005  -185004.515376324     
  7.629490507963441E-005  -183341.225088345     
  7.698646702944825E-005  -181692.875975344     
  7.768429752275042E-005  -180059.333822200     
  7.838845337966744E-005  -178440.465619430     
  7.909899193536195E-005  -176836.139552366     
  7.981597104470133E-005  -175246.224990416     
  8.053944908696831E-005  -173670.592476431     
  8.126948497061454E-005  -172109.113716161     
  8.200613813805713E-005  -170561.661567814     
  8.274946857051869E-005  -169028.110031697     
  8.349953679291120E-005  -167508.334239963     
  8.425640387876426E-005  -166002.210446439     
  8.502013145519786E-005  -164509.616016551     
  8.579078170794037E-005  -163030.429417343     
  8.656841738639190E-005  -161564.530207573     
  8.735310180873363E-005  -160111.799027915     
  8.814489886708348E-005  -158672.117591233     
  8.894387303269833E-005  -157245.368672956     
  8.975008936122359E-005  -155831.436101528     
  9.056361349799039E-005  -154430.204748951     
  9.138451168336051E-005  -153041.560521410     
  9.221285075812004E-005  -151665.390349985     
  9.304869816892180E-005  -150301.582181443     
  9.389212197377710E-005  -148950.024969113     
  9.474319084759731E-005  -147610.608663846     
  9.560197408778563E-005  -146283.224205056     
  9.646854161987959E-005  -144967.763511834     
  9.734296400324460E-005  -143664.119474153     
  9.822531243681926E-005  -142372.185944146     
  9.911565876491256E-005  -141091.857727461     
  1.000140754830539E-004  -139823.030574695     
  1.009206357438956E-004  -138565.601172911     
  1.018354133631698E-004  -137319.467137218     
  1.027584828256985E-004  -136084.527002442     
  1.036899192914582E-004  -134860.680214859     
  1.046297986017004E-004  -133647.827124008     
  1.055781972851262E-004  -132445.868974582     
  1.065351925641180E-004  -131254.707898381     
  1.075008623610269E-004  -130074.246906345     
  1.084752853045178E-004  -128904.389880658     
  1.094585407359717E-004  -127745.041566922     
  1.104507087159453E-004  -126596.107566399     
  1.114518700306910E-004  -125457.494328326     
  1.124621061987336E-004  -124329.109142297     
  1.134814994775087E-004  -123210.860130714     
  1.145101328700603E-004  -122102.656241309     
  1.155480901317989E-004  -121004.407239724     
  1.165954557773214E-004  -119916.023702171     
  1.176523150872928E-004  -118837.417008146     
  1.187187541153899E-004  -117768.499333213     
  1.197948596953079E-004  -116709.183641856     
  1.208807194478312E-004  -115659.383680389     
  1.219764217879676E-004  -114619.013969937     
  1.230820559321474E-004  -113587.989799472     
  1.241977119054878E-004  -112566.227218915     
  1.253234805491230E-004  -111553.643032306     
  1.264594535276010E-004  -110550.154791024     
  1.276057233363472E-004  -109555.680787076     
  1.287623833091957E-004  -108570.140046445     
  1.299295276259891E-004  -107593.452322495     
  1.311072513202467E-004  -106625.538089437     
  1.322956502869028E-004  -105666.318535857     
  1.334948212901147E-004  -104715.715558293     
  1.347048619711415E-004  -103773.651754881     
  1.359258708562949E-004  -102840.050419050     
  1.371579473649610E-004  -101914.835533276     
  1.384011918176957E-004  -100997.931762894     
  1.396557054443934E-004  -100089.264449962     
  1.409215903925290E-004  -99188.7596071841     
  1.421989497354760E-004  -98296.3439118840     
  1.434878874808983E-004  -97411.9447000365     
  1.447885085792191E-004  -96535.4899603502     
  1.461009189321669E-004  -95666.9083284042     
  1.474252254013979E-004  -94806.1290808370     
  1.487615358171972E-004  -93953.0821295884     
  1.501099589872590E-004  -93107.6980161924     
  1.514706047055458E-004  -92269.9079061217     
  1.528435837612286E-004  -91439.6435831827     
  1.542290079477077E-004  -90616.8374439614     
  1.556269900717151E-004  -89801.4224923186     
  1.570376439625001E-004  -88993.3323339349     
  1.584610844810973E-004  -88192.5011709048     
  1.598974275296793E-004  -87398.8637963788     
  1.613467900609942E-004  -86612.3555892542     
  1.628092900878874E-004  -85832.9125089135     
  1.642850466929120E-004  -85060.4710900099     
  1.657741800380235E-004  -84294.9684372994     
  1.672768113743654E-004  -83536.3422205200     
  1.687930630521406E-004  -82784.5306693165     
  1.703230585305746E-004  -82039.4725682106     
  1.718669223879674E-004  -81301.1072516168     
  1.734247803318375E-004  -80569.3745989027     
  1.749967592091576E-004  -79844.2150294937     
  1.765829870166824E-004  -79125.5694980215     
  1.781835929113715E-004  -78413.3794895169     
  1.797987072209051E-004  -77707.5870146448     
  1.814284614542961E-004  -77008.1346049829     
  1.830729883125981E-004  -76314.9653083417     
  1.847324216997103E-004  -75628.0226841282     
  1.864068967332809E-004  -74947.2507987495     
  1.880965497557083E-004  -74272.5942210587     
  1.898015183452431E-004  -73603.9980178415     
  1.915219413271901E-004  -72941.4077493436     
  1.932579587852119E-004  -72284.7694648375     
  1.950097120727354E-004  -71634.0296982298     
  1.967773438244610E-004  -70989.1354637079     
  1.985609979679768E-004  -70350.0342514257     
  2.003608197354774E-004  -69716.6740232278     
  2.021769556755895E-004  -69089.0032084126     
  2.040095536653045E-004  -68466.9706995330     
  2.058587629220192E-004  -67850.5258482354     
  2.077247340156856E-004  -67239.6184611350     
  2.096076188810708E-004  -66634.1987957298     
  2.115075708301287E-004  -66034.2175563494     
  2.134247445644822E-004  -65439.6258901419     
  2.153592961880209E-004  -64850.3753830959     
  2.173113832196106E-004  -64266.4180560981     
  2.192811646059198E-004  -63687.7063610270     
  2.212688007343617E-004  -63114.1931768815     
  2.232744534461529E-004  -62545.8318059435     
  2.252982860494922E-004  -61982.5759699763     
  2.273404633328570E-004  -61424.3798064559     
  2.294011515784214E-004  -60871.1978648370     
  2.314805185755954E-004  -60322.9851028522     
  2.335787336346870E-004  -59779.6968828441     
  2.356959676006884E-004  -59241.2889681315     
  2.378323928671863E-004  -58707.7175194067     
  2.399881833903994E-004  -58178.9390911663     
  2.421635147033425E-004  -57654.9106281737     
  2.443585639301188E-004  -57135.5894619534     
  2.465735098003421E-004  -56620.9333073165     
  2.488085326636904E-004  -56110.9002589179     
  2.510638145045895E-004  -55605.4487878442     
  2.533395389570319E-004  -55104.5377382322     
  2.556358913195284E-004  -54608.1263239177     
  2.579530585701961E-004  -54116.1741251149     
  2.602912293819829E-004  -53628.6410851248     
  2.626505941380300E-004  -53145.4875070739     
  2.650313449471734E-004  -52666.6740506820     
  2.674336756595865E-004  -52192.1617290587     
  2.698577818825641E-004  -51721.9119055289     
  2.723038609964493E-004  -51255.8862904873     
  2.747721121707051E-004  -50794.0469382803     
  2.772627363801317E-004  -50336.3562441165     
  2.797759364212304E-004  -49882.7769410044     
  2.823119169287166E-004  -49433.2720967187     
  2.848708843921812E-004  -48987.8051107924     
  2.874530471729045E-004  -48546.3397115370     
  2.900586155208215E-004  -48108.8399530892     
  2.926878015916412E-004  -47675.2702124838     
  2.953408194641212E-004  -47245.5951867532     
  2.980178851574993E-004  -46819.7798900531     
  3.007192166490818E-004  -46397.7896508135     
  3.034450338919929E-004  -45979.5901089158     
  3.061955588330835E-004  -45565.1472128950     
  3.089710154310034E-004  -45154.4272171673     
  3.117716296744369E-004  -44747.3966792818     
  3.145976296005033E-004  -44344.0224571984     
  3.174492453133251E-004  -43944.2717065884     
  3.203267090027637E-004  -43548.1118781606     
  3.232302549633254E-004  -43155.5107150110     
  3.261601196132380E-004  -42766.4362499962     
  3.291165415137019E-004  -42380.8568031305     
  3.320997613883140E-004  -41998.7409790067     
  3.351100221426683E-004  -41620.0576642391     
  3.381475688841349E-004  -41244.7760249309     
  3.412126489418168E-004  -40872.8655041630     
  3.443055118866891E-004  -40504.2958195063     
  3.474264095519195E-004  -40139.0369605557     
  3.505755960533742E-004  -39777.0591864868     
  3.537533278103081E-004  -39418.3330236340     
  3.569598635662447E-004  -39062.8292630909     
  3.601954644100427E-004  -38710.5189583318     
  3.634603937971559E-004  -38361.3734228551     
  3.667549175710843E-004  -38015.3642278468     
  3.700793039850204E-004  -37672.4631998668     
  3.734338237236909E-004  -37332.6424185537     
  3.768187499253978E-004  -36995.8742143524     
  3.802343582042576E-004  -36662.1311662607     
  3.836809266726433E-004  -36331.3860995963     
  3.871587359638294E-004  -36003.6120837850     
  3.906680692548419E-004  -35678.7824301669     
  3.942092122895163E-004  -35356.8706898239     
  3.977824534017631E-004  -35037.8506514260     
  4.013880835390458E-004  -34721.6963390972     
  4.050263962860710E-004  -34408.3820102999     
  4.086976878886924E-004  -34097.8821537396     
  4.124022572780338E-004  -33790.1714872872     
  4.161404060948275E-004  -33485.2249559206     
  4.199124387139766E-004  -33183.0177296843     
  4.237186622693375E-004  -32883.5252016681     
  4.275593866787281E-004  -32586.7229860034     
  4.314349246691630E-004  -32292.5869158774     
  4.353455918023165E-004  -32001.0930415653     
  4.392917065002170E-004  -31712.2176284807     
  4.432735900711743E-004  -31425.9371552425     
  4.472915667359415E-004  -31142.2283117599     
  4.513459636541149E-004  -30861.0679973345     
  4.554371109507718E-004  -30582.4333187793     
  4.595653417433515E-004  -30306.3015885545     
  4.637309921687786E-004  -30032.6503229202     
  4.679344014108323E-004  -29761.4572401061     
  4.721759117277648E-004  -29492.7002584965     
  4.764558684801685E-004  -29226.3574948332     
  4.807746201590974E-004  -28962.4072624329     
  4.851325184144422E-004  -28700.8280694217     
  4.895299180835631E-004  -28441.5986169853     
  4.939671772201819E-004  -28184.6977976345     
  4.984446571235367E-004  -27930.1046934867     
  5.029627223677997E-004  -27677.7985745628     
  5.075217408317627E-004  -27427.7588970987     
  5.121220837287909E-004  -27179.9653018735     
  5.167641256370485E-004  -26934.3976125509     
  5.214482445299994E-004  -26691.0358340367     
  5.261748218071815E-004  -26449.8601508510     
  5.309442423252635E-004  -26210.8509255142     
  5.357568944293802E-004  -25973.9886969484     
  5.406131699847539E-004  -25739.2541788927     
  5.455134644086014E-004  -25506.6282583330     
  5.504581767023298E-004  -25276.0919939454     
  5.554477094840260E-004  -25047.6266145541     
  5.604824690212385E-004  -24821.2135176033     
  5.655628652640574E-004  -24596.8342676417     
  5.706893118784948E-004  -24374.4705948224     
  5.758622262801664E-004  -24154.1043934145     
  5.810820296682796E-004  -23935.7177203293     
  5.863491470599289E-004  -23719.2927936592     
  5.916640073247029E-004  -23504.8119912297     
  5.970270432196039E-004  -23292.2578491646     
  6.024386914242853E-004  -23081.6130604642     
  6.078993925766075E-004  -22872.8604735959     
  6.134095913085166E-004  -22665.9830910977     
  6.189697362822479E-004  -22460.9640681942     
  6.245802802268575E-004  -22257.7867114250     
  6.302416799750860E-004  -22056.4344772854     
  6.359543965005551E-004  -21856.8909708798     
  6.417188949553019E-004  -21659.1399445861     
  6.475356447076538E-004  -21463.1652967332     
  6.534051193804459E-004  -21268.9510702897     
  6.593277968895853E-004  -21076.4814515648     
  6.653041594829656E-004  -20885.7407689207     
  6.713346937797323E-004  -20696.7134914963     
  6.774198908099062E-004  -20509.3842279428     
  6.835602460543644E-004  -20323.7377251708     
  6.897562594851849E-004  -20139.7588671074     
  6.960084356063555E-004  -19957.4326734664     
  7.023172834948537E-004  -19776.7442985281     
  7.086833168420963E-004  -19597.6790299304     
  7.151070539957674E-004  -19420.2222874711     
  7.215890180020238E-004  -19244.3596219204     
  7.281297366480838E-004  -19070.0767138450     
  7.347297425052010E-004  -18897.3593724413     
  7.413895729720292E-004  -18726.1935343809     
  7.481097703183792E-004  -18556.5652626644     
  7.548908817293726E-004  -18388.4607454877     
  7.617334593499954E-004  -18221.8662951167     
  7.686380603300567E-004  -18056.7683467729     
  7.756052468695532E-004  -17893.1534575290     
  7.826355862644458E-004  -17731.0083052145     
  7.897296509528520E-004  -17570.3196873304     
  7.968880185616551E-004  -17411.0745199748     
  8.041112719535370E-004  -17253.2598367774     
  8.113999992744381E-004  -17096.8627878433     
  8.187547940014449E-004  -16941.8706387075     
  8.261762549911146E-004  -16788.2707692971     
  8.336649865282361E-004  -16636.0506729045     
  8.412215983750329E-004  -16485.1979551687     
  8.488467058208123E-004  -16335.7003330661     
  8.565409297320651E-004  -16187.5456339104     
  8.643048966030194E-004  -16040.7217943614     
  8.721392386066505E-004  -15895.2168594431     
  8.800445936461572E-004  -15751.0189815697     
  8.880216054069008E-004  -15608.1164195814     
  8.960709234088174E-004  -15466.4975377881     
  9.041932030593036E-004  -15326.1508050222     
  9.123891057065830E-004  -15187.0647936996     
  9.206592986935559E-004  -15049.2281788890     
  9.290044554121363E-004  -14912.6297373902     
  9.374252553580825E-004  -14777.2583468200     
  9.459223841863248E-004  -14643.1029847065     
  9.544965337667935E-004  -14510.1527275919     
  9.631484022407543E-004  -14378.3967501428     
  9.718786940776531E-004  -14247.8243242689     
  9.806881201324773E-004  -14118.4248182493     
  9.895773977036362E-004  -13990.1876958672     
  9.985472505913658E-004  -13863.1025155516     
  1.007598409156665E-003  -13737.1589295272     
  1.016731610380762E-003  -13612.3466829721     
  1.025947597925126E-003  -13488.6556131825     
  1.035247122192013E-003  -13366.0756487454     
  1.044630940385574E-003  -13244.5968087185     
  1.054099816573504E-003  -13124.2092018173     
  1.063654521749257E-003  -13004.9030256102     
  1.073295833894825E-003  -12886.6685657199     
  1.083024538044081E-003  -12769.4961950326     
  1.092841426346704E-003  -12653.3763729141     
  1.102747298132675E-003  -12538.2996444330     
  1.112742959977363E-003  -12424.2566395908     
  1.122829225767200E-003  -12311.2380725590     
  1.133006916765950E-003  -12199.2347409230     
  1.143276861681583E-003  -12088.2375249326     
  1.153639896733744E-003  -11978.2373867599     
  1.164096865721850E-003  -11869.2253697629     
  1.174648620093790E-003  -11761.1925977566     
  1.185296019015255E-003  -11654.1302742901     
  1.196039929439696E-003  -11548.0296819303     
  1.206881226178910E-003  -11442.8821815523     
  1.217820791974278E-003  -11338.6792116356     
  1.228859517568634E-003  -11235.4122875674     
  1.239998301778799E-003  -11133.0730009517     
  1.251238051568761E-003  -11031.6530189243     
  1.262579682123528E-003  -10931.1440834746     
  1.274024116923641E-003  -10831.5380107732     
  1.285572287820373E-003  -10732.8266905056     
  1.297225135111600E-003  -10635.0020852114     
  1.308983607618368E-003  -10538.0562296305     
  1.320848662762142E-003  -10441.9812300541     
  1.332821266642773E-003  -10346.7692636820     
  1.344902394117154E-003  -10252.4125779858     
  1.357093028878599E-003  -10158.9034900776     
  1.369394163536941E-003  -10066.2343860843     
  1.381806799699354E-003  -9974.39772052798     
  1.394331948051904E-003  -9883.38601571107     
  1.406970628441846E-003  -9793.19186110787     
  1.419723869960667E-003  -9703.80791276094     
  1.432592711027871E-003  -9615.22689268324     
  1.445578199475539E-003  -9527.44158826548     
  1.458681392633644E-003  -9440.44485168882     
  1.471903357416141E-003  -9354.22959934295     
  1.485245170407844E-003  -9268.78881124925     
  1.498707917952083E-003  -9184.11553048921     
  1.512292696239160E-003  -9100.20286263798     
  1.526000611395601E-003  -9017.04397520303     
  1.539832779574228E-003  -8934.63209706776     
  1.553790327045034E-003  -8852.96051794024     
  1.567874390286892E-003  -8772.02258780678     
  1.582086116080092E-003  -8691.81171639052     
  1.596426661599714E-003  -8612.32137261475     
  1.610897194509852E-003  -8533.54508407121     
  1.625498893058689E-003  -8455.47643649301     
  1.640232946174431E-003  -8378.10907323244     
  1.655100553562124E-003  -8301.43669474330     
  1.670102925801328E-003  -8225.45305806803     
  1.685241284444692E-003  -8150.15197632939     
  1.700516862117420E-003  -8075.52731822664     
  1.715930902617631E-003  -8001.57300753641     
  1.731484661017638E-003  -7928.28302261786     
  1.747179403766138E-003  -7855.65139592242     
  1.763016408791335E-003  -7783.67221350790     
  1.778996965604991E-003  -7712.33961455694     
  1.795122375407422E-003  -7641.64779089982     
  1.811393951193451E-003  -7571.59098654151     
  1.827813017859316E-003  -7502.16349719302     
  1.844380912310545E-003  -7433.35966980697     
  1.861098983570816E-003  -7365.17390211723     
  1.877968592891797E-003  -7297.60064218282     
  1.894991113863988E-003  -7230.63438793584     
  1.912167932528561E-003  -7164.26968673346     
  1.929500447490218E-003  -7098.50113491398     
  1.946990070031071E-003  -7033.32337735680     
  1.964638224225554E-003  -6968.73110704646     
  1.982446347056379E-003  -6904.71906464045     
  2.000415888531535E-003  -6841.28203804104     
  2.018548311802362E-003  -6778.41486197084     
  2.036845093282677E-003  -6716.11241755230     
  2.055307722768998E-003  -6654.36963189083     
  2.073937703561844E-003  -6593.18147766184     
  2.092736552588141E-003  -6532.54297270131     
  2.111705800524735E-003  -6472.44917960023     
  2.130846991923031E-003  -6412.89520530247     
  2.150161685334749E-003  -6353.87620070647     
  2.169651453438832E-003  -6295.38736027036     
  2.189317883169500E-003  -6237.42392162070     
  2.209162575845461E-003  -6179.98116516471     
  2.229187147300302E-003  -6123.05441370599     
  2.249393228014052E-003  -6066.63903206368     
  2.269782463245943E-003  -6010.73042669507     
  2.290356513168375E-003  -5955.32404532158     
  2.311117053002094E-003  -5900.41537655807     
  2.332065773152593E-003  -5845.99994954558     
  2.353204379347753E-003  -5792.07333358723     
  2.374534592776731E-003  -5738.63113778751     
  2.396058150230103E-003  -5685.66901069473     
  2.417776804241284E-003  -5633.18263994674     
  2.439692323229224E-003  -5581.16775191982     
  2.461806491642399E-003  -5529.62011138067     
  2.484121110104111E-003  -5478.53552114160     
  2.506637995559099E-003  -5427.90982171877     
  2.529358981421483E-003  -5377.73889099355     
  2.552285917724048E-003  -5328.01864387685     
  2.575420671268879E-003  -5278.74503197651     
  2.598765125779368E-003  -5229.91404326770     
  2.622321182053589E-003  -5181.52170176622     
  2.646090758119071E-003  -5133.56406720481     
  2.670075789388972E-003  -5086.03723471228     
  2.694278228819669E-003  -5038.93733449560     
  2.718700047069769E-003  -4992.26053152482     
  2.743343232660578E-003  -4946.00302522078     
  2.768209792138005E-003  -4900.16104914572     
  2.793301750235948E-003  -4854.73087069654     
  2.818621150041154E-003  -4809.70879080097     
  2.844170053159579E-003  -4765.09114361631     
  2.869950539884245E-003  -4720.87429623099     
  2.895964709364632E-003  -4677.05464836880     
  2.922214679777596E-003  -4633.62863209571     
  2.948702588499840E-003  -4590.59271152935     
  2.975430592281948E-003  -4547.94338255121     
  3.002400867423997E-003  -4505.67717252121     
  3.029615609952758E-003  -4463.79063999506     
  3.057077035800506E-003  -4422.28037444399     
  3.084787380985451E-003  -4381.14299597710     
  3.112748901793804E-003  -4340.37515506613     
  3.140963874963487E-003  -4299.97353227280     
  3.169434597869523E-003  -4259.93483797848     
  3.198163388711091E-003  -4220.25581211640     
  3.227152586700285E-003  -4180.93322390618     
  3.256404552252581E-003  -4141.96387159081     
  3.285921667179035E-003  -4103.34458217592     
  3.315706334880215E-003  -4065.07221117151     
  3.345760980541893E-003  -4027.14364233584     
  3.376088051332525E-003  -3989.55578742179     
  3.406690016602496E-003  -3952.30558592535     
  3.437569368085193E-003  -3915.39000483650     
  3.468728620099885E-003  -3878.80603839221     
  3.500170309756455E-003  -3842.55070783175     
  3.531896997161979E-003  -3806.62106115416     
  3.563911265629179E-003  -3771.01417287787     
  3.596215721886769E-003  -3735.72714380258     
  3.628812996291703E-003  -3700.75710077315     
  3.661705743043349E-003  -3666.10119644569     
  3.694896640399607E-003  -3631.75660905576     
  3.728388390894981E-003  -3597.72054218861     
  3.762183721560631E-003  -3563.99022455150     
  3.796285384146419E-003  -3530.56290974807     
  3.830696155344964E-003  -3497.43587605476     
  3.865418837017740E-003  -3464.60642619919     
  3.900456256423203E-003  -3432.07188714057     
  3.935811266447007E-003  -3399.82960985205     
  3.971486745834292E-003  -3367.87696910509     
  4.007485599424086E-003  -3336.21136325568     
  4.043810758385826E-003  -3304.83021403255     
  4.080465180458027E-003  -3273.73096632727     
  4.117451850189114E-003  -3242.91108798618     
  4.154773779180431E-003  -3212.36806960428     
  4.192434006331462E-003  -3182.09942432092     
  4.230435598087271E-003  -3152.10268761730     
  4.268781648688179E-003  -3122.37541711587     
  4.307475280421713E-003  -3092.91519238146     
  4.346519643876836E-003  -3063.71961472422     
  4.385917918200478E-003  -3034.78630700436     
  4.425673311356394E-003  -3006.11291343860     
  4.465789060386374E-003  -2977.69709940835     
  4.506268431673809E-003  -2949.53655126973     
  4.547114721209659E-003  -2921.62897616511     
  4.588331254860820E-003  -2893.97210183652     
  4.629921388640938E-003  -2866.56367644061     
  4.671888508983656E-003  -2839.40146836538     
  4.714236033018364E-003  -2812.48326604844     
  4.756967408848427E-003  -2785.80687779701     
  4.800086115831946E-003  -2759.37013160949     
  4.843595664865059E-003  -2733.17087499862     
  4.887499598667817E-003  -2707.20697481624     
  4.931801492072641E-003  -2681.47631707968     
  4.976504952315400E-003  -2655.97680679962     
  5.021613619329132E-003  -2630.70636780956     
  5.067131166040411E-003  -2605.66294259678     
  5.113061298668426E-003  -2580.84449213490     
  5.159407757026740E-003  -2556.24899571781     
  5.206174314827813E-003  -2531.87445079525     
  5.253364779990265E-003  -2507.71887280973     
  5.300982994948937E-003  -2483.78029503502     
  5.349032836967751E-003  -2460.05676841602     
  5.397518218455421E-003  -2436.54636141013     
  5.446443087284010E-003  -2413.24715982996     
  5.495811427110383E-003  -2390.15726668759     
  5.545627257700573E-003  -2367.27480204007     
  5.595894635257084E-003  -2344.59790283644     
  5.646617652749169E-003  -2322.12472276605     
  5.697800440246086E-003  -2299.85343210831     
  5.749447165253396E-003  -2277.78221758367     
  5.801562033052290E-003  -2255.90928220612     
  5.854149287042002E-003  -2234.23284513683     
  5.907213209085320E-003  -2212.75114153925     
  5.960758119857240E-003  -2191.46242243543     
  6.014788379196764E-003  -2170.36495456367     
  6.069308386461907E-003  -2149.45702023745     
  6.124322580887891E-003  -2128.73691720559     
  6.179835441948628E-003  -2108.20295851370     
  6.235851489721434E-003  -2087.85347236692     
  6.292375285255095E-003  -2067.68680199378     
  6.349411430941226E-003  -2047.70130551141     
  6.406964570889021E-003  -2027.89535579187     
  6.465039391303405E-003  -2008.26734032972     
  6.523640620866590E-003  -1988.81566111082     
  6.582773031123111E-003  -1969.53873448222     
  6.642441436868342E-003  -1950.43499102327     
  6.702650696540533E-003  -1931.50287541796     
  6.763405712616410E-003  -1912.74084632825     
  6.824711432010346E-003  -1894.14737626870     
  6.886572846477165E-003  -1875.72095148211     
  6.948994993018587E-003  -1857.46007181638     
  7.011982954293360E-003  -1839.36325060235     
  7.075541859031115E-003  -1821.42901453291     
  7.139676882449961E-003  -1803.65590354301     
  7.204393246677876E-003  -1786.04247069094     
  7.269696221177915E-003  -1768.58728204048     
  7.335591123177265E-003  -1751.28891654432     
  7.402083318100196E-003  -1734.14596592834     
  7.469178220004940E-003  -1717.15703457707     
  7.536881292024522E-003  -1700.32073942009     
  7.605198046811589E-003  -1683.63570981952     
  7.674134046987273E-003  -1667.10058745850     
  7.743694905594121E-003  -1650.71402623063     
  7.813886286553131E-003  -1634.47469213049     
  7.884713905124935E-003  -1618.38126314507     
  7.956183528375151E-003  -1602.43242914622     
  8.028300975643967E-003  -1586.62689178407     
  8.101072119019970E-003  -1570.96336438140     
  8.174502883818281E-003  -1555.44057182893     
  8.248599249063005E-003  -1540.05725048162     
  8.323367247974084E-003  -1524.81214805587     
  8.398812968458534E-003  -1509.70402352761     
  8.474942553606144E-003  -1494.73164703141     
  8.551762202189684E-003  -1479.89379976035     
  8.629278169169627E-003  -1465.18927386697     
  8.707496766203440E-003  -1450.61687236495     
  8.786424362159526E-003  -1436.17540903178     
  8.866067383635792E-003  -1421.86370831228     
  8.946432315482920E-003  -1407.68060522298     
  9.027525701332409E-003  -1393.62494525736     
  9.109354144129365E-003  -1379.69558429198     
  9.191924306670146E-003  -1365.89138849340     
  9.275242912144875E-003  -1352.21123422600     
  9.359316744684871E-003  -1338.65400796059     
  9.444152649915025E-003  -1325.21860618385     
  9.529757535511224E-003  -1311.90393530863     
  9.616138371762770E-003  -1298.70891158500     
  9.703302192139961E-003  -1285.63246101214     
  9.791256093866753E-003  -1272.67351925099     
  9.880007238498670E-003  -1259.83103153778     
  9.969562852505914E-003  -1247.10395259821     
  1.005993022786177E-002  -1234.49124656250     
  1.015111672263635E-002  -1221.99188688120     
  1.024312976159573E-002  -1209.60485624170     
  1.033597683680647E-002  -1197.32914648557     
  1.042966550824569E-002  -1185.16375852661     
  1.052420340441661E-002  -1173.10770226964     
  1.061959822296969E-002  -1161.15999653001     
  1.071585773132940E-002  -1149.31966895390     
  1.081298976732670E-002  -1137.58575593927     
  1.091100223983721E-002  -1125.95730255758     
  1.100990312942517E-002  -1114.43336247615     
  1.110970048899328E-002  -1103.01299788133     
  1.121040244443836E-002  -1091.69527940225     
  1.131201719531303E-002  -1080.47928603536     
  1.141455301549333E-002  -1069.36410506955     
  1.151801825385241E-002  -1058.34883201208     
  1.162242133494035E-002  -1047.43257051504     
  1.172777075967009E-002  -1036.61443230261     
  1.183407510600962E-002  -1025.89353709885     
  1.194134302968045E-002  -1015.26901255626     
  1.204958326486237E-002  -1004.73999418494     
  1.215880462490462E-002  -994.305625282359     
  1.226901600304354E-002  -983.965056863811     
  1.238022637312665E-002  -973.717447593503     
  1.249244479034337E-002  -963.561963716236     
  1.260568039196230E-002  -953.497778989730     
  1.271994239807524E-002  -943.524074617560     
  1.283524011234792E-002  -933.640039182700     
  1.295158292277752E-002  -923.844868581676     
  1.306898030245710E-002  -914.137765959308     
  1.318744181034694E-002  -904.517941644062     
  1.330697709205286E-002  -894.984613083977     
  1.342759588061158E-002  -885.537004783184     
  1.354930799728327E-002  -876.174348238997     
  1.367212335235120E-002  -866.895881879588     
  1.379605194592869E-002  -857.700851002217     
  1.392110386877336E-002  -848.588507712039     
  1.404728930310874E-002  -839.558110861461     
  1.417461852345336E-002  -830.608925990055     
  1.430310189745737E-002  -821.740225265023     
  1.443274988674665E-002  -812.951287422203     
  1.456357304777472E-002  -804.241397707615     
  1.469558203268220E-002  -795.609847819545     
  1.482878759016423E-002  -787.055935851155     
  1.496320056634561E-002  -778.578966233623     
  1.509883190566396E-002  -770.178249679800     
  1.523569265176088E-002  -761.853103128388     
  1.537379394838112E-002  -753.602849688625     
  1.551314704028000E-002  -745.426818585484     
  1.565376327413896E-002  -737.324345105370     
  1.579565409948947E-002  -729.294770542321     
  1.593883106964529E-002  -721.337442144700     
  1.608330584264320E-002  -713.451713062377     
  1.622909018219223E-002  -705.636942294402     
  1.637619595863152E-002  -697.892494637157     
  1.652463514989683E-002  -690.217740632987     
  1.667441984249586E-002  -682.612056519304     
  1.682556223249235E-002  -675.074824178161     
  1.697807462649915E-002  -667.605431086294     
  1.713196944268027E-002  -660.203270265627     
  1.728725921176203E-002  -652.867740234228     
  1.744395657805333E-002  -645.598244957727     
  1.760207430047522E-002  -638.394193801183     
  1.776162525359980E-002  -631.255001481394     
  1.792262242869847E-002  -624.180088019651     
  1.808507893479977E-002  -617.168878694937     
  1.824900799975677E-002  -610.220803997550     
  1.841442297132410E-002  -603.335299583170     
  1.858133731824483E-002  -596.511806227346     
  1.874976463134708E-002  -589.749769780407     
  1.891971862465070E-002  -583.048641122805     
  1.909121313648391E-002  -576.407876120859     
  1.926426213061003E-002  -569.826935582927     
  1.943887969736451E-002  -563.305285215981     
  1.961508005480219E-002  -556.842395582591     
  1.979287754985504E-002  -550.437742058316     
  1.997228665950027E-002  -544.090804789489     
  2.015332199193915E-002  -537.801068651405     
  2.033599828778649E-002  -531.568023206901     
  2.052033042127081E-002  -525.391162665327     
  2.070633340144551E-002  -519.269985841901     
  2.089402237341098E-002  -513.203996117456     
  2.108341261954770E-002  -507.192701398561     
  2.127451956076069E-002  -501.235614078023     
  2.146735875773506E-002  -495.332250995763     
  2.166194591220306E-002  -489.482133400070     
  2.185829686822258E-002  -483.684786909212     
  2.205642761346724E-002  -477.939741473425     
  2.225635428052811E-002  -472.246531337259     
  2.245809314822739E-002  -466.604695002284     
  2.266166064294382E-002  -461.013775190159     
  2.286707333995021E-002  -455.473318806047     
  2.307434796476304E-002  -449.982876902389     
  2.328350139450437E-002  -444.542004643024     
  2.349455065927598E-002  -439.150261267654     
  2.370751294354607E-002  -433.807210056654     
  2.392240558754848E-002  -428.512418296227     
  2.413924608869459E-002  -423.265457243888     
  2.435805210299802E-002  -418.065902094288     
  2.457884144651230E-002  -412.913331945378     
  2.480163209678146E-002  -407.807329764889     
  2.502644219430387E-002  -402.747482357154     
  2.525329004400931E-002  -397.733380330245     
  2.548219411674944E-002  -392.764618063437     
  2.571317305080172E-002  -387.840793674997     
  2.594624565338708E-002  -382.961508990279     
  2.618143090220122E-002  -378.126369510149     
  2.641874794695990E-002  -373.334984379710     
  2.665821611095814E-002  -368.586966357349     
  2.689985489264363E-002  -363.881931784082     
  2.714368396720436E-002  -359.219500553218     
  2.738972318817065E-002  -354.599296080313     
  2.763799258903172E-002  -350.020945273436     
  2.788851238486685E-002  -345.484078503731     
  2.814130297399145E-002  -340.988329576276     
  2.839638493961789E-002  -336.533335701238     
  2.865377905153151E-002  -332.118737465319     
  2.891350626778178E-002  -327.744178803500     
  2.917558773638878E-002  -323.409306971062     
  2.944004479706513E-002  -319.113772515907     
  2.970689898295362E-002  -314.857229251154     
  2.997617202238044E-002  -310.639334228021     
  3.024788584062446E-002  -306.459747708992     
  3.052206256170242E-002  -302.318133141255     
  3.079872451017040E-002  -298.214157130424     
  3.107789421294153E-002  -294.147489414532     
  3.135959440112024E-002  -290.117802838300     
  3.164384801185314E-002  -286.124773327672     
  3.193067819019661E-002  -282.168079864628     
  3.222010829100141E-002  -278.247404462259     
  3.251216188081426E-002  -274.362432140106     
  3.280686273979679E-002  -270.512850899768     
  3.310423486366179E-002  -266.698351700773     
  3.340430246562700E-002  -262.918628436702     
  3.370708997838670E-002  -259.173377911580     
  3.401262205610110E-002  -255.462299816521     
  3.432092357640377E-002  -251.785096706630     
  3.463201964242725E-002  -248.141473978155     
  3.494593558484712E-002  -244.531139845896     
  3.526269696394447E-002  -240.953805320864     
  3.558232957168710E-002  -237.409184188184     
  3.590485943382966E-002  -233.896992985256     
  3.623031281203275E-002  -230.416950980150     
  3.655871620600123E-002  -226.968780150253     
  3.689009635564194E-002  -223.552205161158     
  3.722448024324098E-002  -220.166953345796     
  3.756189509566071E-002  -216.812754683800     
  3.790236838655667E-002  -213.489341781117     
  3.824592783861459E-002  -210.196449849854     
  3.859260142580766E-002  -206.933816688359     
  3.894241737567434E-002  -203.701182661536     
  3.929540417161668E-002  -200.498290681393     
  3.965159055521964E-002  -197.324886187822     
  4.001100552859127E-002  -194.180717129613     
  4.037367835672421E-002  -191.065533945688     
  4.073963856987855E-002  -187.979089546571     
  4.110891596598631E-002  -184.921139296080     
  4.148154061307771E-002  -181.891440993244     
  4.185754285172942E-002  -178.889754854447     
  4.223695329753500E-002  -175.915843495789     
  4.261980284359776E-002  -172.969471915670     
  4.300612266304620E-002  -170.050407477600     
  4.339594421157222E-002  -167.158419893215     
  4.378929922999243E-002  -164.293281205523     
  4.418621974683254E-002  -161.454765772355     
  4.458673808093528E-002  -158.642650250044     
  4.499088684409196E-002  -155.856713577301     
  4.539869894369781E-002  -153.096736959317     
  4.581020758543142E-002  -150.362503852073     
  4.622544627595852E-002  -147.653799946854     
  4.664444882566025E-002  -144.970413154978     
  4.706724935138598E-002  -142.312133592732     
  4.749388227923149E-002  -139.678753566513     
  4.792438234734182E-002  -137.070067558171     
  4.835878460873998E-002  -134.485872210562     
  4.879712443418103E-002  -131.925966313303     
  4.923943751503207E-002  -129.390150788722     
  4.968575986617846E-002  -126.878228678017     
  5.013612782895620E-002  -124.390005127609     
  5.059057807411109E-002  -121.925287375694     
  5.104914760478451E-002  -119.483884738993     
  5.151187375952643E-002  -117.065608599698     
  5.197879421533564E-002  -114.670272392609     
  5.244994699072752E-002  -112.297691592468     
  5.292537044882974E-002  -109.947683701480     
  5.340510330050587E-002  -107.620068237036     
  5.388918460750740E-002  -105.314666719608     
  5.437765378565432E-002  -103.031302660848     
  5.487055060804445E-002  -100.769801551864     
  5.536791520829201E-002  -98.5299908516878     
  5.586978808379540E-002  -96.3116999759199     
  5.637621009903465E-002  -94.1147602855660     
  5.688722248889880E-002  -91.9390050760479     
  5.740286686204343E-002  -89.7842695663970     
  5.792318520427853E-002  -87.6503908886270     
  5.844821988198718E-002  -85.5372080772832     
  5.897801364557527E-002  -83.4445620591670     
  5.951260963295226E-002  -81.3722956432355     
  6.005205137304378E-002  -79.3202535106733     
  6.059638278933580E-002  -77.2882822051357     
  6.114564820345118E-002  -75.2762301231605     
  6.169989233875842E-002  -73.2839475047487     
  6.225916032401325E-002  -71.3112864241106     
  6.282349769703319E-002  -69.3581007805769     
  6.339295040840544E-002  -67.4242462896714     
  6.396756482522829E-002  -65.5095804743453     
  6.454738773488659E-002  -63.6139626563701     
  6.513246634886136E-002  -61.7372539478870     
  6.572284830657384E-002  -59.8793172431121     
  6.631858167926462E-002  -58.0400172101932     
  6.691971497390768E-002  -56.2192202832184     
  6.752629713716010E-002  -54.4167946543725     
  6.813837755934740E-002  -52.6326102662399     
  6.875600607848523E-002  -50.8665388042515     
  6.937923298433718E-002  -49.1184536892730     
  7.000810902250980E-002  -47.3882300703317     
  7.064268539858436E-002  -45.6757448174807     
  7.128301378228624E-002  -43.9808765147958     
  7.192914631169212E-002  -42.3035054535041     
  7.258113559747520E-002  -40.6435136252409     
  7.323903472718903E-002  -39.0007847154306     
  7.390289726959016E-002  -37.3752040967908     
  7.457277727899976E-002  -35.7666588229555     
  7.524872929970507E-002  -34.1750376222131     
  7.593080837040055E-002  -32.6002308913577     
  7.661907002866944E-002  -31.0421306896476     
  7.731357031550568E-002  -29.5006307328719     
  7.801436577987715E-002  -27.9756263875149     
  7.872151348333006E-002  -26.4670146650205     
  7.943507100463512E-002  -24.9746942161499     
  8.015509644447580E-002  -23.4985653254266     
  8.088164843017917E-002  -22.0385299056693     
  8.161478612048954E-002  -20.5944914926027     
  8.235456921038542E-002  -19.1663552395452     
  8.310105793594012E-002  -17.7540279121678     
  8.385431307922639E-002  -16.3574178833181     
  8.461439597326552E-002  -14.9764351279060     
  8.538136850702141E-002  -13.6109912178441     
  8.615529313043969E-002  -12.2609993170382     
  8.693623285953274E-002  -10.9263741764222     
  8.772425128151067E-002  -9.60703212903047     
  8.851941255995879E-002  -8.30289108510271     
  8.932178144006220E-002  -7.01387052721407     
  9.013142325387741E-002  -5.73989150542423     
  9.094840392565212E-002  -4.48087663243862     
  9.177278997719293E-002  -3.23675007877461     
  9.260464853328181E-002  -2.00743756792480     
  9.344404732714173E-002 -0.792866371510911     
  9.429105470595167E-002  0.407034695580393     
  9.514573963641185E-002   1.59233528008824     
  9.600817171035908E-002   2.76310349530203     
  9.687842115043344E-002   3.91940592602992     
  9.775655881579588E-002   5.06130763361895     
  9.864265620789800E-002   6.18887216103710     
  9.953678547630390E-002   7.30216153802660     
  0.100439019424565        8.40123628633812     
  0.101349431516147        9.48615542505711     
  0.102268095880415        10.5569764760315     
  0.103195087318663        11.6137554694137     
  0.104130481310213        12.6565469493256     
  0.105074354018551        13.6854039796616     
  0.106026782297539        14.7003781500387     
  0.106987843697663        15.7015195819080     
  0.107957616472355        16.6888769348402     
  0.108936179584360        17.6624974129979     
  0.109923612712168        18.6224267718089     
  0.110919996256501        19.5687093248542     
  0.111925411346859        20.5013879509863     
  0.112939939848126        21.4205041016915     
  0.113963664367237        22.3260978087124     
  0.114996668259901        23.2182076919470     
  0.116039035637394        24.0968709676394     
  0.117090851373401        24.9621234568811     
  0.118152201110931        25.8139995944382     
  0.119223171269290        26.6525324379240     
  0.120303849051114        27.4777536773342     
  0.121394322449476        28.2896936449649     
  0.122494680255045        29.0883813257314     
  0.123605012063317        29.8738443679096     
  0.124725408281911        30.6461090943186     
  0.125855960137933        31.4052005139668     
  0.126996759685397        32.1511423341831     
  0.128147899812728        32.8839569732551     
  0.129309474250321        33.6036655735970     
  0.130481577578172        34.3102880154703     
  0.131664305233585        35.0038429312828     
  0.132857753518934        35.6843477204878     
  0.134062019609515        36.3518185651108     
  0.135277201561447        37.0062704459283     
  0.136503398319665        37.6477171593256     
  0.137740709725972        38.2761713348595     
  0.138989236527171        38.8916444535540     
  0.140249080383265        39.4941468669573     
  0.141520343875738        40.0836878169881     
  0.142803130515906        40.6602754566006     
  0.144097544753344        41.2239168712977     
  0.145403691984395        41.7746181015236     
  0.146721678560745        42.3123841659654     
  0.148051611798089        42.8372190857965     
  0.149393599984866        43.3491259098926     
  0.150747752391078        43.8481067410534     
  0.152114179277182        44.3341627632632     
  0.153492991903077        44.8072942700231     
  0.154884302537155        45.2675006937902     
  0.156288224465446        45.7147806365562     
  0.157704872000841        46.1491319016026     
  0.159134360492401        46.5705515264658     
  0.160576806334750        46.9790358171491     
  0.162032326977548        47.3745803836166     
  0.163501040935060        47.7571801766062     
  0.164983067795800        48.1268295257979     
  0.166478528232274        48.4835221793737     
  0.167987544010802        48.8272513450069     
  0.169510238001433        49.1580097323179     
  0.171046734187952        49.4757895968330     
  0.172597157677972        49.7805827854838     
  0.174161634713123        50.0723807836854     
  0.175740292679330        50.3511747640285     
  0.177333260117186        50.6169556366247     
  0.178940666732418        50.8697141011396     
  0.180562643406447        51.1094407005522     
  0.182199322207048        51.3361258766748     
  0.183850836399100        51.5497600274698     
  0.185517320455439        51.7503335661994     
  0.187198910067805        51.9378369824403     
  0.188895742157895        52.1122609049990     
  0.190607954888508        52.2735961667590     
  0.192335687674795        52.4218338714927     
  0.194079081195612        52.5569654626677     
  0.195838277404974        52.6789827942767     
  0.197613419543613        52.7878782037206     
  0.199404652150644        52.8836445867678     
  0.201212121075329        52.9662754746185     
  0.203035973488958        53.0357651130939     
  0.204876357896826        53.0921085439719     
  0.206733424150333        53.1353016884885     
  0.208607323459178        53.1653414330210     
  0.210498208403674        53.1822257169670     
  0.212406232947174        53.1859536228288     
  0.214331552448604        53.1765254685143     
  0.216274323675114        53.1539429018560     
  0.218234704814841        53.1182089973523     
  0.220212855489795        53.0693283551279     
  0.222208936768848        53.0073072021083     
  0.224223111180855        52.9321534953966     
  0.226255542727886        52.8438770278419     
  0.228306396898578        52.7424895357769     
  0.230375840681611        52.6280048089037     
  0.232464042579306        52.5004388022979     
  0.234571172621344        52.3598097504967     
  0.236697402378611        52.2061382836326     
  0.238842904977165        52.0394475455656     
  0.241007855112339        51.8597633139621     
  0.243192429062958        51.6671141222627     
  0.245396804705699        51.4615313834722     
  0.247621161529568        51.2430495157005     
  0.249865680650521        51.0117060693727     
  0.252130544826208        50.7675418560215     
  0.254415938470851        50.5106010785645     
  0.256722047670265        50.2409314629629     
  0.259049060197009        49.9585843911469     
  0.261397165525672        49.6636150350853     
  0.263766554848302        49.3560824918667     
  0.266157421089975        49.0360499196512     
  0.268569958924504        48.7035846743389     
  0.271004364790287        48.3587584467925     
  0.273460836906306        48.0016474004422     
  0.275939575288263        47.6323323090851     
  0.278440781764868        47.2508986946862     
  0.280964659994273        46.8574369649707     
  0.283511415480653        46.4520425505894     
  0.286081255590942        46.0348160416242     
  0.288674389571712        45.6058633231905     
  0.291291028566219        45.1652957098783     
  0.293931385631586        44.7132300787622     
  0.296595675756158        44.2497890006987     
  0.299284115877005        43.7751008696126     
  0.301996924897584        43.2893000294652     
  0.304734323705564        42.7925268985798     
  0.307496535190814        42.2849280909899     
  0.310283784263548        41.7666565344597     
  0.313096297872641        41.2378715848140     
  0.315934305024105        40.6987391362028     
  0.318798036799739        40.1494317269089     
  0.321687726375943        39.5901286403000     
  0.324603609042702        39.0210160005065     
  0.327545922222748        38.4422868624022     
  0.330514905490890        37.8541412954452     
  0.333510800593522        37.2567864609321     
  0.336533851468304        36.6504366822009     
  0.339584304264030        36.0353135073138     
  0.342662407360664        35.4116457637373     
  0.345768411389568        34.7796696045290     
  0.348902569253911        34.1396285455345     
  0.352065136149255        33.4917734930888     
  0.355256369584341        32.8363627617103     
  0.358476529402053        32.1736620812736     
  0.361725877800573        31.5039445931393     
  0.365004679354737        30.8274908347230     
  0.368313201037571        30.1445887119773     
  0.371651712242033        29.4555334592701     
  0.375020484802946        28.7606275861379     
  0.378419793019134        28.0601808104017     
  0.381849913675753        27.3545099771387     
  0.385311126066833        26.6439389630105     
  0.388803712018013        25.9287985654611     
  0.392327955909494        25.2094263763086     
  0.395884144699192        24.4861666392736     
  0.399472567946101        23.7593700910023     
  0.403093517833877        23.0293937851641     
  0.406747289194619        22.2966008992291     
  0.410434179532884        21.5613605235528     
  0.414154489049905        20.8240474324308     
  0.417908520668040        20.0850418368139     
  0.421696580055431        19.3447291184117     
  0.425518975650898        18.6034995449534     
  0.429376018689050        17.8617479664128     
  0.433268023225631        17.1198734920562     
  0.437195306163084        16.3782791482137     
  0.441158187276365        15.6373715167346     
  0.445156989238969        14.8975603541383     
  0.449192037649214        14.1592581915328     
  0.453263661056745        13.4228799154398     
  0.457372190989287        12.6888423297240     
  0.461517961979644        11.9575636989036     
  0.465701311592932        11.2294632731826     
  0.469922580454069        10.5049607956293     
  0.474182112275508        9.78447599199896     
  0.478480253885224        9.06842804378417     
  0.482817355254954        8.35723504515870     
  0.487193769528693        7.65131344456855     
  0.491609853051449        6.95107747181322     
  0.496065965398258        6.25693855154977     
  0.500562469403460        5.56930470424619     
  0.505099731190246        4.88857993570252     
  0.509678120200466        4.21516361635376     
  0.514298009224712        3.54944985166204     
  0.518959774432671        2.89182684500045     
  0.523663795403757        2.24267625452399     
  0.528410455158014        1.60237254561638     
  0.533200140187305       0.971282340591120     
  0.538033240486782       0.349763767413943     
  0.542910149586640      -0.261834190701027     
  0.547831264584162      -0.863172342887950     
  0.552796986176047       -1.45392193340774     
  0.557807718691044       -2.03376527752615     
  0.562863870122867       -2.60239638834208     
  0.567965852163419       -3.15952159235810     
  0.573114080236314       -3.70486013153262     
  0.578308973530700       -4.23814474950885     
  0.583550955035393       -4.75912225968084     
  0.588840451573317       -5.26755409273112     
  0.594177893836261       -5.76321682125905     
  0.599563716419942       -6.24590265911515     
  0.604998357859396       -6.71541993306403     
  0.610482260664684       -7.17159352441884     
  0.616015871356923       -7.61426527832304     
  0.621599640504643       -8.04329437840219     
  0.627234022760473       -8.45855768456923     
  0.632919476898165       -8.85995003184227     
  0.638656465849944       -9.24738448812391     
  0.644445456744203       -9.62079256899688     
  0.650286920943543       -9.98012440771140     
  0.656181334083146       -10.3253488786757     
  0.662129176109508       -10.6564536729132     
  0.668130931319519       -10.9734453241149     
  0.674187088399890       -11.2763491840999     
  0.680298140466951       -11.5652093466889     
  0.686464585106799       -11.8400885192082     
  0.692686924415814       -12.1010678410634     
  0.698965665041542       -12.3482466490560     
  0.705301318223947       -12.5817421893619     
  0.711694399837039       -12.8016892763491     
  0.718145430430880       -13.0082398986717     
  0.724654935273966       -13.2015627733526     
  0.731223444396000       -13.3818428488409     
  0.737851492631046       -13.5492807583136     
  0.744539619661080       -13.7040922247688     
  0.751288370059931       -13.8465074197430     
  0.758098293337623       -13.9767702777613     
  0.764969943985119       -14.0951377689057     
  0.771903881519469       -14.2018791321524     
  0.778900670529368       -14.2972750723865     
  0.785960880721128       -14.3816169242507     
  0.793085086965065       -14.4552057862132     
  0.800273869342307       -14.5183516284577     
  0.807527813192028       -14.5713723783938     
  0.814847509159106       -14.6145929877604     
  0.822233553242218       -14.6483444854481     
  0.829686546842367       -14.6729630202915     
  0.837207096811854       -14.6887888981830     
  0.844795815503683       -14.6961656179288     
  0.852453320821430       -14.6954389103089     
  0.860180236269549       -14.6869557848105     
  0.867977191004141       -14.6710635884827     
  0.875844819884185       -14.6481090812999     
  0.883783763523229       -14.6184375323351     
  0.891794668341552       -14.5823918409181     
  0.899878186618797       -14.5403116867988     
  0.908034976547082       -14.4925327131468     
  0.916265702284595       -14.4393857459997     
  0.924571034009670       -14.3811960535225     
  0.932951647975357       -14.3182826481652     
  0.941408226564484       -14.2509576345030     
  0.949941458345219       -14.1795256052190     
  0.958552038127139       -14.1042830873434     
  0.967240667017801       -14.0255180405034     
  0.976008052479830       -13.9435094085605     
  0.984854908388524       -13.8585267256288     
  0.993781955089978       -13.7708297770749     
   1.00278991945974       -13.6806683157084     
   1.01187953496200       -13.5882818329799     
   1.02105154170930       -13.4938993846182     
   1.03030668652281       -13.3977394697621     
   1.03964572299312       -13.3000099622818     
   1.04906941154164       -13.2009080926401     
   1.05857851948244       -13.1006204783207     
   1.06817382108483       -12.9993232005519     
   1.07785609763630       -12.8971819247835     
   1.08762613750622       -12.7943520621342     
   1.09748473620999       -12.6909789688154     
   1.10743269647382       -12.5871981803662     
   1.11747082830007       -12.4831356773921     
   1.12759994903327       -12.3789081793977     
   1.13782088342659       -12.2746234632386     
   1.14813446370905       -12.1703807026851     
   1.15854152965326       -12.0662708255986     
   1.16904292864381       -11.9623768852606     
   1.17963951574625       -11.8587744424677     
   1.19033215377674       -11.7555319551119     
   1.20112171337227       -11.6527111720978     
   1.21200907306157       -11.5503675286062     
   1.22299511933666       -11.4485505398998     
   1.23408074672500       -11.3473041910621     
   1.24526685786233       -11.2466673202840     
   1.25655436356619       -11.1466739935389     
   1.26794418291006       -11.0473538687276     
   1.27943724329821       -10.9487325476182     
   1.29103448054120       -10.8508319141530     
   1.30273683893208       -10.7536704579363     
   1.31454527132328       -10.6572635819611     
   1.32646073920421       -10.5616238938587     
   1.33848421277952       -10.4667614801831     
   1.35061667104811       -10.3726841634446     
   1.36285910188286       -10.2793977418068     
   1.37521250211104       -10.1869062115349     
   1.38767787759549       -10.0952119724458     
   1.40025624331653       -10.0043160167524     
   1.41294862345457       -9.91421810181640     
   1.42575605147356       -9.82491690742984     
   1.43867957020508       -9.73641017833107     
   1.45172023193328       -9.64869485272718     
   1.46487909848055       -9.56176717764625     
   1.47815724129401       -9.47562281197614     
   1.49155574153271       -9.39025691806519     
   1.50507569015567       -9.30566424276514     
   1.51871818801074       -9.22183918878932     
   1.53248434592419       -9.13877587724119     
   1.54637528479122       -9.05646820214099     
   1.56039213566714       -8.97490987774385     
   1.57453603985956       -8.89409447940185     
   1.58880814902125       -8.81401547867742     
   1.60320962524395       -8.73466627336702     
   1.61774164115297       -8.65604021304385     
   1.63240538000267       -8.57813062067729     
   1.64720203577284       -8.50093081083564     
   1.66213281326588       -8.42443410492938     
   1.67719892820490       -8.34863384390382     
   1.69240160733275       -8.27352339874426     
   1.70774208851185       -8.19909617911409     
   1.72322162082501       -8.12534564040610     
   1.73884146467717       -8.05226528945079     
   1.75460289189796       -7.97984868909201     
   1.77050718584528       -7.90808946181054     
   1.78655564150985       -7.83698129254932     
   1.80274956562056       -7.76651793087063     
   1.81909027675095       -7.69669319255502     
   1.83557910542652       -7.62750096073397     
   1.85221739423311       -7.55893518663303     
   1.86900649792618       -7.49098988998929     
   1.88594778354114       -7.42365915919624     
   1.90304263050467       -7.35693715121981     
   1.92029243074699       -7.29081809132217     
   1.93769858881526       -7.22529627262357     
   1.95526252198792       -7.16036605552754     
   1.97298566039005       -7.09602186703081     
   1.99086944710988       -7.03225819993613     
