  1.2157750E-06  8.2051586E-19
  1.2268305E-06  8.4310353E-19
  1.2379863E-06  8.6631308E-19
  1.2492437E-06  8.9016152E-19
  1.2606034E-06  9.1466644E-19
  1.2720665E-06  9.3984602E-19
  1.2836337E-06  9.6571868E-19
  1.2953061E-06  9.9230365E-19
  1.3070847E-06  1.0196205E-18
  1.3189704E-06  1.0476892E-18
  1.3309642E-06  1.0765307E-18
  1.3430670E-06  1.1061661E-18
  1.3552799E-06  1.1366174E-18
  1.3676039E-06  1.1679070E-18
  1.3800399E-06  1.2000578E-18
  1.3925890E-06  1.2330939E-18
  1.4052522E-06  1.2670393E-18
  1.4180305E-06  1.3019191E-18
  1.4309251E-06  1.3377592E-18
  1.4439369E-06  1.3745860E-18
  1.4570670E-06  1.4124264E-18
  1.4703165E-06  1.4513087E-18
  1.4836864E-06  1.4912613E-18
  1.4971781E-06  1.5323136E-18
  1.5107923E-06  1.5744962E-18
  1.5245304E-06  1.6178400E-18
  1.5383933E-06  1.6623769E-18
  1.5523824E-06  1.7081400E-18
  1.5664987E-06  1.7551627E-18
  1.5807433E-06  1.8034800E-18
  1.5951174E-06  1.8531273E-18
  1.6096222E-06  1.9041414E-18
  1.6242590E-06  1.9565601E-18
  1.6390288E-06  2.0104215E-18
  1.6539331E-06  2.0657657E-18
  1.6689727E-06  2.1226333E-18
  1.6841491E-06  2.1810666E-18
  1.6994636E-06  2.2411086E-18
  1.7149173E-06  2.3028032E-18
  1.7305115E-06  2.3661963E-18
  1.7462476E-06  2.4313345E-18
  1.7621267E-06  2.4982660E-18
  1.7781501E-06  2.5670398E-18
  1.7943194E-06  2.6377069E-18
  1.8106356E-06  2.7103195E-18
  1.8271003E-06  2.7849310E-18
  1.8437146E-06  2.8615964E-18
  1.8604800E-06  2.9403723E-18
  1.8773978E-06  3.0213167E-18
  1.8944696E-06  3.1044895E-18
  1.9116965E-06  3.1899519E-18
  1.9290801E-06  3.2777671E-18
  1.9466218E-06  3.3679997E-18
  1.9643230E-06  3.4607161E-18
  1.9821850E-06  3.5559849E-18
  2.0002096E-06  3.6538764E-18
  2.0183982E-06  3.7544628E-18
  2.0367520E-06  3.8578182E-18
  2.0552727E-06  3.9640187E-18
  2.0739619E-06  4.0731428E-18
  2.0928210E-06  4.1852709E-18
  2.1118517E-06  4.3004859E-18
  2.1310552E-06  4.4188725E-18
  2.1504336E-06  4.5405180E-18
  2.1699882E-06  4.6655125E-18
  2.1897204E-06  4.7939480E-18
  2.2096322E-06  4.9259189E-18
  2.2297249E-06  5.0615227E-18
  2.2500005E-06  5.2008596E-18
  2.2704603E-06  5.3440322E-18
  2.2911063E-06  5.4911463E-18
  2.3119401E-06  5.6423102E-18
  2.3329630E-06  5.7976357E-18
  2.3541775E-06  5.9572365E-18
  2.3755845E-06  6.1212312E-18
  2.3971863E-06  6.2897408E-18
  2.4189846E-06  6.4628887E-18
  2.4409812E-06  6.6408037E-18
  2.4631777E-06  6.8236159E-18
  2.4855760E-06  7.0114608E-18
  2.5081781E-06  7.2044768E-18
  2.5309857E-06  7.4028066E-18
  2.5540007E-06  7.6065957E-18
  2.5772249E-06  7.8159957E-18
  2.6006603E-06  8.0311594E-18
  2.6243090E-06  8.2522458E-18
  2.6481725E-06  8.4794194E-18
  2.6722530E-06  8.7128464E-18
  2.6965527E-06  8.9526998E-18
  2.7210731E-06  9.1991550E-18
  2.7458166E-06  9.4523955E-18
  2.7707852E-06  9.7126075E-18
  2.7959807E-06  9.9799829E-18
  2.8214054E-06  1.0254718E-17
  2.8470611E-06  1.0537017E-17
  2.8729503E-06  1.0827087E-17
  2.8990748E-06  1.1125142E-17
  2.9254368E-06  1.1431402E-17
  2.9520386E-06  1.1746093E-17
  2.9788823E-06  1.2069448E-17
  3.0059703E-06  1.2401703E-17
  3.0333044E-06  1.2743105E-17
  3.0608871E-06  1.3093906E-17
  3.0887206E-06  1.3454364E-17
  3.1168072E-06  1.3824744E-17
  3.1451491E-06  1.4205322E-17
  3.1737488E-06  1.4596374E-17
  3.2026087E-06  1.4998192E-17
  3.2317309E-06  1.5411073E-17
  3.2611179E-06  1.5835319E-17
  3.2907722E-06  1.6271245E-17
  3.3206961E-06  1.6719170E-17
  3.3508920E-06  1.7179426E-17
  3.3813628E-06  1.7652352E-17
  3.4121103E-06  1.8138299E-17
  3.4431378E-06  1.8637622E-17
  3.4744471E-06  1.9150690E-17
  3.5060411E-06  1.9677882E-17
  3.5379226E-06  2.0219588E-17
  3.5700939E-06  2.0776206E-17
  3.6025579E-06  2.1348149E-17
  3.6353169E-06  2.1935834E-17
  3.6683739E-06  2.2539697E-17
  3.7017314E-06  2.3160185E-17
  3.7353923E-06  2.3797755E-17
  3.7693594E-06  2.4452875E-17
  3.8036351E-06  2.5126030E-17
  3.8382227E-06  2.5817715E-17
  3.8731246E-06  2.6528442E-17
  3.9083443E-06  2.7258735E-17
  3.9438837E-06  2.8009130E-17
  3.9797465E-06  2.8780184E-17
  4.0159357E-06  2.9572465E-17
  4.0524537E-06  3.0386556E-17
  4.0893037E-06  3.1223057E-17
  4.1264889E-06  3.2082584E-17
  4.1640124E-06  3.2965775E-17
  4.2018769E-06  3.3873278E-17
  4.2400857E-06  3.4805765E-17
  4.2786419E-06  3.5763921E-17
  4.3175487E-06  3.6748455E-17
  4.3568093E-06  3.7760090E-17
  4.3964274E-06  3.8799575E-17
  4.4364051E-06  3.9867674E-17
  4.4767467E-06  4.0965177E-17
  4.5174547E-06  4.2092895E-17
  4.5585334E-06  4.3251656E-17
  4.5999855E-06  4.4442317E-17
  4.6418145E-06  4.5665753E-17
  4.6840237E-06  4.6922869E-17
  4.7266167E-06  4.8214594E-17
  4.7695971E-06  4.9541875E-17
  4.8129687E-06  5.0905697E-17
  4.8567344E-06  5.2307064E-17
  4.9008981E-06  5.3747007E-17
  4.9454634E-06  5.5226591E-17
  4.9904338E-06  5.6746906E-17
  5.0358130E-06  5.8309073E-17
  5.0816052E-06  5.9914240E-17
  5.1278134E-06  6.1563599E-17
  5.1744423E-06  6.3258359E-17
  5.2214950E-06  6.4999780E-17
  5.2689757E-06  6.6789137E-17
  5.3168878E-06  6.8627754E-17
  5.3652357E-06  7.0516982E-17
  5.4140232E-06  7.2458222E-17
  5.4632546E-06  7.4452899E-17
  5.5129335E-06  7.6502487E-17
  5.5630640E-06  7.8608496E-17
  5.6136505E-06  8.0772486E-17
  5.6646973E-06  8.2996040E-17
  5.7162079E-06  8.5280812E-17
  5.7681868E-06  8.7628477E-17
  5.8206388E-06  9.0040774E-17
  5.8735673E-06  9.2519477E-17
  5.9269773E-06  9.5066412E-17
  5.9808731E-06  9.7683459E-17
  6.0352586E-06  1.0037256E-16
  6.0901389E-06  1.0313568E-16
  6.1455185E-06  1.0597487E-16
  6.2014014E-06  1.0889221E-16
  6.2577924E-06  1.1188986E-16
  6.3146963E-06  1.1497005E-16
  6.3721177E-06  1.1813501E-16
  6.4300611E-06  1.2138711E-16
  6.4885312E-06  1.2472874E-16
  6.5475333E-06  1.2816236E-16
  6.6070720E-06  1.3169049E-16
  6.6671519E-06  1.3531575E-16
  6.7277783E-06  1.3904082E-16
  6.7889559E-06  1.4286843E-16
  6.8506897E-06  1.4680140E-16
  6.9129851E-06  1.5084264E-16
  6.9758466E-06  1.5499514E-16
  7.0392798E-06  1.5926195E-16
  7.1032900E-06  1.6364622E-16
  7.1678824E-06  1.6815118E-16
  7.2330618E-06  1.7278015E-16
  7.2988341E-06  1.7753656E-16
  7.3652045E-06  1.8242390E-16
  7.4321783E-06  1.8744578E-16
  7.4997611E-06  1.9260592E-16
  7.5679586E-06  1.9790810E-16
  7.6367760E-06  2.0335625E-16
  7.7062195E-06  2.0895437E-16
  7.7762943E-06  2.1470660E-16
  7.8470066E-06  2.2061720E-16
  7.9183619E-06  2.2669047E-16
  7.9903657E-06  2.3293096E-16
  8.0630243E-06  2.3934324E-16
  8.1363432E-06  2.4593205E-16
  8.2103297E-06  2.5270222E-16
  8.2849883E-06  2.5965877E-16
  8.3603263E-06  2.6680683E-16
  8.4363492E-06  2.7415166E-16
  8.5130632E-06  2.8169870E-16
  8.5904749E-06  2.8945350E-16
  8.6685905E-06  2.9742175E-16
  8.7474164E-06  3.0560938E-16
  8.8269589E-06  3.1402238E-16
  8.9072246E-06  3.2266701E-16
  8.9882205E-06  3.3154961E-16
  9.0699532E-06  3.4067670E-16
  9.1524289E-06  3.5005508E-16
  9.2356540E-06  3.5969164E-16
  9.3196368E-06  3.6959346E-16
  9.4043826E-06  3.7976788E-16
  9.4898996E-06  3.9022236E-16
  9.5761943E-06  4.0096467E-16
  9.6632730E-06  4.1200270E-16
  9.7511438E-06  4.2334458E-16
  9.8398141E-06  4.3499867E-16
  9.9292902E-06  4.4697362E-16
  1.0019579E-05  4.5927820E-16
  1.0110691E-05  4.7192149E-16
  1.0202630E-05  4.8491286E-16
  1.0295405E-05  4.9826189E-16
  1.0389024E-05  5.1197837E-16
  1.0483494E-05  5.2607242E-16
  1.0578824E-05  5.4055451E-16
  1.0675020E-05  5.5543524E-16
  1.0772092E-05  5.7072561E-16
  1.0870045E-05  5.8643696E-16
  1.0968889E-05  6.0258077E-16
  1.1068632E-05  6.1916901E-16
  1.1169283E-05  6.3621391E-16
  1.1270848E-05  6.5372801E-16
  1.1373337E-05  6.7172429E-16
  1.1476758E-05  6.9021591E-16
  1.1581119E-05  7.0921666E-16
  1.1686429E-05  7.2874046E-16
  1.1792697E-05  7.4880169E-16
  1.1899932E-05  7.6941519E-16
  1.2008141E-05  7.9059615E-16
  1.2117335E-05  8.1236018E-16
  1.2227521E-05  8.3472339E-16
  1.2338710E-05  8.5770223E-16
  1.2450909E-05  8.8131359E-16
  1.2564128E-05  9.0557499E-16
  1.2678378E-05  9.3050423E-16
  1.2793666E-05  9.5611978E-16
  1.2910002E-05  9.8244048E-16
  1.3027397E-05  1.0094857E-15
  1.3145858E-05  1.0372755E-15
  1.3265397E-05  1.0658303E-15
  1.3386023E-05  1.0951712E-15
  1.3507746E-05  1.1253198E-15
  1.3630575E-05  1.1562983E-15
  1.3754522E-05  1.1881297E-15
  1.3879596E-05  1.2208373E-15
  1.4005807E-05  1.2544453E-15
  1.4133166E-05  1.2889785E-15
  1.4261683E-05  1.3244623E-15
  1.4391368E-05  1.3609231E-15
  1.4522233E-05  1.3983874E-15
  1.4654288E-05  1.4368832E-15
  1.4787543E-05  1.4764387E-15
  1.4922010E-05  1.5170830E-15
  1.5057701E-05  1.5588463E-15
  1.5194624E-05  1.6017592E-15
  1.5332793E-05  1.6458535E-15
  1.5472218E-05  1.6911616E-15
  1.5612912E-05  1.7377170E-15
  1.5754884E-05  1.7855541E-15
  1.5898147E-05  1.8347079E-15
  1.6042715E-05  1.8852150E-15
  1.6188596E-05  1.9371125E-15
  1.6335804E-05  1.9904385E-15
  1.6484350E-05  2.0452326E-15
  1.6634245E-05  2.1015351E-15
  1.6785505E-05  2.1593877E-15
  1.6938142E-05  2.2188327E-15
  1.7092165E-05  2.2799141E-15
  1.7247588E-05  2.3426771E-15
  1.7404425E-05  2.4071679E-15
  1.7562688E-05  2.4734340E-15
  1.7722392E-05  2.5415243E-15
  1.7883545E-05  2.6114892E-15
  1.8046167E-05  2.6833798E-15
  1.8210265E-05  2.7572498E-15
  1.8375857E-05  2.8331530E-15
  1.8542953E-05  2.9111459E-15
  1.8711569E-05  2.9912861E-15
  1.8881719E-05  3.0736321E-15
  1.9053416E-05  3.1582449E-15
  1.9226673E-05  3.2451874E-15
  1.9401507E-05  3.3345229E-15
  1.9577930E-05  3.4263179E-15
  1.9755958E-05  3.5206397E-15
  1.9935604E-05  3.6175583E-15
  2.0116884E-05  3.7171448E-15
  2.0299813E-05  3.8194727E-15
  2.0484405E-05  3.9246179E-15
  2.0670675E-05  4.0326574E-15
  2.0858639E-05  4.1436708E-15
  2.1048312E-05  4.2577407E-15
  2.1239712E-05  4.3749506E-15
  2.1432850E-05  4.4953868E-15
  2.1627746E-05  4.6191392E-15
  2.1824411E-05  4.7462979E-15
  2.2022867E-05  4.8769569E-15
  2.2223128E-05  5.0112129E-15
  2.2425209E-05  5.1491650E-15
  2.2629127E-05  5.2909146E-15
  2.2834900E-05  5.4365662E-15
  2.3042545E-05  5.5862276E-15
  2.3252078E-05  5.7400090E-15
  2.3463515E-05  5.8980238E-15
  2.3676876E-05  6.0603886E-15
  2.3892175E-05  6.2272228E-15
  2.4109433E-05  6.3986499E-15
  2.4328669E-05  6.5747964E-15
  2.4549896E-05  6.7557916E-15
  2.4773135E-05  6.9417696E-15
  2.4998404E-05  7.1328670E-15
  2.5225721E-05  7.3292253E-15
  2.5455105E-05  7.5309894E-15
  2.5686575E-05  7.7383067E-15
  2.5920152E-05  7.9513321E-15
  2.6155851E-05  8.1702215E-15
  2.6393693E-05  8.3951367E-15
  2.6633697E-05  8.6262437E-15
  2.6875885E-05  8.8637127E-15
  2.7120275E-05  9.1077192E-15
  2.7366888E-05  9.3584418E-15
  2.7615743E-05  9.6160677E-15
  2.7866861E-05  9.8807850E-15
  2.8120261E-05  1.0152790E-14
  2.8375967E-05  1.0432282E-14
  2.8633998E-05  1.0719470E-14
  2.8894376E-05  1.1014561E-14
  2.9157120E-05  1.1317778E-14
  2.9422254E-05  1.1629341E-14
  2.9689798E-05  1.1949482E-14
  2.9959776E-05  1.2278435E-14
  3.0232208E-05  1.2616443E-14
  3.0507119E-05  1.2963757E-14
  3.0784529E-05  1.3320632E-14
  3.1064461E-05  1.3687331E-14
  3.1346939E-05  1.4064125E-14
  3.1631986E-05  1.4451292E-14
  3.1919622E-05  1.4849116E-14
  3.2209879E-05  1.5257892E-14
  3.2502772E-05  1.5677921E-14
  3.2798329E-05  1.6109515E-14
  3.3096574E-05  1.6552987E-14
  3.3397529E-05  1.7008669E-14
  3.3701221E-05  1.7476895E-14
  3.4007677E-05  1.7958010E-14
  3.4316919E-05  1.8452371E-14
  3.4628971E-05  1.8960340E-14
  3.4943863E-05  1.9482291E-14
  3.5261615E-05  2.0018612E-14
  3.5582259E-05  2.0569699E-14
  3.5905821E-05  2.1135956E-14
  3.6232323E-05  2.1717799E-14
  3.6561793E-05  2.2315661E-14
  3.6894260E-05  2.2929981E-14
  3.7229751E-05  2.3561212E-14
  3.7568290E-05  2.4209821E-14
  3.7909907E-05  2.4876285E-14
  3.8254635E-05  2.5561096E-14
  3.8602495E-05  2.6264759E-14
  3.8953516E-05  2.6987793E-14
  3.9307732E-05  2.7730730E-14
  3.9665170E-05  2.8494121E-14
  4.0025854E-05  2.9278524E-14
  4.0389823E-05  3.0084523E-14
  4.0757099E-05  3.0912711E-14
  4.1127714E-05  3.1763695E-14
  4.1501698E-05  3.2638107E-14
  4.1879088E-05  3.3536589E-14
  4.2259904E-05  3.4459808E-14
  4.2644187E-05  3.5408440E-14
  4.3031960E-05  3.6383186E-14
  4.3423264E-05  3.7384768E-14
  4.3818123E-05  3.8413920E-14
  4.4216573E-05  3.9471403E-14
  4.4618646E-05  4.0557997E-14
  4.5024379E-05  4.1674506E-14
  4.5433797E-05  4.2821751E-14
  4.5846940E-05  4.4000573E-14
  4.6263838E-05  4.5211851E-14
  4.6684527E-05  4.6456474E-14
  4.7109042E-05  4.7735358E-14
  4.7537418E-05  4.9049449E-14
  4.7969690E-05  5.0399714E-14
  4.8405891E-05  5.1787151E-14
  4.8846061E-05  5.3212782E-14
  4.9290233E-05  5.4677657E-14
  4.9738443E-05  5.6182859E-14
  5.0190727E-05  5.7729497E-14
  5.0647126E-05  5.9318713E-14
  5.1107676E-05  6.0951678E-14
  5.1572410E-05  6.2629596E-14
  5.2041374E-05  6.4353708E-14
  5.2514599E-05  6.6125274E-14
  5.2992131E-05  6.7945615E-14
  5.3474003E-05  6.9816067E-14
  5.3960255E-05  7.1738012E-14
  5.4450931E-05  7.3712859E-14
  5.4946071E-05  7.5742079E-14
  5.5445711E-05  7.7827156E-14
  5.5949895E-05  7.9969634E-14
  5.6458663E-05  8.2171093E-14
  5.6972054E-05  8.4433152E-14
  5.7490121E-05  8.6757478E-14
  5.8012894E-05  8.9145800E-14
  5.8540420E-05  9.1599864E-14
  5.9072743E-05  9.4121481E-14
  5.9609909E-05  9.6712521E-14
  6.0151960E-05  9.9374888E-14
  6.0698938E-05  1.0211055E-13
  6.1250888E-05  1.0492151E-13
  6.1807863E-05  1.0780986E-13
  6.2369902E-05  1.1077772E-13
  6.2937048E-05  1.1382728E-13
  6.3509353E-05  1.1696079E-13
  6.4086860E-05  1.2018057E-13
  6.4669621E-05  1.2348897E-13
  6.5257678E-05  1.2688846E-13
  6.5851083E-05  1.3038153E-13
  6.6449888E-05  1.3397077E-13
  6.7054134E-05  1.3765881E-13
  6.7663874E-05  1.4144836E-13
  6.8279165E-05  1.4534225E-13
  6.8900044E-05  1.4934332E-13
  6.9526570E-05  1.5345455E-13
  7.0158792E-05  1.5767894E-13
  7.0796770E-05  1.6201964E-13
  7.1440547E-05  1.6647981E-13
  7.2090173E-05  1.7106278E-13
  7.2745708E-05  1.7577191E-13
  7.3407209E-05  1.8061067E-13
  7.4074720E-05  1.8558264E-13
  7.4748299E-05  1.9069148E-13
  7.5428012E-05  1.9594096E-13
  7.6113894E-05  2.0133496E-13
  7.6806020E-05  2.0687744E-13
  7.7504439E-05  2.1257250E-13
  7.8209210E-05  2.1842433E-13
  7.8920391E-05  2.2443726E-13
  7.9638034E-05  2.3061571E-13
  8.0362202E-05  2.3696426E-13
  8.1092963E-05  2.4348758E-13
  8.1830360E-05  2.5019047E-13
  8.2574472E-05  2.5707786E-13
  8.3325343E-05  2.6415488E-13
  8.4083040E-05  2.7142671E-13
  8.4847634E-05  2.7889870E-13
  8.5619176E-05  2.8657643E-13
  8.6397733E-05  2.9446549E-13
  8.7183376E-05  3.0257172E-13
  8.7976157E-05  3.1090113E-13
  8.8776149E-05  3.1945982E-13
  8.9583416E-05  3.2825411E-13
  9.0398025E-05  3.3729050E-13
  9.1220034E-05  3.4657566E-13
  9.2049529E-05  3.5611642E-13
  9.2886556E-05  3.6591983E-13
  9.3731200E-05  3.7599310E-13
  9.4583527E-05  3.8634371E-13
  9.5443604E-05  3.9697922E-13
  9.6311494E-05  4.0790751E-13
  9.7187287E-05  4.1913668E-13
  9.8071039E-05  4.3067495E-13
  9.8962824E-05  4.4253086E-13
  9.9862722E-05  4.5471312E-13
  1.0077080E-04  4.6723075E-13
  1.0168714E-04  4.8009302E-13
  1.0261180E-04  4.9330933E-13
  1.0354489E-04  5.0688945E-13
  1.0448645E-04  5.2084346E-13
  1.0543657E-04  5.3518160E-13
  1.0639534E-04  5.4991439E-13
  1.0736282E-04  5.6505283E-13
  1.0833910E-04  5.8060794E-13
  1.0932426E-04  5.9659130E-13
  1.1031837E-04  6.1301468E-13
  1.1132153E-04  6.2989013E-13
  1.1233381E-04  6.4723015E-13
  1.1335529E-04  6.6504755E-13
  1.1438606E-04  6.8335544E-13
  1.1542621E-04  7.0216727E-13
  1.1647581E-04  7.2149703E-13
  1.1753495E-04  7.4135885E-13
  1.1860373E-04  7.6176744E-13
  1.1968223E-04  7.8273792E-13
  1.2077054E-04  8.0428562E-13
  1.2186874E-04  8.2642655E-13
  1.2297693E-04  8.4917696E-13
  1.2409518E-04  8.7255366E-13
  1.2522363E-04  8.9657389E-13
  1.2636231E-04  9.2125537E-13
  1.2751136E-04  9.4661627E-13
  1.2867086E-04  9.7267539E-13
  1.2984090E-04  9.9945182E-13
  1.3102157E-04  1.0269654E-12
  1.3221300E-04  1.0552363E-12
  1.3341525E-04  1.0842855E-12
  1.3462843E-04  1.1141345E-12
  1.3585264E-04  1.1448052E-12
  1.3708799E-04  1.1763201E-12
  1.3833457E-04  1.2087026E-12
  1.3959248E-04  1.2419766E-12
  1.4086184E-04  1.2761666E-12
  1.4214273E-04  1.3112976E-12
  1.4343527E-04  1.3473959E-12
  1.4473958E-04  1.3844879E-12
  1.4605573E-04  1.4226011E-12
  1.4738385E-04  1.4617633E-12
  1.4872407E-04  1.5020037E-12
  1.5007645E-04  1.5433518E-12
  1.5144114E-04  1.5858382E-12
  1.5281823E-04  1.6294943E-12
  1.5420785E-04  1.6743521E-12
  1.5561011E-04  1.7204448E-12
  1.5702512E-04  1.7678063E-12
  1.5845298E-04  1.8164716E-12
  1.5989384E-04  1.8664766E-12
  1.6134781E-04  1.9178582E-12
  1.6281499E-04  1.9706543E-12
  1.6429550E-04  2.0249037E-12
  1.6578949E-04  2.0806466E-12
  1.6729707E-04  2.1379240E-12
  1.6881834E-04  2.1967781E-12
  1.7035345E-04  2.2572525E-12
  1.7190253E-04  2.3193916E-12
  1.7346568E-04  2.3832414E-12
  1.7504305E-04  2.4488488E-12
  1.7663477E-04  2.5162624E-12
  1.7824097E-04  2.5855318E-12
  1.7986176E-04  2.6567080E-12
  1.8149729E-04  2.7298435E-12
  1.8314770E-04  2.8049926E-12
  1.8481311E-04  2.8822101E-12
  1.8649366E-04  2.9615535E-12
  1.8818952E-04  3.0430812E-12
  1.8990076E-04  3.1268532E-12
  1.9162759E-04  3.2129312E-12
  1.9337011E-04  3.3013789E-12
  1.9512848E-04  3.3922613E-12
  1.9690284E-04  3.4856458E-12
  1.9869333E-04  3.5816009E-12
  2.0050010E-04  3.6801976E-12
  2.0232331E-04  3.7815085E-12
  2.0416309E-04  3.8856084E-12
  2.0601961E-04  3.9925741E-12
  2.0789300E-04  4.1024840E-12
  2.0978344E-04  4.2154201E-12
  2.1169105E-04  4.3314649E-12
  2.1361602E-04  4.4507041E-12
  2.1555848E-04  4.5732263E-12
  2.1751862E-04  4.6991209E-12
  2.1949658E-04  4.8284814E-12
  2.2149252E-04  4.9614033E-12
  2.2350662E-04  5.0979837E-12
  2.2553903E-04  5.2383245E-12
  2.2758992E-04  5.3825286E-12
  2.2965945E-04  5.5307022E-12
  2.3174781E-04  5.6829550E-12
  2.3385516E-04  5.8393993E-12
  2.3598167E-04  6.0001500E-12
  2.3812751E-04  6.1653261E-12
  2.4029288E-04  6.3350492E-12
  2.4247792E-04  6.5094449E-12
  2.4468286E-04  6.6886410E-12
  2.4690782E-04  6.8727701E-12
  2.4915303E-04  7.0619686E-12
  2.5141865E-04  7.2563752E-12
  2.5370487E-04  7.4561329E-12
  2.5601187E-04  7.6613906E-12
  2.5833986E-04  7.8722983E-12
  2.6068900E-04  8.0890121E-12
  2.6305954E-04  8.3116916E-12
  2.6545161E-04  8.5405016E-12
  2.6786543E-04  8.7756104E-12
  2.7030121E-04  9.0171906E-12
  2.7275912E-04  9.2654218E-12
  2.7523941E-04  9.5204868E-12
  2.7774225E-04  9.7825732E-12
  2.8026782E-04  1.0051874E-11
  2.8281639E-04  1.0328589E-11
  2.8538812E-04  1.0612921E-11
  2.8798322E-04  1.0905081E-11
  2.9060195E-04  1.1205282E-11
  2.9324446E-04  1.1513749E-11
  2.9591101E-04  1.1830707E-11
  2.9860181E-04  1.2156390E-11
  3.0131708E-04  1.2491039E-11
  3.0405706E-04  1.2834901E-11
  3.0682192E-04  1.3188228E-11
  3.0961193E-04  1.3551282E-11
  3.1242732E-04  1.3924331E-11
  3.1526832E-04  1.4307650E-11
  3.1813513E-04  1.4701520E-11
  3.2102803E-04  1.5106234E-11
  3.2394723E-04  1.5522087E-11
  3.2689297E-04  1.5949389E-11
  3.2986552E-04  1.6388455E-11
  3.3286508E-04  1.6839608E-11
  3.3589191E-04  1.7303180E-11
  3.3894627E-04  1.7779512E-11
  3.4202839E-04  1.8268958E-11
  3.4513857E-04  1.8771878E-11
  3.4827701E-04  1.9288644E-11
  3.5144397E-04  1.9819634E-11
  3.5463975E-04  2.0365241E-11
  3.5786460E-04  2.0925869E-11
  3.6111876E-04  2.1501930E-11
  3.6440251E-04  2.2093849E-11
  3.6771613E-04  2.2702062E-11
  3.7105987E-04  2.3327021E-11
  3.7443402E-04  2.3969183E-11
  3.7783885E-04  2.4629021E-11
  3.8127464E-04  2.5307026E-11
  3.8474170E-04  2.6003694E-11
  3.8824027E-04  2.6719540E-11
  3.9177065E-04  2.7455094E-11
  3.9533313E-04  2.8210895E-11
  3.9892798E-04  2.8987503E-11
  4.0255557E-04  2.9785490E-11
  4.0621610E-04  3.0605445E-11
  4.0990996E-04  3.1447973E-11
  4.1363738E-04  3.2313693E-11
  4.1739870E-04  3.3203246E-11
  4.2119421E-04  3.4117285E-11
  4.2502425E-04  3.5056489E-11
  4.2888912E-04  3.6021547E-11
  4.3278912E-04  3.7013170E-11
  4.3672460E-04  3.8032095E-11
  4.4069588E-04  3.9079066E-11
  4.4470324E-04  4.0154862E-11
  4.4874704E-04  4.1260270E-11
  4.5282763E-04  4.2396111E-11
  4.5694533E-04  4.3563219E-11
  4.6110046E-04  4.4762454E-11
  4.6529336E-04  4.5994705E-11
  4.6952441E-04  4.7260876E-11
  4.7379392E-04  4.8561904E-11
  4.7810227E-04  4.9898748E-11
  4.8244977E-04  5.1272396E-11
  4.8683683E-04  5.2683854E-11
  4.9126375E-04  5.4134169E-11
  4.9573096E-04  5.5624411E-11
  5.0023879E-04  5.7155676E-11
  5.0478760E-04  5.8729098E-11
  5.0937780E-04  6.0345826E-11
  5.1400968E-04  6.2007066E-11
  5.1868375E-04  6.3714041E-11
  5.2340026E-04  6.5467999E-11
  5.2815973E-04  6.7270245E-11
  5.3296238E-04  6.9122104E-11
  5.3780881E-04  7.1024943E-11
  5.4269924E-04  7.2980164E-11
  5.4763415E-04  7.4989209E-11
  5.5261393E-04  7.7053565E-11
  5.5763900E-04  7.9174743E-11
  5.6270976E-04  8.1354319E-11
  5.6782668E-04  8.3593896E-11
  5.7299004E-04  8.5895124E-11
  5.7820044E-04  8.8259698E-11
  5.8345817E-04  9.0689373E-11
  5.8876374E-04  9.3185924E-11
  5.9411750E-04  9.5751213E-11
  5.9951999E-04  9.8387111E-11
  6.0497160E-04  1.0109558E-10
  6.1047275E-04  1.0387860E-10
  6.1602396E-04  1.0673824E-10
  6.2162563E-04  1.0967660E-10
  6.2727829E-04  1.1269585E-10
  6.3298229E-04  1.1579821E-10
  6.3873816E-04  1.1898599E-10
  6.4454641E-04  1.2226151E-10
  6.5040746E-04  1.2562720E-10
  6.5632176E-04  1.2908555E-10
  6.6228991E-04  1.3263909E-10
  6.6831231E-04  1.3629048E-10
  6.7438942E-04  1.4004237E-10
  6.8052183E-04  1.4389755E-10
  6.8671000E-04  1.4785885E-10
  6.9295446E-04  1.5192921E-10
  6.9925567E-04  1.5611161E-10
  7.0561422E-04  1.6040916E-10
  7.1203057E-04  1.6482500E-10
  7.1850530E-04  1.6936241E-10
  7.2503882E-04  1.7402473E-10
  7.3163182E-04  1.7881539E-10
  7.3828473E-04  1.8373794E-10
  7.4499816E-04  1.8879601E-10
  7.5177266E-04  1.9399329E-10
  7.5860874E-04  1.9933367E-10
  7.6550699E-04  2.0482106E-10
  7.7246793E-04  2.1045951E-10
  7.7949220E-04  2.1625317E-10
  7.8658038E-04  2.2220634E-10
  7.9373294E-04  2.2832337E-10
  8.0095063E-04  2.3460880E-10
  8.0823386E-04  2.4106728E-10
  8.1558339E-04  2.4770352E-10
  8.2299969E-04  2.5452246E-10
  8.3048345E-04  2.6152913E-10
  8.3803531E-04  2.6872868E-10
  8.4565580E-04  2.7612640E-10
  8.5334555E-04  2.8372779E-10
  8.6110528E-04  2.9153843E-10
  8.6893555E-04  2.9956410E-10
  8.7683700E-04  3.0781069E-10
  8.8481035E-04  3.1628430E-10
  8.9285616E-04  3.2499120E-10
  9.0097514E-04  3.3393777E-10
  9.0916798E-04  3.4313061E-10
  9.1743533E-04  3.5257652E-10
  9.2577783E-04  3.6228248E-10
  9.3419617E-04  3.7225564E-10
  9.4269105E-04  3.8250333E-10
  9.5126324E-04  3.9303313E-10
  9.5991330E-04  4.0385278E-10
  9.6864207E-04  4.1497031E-10
  9.7745017E-04  4.2639389E-10
  9.8633848E-04  4.3813195E-10
  9.9530746E-04  4.5019311E-10
  1.0043582E-03  4.6258633E-10
  1.0134911E-03  4.7532067E-10
  1.0227070E-03  4.8840565E-10
  1.0320067E-03  5.0185078E-10
  1.0413910E-03  5.1566607E-10
  1.0508607E-03  5.2986165E-10
  1.0604165E-03  5.4444799E-10
  1.0700591E-03  5.5943594E-10
  1.0797895E-03  5.7483646E-10
  1.0896083E-03  5.9066091E-10
  1.0995165E-03  6.0692101E-10
  1.1095147E-03  6.2362870E-10
  1.1196038E-03  6.4079636E-10
  1.1297847E-03  6.5843658E-10
  1.1400582E-03  6.7656247E-10
  1.1504251E-03  6.9518730E-10
  1.1608861E-03  7.1432488E-10
  1.1714424E-03  7.3398926E-10
  1.1820947E-03  7.5419498E-10
  1.1928438E-03  7.7495693E-10
  1.2036907E-03  7.9629048E-10
  1.2146361E-03  8.1821128E-10
  1.2256812E-03  8.4073548E-10
  1.2368266E-03  8.6387980E-10
  1.2480734E-03  8.8766122E-10
  1.2594225E-03  9.1209734E-10
  1.2708748E-03  9.3720609E-10
  1.2824312E-03  9.6300612E-10
  1.2940927E-03  9.8951636E-10
  1.3058602E-03  1.0167565E-09
  1.3177348E-03  1.0447463E-09
  1.3297173E-03  1.0735067E-09
  1.3418088E-03  1.1030590E-09
  1.3540103E-03  1.1334247E-09
  1.3663227E-03  1.1646263E-09
  1.3787471E-03  1.1966869E-09
  1.3912844E-03  1.2296301E-09
  1.4039357E-03  1.2634801E-09
  1.4167022E-03  1.2982619E-09
  1.4295846E-03  1.3340014E-09
  1.4425842E-03  1.3707245E-09
  1.4557020E-03  1.4084587E-09
  1.4689391E-03  1.4472317E-09
  1.4822966E-03  1.4870719E-09
  1.4957755E-03  1.5280089E-09
  1.5093770E-03  1.5700730E-09
  1.5231023E-03  1.6132949E-09
  1.5369522E-03  1.6577067E-09
  1.5509282E-03  1.7033411E-09
  1.5650312E-03  1.7502317E-09
  1.5792624E-03  1.7984132E-09
  1.5936232E-03  1.8479210E-09
  1.6081145E-03  1.8987918E-09
  1.6227375E-03  1.9510629E-09
  1.6374935E-03  2.0047730E-09
  1.6523837E-03  2.0599615E-09
  1.6674092E-03  2.1166695E-09
  1.6825715E-03  2.1749385E-09
  1.6978716E-03  2.2348117E-09
  1.7133108E-03  2.2963329E-09
  1.7288905E-03  2.3595477E-09
  1.7446117E-03  2.4245028E-09
  1.7604759E-03  2.4912461E-09
  1.7764844E-03  2.5598266E-09
  1.7926386E-03  2.6302951E-09
  1.8089395E-03  2.7027034E-09
  1.8253886E-03  2.7771052E-09
  1.8419875E-03  2.8535549E-09
  1.8587372E-03  2.9321094E-09
  1.8756392E-03  3.0128262E-09
  1.8926949E-03  3.0957652E-09
  1.9099057E-03  3.1809873E-09
  1.9272730E-03  3.2685554E-09
  1.9447983E-03  3.3585341E-09
  1.9624829E-03  3.4509899E-09
  1.9803282E-03  3.5459908E-09
  1.9983358E-03  3.6436072E-09
  2.0165073E-03  3.7439105E-09
  2.0348441E-03  3.8469752E-09
  2.0533474E-03  3.9528771E-09
  2.0720190E-03  4.0616941E-09
  2.0908606E-03  4.1735069E-09
  2.1098733E-03  4.2883976E-09
  2.1290591E-03  4.4064512E-09
  2.1484192E-03  4.5277546E-09
  2.1679553E-03  4.6523976E-09
  2.1876690E-03  4.7804716E-09
  2.2075623E-03  4.9120712E-09
  2.2276363E-03  5.0472933E-09
  2.2478928E-03  5.1862381E-09
  2.2683335E-03  5.3290083E-09
  2.2889602E-03  5.4757083E-09
  2.3097743E-03  5.6264469E-09
  2.3307777E-03  5.7813350E-09
  2.3519720E-03  5.9404868E-09
  2.3733592E-03  6.1040200E-09
  2.3949409E-03  6.2720549E-09
  2.4167188E-03  6.4447159E-09
  2.4386947E-03  6.6221295E-09
  2.4608704E-03  6.8044272E-09
  2.4832478E-03  6.9917436E-09
  2.5058286E-03  7.1842163E-09
  2.5286148E-03  7.3819875E-09
  2.5516083E-03  7.5852027E-09
  2.5748108E-03  7.7940125E-09
  2.5982242E-03  8.0085707E-09
  2.6218505E-03  8.2290352E-09
  2.6456919E-03  8.4555687E-09
  2.6697498E-03  8.6883389E-09
  2.6940266E-03  8.9275156E-09
  2.7185241E-03  9.1732772E-09
  2.7432444E-03  9.4258050E-09
  2.7681894E-03  9.6852837E-09
  2.7933614E-03  9.9519051E-09
  2.8187623E-03  1.0225867E-08
  2.8443940E-03  1.0507370E-08
  2.8702589E-03  1.0796623E-08
  2.8963590E-03  1.1093838E-08
  2.9226965E-03  1.1399235E-08
  2.9492732E-03  1.1713039E-08
  2.9760918E-03  1.2035483E-08
  3.0031544E-03  1.2366802E-08
  3.0304629E-03  1.2707241E-08
  3.0580198E-03  1.3057053E-08
  3.0858272E-03  1.3416495E-08
  3.1138875E-03  1.3785831E-08
  3.1422030E-03  1.4165335E-08
  3.1707757E-03  1.4555286E-08
  3.1996085E-03  1.4955971E-08
  3.2287035E-03  1.5367686E-08
  3.2580630E-03  1.5790736E-08
  3.2876895E-03  1.6225432E-08
  3.3175854E-03  1.6672093E-08
  3.3477531E-03  1.7131052E-08
  3.3781952E-03  1.7602643E-08
  3.4089140E-03  1.8087219E-08
  3.4399123E-03  1.8585132E-08
  3.4711924E-03  1.9096753E-08
  3.5027568E-03  1.9622458E-08
  3.5346085E-03  2.0162634E-08
  3.5667496E-03  2.0717682E-08
  3.5991832E-03  2.1288008E-08
  3.6319115E-03  2.1874033E-08
  3.6649376E-03  2.2476193E-08
  3.6982638E-03  2.3094929E-08
  3.7318931E-03  2.3730696E-08
  3.7658282E-03  2.4383965E-08
  3.8000720E-03  2.5055218E-08
  3.8346271E-03  2.5744949E-08
  3.8694965E-03  2.6453669E-08
  3.9046828E-03  2.7181898E-08
  3.9401893E-03  2.7930172E-08
  3.9760186E-03  2.8699047E-08
  4.0121735E-03  2.9489087E-08
  4.0486576E-03  3.0300875E-08
  4.0854728E-03  3.1135013E-08
  4.1226232E-03  3.1992109E-08
  4.1601113E-03  3.2872801E-08
  4.1979407E-03  3.3777738E-08
  4.2361137E-03  3.4707586E-08
  4.2746337E-03  3.5663028E-08
  4.3135043E-03  3.6644778E-08
  4.3527284E-03  3.7653550E-08
  4.3923086E-03  3.8690089E-08
  4.4322493E-03  3.9755164E-08
  4.4725528E-03  4.0849560E-08
  4.5132232E-03  4.1974083E-08
  4.5542633E-03  4.3129564E-08
  4.5956764E-03  4.4316849E-08
  4.6374663E-03  4.5536819E-08
  4.6796361E-03  4.6790372E-08
  4.7221892E-03  4.8078437E-08
  4.7651292E-03  4.9401955E-08
  4.8084599E-03  5.0761908E-08
  4.8521846E-03  5.2159301E-08
  4.8963069E-03  5.3595159E-08
  4.9408306E-03  5.5070544E-08
  4.9857586E-03  5.6586543E-08
  5.0310958E-03  5.8144277E-08
  5.0768447E-03  5.9744892E-08
  5.1230099E-03  6.1389564E-08
  5.1695951E-03  6.3079518E-08
  5.2166036E-03  6.4815985E-08
  5.2640396E-03  6.6600258E-08
  5.3119068E-03  6.8433650E-08
  5.3602098E-03  7.0317512E-08
  5.4089515E-03  7.2253229E-08
  5.4581366E-03  7.4242230E-08
  5.5077691E-03  7.6285993E-08
  5.5578528E-03  7.8386009E-08
  5.6083919E-03  8.0543842E-08
  5.6593907E-03  8.2761069E-08
  5.7108528E-03  8.5039332E-08
  5.7627833E-03  8.7380315E-08
  5.8151861E-03  8.9785736E-08
  5.8680652E-03  9.2257373E-08
  5.9214253E-03  9.4797052E-08
  5.9752702E-03  9.7406641E-08
  6.0296049E-03  1.0008807E-07
  6.0844338E-03  1.0284331E-07
  6.1397613E-03  1.0567440E-07
  6.1955922E-03  1.0858341E-07
  6.2519303E-03  1.1157251E-07
  6.3087810E-03  1.1464390E-07
  6.3661481E-03  1.1779982E-07
  6.4240377E-03  1.2104263E-07
  6.4824531E-03  1.2437469E-07
  6.5413998E-03  1.2779850E-07
  6.6008829E-03  1.3131654E-07
  6.6609061E-03  1.3493143E-07
  6.7214756E-03  1.3864583E-07
  6.7825960E-03  1.4246248E-07
  6.8442724E-03  1.4638418E-07
  6.9065089E-03  1.5041385E-07
  6.9693117E-03  1.5455444E-07
  7.0326859E-03  1.5880902E-07
  7.0966361E-03  1.6318072E-07
  7.1611679E-03  1.6767274E-07
  7.2262860E-03  1.7228842E-07
  7.2919969E-03  1.7703117E-07
  7.3583052E-03  1.8190447E-07
  7.4252160E-03  1.8691192E-07
  7.4927355E-03  1.9205721E-07
  7.5608692E-03  1.9734415E-07
  7.6296222E-03  2.0277660E-07
  7.6990006E-03  2.0835861E-07
  7.7690100E-03  2.1409427E-07
  7.8396555E-03  2.1998783E-07
  7.9109436E-03  2.2604361E-07
  7.9828799E-03  2.3226609E-07
  8.0554709E-03  2.3865985E-07
  8.1287213E-03  2.4522964E-07
  8.2026385E-03  2.5198025E-07
  8.2772272E-03  2.5891669E-07
  8.3524948E-03  2.6604408E-07
  8.4284460E-03  2.7336765E-07
  8.5050883E-03  2.8089283E-07
  8.5824272E-03  2.8862516E-07
  8.6604701E-03  2.9657033E-07
  8.7392218E-03  3.0473421E-07
  8.8186897E-03  3.1312280E-07
  8.8988813E-03  3.2174231E-07
  8.9798011E-03  3.3059911E-07
  9.0614567E-03  3.3969968E-07
  9.1438554E-03  3.4905077E-07
  9.2270030E-03  3.5865926E-07
  9.3109068E-03  3.6853226E-07
  9.3955733E-03  3.7867702E-07
  9.4810100E-03  3.8910102E-07
  9.5672235E-03  3.9981197E-07
  9.6542211E-03  4.1081776E-07
  9.7420095E-03  4.2212648E-07
  9.8305959E-03  4.3374649E-07
  9.9199880E-03  4.4568640E-07
  1.0010194E-02  4.5795494E-07
  1.0101220E-02  4.7056119E-07
  1.0193072E-02  4.8351444E-07
  1.0285761E-02  4.9682421E-07
  1.0379292E-02  5.1050040E-07
  1.0473674E-02  5.2455306E-07
  1.0568914E-02  5.3899248E-07
  1.0665020E-02  5.5382941E-07
  1.0762000E-02  5.6907470E-07
  1.0859862E-02  5.8473967E-07
  1.0958614E-02  6.0083579E-07
  1.1058263E-02  6.1737501E-07
  1.1158819E-02  6.3436948E-07
  1.1260290E-02  6.5183173E-07
  1.1362683E-02  6.6977464E-07
  1.1466007E-02  6.8821146E-07
  1.1570270E-02  7.0715572E-07
  1.1675483E-02  7.2662147E-07
  1.1781651E-02  7.4662302E-07
  1.1888784E-02  7.6717510E-07
  1.1996892E-02  7.8829294E-07
  1.2105984E-02  8.0999200E-07
  1.2216067E-02  8.3228838E-07
  1.2327151E-02  8.5519844E-07
  1.2439245E-02  8.7873912E-07
  1.2552359E-02  9.0292770E-07
  1.2666501E-02  9.2778214E-07
  1.2781681E-02  9.5332069E-07
  1.2897909E-02  9.7956217E-07
  1.3015193E-02  1.0065260E-06
  1.3133544E-02  1.0342319E-06
  1.3252971E-02  1.0627004E-06
  1.3373484E-02  1.0919526E-06
  1.3495092E-02  1.1220098E-06
  1.3617807E-02  1.1528945E-06
  1.3741638E-02  1.1846291E-06
  1.3866594E-02  1.2172374E-06
  1.3992687E-02  1.2507430E-06
  1.4119927E-02  1.2851709E-06
  1.4248323E-02  1.3205464E-06
  1.4377886E-02  1.3568956E-06
  1.4508629E-02  1.3942451E-06
  1.4640560E-02  1.4326229E-06
  1.4773691E-02  1.4720567E-06
  1.4908032E-02  1.5125761E-06
  1.5043595E-02  1.5542106E-06
  1.5180390E-02  1.5969911E-06
  1.5318430E-02  1.6409491E-06
  1.5457725E-02  1.6861169E-06
  1.5598287E-02  1.7325278E-06
  1.5740126E-02  1.7802162E-06
  1.5883256E-02  1.8292170E-06
  1.6027687E-02  1.8795665E-06
  1.6173430E-02  1.9313018E-06
  1.6320501E-02  1.9844611E-06
  1.6468907E-02  2.0390833E-06
  1.6618663E-02  2.0952089E-06
  1.6769782E-02  2.1528790E-06
  1.6922275E-02  2.2121367E-06
  1.7076153E-02  2.2730251E-06
  1.7231431E-02  2.3355892E-06
  1.7388122E-02  2.3998753E-06
  1.7546237E-02  2.4659305E-06
  1.7705789E-02  2.5338038E-06
  1.7866794E-02  2.6035450E-06
  1.8029261E-02  2.6752057E-06
  1.8193206E-02  2.7488386E-06
  1.8358642E-02  2.8244979E-06
  1.8525582E-02  2.9022392E-06
  1.8694041E-02  2.9821203E-06
  1.8864030E-02  3.0641997E-06
  1.9035567E-02  3.1485379E-06
  1.9208662E-02  3.2351970E-06
  1.9383332E-02  3.3242413E-06
  1.9559590E-02  3.4157358E-06
  1.9737450E-02  3.5097485E-06
  1.9916929E-02  3.6063482E-06
  2.0098040E-02  3.7056063E-06
  2.0280797E-02  3.8075962E-06
  2.0465216E-02  3.9123925E-06
  2.0651313E-02  4.0200730E-06
  2.0839101E-02  4.1307162E-06
  2.1028595E-02  4.2444044E-06
  2.1219814E-02  4.3612213E-06
  2.1412773E-02  4.4812527E-06
  2.1607485E-02  4.6045875E-06
  2.1803968E-02  4.7313156E-06
  2.2002237E-02  4.8615316E-06
  2.2202309E-02  4.9953305E-06
  2.2404201E-02  5.1328111E-06
  2.2607930E-02  5.2740752E-06
  2.2813510E-02  5.4192260E-06
  2.3020959E-02  5.5683709E-06
  2.3230296E-02  5.7216198E-06
  2.3441534E-02  5.8790861E-06
  2.3654696E-02  6.0408847E-06
  2.3869794E-02  6.2071354E-06
  2.4086850E-02  6.3779607E-06
  2.4305878E-02  6.5534864E-06
  2.4526898E-02  6.7338415E-06
  2.4749927E-02  6.9191592E-06
  2.4974985E-02  7.1095756E-06
  2.5202090E-02  7.3052315E-06
  2.5431260E-02  7.5062708E-06
  2.5662513E-02  7.7128416E-06
  2.5895869E-02  7.9250949E-06
  2.6131349E-02  8.1431890E-06
  2.6368968E-02  8.3672830E-06
  2.6608748E-02  8.5975425E-06
  2.6850710E-02  8.8341376E-06
  2.7094871E-02  9.0772419E-06
  2.7341252E-02  9.3270337E-06
  2.7589872E-02  9.5836986E-06
  2.7840756E-02  9.8474238E-06
  2.8093919E-02  1.0118405E-05
  2.8349385E-02  1.0396840E-05
  2.8607175E-02  1.0682937E-05
  2.8867308E-02  1.0976903E-05
  2.9129807E-02  1.1278956E-05
  2.9394692E-02  1.1589318E-05
  2.9661985E-02  1.1908218E-05
  2.9931711E-02  1.2235891E-05
  3.0203888E-02  1.2572576E-05
  3.0478541E-02  1.2918525E-05
  3.0755691E-02  1.3273989E-05
  3.1035360E-02  1.3639230E-05
  3.1317573E-02  1.4014518E-05
  3.1602353E-02  1.4400130E-05
  3.1889722E-02  1.4796347E-05
  3.2179706E-02  1.5203463E-05
  3.2472324E-02  1.5621777E-05
  3.2767605E-02  1.6051596E-05
  3.3065569E-02  1.6493237E-05
  3.3366244E-02  1.6947024E-05
  3.3669651E-02  1.7413293E-05
  3.3975821E-02  1.7892384E-05
  3.4284770E-02  1.8384653E-05
  3.4596533E-02  1.8890460E-05
  3.4911130E-02  1.9410176E-05
  3.5228584E-02  1.9944186E-05
  3.5548929E-02  2.0492880E-05
  3.5872184E-02  2.1056665E-05
  3.6198381E-02  2.1635951E-05
  3.6527544E-02  2.2231168E-05
  3.6859699E-02  2.2842754E-05
  3.7194874E-02  2.3471155E-05
  3.7533097E-02  2.4116836E-05
  3.7874397E-02  2.4780271E-05
  3.8218800E-02  2.5461948E-05
  3.8566332E-02  2.6162368E-05
  3.8917027E-02  2.6882046E-05
  3.9270911E-02  2.7621511E-05
  3.9628014E-02  2.8381306E-05
  3.9988361E-02  2.9161989E-05
  4.0351987E-02  2.9964136E-05
  4.0718917E-02  3.0788335E-05
  4.1089188E-02  3.1635191E-05
  4.1462824E-02  3.2505330E-05
  4.1839857E-02  3.3399385E-05
  4.2220317E-02  3.4318018E-05
  4.2604238E-02  3.5261903E-05
  4.2991649E-02  3.6231733E-05
  4.3382585E-02  3.7228219E-05
  4.3777075E-02  3.8252096E-05
  4.4175152E-02  3.9304112E-05
  4.4576850E-02  4.0385043E-05
  4.4982199E-02  4.1495681E-05
  4.5391236E-02  4.2636842E-05
  4.5803990E-02  4.3809367E-05
  4.6220500E-02  4.5014109E-05
  4.6640795E-02  4.6251960E-05
  4.7064912E-02  4.7523827E-05
  4.7492888E-02  4.8830640E-05
  4.7924753E-02  5.0173363E-05
  4.8360549E-02  5.1552975E-05
  4.8800305E-02  5.2970496E-05
  4.9244057E-02  5.4426961E-05
  4.9691848E-02  5.5923443E-05
  5.0143711E-02  5.7461035E-05
  5.0599679E-02  5.9040864E-05
  5.1059797E-02  6.0664093E-05
  5.1524099E-02  6.2331914E-05
  5.1992621E-02  6.4045540E-05
  5.2465405E-02  6.5806242E-05
  5.2942488E-02  6.7615299E-05
  5.3423911E-02  6.9474045E-05
  5.3909708E-02  7.1383831E-05
  5.4399922E-02  7.3346069E-05
  5.4894596E-02  7.5362193E-05
  5.5393770E-02  7.7433680E-05
  5.5897482E-02  7.9562044E-05
  5.6405772E-02  8.1748847E-05
  5.6918688E-02  8.3995699E-05
  5.7436265E-02  8.6304230E-05
  5.7958547E-02  8.8676141E-05
  5.8485582E-02  9.1113165E-05
  5.9017409E-02  9.3617091E-05
  5.9554070E-02  9.6189739E-05
  6.0095612E-02  9.8833007E-05
  6.0642079E-02  1.0154882E-04
  6.1193511E-02  1.0433917E-04
  6.1749961E-02  1.0720609E-04
  6.2311471E-02  1.1015169E-04
  6.2878087E-02  1.1317812E-04
  6.3449860E-02  1.1628759E-04
  6.4026825E-02  1.1948236E-04
  6.4609036E-02  1.2276479E-04
  6.5196544E-02  1.2613727E-04
  6.5789394E-02  1.2960227E-04
  6.6387638E-02  1.3316229E-04
  6.6991322E-02  1.3681997E-04
  6.7600489E-02  1.4057798E-04
  6.8215199E-02  1.4443902E-04
  6.8835497E-02  1.4840596E-04
  6.9461443E-02  1.5248168E-04
  7.0093073E-02  1.5666914E-04
  7.0730448E-02  1.6097139E-04
  7.1373619E-02  1.6539161E-04
  7.2022639E-02  1.6993299E-04
  7.2677560E-02  1.7459884E-04
  7.3338442E-02  1.7939259E-04
  7.4005328E-02  1.8431770E-04
  7.4678279E-02  1.8937778E-04
  7.5357348E-02  1.9457651E-04
  7.6042593E-02  1.9991769E-04
  7.6734073E-02  2.0540519E-04
  7.7431835E-02  2.1104302E-04
  7.8135945E-02  2.1683528E-04
  7.8846462E-02  2.2278618E-04
  7.9563431E-02  2.2890005E-04
  8.0286928E-02  2.3518136E-04
  8.1016995E-02  2.4163465E-04
  8.1753708E-02  2.4826461E-04
  8.2497112E-02  2.5507610E-04
  8.3247282E-02  2.6207400E-04
  8.4004276E-02  2.6926346E-04
  8.4768154E-02  2.7664966E-04
  8.5538968E-02  2.8423799E-04
  8.6316802E-02  2.9203395E-04
  8.7101705E-02  3.0004318E-04
  8.7893747E-02  3.0827150E-04
  8.8692985E-02  3.1672488E-04
  8.9499496E-02  3.2540946E-04
  9.0313338E-02  3.3433150E-04
  9.1134585E-02  3.4349749E-04
  9.1963299E-02  3.5291407E-04
  9.2799544E-02  3.6258803E-04
  9.3643397E-02  3.7252641E-04
  9.4494924E-02  3.8273638E-04
  9.5354192E-02  3.9322532E-04
  9.6221276E-02  4.0400081E-04
  9.7096242E-02  4.1507065E-04
  9.7979166E-02  4.2644283E-04
  9.8870121E-02  4.3812557E-04
  9.9769175E-02  4.5012726E-04
  0.1006764      4.6245664E-04
  0.1015919      4.7512254E-04
  0.1025157      4.8813410E-04
  0.1034479      5.0150068E-04
  0.1043886      5.1523198E-04
  0.1053378      5.2933779E-04
  0.1062957      5.4382836E-04
  0.1072622      5.5871403E-04
  0.1082376      5.7400553E-04
  0.1092218      5.8971386E-04
  0.1102150      6.0585025E-04
  0.1112172      6.2242639E-04
  0.1122286      6.3945405E-04
  0.1132491      6.5694557E-04
  0.1142789      6.7491335E-04
  0.1153181      6.9337036E-04
  0.1163667      7.1232981E-04
  0.1174249      7.3180522E-04
  0.1184926      7.5181050E-04
  0.1195701      7.7236001E-04
  0.1206574      7.9346844E-04
  0.1217546      8.1515074E-04
  0.1228617      8.3742250E-04
  0.1239789      8.6029957E-04
  0.1251063      8.8379823E-04
  0.1262439      9.0793520E-04
  0.1273919      9.3272765E-04
  0.1285503      9.5819321E-04
  0.1297193      9.8434999E-04
  0.1308988      1.0112165E-03
  0.1320891      1.0388120E-03
  0.1332903      1.0671559E-03
  0.1345023      1.0962681E-03
  0.1357254      1.1261695E-03
  0.1369596      1.1568811E-03
  0.1382050      1.1884245E-03
  0.1394617      1.2208223E-03
  0.1407299      1.2540970E-03
  0.1420096      1.2882722E-03
  0.1433009      1.3233720E-03
  0.1446040      1.3594211E-03
  0.1459189      1.3964446E-03
  0.1472458      1.4344688E-03
  0.1485847      1.4735202E-03
  0.1499359      1.5136262E-03
  0.1512993      1.5548147E-03
  0.1526751      1.5971148E-03
  0.1540634      1.6405560E-03
  0.1554643      1.6851684E-03
  0.1568780      1.7309831E-03
  0.1583046      1.7780323E-03
  0.1597441      1.8263482E-03
  0.1611967      1.8759648E-03
  0.1626625      1.9269164E-03
  0.1641416      1.9792381E-03
  0.1656342      2.0329664E-03
  0.1671403      2.0881379E-03
  0.1686602      2.1447912E-03
  0.1701939      2.2029649E-03
  0.1717415      2.2626994E-03
  0.1733032      2.3240354E-03
  0.1748791      2.3870151E-03
  0.1764693      2.4516818E-03
  0.1780740      2.5180792E-03
  0.1796933      2.5862532E-03
  0.1813273      2.6562498E-03
  0.1829761      2.7281167E-03
  0.1846400      2.8019031E-03
  0.1863190      2.8776582E-03
  0.1880132      2.9554341E-03
  0.1897229      3.0352829E-03
  0.1914481      3.1172584E-03
  0.1931890      3.2014158E-03
  0.1949457      3.2878115E-03
  0.1967184      3.3765035E-03
  0.1985072      3.4675507E-03
  0.2003123      3.5610145E-03
  0.2021338      3.6569566E-03
  0.2039718      3.7554407E-03
  0.2058266      3.8565320E-03
  0.2076983      3.9602974E-03
  0.2095869      4.0668058E-03
  0.2114927      4.1761259E-03
  0.2134159      4.2883307E-03
  0.2153566      4.4034924E-03
  0.2173149      4.5216870E-03
  0.2192910      4.6429909E-03
  0.2212850      4.7674826E-03
  0.2232972      4.8952429E-03
  0.2253277      5.0263535E-03
  0.2273767      5.1608994E-03
  0.2294443      5.2989661E-03
  0.2315307      5.4406417E-03
  0.2336361      5.5860165E-03
  0.2357606      5.7351822E-03
  0.2379044      5.8882334E-03
  0.2400678      6.0452656E-03
  0.2422508      6.2063779E-03
  0.2444536      6.3716699E-03
  0.2466765      6.5412452E-03
  0.2489196      6.7152078E-03
  0.2511831      6.8936651E-03
  0.2534672      7.0767268E-03
  0.2557721      7.2645042E-03
  0.2580979      7.4571110E-03
  0.2604448      7.6546646E-03
  0.2628131      7.8572826E-03
  0.2652029      8.0650868E-03
  0.2676145      8.2782004E-03
  0.2700480      8.4967501E-03
  0.2725036      8.7208636E-03
  0.2749816      8.9506721E-03
  0.2774821      9.1863098E-03
  0.2800053      9.4279125E-03
  0.2825514      9.6756183E-03
  0.2851208      9.9295685E-03
  0.2877134      1.0189908E-02
  0.2903297      1.0456781E-02
  0.2929698      1.0730337E-02
  0.2956338      1.1010730E-02
  0.2983221      1.1298111E-02
  0.3010348      1.1592638E-02
  0.3037722      1.1894469E-02
  0.3065345      1.2203768E-02
  0.3093219      1.2520697E-02
  0.3121347      1.2845425E-02
  0.3149730      1.3178119E-02
  0.3178371      1.3518954E-02
  0.3207273      1.3868101E-02
  0.3236438      1.4225738E-02
  0.3265868      1.4592044E-02
  0.3295565      1.4967201E-02
  0.3325532      1.5351392E-02
  0.3355772      1.5744803E-02
  0.3386287      1.6147623E-02
  0.3417080      1.6560039E-02
  0.3448153      1.6982246E-02
  0.3479508      1.7414436E-02
  0.3511147      1.7856807E-02
  0.3543075      1.8309554E-02
  0.3575294      1.8772876E-02
  0.3607805      1.9246977E-02
  0.3640611      1.9732054E-02
  0.3673717      2.0228315E-02
  0.3707123      2.0735960E-02
  0.3740833      2.1255197E-02
  0.3774849      2.1786230E-02
  0.3809175      2.2329265E-02
  0.3843813      2.2884512E-02
  0.3878766      2.3452174E-02
  0.3914036      2.4032462E-02
  0.3949628      2.4625581E-02
  0.3985543      2.5231738E-02
  0.4021785      2.5851136E-02
  0.4058356      2.6483985E-02
  0.4095260      2.7130486E-02
  0.4132499      2.7790843E-02
  0.4170077      2.8465254E-02
  0.4207996      2.9153921E-02
  0.4246261      2.9857038E-02
  0.4284874      3.0574800E-02
  0.4323837      3.1307399E-02
  0.4363155      3.2055024E-02
  0.4402830      3.2817855E-02
  0.4442866      3.3596076E-02
  0.4483267      3.4389861E-02
  0.4524034      3.5199385E-02
  0.4565173      3.6024813E-02
  0.4606685      3.6866304E-02
  0.4648575      3.7724014E-02
  0.4690846      3.8598098E-02
  0.4733501      3.9488692E-02
  0.4776544      4.0395934E-02
  0.4819978      4.1319951E-02
  0.4863808      4.2260870E-02
  0.4908036      4.3218795E-02
  0.4952666      4.4193834E-02
  0.4997702      4.5186084E-02
  0.5043147      4.6195626E-02
  0.5089006      4.7222536E-02
  0.5135282      4.8266880E-02
  0.5181978      4.9328718E-02
  0.5229100      5.0408084E-02
  0.5276650      5.1505014E-02
  0.5324631      5.2619532E-02
  0.5373050      5.3751640E-02
  0.5421908      5.4901335E-02
  0.5471212      5.6068599E-02
  0.5520962      5.7253402E-02
  0.5571166      5.8455702E-02
  0.5621827      5.9675433E-02
  0.5672947      6.0912531E-02
  0.5724533      6.2166903E-02
  0.5776588      6.3438453E-02
  0.5829116      6.4727060E-02
  0.5882122      6.6032588E-02
  0.5935609      6.7354903E-02
  0.5989584      6.8693839E-02
  0.6044049      7.0049211E-02
  0.6099009      7.1420833E-02
  0.6154469      7.2808497E-02
  0.6210433      7.4211977E-02
  0.6266906      7.5631030E-02
  0.6323893      7.7065416E-02
  0.6381398      7.8514852E-02
  0.6439426      7.9979062E-02
  0.6497982      8.1457749E-02
  0.6557069      8.2950592E-02
  0.6616695      8.4457263E-02
  0.6676862      8.5977428E-02
  0.6737577      8.7510727E-02
  0.6798844      8.9056790E-02
  0.6860667      9.0615243E-02
  0.6923053      9.2185684E-02
  0.6986006      9.3767717E-02
  0.7049533      9.5360912E-02
  0.7113636      9.6964851E-02
  0.7178322      9.8579101E-02
  0.7243596      0.1002032    
  0.7309464      0.1018367    
  0.7375932      0.1034791    
  0.7443003      0.1051300    
  0.7510684      0.1067889    
  0.7578981      0.1084553    
  0.7647899      0.1101287    
  0.7717443      0.1118086    
  0.7787620      0.1134945    
  0.7858436      0.1151860    
  0.7929894      0.1168824    
  0.8002003      0.1185833    
  0.8074768      0.1202882    
  0.8148193      0.1219966    
  0.8222287      0.1237080    
  0.8297055      0.1254217    
  0.8372502      0.1271375    
  0.8448636      0.1288547    
  0.8525462      0.1305728    
  0.8602986      0.1322914    
  0.8681216      0.1340099    
  0.8760156      0.1357279    
  0.8839815      0.1374448    
  0.8920197      0.1391602    
  0.9001312      0.1408737    
  0.9083163      0.1425846    
  0.9165759      0.1442927    
  0.9249105      0.1459973    
  0.9333211      0.1476982    
  0.9418080      0.1493947    
  0.9503721      0.1510866    
  0.9590141      0.1527733    
  0.9677347      0.1544545    
  0.9765346      0.1561297    
  0.9854145      0.1577986    
  0.9943751      0.1594607    
   1.003417      0.1611156    
   1.012542      0.1627631    
   1.021749      0.1644026    
   1.031040      0.1660339    
   1.040416      0.1676565    
   1.049876      0.1692702    
   1.059423      0.1708746    
   1.069057      0.1724693    
   1.078778      0.1740540    
   1.088588      0.1756285    
   1.098486      0.1771923    
   1.108475      0.1787452    
   1.118555      0.1802868    
   1.128726      0.1818169    
   1.138990      0.1833352    
   1.149347      0.1848413    
   1.159799      0.1863350    
   1.170345      0.1878159    
   1.180987      0.1892838    
   1.191726      0.1907384    
   1.202563      0.1921794    
   1.213498      0.1936066    
   1.224533      0.1950195    
   1.235668      0.1964180    
   1.246904      0.1978018    
   1.258243      0.1991705    
   1.269684      0.2005239    
   1.281230      0.2018616    
   1.292880      0.2031835    
   1.304637      0.2044891    
   1.316500      0.2057781    
   1.328472      0.2070503    
   1.340552      0.2083053    
   1.352742      0.2095428    
   1.365043      0.2107624    
   1.377455      0.2119639    
   1.389981      0.2131468    
   1.402621      0.2143108    
   1.415375      0.2154556    
   1.428245      0.2165807    
   1.441233      0.2176858    
   1.454338      0.2187706    
   1.467563      0.2198344    
   1.480908      0.2208771    
   1.494374      0.2218981    
   1.507963      0.2228970    
   1.521675      0.2238734    
   1.535512      0.2248268    
   1.549475      0.2257568    
   1.563565      0.2266628    
   1.577783      0.2275444    
   1.592130      0.2284012    
   1.606608      0.2292325    
   1.621217      0.2300379    
   1.635960      0.2308169    
   1.650836      0.2315689    
   1.665847      0.2322935    
   1.680995      0.2329899    
   1.696281      0.2336578    
   1.711706      0.2342965    
   1.727271      0.2349056    
   1.742977      0.2354843    
   1.758827      0.2360322    
   1.774820      0.2365486    
   1.790959      0.2370331    
   1.807245      0.2374849    
   1.823679      0.2379037    
   1.840262      0.2382886    
   1.856996      0.2386392    
   1.873882      0.2389550    
   1.890922      0.2392352    
   1.908117      0.2394795    
   1.925468      0.2396871    
   1.942976      0.2398576    
   1.960644      0.2399903    
   1.978473      0.2400848    
   1.996464      0.2401405    
   2.014618      0.2401569    
   2.032938      0.2401334    
   2.051424      0.2400696    
   2.070078      0.2399651    
   2.088902      0.2398192    
   2.107897      0.2396316    
   2.127064      0.2394018    
   2.146407      0.2391294    
   2.165925      0.2388140    
   2.185620      0.2384552    
   2.205494      0.2380526    
   2.225549      0.2376060    
   2.245787      0.2371149    
   2.266209      0.2365790    
   2.286816      0.2359982    
   2.307611      0.2353722    
   2.328594      0.2347006    
   2.349769      0.2339834    
   2.371136      0.2332204    
   2.392697      0.2324113    
   2.414455      0.2315562    
   2.436410      0.2306549    
   2.458565      0.2297074    
   2.480922      0.2287136    
   2.503481      0.2276736    
   2.526246      0.2265874    
   2.549218      0.2254550    
   2.572399      0.2242767    
   2.595790      0.2230525    
   2.619395      0.2217826    
   2.643213      0.2204673    
   2.667249      0.2191068    
   2.691503      0.2177013    
   2.715977      0.2162513    
   2.740675      0.2147570    
   2.765596      0.2132190    
   2.790745      0.2116375    
   2.816122      0.2100132    
   2.841729      0.2083465    
   2.867570      0.2066380    
   2.893646      0.2048883    
   2.919959      0.2030980    
   2.946511      0.2012677    
   2.973304      0.1993984    
   3.000341      0.1974906    
   3.027624      0.1955451    
   3.055155      0.1935629    
   3.082937      0.1915447    
   3.110970      0.1894915    
   3.139259      0.1874042    
   3.167805      0.1852839    
   3.196611      0.1831314    
   3.225679      0.1809480    
   3.255011      0.1787346    
   3.284610      0.1764924    
   3.314478      0.1742225    
   3.344617      0.1719262    
   3.375031      0.1696047    
   3.405721      0.1672591    
   3.436690      0.1648908    
   3.467941      0.1625011    
   3.499476      0.1600913    
   3.531297      0.1576627    
   3.563408      0.1552167    
   3.595812      0.1527548    
   3.628509      0.1502782    
   3.661504      0.1477886    
   3.694799      0.1452872    
   3.728397      0.1427756    
   3.762300      0.1402551    
   3.796512      0.1377274    
   3.831035      0.1351939    
   3.865872      0.1326560    
   3.901025      0.1301153    
   3.936498      0.1275733    
   3.972294      0.1250314    
   4.008415      0.1224912    
   4.044865      0.1199541    
   4.081646      0.1174217    
   4.118762      0.1148953    
   4.156214      0.1123765    
   4.194008      0.1098667    
   4.232145      0.1073674    
   4.270629      0.1048799    
   4.309464      0.1024056    
   4.348650      9.9946007E-02
   4.388194      9.7502366E-02
   4.428097      9.5076032E-02
   4.468363      9.2668302E-02
   4.508995      9.0280451E-02
   4.549997      8.7913714E-02
   4.591371      8.5569307E-02
   4.633122      8.3248392E-02
   4.675252      8.0952115E-02
   4.717765      7.8681581E-02
   4.760665      7.6437846E-02
   4.803956      7.4221931E-02
   4.847639      7.2034821E-02
   4.891720      6.9877453E-02
   4.936202      6.7750722E-02
   4.981088      6.5655477E-02
   5.026383      6.3592531E-02
   5.072089      6.1562628E-02
   5.118211      5.9566490E-02
   5.164752      5.7604779E-02
   5.211717      5.5678107E-02
   5.259109      5.3787045E-02
   5.306931      5.1932108E-02
   5.355188      5.0113764E-02
   5.403884      4.8332434E-02
   5.453024      4.6588484E-02
   5.502610      4.4882242E-02
   5.552646      4.3213971E-02
   5.603138      4.1583896E-02
   5.654089      3.9992191E-02
   5.705503      3.8438983E-02
   5.757385      3.6924347E-02
   5.809739      3.5448320E-02
   5.862568      3.4010883E-02
   5.915878      3.2611981E-02
   5.969673      3.1251505E-02
   6.023957      2.9929316E-02
   6.078734      2.8645217E-02
   6.134010      2.7398985E-02
   6.189788      2.6190346E-02
   6.246074      2.5018997E-02
   6.302871      2.3884593E-02
   6.360185      2.2786751E-02
   6.418020      2.1725062E-02
   6.476380      2.0699076E-02
   6.535272      1.9708319E-02
   6.594699      1.8752282E-02
   6.654666      1.7830433E-02
   6.715179      1.6942212E-02
   6.776242      1.6087037E-02
   6.837861      1.5264298E-02
   6.900039      1.4473369E-02
   6.962783      1.3713606E-02
   7.026098      1.2984342E-02
   7.089988      1.2284901E-02
   7.154459      1.1614589E-02
   7.219517      1.0972700E-02
   7.285166      1.0358521E-02
   7.351412      9.7713247E-03
   7.418261      9.2103826E-03
   7.485717      8.6749569E-03
   7.553787      8.1643062E-03
   7.622475      7.6776883E-03
   7.691789      7.2143585E-03
   7.761732      6.7735738E-03
   7.832312      6.3545927E-03
   7.903533      5.9566773E-03
   7.975402      5.5790930E-03
   8.047925      5.2211126E-03
   8.121107      4.8820153E-03
   8.194954      4.5610885E-03
   8.269473      4.2576282E-03
   8.344670      3.9709415E-03
   8.420550      3.7003455E-03
   8.497121      3.4451701E-03
   8.574388      3.2047573E-03
   8.652357      2.9784630E-03
   8.731035      2.7656564E-03
   8.810429      2.5657227E-03
   8.890545      2.3780609E-03
   8.971389      2.2020866E-03
   9.052968      2.0372309E-03
   9.135289      1.8829416E-03
   9.218359      1.7386830E-03
   9.302184      1.6039364E-03
   9.386772      1.4782002E-03
   9.472128      1.3609899E-03
   9.558261      1.2518381E-03
   9.645177      1.1502946E-03
   9.732883      1.0559266E-03
   9.821387      9.6831826E-04
   9.910696      8.8707067E-04
   10.00082      8.1180164E-04
   10.09176      7.4214570E-04
   10.18352      6.7775353E-04
   10.27613      6.1829190E-04
   10.36957      5.6344346E-04
   10.46386      5.1290606E-04
   10.55901      4.6639264E-04
   10.65503      4.2363090E-04
   10.75192      3.8436271E-04
   10.84969      3.4834383E-04
   10.94835      3.1534344E-04
   11.04790      2.8514364E-04
   11.14837      2.5753921E-04
   11.24974      2.3233685E-04
   11.35204      2.0935498E-04
   11.45527      1.8842315E-04
   11.55943      1.6938156E-04
   11.66455      1.5208073E-04
   11.77061      1.3638087E-04
   11.87765      1.2215156E-04
   11.98565      1.0927123E-04
   12.09464      9.7626726E-05
   12.20462      8.7112901E-05
   12.31560      7.7632161E-05
   12.42759      6.9094087E-05
   12.54060      6.1414990E-05
   12.65464      5.4517539E-05
   12.76971      4.8330392E-05
   12.88583      4.2787815E-05
   13.00300      3.7829337E-05
   13.12124      3.3399403E-05
   13.24056      2.9447059E-05
   13.36096      2.5925636E-05
   13.48245      2.2792450E-05
   13.60505      2.0008525E-05
   13.72876      1.7538321E-05
   13.85360      1.5349480E-05
   13.97958      1.3412580E-05
   14.10670      1.1700914E-05
   14.23498      1.0190267E-05
   14.36442      8.8587194E-06
   14.49504      7.6864508E-06
   14.62685      6.6555644E-06
   14.75985      5.7499174E-06
   14.89407      4.9549631E-06
   15.02950      4.2576044E-06
   15.16617      3.6460556E-06
   15.30408      3.1097111E-06
   15.44324      2.6390262E-06
   15.58367      2.2254023E-06
   15.72538      1.8610782E-06
   15.86838      1.5390297E-06
   16.01267      1.2528707E-06
   16.15828      9.9676083E-07
   16.30521      7.6531342E-07
   16.45348      5.5350591E-07
   16.60310      3.5658931E-07
   16.75407      1.6999624E-07
   16.90642     -1.0755527E-08
   17.06016      4.9477154E-07
   17.21529      4.2387899E-07
   17.37183      3.6475728E-07
   17.52980      3.1596394E-07
   17.68920      2.7628673E-07
   17.85006      2.4472467E-07
   18.01237      2.2047283E-07
   18.17616      2.0291105E-07
   18.34144      1.9159705E-07
   18.50823      1.8626365E-07
   18.67653      0.0000000E+00
   18.84636      0.0000000E+00
   19.01773      0.0000000E+00
   19.19067      0.0000000E+00
   19.36518      0.0000000E+00
   19.54127      0.0000000E+00
   19.71896      0.0000000E+00
   19.89827      0.0000000E+00
   20.07921      0.0000000E+00
   20.26180      0.0000000E+00
   20.44604      0.0000000E+00
   20.63197      0.0000000E+00
   20.81958      0.0000000E+00
   21.00890      0.0000000E+00
   21.19994      0.0000000E+00
   21.39271      0.0000000E+00
   21.58724      0.0000000E+00
   21.78354      0.0000000E+00
   21.98163      0.0000000E+00
   22.18151      0.0000000E+00
   22.38321      0.0000000E+00
   22.58675      0.0000000E+00
   22.79214      0.0000000E+00
   22.99939      0.0000000E+00
   23.20853      0.0000000E+00
   23.41957      0.0000000E+00
   23.63254      0.0000000E+00
   23.84743      0.0000000E+00
   24.06429      0.0000000E+00
   24.28311      0.0000000E+00
   24.50392      0.0000000E+00
   24.72674      0.0000000E+00
   24.95159      0.0000000E+00
   25.17848      0.0000000E+00
   25.40744      0.0000000E+00
   25.63847      0.0000000E+00
   25.87161      0.0000000E+00
   26.10687      0.0000000E+00
   26.34427      0.0000000E+00
   26.58382      0.0000000E+00
   26.82556      0.0000000E+00
   27.06949      0.0000000E+00
   27.31564      0.0000000E+00
   27.56403      0.0000000E+00
   27.81468      0.0000000E+00
   28.06760      0.0000000E+00
   28.32283      0.0000000E+00
   28.58038      0.0000000E+00
   28.84027      0.0000000E+00
   29.10252      0.0000000E+00
   29.36716      0.0000000E+00
   29.63420      0.0000000E+00
   29.90367      0.0000000E+00
   30.17559      0.0000000E+00
   30.44999      0.0000000E+00
   30.72688      0.0000000E+00
   31.00629      0.0000000E+00
   31.28824      0.0000000E+00
   31.57275      0.0000000E+00
   31.85985      0.0000000E+00
   32.14956      0.0000000E+00
   32.44191      0.0000000E+00
   32.73691      0.0000000E+00
   33.03460      0.0000000E+00
   33.33499      0.0000000E+00
   33.63811      0.0000000E+00
   33.94399      0.0000000E+00
   34.25266      0.0000000E+00
   34.56413      0.0000000E+00
   34.87843      0.0000000E+00
   35.19558      0.0000000E+00
   35.51563      0.0000000E+00
   35.83858      0.0000000E+00
   36.16447      0.0000000E+00
   36.49332      0.0000000E+00
   36.82517      0.0000000E+00
   37.16003      0.0000000E+00
   37.49794      0.0000000E+00
   37.83892      0.0000000E+00
   38.18299      0.0000000E+00
   38.53020      0.0000000E+00
   38.88057      0.0000000E+00
   39.23412      0.0000000E+00
   39.59089      0.0000000E+00
   39.95090      0.0000000E+00
   40.31419      0.0000000E+00
   40.68077      0.0000000E+00
   41.05070      0.0000000E+00
   41.42398      0.0000000E+00
   41.80066      0.0000000E+00
   42.18077      0.0000000E+00
   42.56433      0.0000000E+00
   42.95138      0.0000000E+00
   43.34195      0.0000000E+00
   43.73606      0.0000000E+00
   44.13377      0.0000000E+00
   44.53509      0.0000000E+00
   44.94006      0.0000000E+00
   45.34871      0.0000000E+00
   45.76108      0.0000000E+00
   46.17720      0.0000000E+00
   46.59710      0.0000000E+00
   47.02082      0.0000000E+00
   47.44840      0.0000000E+00
   47.87986      0.0000000E+00
   48.31524      0.0000000E+00
   48.75459      0.0000000E+00
   49.19793      0.0000000E+00
   49.64530      0.0000000E+00
   50.09674      0.0000000E+00
   50.55228      0.0000000E+00
   51.01197      0.0000000E+00
   51.47583      0.0000000E+00
   51.94392      0.0000000E+00
   52.41626      0.0000000E+00
   52.89289      0.0000000E+00
   53.37386      0.0000000E+00
   53.85921      0.0000000E+00
   54.34896      0.0000000E+00
   54.84317      0.0000000E+00
   55.34188      0.0000000E+00
   55.84512      0.0000000E+00
   56.35293      0.0000000E+00
   56.86537      0.0000000E+00
   57.38246      0.0000000E+00
   57.90425      0.0000000E+00
   58.43079      0.0000000E+00
   58.96212      0.0000000E+00
   59.49828      0.0000000E+00
   60.03931      0.0000000E+00
   60.58527      0.0000000E+00
   61.13619      0.0000000E+00
   61.69212      0.0000000E+00
   62.25310      0.0000000E+00
   62.81919      0.0000000E+00
   63.39042      0.0000000E+00
   63.96685      0.0000000E+00
   64.54852      0.0000000E+00
   65.13548      0.0000000E+00
   65.72777      0.0000000E+00
   66.32545      0.0000000E+00
   66.92857      0.0000000E+00
   67.53716      0.0000000E+00
   68.15130      0.0000000E+00
   68.77102      0.0000000E+00
   69.39637      0.0000000E+00
   70.02741      0.0000000E+00
   70.66419      0.0000000E+00
   71.30676      0.0000000E+00
   71.95517      0.0000000E+00
   72.60948      0.0000000E+00
   73.26974      0.0000000E+00
   73.93600      0.0000000E+00
   74.60832      0.0000000E+00
   75.28676      0.0000000E+00
   75.97136      0.0000000E+00
   76.66219      0.0000000E+00
   77.35930      0.0000000E+00
   78.06275      0.0000000E+00
   78.77260      0.0000000E+00
   79.48890      0.0000000E+00
   80.21172      0.0000000E+00
   80.94110      0.0000000E+00
   81.67712      0.0000000E+00
   82.41984      0.0000000E+00
   83.16930      0.0000000E+00
   83.92558      0.0000000E+00
   84.68874      0.0000000E+00
   85.45884      0.0000000E+00
   86.23594      0.0000000E+00
   87.02011      0.0000000E+00
   87.81141      0.0000000E+00
  20. 0.
  20. -100000.
  0. -100000.
