ECP 60 6 4
$LOCAL
1
2  1.0000000  0.000000
$S
2
2  11.063795  419.227599
2  8.217641  41.191307
$P
6
2  9.338188  107.348110
2  8.430448  214.699568
4  9.490020  0.025442
4  9.489947  0.051895
2  1.882997  -0.117184
2  1.906972  0.296689
$D
6
2  6.205433  58.881279
2  6.122157  98.683556
4  6.274556  0.019537
4  6.226375  0.021956
2  1.963875  -0.088577
2  1.888287  -0.209726
$F
2
2  2.307953  6.232472
2  2.270609  8.311345
$G
2
2  3.583491  -6.802944
2  3.562515  -8.443232
$SPIN-ORBIT
$P                         
6                          
2  9.338188  -214.696221
2  8.430448  214.699568
4  9.490020  -0.050884
4  9.489947  0.051895
2  1.882997  0.234369
2  1.906972  0.296689
$D                         
6                          
2  6.205433  -58.881279
2  6.122157  65.789037
4  6.274556  -0.019537
4  6.226375  0.014638
2  1.963875  0.088577
2  1.888287  -0.139817
$F                         
2                          
2  2.307953  -4.154982
2  2.270609  4.155672
$G                         
2                          
2  3.583491  3.401472
2  3.562515  -3.377293
