                                                  

     Z,SCF,CCSD
   1.679,   -127.0696254,   -127.9199900
   1.629,   -127.0701013,   -127.9230911
   1.579,   -127.0696843,   -127.9253727
   1.529,   -127.0681919,   -127.9265864
   1.479,   -127.0653951,   -127.9264020
   1.429,   -127.0609965,   -127.9244219
   1.379,   -127.0546026,   -127.9201617
   1.329,   -127.0456912,   -127.9130308
   1.279,   -127.0335772,   -127.9023046
   1.229,   -127.0173720,   -127.8870726
   1.179,   -126.9959341,   -127.8661722
                                                  
