  1.215775037524561E-006   34.0891610868448     
  1.226830421750313E-006   34.0891610863777     
  1.237986335693001E-006   34.0891610868419     
  1.249243693497602E-006   34.0891610873060     
  1.260603417621676E-006   34.0891610863732     
  1.272066438910944E-006   34.0891610868373     
  1.283633696675570E-006   34.0891610868357     
  1.295306138767131E-006   34.0891610872997     
  1.307084721656284E-006   34.0891610863667     
  1.318970410511143E-006   34.0891610858994     
  1.330964179276365E-006   34.0891610863633     
  1.343067010752962E-006   34.0891610868272     
  1.355279896678832E-006   34.0891610858941     
  1.367603837810021E-006   34.0891610858923     
  1.380039844002736E-006   34.0891610863561     
  1.392588934296086E-006   34.0891610854230     
  1.405252136995594E-006   34.0891610868180     
  1.418030489757448E-006   34.0891610858848     
  1.430925039673541E-006   34.0891610863484     
  1.443936843357265E-006   34.0891610863464     
  1.457066967030092E-006   34.0891610863444     
  1.470316486608951E-006   34.0891610863423     
  1.483686487794382E-006   34.0891610863401     
  1.497178066159505E-006   34.0891610868036     
  1.510792327239798E-006   34.0891610868014     
  1.524530386623681E-006   34.0891610863335     
  1.538393370043933E-006   34.0891610863312     
  1.552382413469940E-006   34.0891610863289     
  1.566498663200774E-006   34.0891610858609     
  1.580743275959129E-006   34.0891610858584     
  1.595117418986103E-006   34.0891610863216     
  1.609622270136845E-006   34.0891610863191     
  1.624259017977073E-006   34.0891610867822     
  1.639028861880466E-006   34.0891610863140     
  1.653933012126946E-006   34.0891610867770     
  1.668972690001851E-006   34.0891610867743     
  1.684149127896008E-006   34.0891610863059     
  1.699463569406722E-006   34.0891610858374     
  1.714917269439678E-006   34.0891610863002     
  1.730511494311769E-006   34.0891610862973     
  1.746247521854867E-006   34.0891610862944     
  1.762126641520526E-006   34.0891610867570     
  1.778150154485646E-006   34.0891610867540     
  1.794319373759094E-006   34.0891610862852     
  1.810635624289298E-006   34.0891610858164     
  1.827100243072811E-006   34.0891610862788     
  1.843714579263874E-006   34.0891610867412     
  1.860479994284967E-006   34.0891610867378     
  1.877397861938365E-006   34.0891610862688     
  1.894469568518716E-006   34.0891610867309     
  1.911696512926634E-006   34.0891610862617     
  1.929080106783329E-006   34.0891610867238     
  1.946621774546280E-006   34.0891610867201     
  1.964322953625958E-006   34.0891610862507     
  1.982185094503613E-006   34.0891610867126     
  2.000209660850127E-006   34.0891610862431     
  2.018398129645952E-006   34.0891610862391     
  2.036751991302144E-006   34.0891610862351     
  2.055272749782477E-006   34.0891610866967     
  2.073961922726699E-006   34.0891610862269     
  2.092821041574877E-006   34.0891610866883     
  2.111851651692896E-006   34.0891610857526     
  2.131055312499086E-006   34.0891610862139     
  2.150433597592007E-006   34.0891610862094     
  2.169988094879394E-006   34.0891610866705     
  2.189720406708272E-006   34.0891610866659     
  2.209632149996258E-006   34.0891610861955     
  2.229724956364056E-006   34.0891610861907     
  2.250000472269157E-006   34.0891610861858     
  2.270460359140750E-006   34.0891610861808     
  2.291106293515870E-006   34.0891610861757     
  2.311939967176771E-006   34.0891610861706     
  2.332963087289563E-006   34.0891610856996     
  2.354177376544093E-006   34.0891610856943     
  2.375584573295115E-006   34.0891610866201     
  2.397186431704728E-006   34.0891610861489     
  2.418984721886122E-006   34.0891610861432     
  2.440981230048625E-006   34.0891610863703     
  2.463177758644066E-006   34.0891610861316     
  2.485576126514476E-006   34.0891610863585     
  2.508178169041131E-006   34.0891610861195     
  2.530985738294940E-006   34.0891610861133     
  2.554000703188216E-006   34.0891610863398     
  2.577224949627819E-006   34.0891610863334     
  2.600660380669686E-006   34.0891610858612     
  2.624308916674781E-006   34.0891610860874     
  2.648172495466446E-006   34.0891610863134     
  2.672253072489201E-006   34.0891610860737     
  2.696552620968965E-006   34.0891610860666     
  2.721073132074761E-006   34.0891610862923     
  2.745816615081871E-006   34.0891610860522     
  2.770785097536482E-006   34.0891610860447     
  2.795980625421825E-006   34.0891610858043     
  2.821405263325837E-006   34.0891610860295     
  2.847061094610328E-006   34.0891610860216     
  2.872950221581709E-006   34.0891610857808     
  2.899074765663249E-006   34.0891610862383     
  2.925436867568917E-006   34.0891610859972     
  2.952038687478797E-006   34.0891610859888     
  2.978882405216097E-006   34.0891610857474     
  3.005970220425769E-006   34.0891610862043     
  3.033304352754756E-006   34.0891610857297     
  3.060887042033876E-006   34.0891610859535     
  3.088720548461358E-006   34.0891610864099     
  3.116807152788046E-006   34.0891610857020     
  3.145149156504296E-006   34.0891610863909     
  3.173748882028561E-006   34.0891610856827     
  3.202608672897700E-006   34.0891610856728     
  3.231730893959008E-006   34.0891610858955     
  3.261117931564005E-006   34.0891610861180     
  3.290772193763975E-006   34.0891610858747     
  3.320696110507288E-006   34.0891610858640     
  3.350892133838518E-006   34.0891610858532     
  3.381362738099372E-006   34.0891610858421     
  3.412110420131440E-006   34.0891610860637     
  3.443137699480794E-006   34.0891610855865     
  3.474447118604449E-006   34.0891610860405     
  3.506041243078693E-006   34.0891610855629     
  3.537922661809324E-006   34.0891610857837     
  3.570093987243787E-006   34.0891610857713     
  3.602557855585245E-006   34.0891610859916     
  3.635316927008598E-006   34.0891610855132     
  3.668373885878466E-006   34.0891610857329     
  3.701731440969149E-006   34.0891610859525     
  3.735392325686595E-006   34.0891610859390     
  3.769359298292378E-006   34.0891610861581     
  3.803635142129723E-006   34.0891610856784     
  3.838222665851578E-006   34.0891610856642     
  3.873124703650757E-006   34.0891610856497     
  3.908344115492190E-006   34.0891610858677     
  3.943883787347273E-006   34.0891610860855     
  3.979746631430350E-006   34.0891610858373     
  4.015935586437346E-006   34.0891610858217     
  4.052453617786579E-006   34.0891610858058     
  4.089303717861747E-006   34.0891610857896     
  4.126488906257133E-006   34.0891610860060     
  4.164012230025044E-006   34.0891610857564     
  4.201876763925485E-006   34.0891610857393     
  4.240085610678122E-006   34.0891610859547     
  4.278641901216521E-006   34.0891610857042     
  4.317548794944710E-006   34.0891610856861     
  4.356809479996062E-006   34.0891610856677     
  4.396427173494547E-006   34.0891610858819     
  4.436405121818345E-006   34.0891610856300     
  4.476746600865867E-006   34.0891610856106     
  4.517454916324189E-006   34.0891610855908     
  4.558533403939929E-006   34.0891610853379     
  4.599985429792585E-006   34.0891610855503     
  4.641814390570366E-006   34.0891610857622     
  4.684023713848518E-006   34.0891610855082     
  4.726616858370195E-006   34.0891610854865     
  4.769597314329873E-006   34.0891610854645     
  4.812968603659350E-006   34.0891610855585     
  4.856734280316338E-006   34.0891610855357     
  4.900897930575686E-006   34.0891610855125     
  4.945463173323248E-006   34.0891610853724     
  4.990433660352426E-006   34.0891610851154     
  5.035813076663405E-006   34.0891610853237     
  5.081605140765114E-006   34.0891610855316     
  5.127813604979927E-006   34.0891610853897     
  5.174442255751142E-006   34.0891610853638     
  5.221494913953250E-006   34.0891610852210     
  5.268975435205028E-006   34.0891610853105     
  5.316887710185476E-006   34.0891610851667     
  5.365235664952637E-006   34.0891610851389     
  5.414023261265301E-006   34.0891610852269     
  5.463254496907642E-006   34.0891610853145     
  5.512933406016814E-006   34.0891610850522     
  5.563064059413512E-006   34.0891610850223     
  5.613650564935550E-006   34.0891610851082     
  5.664697067774460E-006   34.0891610850771     
  5.716207750815174E-006   34.0891610850455     
  5.768186834978766E-006   34.0891610850133     
  5.820638579568341E-006   34.0891610852133     
  5.873567282618032E-006   34.0891610851799     
  5.926977281245215E-006   34.0891610849131     
  5.980872952005890E-006   34.0891610848785     
  6.035258711253311E-006   34.0891610848432     
  6.090139015499875E-006   34.0891610849238     
  6.145518361782295E-006   34.0891610846544     
  6.201401288030110E-006   34.0891610847336     
  6.257792373437524E-006   34.0891610848121     
  6.314696238838641E-006   34.0891610846571     
  6.372117547086107E-006   34.0891610847342     
  6.430061003433205E-006   34.0891610848106     
  6.488531355919403E-006   34.0891610847698     
  6.547533395759427E-006   34.0891610846119     
  6.607071957735868E-006   34.0891610848025     
  6.667151920595352E-006   34.0891610844102     
  6.727778207448322E-006   34.0891610844828     
  6.788955786172447E-006   34.0891610844382     
  6.850689669819703E-006   34.0891610843928     
  6.912984917027163E-006   34.0891610844630     
  6.975846632431499E-006   34.0891610844159     
  7.039279967087289E-006   34.0891610842515     
  7.103290118889093E-006   34.0891610840862     
  7.167882332997389E-006   34.0891610842694     
  7.233061902268377E-006   34.0891610842187     
  7.298834167687678E-006   34.0891610842836     
  7.365204518808008E-006   34.0891610842311     
  7.432178394190792E-006   34.0891610842940     
  7.499761281851830E-006   34.0891610841232     
  7.567958719710984E-006   34.0891610839513     
  7.636776296045988E-006   34.0891610837785     
  7.706219649950349E-006   34.0891610839538     
  7.776294471795441E-006   34.0891610838953     
  7.847006503696785E-006   34.0891610839521     
  7.918361539984566E-006   34.0891610838914     
  7.990365427678453E-006   34.0891610839461     
  8.063024066966700E-006   34.0891610836503     
  8.136343411689639E-006   34.0891610837026     
  8.210329469827537E-006   34.0891610835210     
  8.284988303992923E-006   34.0891610834546     
  8.360326031927360E-006   34.0891610835033     
  8.436348827002760E-006   34.0891610833180     
  8.513062918727238E-006   34.0891610833643     
  8.590474593255582E-006   34.0891610832929     
  8.668590193904344E-006   34.0891610832201     
  8.747416121671649E-006   34.0891610831461     
  8.826958835761685E-006   34.0891610831871     
  8.907224854114010E-006   34.0891610829939     
  8.988220753937634E-006   34.0891610830321     
  9.069953172249977E-006   34.0891610829525     
  9.152428806420727E-006   34.0891610828714     
  9.235654414720636E-006   34.0891610827889     
  9.319636816875310E-006   34.0891610828212     
  9.404382894624042E-006   34.0891610827356     
  9.489899592283712E-006   34.0891610825320     
  9.576193917317826E-006   34.0891610825015     
  9.663272940910726E-006   34.0891610823529     
  9.751143798547024E-006   34.0891610823191     
  9.839813690596293E-006   34.0891610822836     
  9.929289882903098E-006   34.0891610823046     
  1.001957970738237E-005   34.0891610820910     
  1.011069056262019E-005   34.0891610820503     
  1.020262991448010E-005   34.0891610820077     
  1.029540529671478E-005   34.0891610819051     
  1.038902431158350E-005   34.0891610818007     
  1.048349463047497E-005   34.0891610818107     
  1.057882399453602E-005   34.0891610817024     
  1.067502021530589E-005   34.0891610815339     
  1.077209117535634E-005   34.0891610815380     
  1.087004482893758E-005   34.0891610813072     
  1.096888920263005E-005   34.0891610813654     
  1.106863239600215E-005   34.0891610812468     
  1.116928258227392E-005   34.0891610811843     
  1.127084800898679E-005   34.0891610810032     
  1.137333699867941E-005   34.0891610809944     
  1.147675794956962E-005   34.0891610808087     
  1.158111933624259E-005   34.0891610807371     
  1.168642971034531E-005   34.0891610805467     
  1.179269770128726E-005   34.0891610805285     
  1.189993201694761E-005   34.0891610804497     
  1.200814144438869E-005   34.0891610802519     
  1.211733485057607E-005   34.0891610801098     
  1.222752118310513E-005   34.0891610800815     
  1.233870947093426E-005   34.0891610799341     
  1.245090882512470E-005   34.0891610798423     
  1.256412843958712E-005   34.0891610796313     
  1.267837759183501E-005   34.0891610795922     
  1.279366564374492E-005   34.0891610794338     
  1.291000204232356E-005   34.0891610793307     
  1.302739632048191E-005   34.0891610791664     
  1.314585809781641E-005   34.0891610791155     
  1.326539708139719E-005   34.0891610788870     
  1.338602306656351E-005   34.0891610788300     
  1.350774593772639E-005   34.0891610787116     
  1.363057566917857E-005   34.0891610785900     
  1.375452232591186E-005   34.0891610783487     
  1.387959606444186E-005   34.0891610782787     
  1.400580713364022E-005   34.0891610780888     
  1.413316587557445E-005   34.0891610778955     
  1.426168272635542E-005   34.0891610778150     
  1.439136821699245E-005   34.0891610776146     
  1.452223297425633E-005   34.0891610774105     
  1.465428772155003E-005   34.0891610772608     
  1.478754327978746E-005   34.0891610770492     
  1.492201056828012E-005   34.0891610770083     
  1.505770060563190E-005   34.0891610766725     
  1.519462451064195E-005   34.0891610766236     
  1.533279350321579E-005   34.0891610763961     
  1.547221890528467E-005   34.0891610762226     
  1.561291214173337E-005   34.0891610761031     
  1.575488474133635E-005   34.0891610758629     
  1.589814833770247E-005   34.0891610756764     
  1.604271467022824E-005   34.0891610754856     
  1.618859558505982E-005   34.0891610752319     
  1.633580303606371E-005   34.0891610750318     
  1.648434908580628E-005   34.0891610747688     
  1.663424590654220E-005   34.0891610746757     
  1.678550578121186E-005   34.0891610744030     
  1.693814110444791E-005   34.0891610742417     
  1.709216438359087E-005   34.0891610740172     
  1.724758823971400E-005   34.0891610737875     
  1.740442540865757E-005   34.0891610734943     
  1.756268874207238E-005   34.0891610733122     
  1.772239120847294E-005   34.0891610730664     
  1.788354589430009E-005   34.0891610728151     
  1.804616600499336E-005   34.0891610725581     
  1.821026486607307E-005   34.0891610722371     
  1.837585592423220E-005   34.0891610720267     
  1.854295274843834E-005   34.0891610718103     
  1.871156903104549E-005   34.0891610715297     
  1.888171858891607E-005   34.0891610713010     
  1.905341536455314E-005   34.0891610709497     
  1.922667342724283E-005   34.0891610706792     
  1.940150697420726E-005   34.0891610703731     
  1.957793033176788E-005   34.0891610700603     
  1.975595795651941E-005   34.0891610697990     
  1.993560443651446E-005   34.0891610695308     
  2.011688449245888E-005   34.0891610691973     
  2.029981297891806E-005   34.0891610688567     
  2.048440488553410E-005   34.0891610685379     
  2.067067533825417E-005   34.0891610682116     
  2.085863960056990E-005   34.0891610678779     
  2.104831307476815E-005   34.0891610675364     
  2.123971130319311E-005   34.0891610671871     
  2.143284996951986E-005   34.0891610668298     
  2.162774490003957E-005   34.0891610664644     
  2.182441206495631E-005   34.0891610661198     
  2.202286757969570E-005   34.0891610657668     
  2.222312770622546E-005   34.0891610653470     
  2.242520885438798E-005   34.0891610650349     
  2.262912758324492E-005   34.0891610645684     
  2.283490060243416E-005   34.0891610642093     
  2.304254477353902E-005   34.0891610637536     
  2.325207711146994E-005   34.0891610633467     
  2.346351478585873E-005   34.0891610629594     
  2.367687512246545E-005   34.0891610625332     
  2.389217560459821E-005   34.0891610620390     
  2.410943387454574E-005   34.0891610616219     
  2.432866773502306E-005   34.0891610611364     
  2.454989515063029E-005   34.0891610607568     
  2.477313424932471E-005   34.0891610602501     
  2.499840332390619E-005   34.0891610597617     
  2.522572083351621E-005   34.0891610593204     
  2.545510540515038E-005   34.0891610588097     
  2.568657583518483E-005   34.0891610583167     
  2.592015109091644E-005   34.0891610577537     
  2.615585031211701E-005   34.0891610572371     
  2.639369281260170E-005   34.0891610567375     
  2.663369808181163E-005   34.0891610561965     
  2.687588578641086E-005   34.0891610555556     
  2.712027577189795E-005   34.0891610550474     
  2.736688806423221E-005   34.0891610544681     
  2.761574287147457E-005   34.0891610538755     
  2.786686058544356E-005   34.0891610532694     
  2.812026178338625E-005   34.0891610527369     
  2.837596722966443E-005   34.0891610521032     
  2.863399787745601E-005   34.0891610514260     
  2.889437487047208E-005   34.0891610507926     
  2.915711954468944E-005   34.0891610501444     
  2.942225343009892E-005   34.0891610494521     
  2.968979825246959E-005   34.0891610488027     
  2.995977593512907E-005   34.0891610481377     
  3.023220860075995E-005   34.0891610474277     
  3.050711857321260E-005   34.0891610467307     
  3.078452837933444E-005   34.0891610459881     
  3.106446075081582E-005   34.0891610452287     
  3.134693862605278E-005   34.0891610444814     
  3.163198515202662E-005   34.0891610437458     
  3.191962368620065E-005   34.0891610429343     
  3.220987779843418E-005   34.0891610421922     
  3.250277127291385E-005   34.0891610414025     
  3.279832811010261E-005   34.0891610405360     
  3.309657252870638E-005   34.0891610396795     
  3.339752896765854E-005   34.0891610388329     
  3.370122208812262E-005   34.0891610379955     
  3.400767677551299E-005   34.0891610370799     
  3.431691814153412E-005   34.0891610362021     
  3.462897152623827E-005   34.0891610352452     
  3.494386250010190E-005   34.0891610342671     
  3.526161686612102E-005   34.0891610333838     
  3.558226066192552E-005   34.0891610323621     
  3.590582016191280E-005   34.0891610314054     
  3.623232187940073E-005   34.0891610303677     
  3.656179256880021E-005   34.0891610293649     
  3.689425922780758E-005   34.0891610283385     
  3.722974909961676E-005   34.0891610272881     
  3.756828967515173E-005   34.0891610261840     
  3.790990869531917E-005   34.0891610250841     
  3.825463415328160E-005   34.0891610239879     
  3.860249429675125E-005   34.0891610228076     
  3.895351763030475E-005   34.0891610216737     
  3.930773291771884E-005   34.0891610204838     
  3.966516918432738E-005   34.0891610192958     
  4.002585571939975E-005   34.0891610180508     
  4.038982207854088E-005   34.0891610167775     
  4.075709808611315E-005   34.0891610155481     
  4.112771383768023E-005   34.0891610142312     
  4.150169970247322E-005   34.0891610128988     
  4.187908632587916E-005   34.0891610115652     
  4.225990463195226E-005   34.0891610101859     
  4.264418582594776E-005   34.0891610088188     
  4.303196139687917E-005   34.0891610073904     
  4.342326312009836E-005   34.0891610059292     
  4.381812305989947E-005   34.0891610044783     
  4.421657357214622E-005   34.0891610029644     
  4.461864730692338E-005   34.0891610014596     
  4.502437721121202E-005   34.0891609999196     
  4.543379653158946E-005   34.0891609983292     
  4.584693881695344E-005   34.0891609966877     
  4.626383792127128E-005   34.0891609950673     
  4.668452800635395E-005   34.0891609933945     
  4.710904354465535E-005   34.0891609916832     
  4.753741932209709E-005   34.0891609899617     
  4.796969044091900E-005   34.0891609882002     
  4.840589232255539E-005   34.0891609864126     
  4.884606071053764E-005   34.0891609845691     
  4.929023167342313E-005   34.0891609826978     
  4.973844160775074E-005   34.0891609807982     
  5.019072724102335E-005   34.0891609788985     
  5.064712563471734E-005   34.0891609769397     
  5.110767418731948E-005   34.0891609749211     
  5.157241063739154E-005   34.0891609728853     
  5.204137306666261E-005   34.0891609708025     
  5.251459990314965E-005   34.0891609686863     
  5.299212992430642E-005   34.0891609665505     
  5.347400226020093E-005   34.0891609643359     
  5.396025639672192E-005   34.0891609621145     
  5.445093217881440E-005   34.0891609598415     
  5.494606981374467E-005   34.0891609575452     
  5.544570987439503E-005   34.0891609551665     
  5.594989330258837E-005   34.0891609527916     
  5.645866141244312E-005   34.0891609503322     
  5.697205589375860E-005   34.0891609478601     
  5.749011881543115E-005   34.0891609453161     
  5.801289262890149E-005   34.0891609427573     
  5.854042017163315E-005   34.0891609401099     
  5.907274467062279E-005   34.0891609374310     
  5.960990974594233E-005   34.0891609347049     
  6.015195941431323E-005   34.0891609319597     
  6.069893809271341E-005   34.0891609291214     
  6.125089060201679E-005   34.0891609262470     
  6.180786217066619E-005   34.0891609233063     
  6.236989843837927E-005   34.0891609203418     
  6.293704545988859E-005   34.0891609173084     
  6.350934970871526E-005   34.0891609142341     
  6.408685808097723E-005   34.0891609110594     
  6.466961789923196E-005   34.0891609078557     
  6.525767691635434E-005   34.0891609046071     
  6.585108331944947E-005   34.0891609012542     
  6.644988573380143E-005   34.0891608978828     
  6.705413322685762E-005   34.0891608944333     
  6.766387531224957E-005   34.0891608909480     
  6.827916195385015E-005   34.0891608873671     
  6.890004356986783E-005   34.0891608837330     
  6.952657103697793E-005   34.0891608800440     
  7.015879569449178E-005   34.0891608762550     
  7.079676934856344E-005   34.0891608724080     
  7.144054427643494E-005   34.0891608685015     
  7.209017323071993E-005   34.0891608645048     
  7.274570944372642E-005   34.0891608604453     
  7.340720663181872E-005   34.0891608563359     
  7.407471899981926E-005   34.0891608521020     
  7.474830124545004E-005   34.0891608478440     
  7.542800856381487E-005   34.0891608434871     
  7.611389665192219E-005   34.0891608390587     
  7.680602171324893E-005   34.0891608345352     
  7.750444046234606E-005   34.0891608299219     
  7.820921012948598E-005   34.0891608252243     
  7.892038846535194E-005   34.0891608204475     
  7.963803374577039E-005   34.0891608155971     
  8.036220477648639E-005   34.0891608106563     
  8.109296089798202E-005   34.0891608056013     
  8.183036199033911E-005   34.0891608004737     
  8.257446847814592E-005   34.0891607952641     
  8.332534133544848E-005   34.0891607899412     
  8.408304209074692E-005   34.0891607845173     
  8.484763283203734E-005   34.0891607790122     
  8.561917621189949E-005   34.0891607733797     
  8.639773545263061E-005   34.0891607676685     
  8.718337435142599E-005   34.0891607618398     
  8.797615728560690E-005   34.0891607559132     
  8.877614921789557E-005   34.0891607498716     
  8.958341570173859E-005   34.0891607437269     
  9.039802288667844E-005   34.0891607374477     
  9.122003752377400E-005   34.0891607310821     
  9.204952697107028E-005   34.0891607245767     
  9.288655919911796E-005   34.0891607179797     
  9.373120279654303E-005   34.0891607112374     
  9.458352697566714E-005   34.0891607043834     
  9.544360157817901E-005   34.0891606974003     
  9.631149708085756E-005   34.0891606902998     
  9.718728460134677E-005   34.0891606830572     
  9.807103590398340E-005   34.0891606756839     
  9.896282340567751E-005   34.0891606681842     
  9.986272018184645E-005   34.0891606605476     
  1.007707999724029E-004   34.0891606527494     
  1.016871371877974E-004   34.0891606448297     
  1.026118069151154E-004   34.0891606367564     
  1.035448849242306E-004   34.0891606285332     
  1.044864476740132E-004   34.0891606201714     
  1.054365723185956E-004   34.0891606116529     
  1.063953367136943E-004   34.0891606029816     
  1.073628194229899E-004   34.0891605941464     
  1.083390997245644E-004   34.0891605851511     
  1.093242576173978E-004   34.0891605759846     
  1.103183738279234E-004   34.0891605666650     
  1.113215298166424E-004   34.0891605571666     
  1.123338077847995E-004   34.0891605474855     
  1.133552906811184E-004   34.0891605376467     
  1.143860622085987E-004   34.0891605276243     
  1.154262068313750E-004   34.0891605173997     
  1.164758097816382E-004   34.0891605070123     
  1.175349570666190E-004   34.0891604964141     
  1.186037354756366E-004   34.0891604856372     
  1.196822325872095E-004   34.0891604746551     
  1.207705367762324E-004   34.0891604634707     
  1.218687372212178E-004   34.0891604520939     
  1.229769239116034E-004   34.0891604405055     
  1.240951876551263E-004   34.0891604287005     
  1.252236200852637E-004   34.0891604166815     
  1.263623136687419E-004   34.0891604044361     
  1.275113617131132E-004   34.0891603919811     
  1.286708583744015E-004   34.0891603792896     
  1.298408986648180E-004   34.0891603663781     
  1.310215784605467E-004   34.0891603532049     
  1.322129945096006E-004   34.0891603398082     
  1.334152444397497E-004   34.0891603261606     
  1.346284267665207E-004   34.0891603122710     
  1.358526409012696E-004   34.0891602981192     
  1.370879871593279E-004   34.0891602837138     
  1.383345667682227E-004   34.0891602690488     
  1.395924818759712E-004   34.0891602541182     
  1.408618355594515E-004   34.0891602389086     
  1.421427318328487E-004   34.0891602234209     
  1.434352756561779E-004   34.0891602076414     
  1.447395729438854E-004   34.0891601915782     
  1.460557305735272E-004   34.0891601752318     
  1.473838563945269E-004   34.0891601585883     
  1.487240592370134E-004   34.0891601416189     
  1.500764489207386E-004   34.0891601243530     
  1.514411362640759E-004   34.0891601067762     
  1.528182330931018E-004   34.0891600888739     
  1.542078522507584E-004   34.0891600706459     
  1.556101076061006E-004   34.0891600520776     
  1.570251140636266E-004   34.0891600331792     
  1.584529875726934E-004   34.0891600139286     
  1.598938451370181E-004   34.0891599943322     
  1.613478048242657E-004   34.0891599743711     
  1.628149857757236E-004   34.0891599540553     
  1.642955082160641E-004   34.0891599333616     
  1.657894934631968E-004   34.0891599122816     
  1.672970639382087E-004   34.0891598908283     
  1.688183431753964E-004   34.0891598689748     
  1.703534558323884E-004   34.0891598467337     
  1.719025277003603E-004   34.0891598240741     
  1.734656857143421E-004   34.0891598010048     
  1.750430579636197E-004   34.0891597775162     
  1.766347737022308E-004   34.0891597535949     
  1.782409633595568E-004   34.0891597292348     
  1.798617585510096E-004   34.0891597044329     
  1.814972920888173E-004   34.0891596791755     
  1.831476979929071E-004   34.0891596534593     
  1.848131115018867E-004   34.0891596272736     
  1.864936690841269E-004   34.0891596006078     
  1.881895084489433E-004   34.0891595734506     
  1.899007685578814E-004   34.0891595457982     
  1.916275896361030E-004   34.0891595176428     
  1.933701131838766E-004   34.0891594889799     
  1.951284819881726E-004   34.0891594597796     
  1.969028401343633E-004   34.0891594300479     
  1.986933330180300E-004   34.0891593997798     
  2.005001073568766E-004   34.0891593689556     
  2.023233112027527E-004   34.0891593375660     
  2.041630939537847E-004   34.0891593056055     
  2.060196063666181E-004   34.0891592730570     
  2.078930005687714E-004   34.0891592399145     
  2.097834300711011E-004   34.0891592061716     
  2.116910497803809E-004   34.0891591718032     
  2.136160160119957E-004   34.0891591368171     
  2.155584865027499E-004   34.0891591011878     
  2.175186204237932E-004   34.0891590649043     
  2.194965783936631E-004   34.0891590279588     
  2.214925224914468E-004   34.0891589903361     
  2.235066162700622E-004   34.0891589520278     
  2.255390247696596E-004   34.0891589130144     
  2.275899145311462E-004   34.0891588732981     
  2.296594536098321E-004   34.0891588328478     
  2.317478115892019E-004   34.0891587916577     
  2.338551595948103E-004   34.0891587497144     
  2.359816703083049E-004   34.0891587070078     
  2.381275179815760E-004   34.0891586635130     
  2.402928784510353E-004   34.0891586192303     
  2.424779291520245E-004   34.0891585741448     
  2.446828491333547E-004   34.0891585282307     
  2.469078190719783E-004   34.0891584814727     
  2.491530212877937E-004   34.0891584338622     
  2.514186397585858E-004   34.0891583853761     
  2.537048601351011E-004   34.0891583360123     
  2.560118697562602E-004   34.0891582857397     
  2.583398576645096E-004   34.0891582345482     
  2.606890146213119E-004   34.0891581824313     
  2.630595331227770E-004   34.0891581293419     
  2.654516074154362E-004   34.0891580752982     
  2.678654335121592E-004   34.0891580202668     
  2.703012092082159E-004   34.0891579642250     
  2.727591340974838E-004   34.0891579071533     
  2.752394095888041E-004   34.0891578490426     
  2.777422389224850E-004   34.0891577898688     
  2.802678271869560E-004   34.0891577296148     
  2.828163813355733E-004   34.0891576682556     
  2.853881102035782E-004   34.0891576057841     
  2.879832245252096E-004   34.0891575421599     
  2.906019369509720E-004   34.0891574773785     
  2.932444620650607E-004   34.0891574114167     
  2.959110164029456E-004   34.0891573442400     
  2.986018184691143E-004   34.0891572758388     
  3.013170887549774E-004   34.0891572061811     
  3.040570497569354E-004   34.0891571352565     
  3.068219259946117E-004   34.0891570630354     
  3.096119440292494E-004   34.0891569894899     
  3.124273324822766E-004   34.0891569146024     
  3.152683220540408E-004   34.0891568383472     
  3.181351455427121E-004   34.0891567606966     
  3.210280378633601E-004   34.0891566816238     
  3.239472360672031E-004   34.0891566011052     
  3.268929793610327E-004   34.0891565191167     
  3.298655091268153E-004   34.0891564356298     
  3.328650689414711E-004   34.0891563506137     
  3.358919045968340E-004   34.0891562640422     
  3.389462641197920E-004   34.0891561758905     
  3.420283977926113E-004   34.0891560861277     
  3.451385581734453E-004   34.0891559947220     
  3.482770001170293E-004   34.0891559016465     
  3.514439807955649E-004   34.0891558068665     
  3.546397597197925E-004   34.0891557103537     
  3.578645987602564E-004   34.0891556120791     
  3.611187621687640E-004   34.0891555120075     
  3.644025166000382E-004   34.0891554100993     
  3.677161311335683E-004   34.0891553063343     
  3.710598772956593E-004   34.0891552006714     
  3.744340290816809E-004   34.0891550930724     
  3.778388629785201E-004   34.0891549835109     
  3.812746579872366E-004   34.0891548719399     
  3.847416956459252E-004   34.0891547583296     
  3.882402600527859E-004   34.0891546426477     
  3.917706378894034E-004   34.0891545248462     
  3.953331184442387E-004   34.0891544048893     
  3.989279936363341E-004   34.0891542827383     
  4.025555580392338E-004   34.0891541583553     
  4.062161089051221E-004   34.0891540317000     
  4.099099461891809E-004   34.0891539027255     
  4.136373725741689E-004   34.0891537713947     
  4.173986934952244E-004   34.0891536376553     
  4.211942171648931E-004   34.0891535014792     
  4.250242545983840E-004   34.0891533628047     
  4.288891196390549E-004   34.0891532215982     
  4.327891289841297E-004   34.0891530778086     
  4.367246022106489E-004   34.0891529313892     
  4.406958618016569E-004   34.0891527822922     
  4.447032331726273E-004   34.0891526304651     
  4.487470446981279E-004   34.0891524758669     
  4.528276277387288E-004   34.0891523184376     
  4.569453166681551E-004   34.0891521581283     
  4.611004489006858E-004   34.0891519948855     
  4.652933649188031E-004   34.0891518286619     
  4.695244083010922E-004   34.0891516593941     
  4.737939257503948E-004   34.0891514870305     
  4.781022671222190E-004   34.0891513115181     
  4.824497854534075E-004   34.0891511327933     
  4.868368369910662E-004   34.0891509507952     
  4.912637812217563E-004   34.0891507654702     
  4.957309809009507E-004   34.0891505767565     
  5.002388020827607E-004   34.0891503845924     
  5.047876141499301E-004   34.0891501889095     
  5.093777898441038E-004   34.0891499896488     
  5.140097052963713E-004   34.0891497867443     
  5.186837400580879E-004   34.0891495801285     
  5.234002771319760E-004   34.0891493697289     
  5.281597030035097E-004   34.0891491554840     
  5.329624076725841E-004   34.0891489373180     
  5.378087846854723E-004   34.0891487151591     
  5.426992311670754E-004   34.0891484889391     
  5.476341478534621E-004   34.0891482585791     
  5.526139391247072E-004   34.0891480240059     
  5.576390130380271E-004   34.0891477851407     
  5.627097813612172E-004   34.0891475419049     
  5.678266596063931E-004   34.0891472942198     
  5.729900670640391E-004   34.0891470420033     
  5.782004268373657E-004   34.0891467851711     
  5.834581658769797E-004   34.0891465236427     
  5.887637150158699E-004   34.0891462573264     
  5.941175090047109E-004   34.0891459861340     
  5.995199865474868E-004   34.0891457099883     
  6.049715903374407E-004   34.0891454287860     
  6.104727670933500E-004   34.0891451424384     
  6.160239675961312E-004   34.0891448508499     
  6.216256467257786E-004   34.0891445539275     
  6.272782634986383E-004   34.0891442515712     
  6.329822811050205E-004   34.0891439436818     
  6.387381669471559E-004   34.0891436301613     
  6.445463926774944E-004   34.0891433109011     
  6.504074342373549E-004   34.0891429857985     
  6.563217718959240E-004   34.0891426547475     
  6.622898902896112E-004   34.0891423176397     
  6.683122784617611E-004   34.0891419743596     
  6.743894299027270E-004   34.0891416248018     
  6.805218425903086E-004   34.0891412688440     
  6.867100190305580E-004   34.0891409063728     
  6.929544662989560E-004   34.0891405372677     
  6.992556960819628E-004   34.0891401614073     
  7.056142247189482E-004   34.0891397786684     
  7.120305732445008E-004   34.0891393889258     
  7.185052674311232E-004   34.0891389920485     
  7.250388378323147E-004   34.0891385879084     
  7.316318198260474E-004   34.0891381763705     
  7.382847536586357E-004   34.0891377572985     
  7.449981844890053E-004   34.0891373305588     
  7.517726624333656E-004   34.0891368960062     
  7.586087426102871E-004   34.0891364535004     
  7.655069851861897E-004   34.0891360028971     
  7.724679554212442E-004   34.0891355440423     
  7.794922237156906E-004   34.0891350767893     
  7.865803656565791E-004   34.0891346009846     
  7.937329620649345E-004   34.0891341164664     
  8.009505990433503E-004   34.0891336230822     
  8.082338680240165E-004   34.0891331206638     
  8.155833658171812E-004   34.0891326090506     
  8.229996946600566E-004   34.0891320880695     
  8.304834622661668E-004   34.0891315575495     
  8.380352818751463E-004   34.0891310173190     
  8.456557723029893E-004   34.0891304671970     
  8.533455579927584E-004   34.0891299070031     
  8.611052690657523E-004   34.0891293365527     
  8.689355413731400E-004   34.0891287556577     
  8.768370165480636E-004   34.0891281641261     
  8.848103420582162E-004   34.0891275617647     
  8.928561712588962E-004   34.0891269483752     
  9.009751634465457E-004   34.0891263237530     
  9.091679839127747E-004   34.0891256876943     
  9.174353039988768E-004   34.0891250399885     
  9.257778011508408E-004   34.0891243804205     
  9.341961589748620E-004   34.0891237087731     
  9.426910672933596E-004   34.0891230248302     
  9.512632222015017E-004   34.0891223283601     
  9.599133261242453E-004   34.0891216191365     
  9.686420878738951E-004   34.0891208969217     
  9.774502227081854E-004   34.0891201614827     
  9.863384523888907E-004   34.0891194125745     
  9.953075052409673E-004   34.0891186499504     
  1.004358116212235E-003   34.0891178733589     
  1.013491026933603E-003   34.0891170825417     
  1.022706985779836E-003   34.0891162772413     
  1.032006747930882E-003   34.0891154571913     
  1.041391075433752E-003   34.0891146221184     
  1.050860737264966E-003   34.0891137717505     
  1.060416509393564E-003   34.0891129058054     
  1.070059174844687E-003   34.0891120239983     
  1.079789523763749E-003   34.0891111260377     
  1.089608353481175E-003   34.0891102116265     
  1.099516468577740E-003   34.0891092804645     
  1.109514680950499E-003   34.0891083322419     
  1.119603809879314E-003   34.0891073666490     
  1.129784682093992E-003   34.0891063833646     
  1.140058131842022E-003   34.0891053820666     
  1.150425000956944E-003   34.0891043624216     
  1.160886138927326E-003   34.0891033240945     
  1.171442402966373E-003   34.0891022667424     
  1.182094658082173E-003   34.0891011900171     
  1.192843777148572E-003   34.0891000935609     
  1.203690640976707E-003   34.0890989770134     
  1.214636138387178E-003   34.0890978400049     
  1.225681166282878E-003   34.0890966821603     
  1.236826629722492E-003   34.0890955030979     
  1.248073441994658E-003   34.0890943024270     
  1.259422524692804E-003   34.0890930797517     
  1.270874807790667E-003   34.0890918346685     
  1.282431229718495E-003   34.0890905667645     
  1.294092737439948E-003   34.0890892756231     
  1.305860286529691E-003   34.0890879608167     
  1.317734841251699E-003   34.0890866219097     
  1.329717374638271E-003   34.0890852584605     
  1.341808868569760E-003   34.0890838700187     
  1.354010313855036E-003   34.0890824561249     
  1.366322710312672E-003   34.0890810163126     
  1.378747066852870E-003   34.0890795501056     
  1.391284401560139E-003   34.0890780570180     
  1.403935741776714E-003   34.0890765365569     
  1.416702124186745E-003   34.0890749882201     
  1.429584594901240E-003   34.0890734114957     
  1.442584209543789E-003   34.0890718058615     
  1.455702033337064E-003   34.0890701707862     
  1.468939141190107E-003   34.0890685057312     
  1.482296617786410E-003   34.0890668101425     
  1.495775557672796E-003   34.0890650834622     
  1.509377065349111E-003   34.0890633251174     
  1.523102255358726E-003   34.0890615345264     
  1.536952252379874E-003   34.0890597110973     
  1.550928191317798E-003   34.0890578542255     
  1.565031217397754E-003   34.0890559632983     
  1.579262486258857E-003   34.0890540376884     
  1.593623164048769E-003   34.0890520767592     
  1.608114427519263E-003   34.0890500798618     
  1.622737464122647E-003   34.0890480463338     
  1.637493472109064E-003   34.0890459755039     
  1.652383660624685E-003   34.0890438666856     
  1.667409249810786E-003   34.0890417191797     
  1.682571470903732E-003   34.0890395322761     
  1.697871566335864E-003   34.0890373052499     
  1.713310789837312E-003   34.0890350373625     
  1.728890406538725E-003   34.0890327278652     
  1.744611693074942E-003   34.0890303759903     
  1.760475937689599E-003   34.0890279809604     
  1.776484440340697E-003   34.0890255419810     
  1.792638512807117E-003   34.0890230582434     
  1.808939478796118E-003   34.0890205289255     
  1.825388674051798E-003   34.0890179531883     
  1.841987446464553E-003   34.0890153301782     
  1.858737156181526E-003   34.0890126590243     
  1.875639175718059E-003   34.0890099388438     
  1.892694890070162E-003   34.0890071687328     
  1.909905696828005E-003   34.0890043477725     
  1.927273006290435E-003   34.0890014750276     
  1.944798241580546E-003   34.0889985495451     
  1.962482838762289E-003   34.0889955703559     
  1.980328246958149E-003   34.0889925364694     
  1.998335928467888E-003   34.0889894468802     
  2.016507358888371E-003   34.0889863005635     
  2.034844027234481E-003   34.0889830964739     
  2.053347436061133E-003   34.0889798335479     
  2.072019101586393E-003   34.0889765107041     
  2.090860553815727E-003   34.0889731268376     
  2.109873336667370E-003   34.0889696808259     
  2.129059008098839E-003   34.0889661715236     
  2.148419140234597E-003   34.0889625977667     
  2.167955319494877E-003   34.0889589583667     
  2.187669146725678E-003   34.0889552521163     
  2.207562237329941E-003   34.0889514777829     
  2.227636221399918E-003   34.0889476341119     
  2.247892743850751E-003   34.0889437198293     
  2.268333464555258E-003   34.0889397336300     
  2.288960058479945E-003   34.0889356741914     
  2.309774215822261E-003   34.0889315401647     
  2.330777642149095E-003   34.0889273301736     
  2.351972058536535E-003   34.0889230428184     
  2.373359201710899E-003   34.0889186766754     
  2.394940824191044E-003   34.0889142302900     
  2.416718694431974E-003   34.0889097021857     
  2.438694596969753E-003   34.0889050908532     
  2.460870332567731E-003   34.0889003947607     
  2.483247718364107E-003   34.0888956123449     
  2.505828588020829E-003   34.0888907420124     
  2.528614791873847E-003   34.0888857821439     
  2.551608197084736E-003   34.0888807310877     
  2.574810687793698E-003   34.0888755871628     
  2.598224165273950E-003   34.0888703486555     
  2.621850548087519E-003   34.0888650138206     
  2.645691772242462E-003   34.0888595808826     
  2.669749791351496E-003   34.0888540480303     
  2.694026576792089E-003   34.0888484134212     
  2.718524117868000E-003   34.0888426751773     
  2.743244421972284E-003   34.0888368313858     
  2.768189514751789E-003   34.0888308800992     
  2.793361440273135E-003   34.0888248193336     
  2.818762261190217E-003   34.0888186470675     
  2.844394058913222E-003   34.0888123612430     
  2.870258933779184E-003   34.0888059597634     
  2.896359005224093E-003   34.0887994404941     
  2.922696411956564E-003   34.0887928012590     
  2.949273312133095E-003   34.0887860398430     
  2.976091883534903E-003   34.0887791539895     
  3.003154323746385E-003   34.0887721414002     
  3.030462850335191E-003   34.0887649997340     
  3.058019701033935E-003   34.0887577266061     
  3.085827133923564E-003   34.0887503195881     
  3.113887427618390E-003   34.0887427762056     
  3.142202881452805E-003   34.0887350939379     
  3.170775815669696E-003   34.0887272702196     
  3.199608571610569E-003   34.0887193024348     
  3.228703511907409E-003   34.0887111879212     
  3.258063020676277E-003   34.0887029239656     
  3.287689503712670E-003   34.0886945078059     
  3.317585388688662E-003   34.0886859366268     
  3.347753125351831E-003   34.0886772075616     
  3.378195185725997E-003   34.0886683176900     
  3.408914064313792E-003   34.0886592640381     
  3.439912278301056E-003   34.0886500435761     
  3.471192367763110E-003   34.0886406532174     
  3.502756895872896E-003   34.0886310898175     
  3.534608449111006E-003   34.0886213501759     
  3.566749637477627E-003   34.0886114310300     
  3.599183094706413E-003   34.0886013290573     
  3.631911478480297E-003   34.0885910408734     
  3.664937470649270E-003   34.0885805630309     
  3.698263777450142E-003   34.0885698920171     
  3.731893129728291E-003   34.0885590242566     
  3.765828283161444E-003   34.0885479561043     
  3.800072018485474E-003   34.0885366838484     
  3.834627141722275E-003   34.0885252037091     
  3.869496484409682E-003   34.0885135118335     
  3.904682903833499E-003   34.0885016042993     
  3.940189283261637E-003   34.0884894771094     
  3.976018532180371E-003   34.0884771261927     
  4.012173586532749E-003   34.0884645474029     
  4.048657408959181E-003   34.0884517365141     
  4.085472989040193E-003   34.0884386892244     
  4.122623343541415E-003   34.0884254011500     
  4.160111516660766E-003   34.0884118678240     
  4.197940580277918E-003   34.0883980846992     
  4.236113634206008E-003   34.0883840471399     
  4.274633806445644E-003   34.0883697504276     
  4.313504253441223E-003   34.0883551897515     
  4.352728160339579E-003   34.0883403602143     
  4.392308741250983E-003   34.0883252568252     
  4.432249239512513E-003   34.0883098745009     
  4.472552927953821E-003   34.0882942080627     
  4.513223109165322E-003   34.0882782522348     
  4.554263115768812E-003   34.0882620016429     
  4.595676310690557E-003   34.0882454508124     
  4.637466087436854E-003   34.0882285941659     
  4.679635870372108E-003   34.0882114260216     
  4.722189114999433E-003   34.0881939405915     
  4.765129308243801E-003   34.0881761319792     
  4.808459968737778E-003   34.0881579941772     
  4.852184647109842E-003   34.0881395210660     
  4.896306926275335E-003   34.0881207064112     
  4.940830421730054E-003   34.0881015438617     
  4.985758781846518E-003   34.0880820269474     
  5.031095688172923E-003   34.0880621490765     
  5.076844855734817E-003   34.0880419035334     
  5.123010033339516E-003   34.0880212834772     
  5.169595003883303E-003   34.0880002819380     
  5.216603584661395E-003   34.0879788918150     
  5.264039627680746E-003   34.0879571058748     
  5.311907019975697E-003   34.0879349167476     
  5.360209683926482E-003   34.0879123169249     
  5.408951577580644E-003   34.0878892987575     
  5.458136694977360E-003   34.0878658544523     
  5.507769066474735E-003   34.0878419760702     
  5.557852759080046E-003   34.0878176555217     
  5.608391876783017E-003   34.0877928845667     
  5.659390560892100E-003   34.0877676548085     
  5.710852990373834E-003   34.0877419576937     
  5.762783382195268E-003   34.0877157845066     
  5.815185991669524E-003   34.0876891263690     
  5.868065112804482E-003   34.0876619742339     
  5.921425078654642E-003   34.0876343188853     
  5.975270261676185E-003   34.0876061509325     
  6.029605074085267E-003   34.0875774608084     
  6.084433968219566E-003   34.0875482387656     
  6.139761436903121E-003   34.0875184748726     
  6.195592013814475E-003   34.0874881590105     
  6.251930273858195E-003   34.0874572808698     
  6.308780833539735E-003   34.0874258299467     
  6.366148351343730E-003   34.0873937955389     
  6.424037528115731E-003   34.0873611667413     
  6.482453107447394E-003   34.0873279324440     
  6.541399876065192E-003   34.0872940813268     
  6.600882664222641E-003   34.0872596018553     
  6.660906346096118E-003   34.0872244822775     
  6.721475840184253E-003   34.0871887106189     
  6.782596109710964E-003   34.0871522746792     
  6.844272163032162E-003   34.0871151620262     
  6.906509054046150E-003   34.0870773599934     
  6.969311882607742E-003   34.0870388556738     
  7.032685794946169E-003   34.0869996359169     
  7.096635984086773E-003   34.0869596873228     
  7.161167690276533E-003   34.0869189962371     
  7.226286201413467E-003   34.0868775487475     
  7.291996853479941E-003   34.0868353306777     
  7.358305030979899E-003   34.0867923275828     
  7.425216167380103E-003   34.0867485247433     
  7.492735745555352E-003   34.0867039071610     
  7.560869298237766E-003   34.0866584595526     
  7.629622408470155E-003   34.0866121663455     
  7.699000710063507E-003   34.0865650116707     
  7.769009888058637E-003   34.0865169793573     
  7.839655679192033E-003   34.0864680529284     
  7.910943872365945E-003   34.0864182155929     
  7.982880309122732E-003   34.0863674502406     
  8.055470884123546E-003   34.0863157394361     
  8.128721545631349E-003   34.0862630654122     
  8.202638295998326E-003   34.0862094100631     
  8.277227192157744E-003   34.0861547549392     
  8.352494346120265E-003   34.0860990812388     
  8.428445925474778E-003   34.0860423698018     
  8.505088153893798E-003   34.0859846011039     
  8.582427311643442E-003   34.0859257552477     
  8.660469736098049E-003   34.0858658119567     
  8.739221822259492E-003   34.0858047505673     
  8.818690023281185E-003   34.0857425500219     
  8.898880850996885E-003   34.0856791888606     
  8.979800876454287E-003   34.0856146452142     
  9.061456730453466E-003   34.0855488967951     
  9.143855104090224E-003   34.0854819208900     
  9.227002749304384E-003   34.0854136943515     
  9.310906479433053E-003   34.0853441935893     
  9.395573169768927E-003   34.0852733945615     
  9.481009758123675E-003   34.0852012727670     
  9.567223245396437E-003   34.0851278032347     
  9.654220696147495E-003   34.0850529605157     
  9.742009239177164E-003   34.0849767186737     
  9.830596068109944E-003   34.0848990512744     
  9.919988441983987E-003   34.0848199313778     
  1.001019368584592E-002   34.0847393315262     
  1.010121919135108E-002   34.0846572237357     
  1.019307241736920E-002   34.0845735794850     
  1.028576089059561E-002   34.0844883697049     
  1.037929220616801E-002   34.0844015647679     
  1.047367402828880E-002   34.0843131344772     
  1.056891409085315E-002   34.0842230480558     
  1.066502019808271E-002   34.0841312741336     
  1.076200022516509E-002   34.0840377807383     
  1.085986211889921E-002   34.0839425352813     
  1.095861389834648E-002   34.0838455045468     
  1.105826365548788E-002   34.0837466546789     
  1.115881955588703E-002   34.0836459511696     
  1.126028983935933E-002   34.0835433588453     
  1.136268282064715E-002   34.0834388418542     
  1.146600689010114E-002   34.0833323636524     
  1.157027051436776E-002   34.0832238869908     
  1.167548223708306E-002   34.0831133739009     
  1.178165067957281E-002   34.0830007856807     
  1.188878454155889E-002   34.0828860828803     
  1.199689260187220E-002   34.0827692252865     
  1.210598371917202E-002   34.0826501719088     
  1.221606683267191E-002   34.0825288809628     
  1.232715096287221E-002   34.0824053098558     
  1.243924521229922E-002   34.0822794151694     
  1.255235876625104E-002   34.0821511526445     
  1.266650089355031E-002   34.0820204771633     
  1.278168094730364E-002   34.0818873427332     
  1.289790836566809E-002   34.0817517024697     
  1.301519267262452E-002   34.0816135085769     
  1.313354347875806E-002   34.0814727123318     
  1.325297048204555E-002   34.0813292640643     
  1.337348346865028E-002   34.0811831131384     
  1.349509231372389E-002   34.0810342079340     
  1.361780698221551E-002   34.0808824958261     
  1.374163752968839E-002   34.0807279231655     
  1.386659410314382E-002   34.0805704352583     
  1.399268694185265E-002   34.0804099763445     
  1.411992637819428E-002   34.0802464895779     
  1.424832283850335E-002   34.0800799170029     
  1.437788684392407E-002   34.0799101995333     
  1.450862901127241E-002   34.0797372769299     
  1.464056005390601E-002   34.0795610877765     
  1.477369078260208E-002   34.0793815694571     
  1.490803210644327E-002   34.0791986581312     
  1.504359503371159E-002   34.0790122887104     
  1.518039067279045E-002   34.0788223948320     
  1.531843023307492E-002   34.0786289088341     
  1.545772502589024E-002   34.0784317617298     
  1.559828646541872E-002   34.0782308831800     
  1.574012606963504E-002   34.0780262014665     
  1.588325546125004E-002   34.0778176434641     
  1.602768636866317E-002   34.0776051346126     
  1.617343062692348E-002   34.0773885988875     
  1.632050017869948E-002   34.0771679587708     
  1.646890707525771E-002   34.0769431352205     
  1.661866347745026E-002   34.0767140476403     
  1.676978165671126E-002   34.0764806138481     
  1.692227399606246E-002   34.0762427500439     
  1.707615299112791E-002   34.0760003707765     
  1.723143125115785E-002   34.0757533889117     
  1.738812150006201E-002   34.0755017155960     
  1.754623657745219E-002   34.0752452602239     
  1.770578943969441E-002   34.0749839304013     
  1.786679316097054E-002   34.0747176319091     
  1.802926093434970E-002   34.0744462686666     
  1.819320607286926E-002   34.0741697426937     
  1.835864201062579E-002   34.0738879540722     
  1.852558230387590E-002   34.0736008009063     
  1.869404063214701E-002   34.0733081792825     
  1.886403079935839E-002   34.0730099832286     
  1.903556673495216E-002   34.0727061046714     
  1.920866249503483E-002   34.0723964333945     
  1.938333226352900E-002   34.0720808569940     
  1.955959035333569E-002   34.0717592608343     
  1.973745120750714E-002   34.0714315280023     
  1.991692940043033E-002   34.0710975392610     
  2.009803963902124E-002   34.0707571730017     
  2.028079676392996E-002   34.0704103051959     
  2.046521575075680E-002   34.0700568093454     
  2.065131171127940E-002   34.0696965564324     
  2.083909989469105E-002   34.0693294148667     
  2.102859568885025E-002   34.0689552504340     
  2.121981462154160E-002   34.0685739262416     
  2.141277236174824E-002   34.0681853026636     
  2.160748472093576E-002   34.0677892372845     
  2.180396765434785E-002   34.0673855848418     
  2.200223726231372E-002   34.0669741971680     
  2.220230979156742E-002   34.0665549231302     
  2.240420163657908E-002   34.0661276085692     
  2.260792934089840E-002   34.0656920962376     
  2.281350959851020E-002   34.0652482257350     
  2.302095925520240E-002   34.0647958334444     
  2.323029530994642E-002   34.0643347524646     
  2.344153491629009E-002   34.0638648125428     
  2.365469538376328E-002   34.0633858400055     
  2.386979417929630E-002   34.0628976576876     
  2.408684892865113E-002   34.0624000848596     
  2.430587741786577E-002   34.0618929371550     
  2.452689759471170E-002   34.0613760264938     
  2.474992757016449E-002   34.0608491610059     
  2.497498561988792E-002   34.0603121449527     
  2.520209018573152E-002   34.0597647786465     
  2.543125987724174E-002   34.0592068583683     
  2.566251347318686E-002   34.0586381762848     
  2.589586992309579E-002   34.0580585203619     
  2.613134834881083E-002   34.0574676742779     
  2.636896804605457E-002   34.0568654173340     
  2.660874848601103E-002   34.0562515243631     
  2.685070931692118E-002   34.0556257656370     
  2.709487036569296E-002   34.0549879067704     
  2.734125163952598E-002   34.0543377086250     
  2.758987332755092E-002   34.0536749272093     
  2.784075580248391E-002   34.0529993135773     
  2.809391962229592E-002   34.0523106137252     
  2.834938553189732E-002   34.0516085684859     
  2.860717446483778E-002   34.0508929134201     
  2.886730754502164E-002   34.0501633787066     
  2.912980608843883E-002   34.0494196890296     
  2.939469160491156E-002   34.0486615634629     
  2.966198579985693E-002   34.0478887153528     
  2.993171057606546E-002   34.0471008521979     
  3.020388803549592E-002   34.0462976755258     
  3.047854048108643E-002   34.0454788807686     
  3.075569041858196E-002   34.0446441571339     
  3.103536055837857E-002   34.0437931874744     
  3.131757381738431E-002   34.0429256481543     
  3.160235332089715E-002   34.0420412089123     
  3.188972240449987E-002   34.0411395327226     
  3.217970461597228E-002   34.0402202756521     
  3.247232371722078E-002   34.0392830867147     
  3.276760368622544E-002   34.0383276077229     
  3.306556871900485E-002   34.0373534731357     
  3.336624323159882E-002   34.0363603099035     
  3.366965186206906E-002   34.0353477373093     
  3.397581947251811E-002   34.0343153668071     
  3.428477115112658E-002   34.0332628018562     
  3.459653221420897E-002   34.0321896377521     
  3.491112820828816E-002   34.0310954614542     
  3.522858491218871E-002   34.0299798514089     
  3.554892833914933E-002   34.0288423773699     
  3.587218473895438E-002   34.0276826002137     
  3.619838060008489E-002   34.0265000717520     
  3.652754265188913E-002   34.0252943345389     
  3.685969786677282E-002   34.0240649216757     
  3.719487346240934E-002   34.0228113566092     
  3.753309690397007E-002   34.0215331529279     
  3.787439590637486E-002   34.0202298141524     
  3.821879843656317E-002   34.0189008335214     
  3.856633271578565E-002   34.0175456937742     
  3.891702722191677E-002   34.0161638669264     
  3.927091069178827E-002   34.0147548140438     
  3.962801212354403E-002   34.0133179850080     
  3.998836077901616E-002   34.0118528182798     
  4.035198618612285E-002   34.0103587406556     
  4.071891814128797E-002   34.0088351670202     
  4.108918671188264E-002   34.0072815000925     
  4.146282223868903E-002   34.0056971301675     
  4.183985533838658E-002   34.0040814348513     
  4.222031690606078E-002   34.0024337787912     
  4.260423811773486E-002   34.0007535134002     
  4.299165043292436E-002   33.9990399765748     
  4.338258559721508E-002   33.9972924924076     
  4.377707564486430E-002   33.9955103708928     
  4.417515290142586E-002   33.9936929076267     
  4.457684998639892E-002   33.9918393835006     
  4.498219981590090E-002   33.9899490643873     
  4.539123560536480E-002   33.9880212008222     
  4.580399087226081E-002   33.9860550276757     
  4.622049943884295E-002   33.9840497638197     
  4.664079543492047E-002   33.9820046117873     
  4.706491330065461E-002   33.9799187574243     
  4.749288778938066E-002   33.9777913695342     
  4.792475397045575E-002   33.9756215995146     
  4.836054723213253E-002   33.9734085809877     
  4.880030328445900E-002   33.9711514294207     
  4.924405816220466E-002   33.9688492417399     
  4.969184822781329E-002   33.9665010959360     
  5.014371017438263E-002   33.9641060506612     
  5.059968102867101E-002   33.9616631448175     
  5.105979815413154E-002   33.9591713971370     
  5.152409925397369E-002   33.9566298057525     
  5.199262237425282E-002   33.9540373477601     
  5.246540590698776E-002   33.9513929787716     
  5.294248859330676E-002   33.9486956324588     
  5.342390952662206E-002   33.9459442200867     
  5.390970815583328E-002   33.9431376300384     
  5.439992428855994E-002   33.9402747273294     
  5.489459809440350E-002   33.9373543531122     
  5.539377010823885E-002   33.9343753241701     
  5.589748123353592E-002   33.9313364324012     
  5.640577274571136E-002   33.9282364442908     
  5.691868629551083E-002   33.9250741003745     
  5.743626391242191E-002   33.9218481146888     
  5.795854800811812E-002   33.9185571742108     
  5.848558137993426E-002   33.9151999382872     
  5.901740721437332E-002   33.9117750380507     
  5.955406909064532E-002   33.9082810758252     
  6.009561098423826E-002   33.9047166245183     
  6.064207727052165E-002   33.9010802270026     
  6.119351272838270E-002   33.8973703954831     
  6.174996254389560E-002   33.8935856108532     
  6.231147231402426E-002   33.8897243220367     
  6.287808805035859E-002   33.8857849453178     
  6.344985618288480E-002   33.8817658636567     
  6.402682356379004E-002   33.8776654259923     
  6.460903747130158E-002   33.8734819465307     
  6.519654561356085E-002   33.8692137040203     
  6.578939613253292E-002   33.8648589410116     
  6.638763760795117E-002   33.8604158631042     
  6.699131906129822E-002   33.8558826381771     
  6.760048995982283E-002   33.8512573956059     
  6.821520022059331E-002   33.8465382254639     
  6.883550021458792E-002   33.8417231777083     
  6.946144077082241E-002   33.8368102613503     
  7.009307318051504E-002   33.8317974436101     
  7.073044920128954E-002   33.8266826490556     
  7.137362106141627E-002   33.8214637587246     
  7.202264146409193E-002   33.8161386092314     
  7.267756359175821E-002   33.8107049918556     
  7.333844111045970E-002   33.8051606516150     
  7.400532817424141E-002   33.7995032863214     
  7.467827942958628E-002   33.7937305456180     
  7.535735001989317E-002   33.7878400300013     
  7.604259558999528E-002   33.7818292898231     
  7.673407229071995E-002   33.7756958242766     
  7.743183678348979E-002   33.7694370803633     
  7.813594624496566E-002   33.7630504518419     
  7.884645837173186E-002   33.7565332781592     
  7.956343138502395E-002   33.7498828433616     
  8.028692403549956E-002   33.7430963749888     
  8.101699560805256E-002   33.7361710429483     
  8.175370592667104E-002   33.7291039583703     
  8.249711535933942E-002   33.7218921724442     
  8.324728482298518E-002   33.7145326752352     
  8.400427578847056E-002   33.7070223944822     
  8.476815028562962E-002   33.6993581943753     
  8.553897090835115E-002   33.6915368743143     
  8.631680081970773E-002   33.6835551676471     
  8.710170375713155E-002   33.6754097403891     
  8.789374403763722E-002   33.6670971899214     
  8.869298656309202E-002   33.6586140436706     
  8.949949682553411E-002   33.6499567577679     
  9.031334091253920E-002   33.6411217156885     
  9.113458551263597E-002   33.6321052268710     
  9.196329792077054E-002   33.6229035253176     
  9.279954604382096E-002   33.6135127681736     
  9.364339840616155E-002   33.6039290342877     
  9.449492415527810E-002   33.5941483227534     
  9.535419306743394E-002   33.5841665514292     
  9.622127555338748E-002   33.5739795554417     
  9.709624266416203E-002   33.5635830856677     
  9.797916609686783E-002   33.5529728071986     
  9.887011820057706E-002   33.5421442977859     
  9.976917198225239E-002   33.5310930462677     
  0.100676401112729        33.5198144509783     
  0.101591879932753        33.5083038181391     
  0.102515683459070        33.4965563602330     
  0.103447887390574        33.4845671943609     
  0.104388568114513        33.4723313405833     
  0.105337802712743        33.4598437202443     
  0.106295668968047        33.4470991542819     
  0.107262245370510        33.4340923615223     
  0.108237611123949        33.4208179569611     
  0.109221846152404        33.4072704500305     
  0.110215031106686        33.3934442428543     
  0.111217247370987        33.3793336284912     
  0.112228577069547        33.3649327891672     
  0.113249103073387        33.3502357944978     
  0.114278909007096        33.3352365997021     
  0.115318079255685        33.3199290438083     
  0.116366698971503        33.3043068478530     
  0.117424854081211        33.2883636130753     
  0.118492631292828        33.2720928191064     
  0.119570118102830        33.2554878221568     
  0.120657402803326        33.2385418532026     
  0.121754574489289        33.2212480161712     
  0.122861723065856        33.2035992861305     
  0.123978939255701        33.1855885074804     
  0.125106314606459        33.1672083921510     
  0.126243941498239        33.1484515178080     
  0.127391913151184        33.1293103260678     
  0.128550323633116        33.1097771207240     
  0.129719267867243        33.0898440659891     
  0.130898841639933        33.0695031847513     
  0.132089141608570        33.0487463568512     
  0.133290265309470        33.0275653173801     
  0.134502311165872        33.0059516550021     
  0.135725378496007        32.9838968103043     
  0.136959567521235        32.9613920741768     
  0.138204979374256        32.9384285862262     
  0.139461716107398        32.9149973332264     
  0.140729880700981        32.8910891476092     
  0.142009577071751        32.8666947059990     
  0.143300910081402        32.8418045277955     
  0.144603985545162        32.8164089738074     
  0.145918910240467        32.7904982449428     
  0.147245791915712        32.7640623809583     
  0.148584739299077        32.7370912592739     
  0.149935862107437        32.7095745938564     
  0.151299271055356        32.6815019341763     
  0.152675077864154        32.6528626642446     
  0.154063395271066        32.6236460017323     
  0.155464337038479        32.5938409971810     
  0.156878017963250        32.5634365333068     
  0.158304553886121        32.5324213244062     
  0.159744061701202        32.5007839158678     
  0.161196659365557        32.4685126837980     
  0.162662465908865        32.4355958347643     
  0.164141601443176        32.4020214056659     
  0.165634187172753        32.3677772637365     
  0.167140345404002        32.3328511066856     
  0.168660199555497        32.2972304629883     
  0.170193874168092        32.2609026923281     
  0.171741494915125        32.2238549862016     
  0.173303188612717        32.1860743686934     
  0.174879083230164        32.1475476974279     
  0.176469307900424        32.1082616647078     
  0.178073992930694        32.0682027988465     
  0.179693269813094        32.0273574657032     
  0.181327271235438        31.9857118704311     
  0.182976131092107        31.9432520594448     
  0.184639984495023        31.8999639226192     
  0.186318967784716        31.8558331957276     
  0.188013218541500        31.8108454631283     
  0.189722875596747        31.7649861607112     
  0.191448079044259        31.7182405791121     
  0.193188970251752        31.6705938672068     
  0.194945691872439        31.6220310358933     
  0.196718387856717        31.5725369621739     
  0.198507203463965        31.5220963935471     
  0.200312285274447        31.4706939527194     
  0.202133781201322        31.4183141426479     
  0.203971840502766        31.3649413519245     
  0.205826613794199        31.3105598605119     
  0.207698253060632        31.2551538458427     
  0.209586911669118        31.1987073892911     
  0.211492744381318        31.1412044830294     
  0.213415907366187        31.0826290372785     
  0.215356558212765        31.0229648879628     
  0.217314855943096        30.9621958047814     
  0.219290961025256        30.9003054997032     
  0.221285035386500        30.8372776358987     
  0.223297242426536        30.7730958371147     
  0.225327747030910        30.7077436975054     
  0.227376715584518        30.6412047919249     
  0.229444315985243        30.5734626866926     
  0.231530717657707        30.5045009508385     
  0.233636091567162        30.4343031678365     
  0.235760610233491        30.3628529478325     
  0.237904447745352        30.2901339403746     
  0.240067779774438        30.2161298476511     
  0.242250783589875        30.1408244382408     
  0.244453638072748        30.0642015613817     
  0.246676523730756        29.9862451617603     
  0.248919622713006        29.9069392948242     
  0.251183118824938        29.8262681426215     
  0.253467197543388        29.7442160301650     
  0.255772046031783        29.6607674423229     
  0.258097853155481        29.5759070412329     
  0.260444809497244        29.4896196842376     
  0.262813107372859        29.4018904423361     
  0.265202940846892        29.3127046191457     
  0.267614505748596        29.2220477703669     
  0.270047999687952        29.1299057237424     
  0.272503622071863        29.0362645994981     
  0.274981574120498        28.9411108312546     
  0.277482058883777        28.8444311873937     
  0.280005281258007        28.7462127928635     
  0.282551448002679        28.6464431514026     
  0.285120767757403        28.5451101681623     
  0.287713451059009        28.4422021727043     
  0.290329710358798        28.3377079423462     
  0.292969760039949        28.2316167258276     
  0.295633816435088        28.1239182672655     
  0.298322097844016        28.0146028303645     
  0.301034824551593        27.9036612228461     
  0.303772218845792        27.7910848210578     
  0.306534505035915        27.6768655947177     
  0.309321909470968        27.5609961317525     
  0.312134660558215        27.4434696631773     
  0.314972988781890        27.3242800879681     
  0.317837126722086        27.2034219978699     
  0.320727309073811        27.0808907020857     
  0.323643772666222        26.9566822517817     
  0.326586756482030        26.8307934643472     
  0.329556501677080        26.7032219473405     
  0.332553251600120        26.5739661220496     
  0.335577251812732        26.4430252465946     
  0.338628750109461        26.3103994384942     
  0.341707996538116        26.1760896966169     
  0.344815243420264        26.0400979224315     
  0.347950745371899        25.9024269404748     
  0.351114759324312        25.7630805179429     
  0.354307544545142        25.6220633833192     
  0.357529362659622        25.4793812439421     
  0.360780477672017        25.3350408024174     
  0.364061155987255        25.1890497717780     
  0.367371666432761        25.0414168892894     
  0.370712280280483        24.8921519288019     
  0.374083271269120        24.7412657115447     
  0.377484915626556        24.5887701152599     
  0.380917492092490        24.4346780815731     
  0.384381281941282        24.2790036214956     
  0.387876569004998        24.1217618189557     
  0.391403639696668        23.9629688322568     
  0.394962783033757        23.8026418933606     
  0.398554290661847        23.6407993048972     
  0.402178456878535        23.4774604348053     
  0.405835578657548        23.3126457085089     
  0.409525955673082        23.1463765985414     
  0.413249890324350        22.9786756115318     
  0.417007687760369        22.8095662724741     
  0.420799655904961        22.6390731062048     
  0.424626105481986        22.4672216160215     
  0.428487350040804        22.2940382593850     
  0.432383705981966        22.1195504206505     
  0.436315492583144        21.9437863807881     
  0.440283032025290        21.7667752840602     
  0.444286649419038        21.5885471016333     
  0.448326672831347        21.4091325921159     
  0.452403433312378        21.2285632590253     
  0.456517264922625        21.0468713051997     
  0.460668504760289        20.8640895841861     
  0.464857492988898        20.6802515486503     
  0.469084572865185        20.4953911958714     
  0.473350090767211        20.3095430103977     
  0.477654396222751        20.1227419039621     
  0.481997841937934        19.9350231527685     
  0.486380783826145        19.7464223322848     
  0.490803581037189        19.5569752496922     
  0.495266595986722        19.3667178741629     
  0.499770194385947        19.1756862651598     
  0.504314745271583        18.9839164989669     
  0.508900621036101        18.7914445936871     
  0.513528197458243        18.5983064329568     
  0.518197853733814        18.4045376886543     
  0.522909972506751        18.2101737428933     
  0.527664939900481        18.0152496096175     
  0.532463145549559        17.8197998561280     
  0.537304982631597        17.6238585248957     
  0.542190847899482        17.4274590560295     
  0.547121141713887        17.2306342107842     
  0.552096268076076        17.0334159965123     
  0.557116634661010        16.8358355934731     
  0.562182652850754        16.6379232839288     
  0.567294737768184        16.4397083839644     
  0.572453308311008        16.2412191784792     
  0.577658787186086        16.0424828598024     
  0.582911600944071        15.8435254703880     
  0.588212180014362        15.6443718500477     
  0.593560958740373        15.4450455881772     
  0.598958375415124        15.2455689814241     
  0.604404872317157        15.0459629972426     
  0.609900895746778        14.8462472437636     
  0.615446896062625        14.6464399463967     
  0.621043327718578        14.4465579315612     
  0.626690649300988        14.2466166179212     
  0.632389323566267        14.0466300154738     
  0.638139817478795        13.8466107328091     
  0.643942602249194        13.6465699928287     
  0.649798153372937        13.4465176571706     
  0.655706950669310        13.2464622595485     
  0.661669478320729        13.0464110481681     
  0.667686224912420        12.8463700373374     
  0.673757683472450        12.6463440683334     
  0.679884351512128        12.4463368795366     
  0.686066731066776        12.2463511857878     
  0.692305328736862        12.0463887668592     
  0.698600655729515        11.8464505648760     
  0.704953227900414        11.6465367904570     
  0.711363565796059        11.4466470372823     
  0.717832194696427        11.2467804047282     
  0.724359644658010        11.0469356281492     
  0.730946450557257        10.8471112163158     
  0.737593152134396        10.6473055954609     
  0.744300294037665        10.4475172593180     
  0.751068425867942        10.2477449244808     
  0.757898102223782        10.0479876903505     
  0.764789882746857        9.84824520288870     
  0.771744332167820        9.64851782133858     
  0.778762020352580        9.44880678703542     
  0.785843522348994        9.24911439338417     
  0.792989418433994        9.04944415604830     
  0.800200294161129        8.84980098236498     
  0.807476740408557        8.65019133897939     
  0.814819353427451        8.45062341667571     
  0.822228734890868        8.25110729137450     
  0.829705491943046        8.05165508026600     
  0.837250237249154        7.85228109205633     
  0.844863589045501        7.65300197031895     
  0.852546171190191        7.45383682896756     
  0.860298613214246        7.25480737889750     
  0.868121550373188        7.05593804488220     
  0.876015623699099        6.85725607185762     
  0.883981480053145        6.65879161978175     
  0.892019772178582        6.46057784631637     
  0.900131158754245        6.26265097664551     
  0.908316304448519        6.06505035981740     
  0.916575879973807        5.86781851107398     
  0.924910562141488        5.67100113971403     
  0.933321033917377        5.47464716212089     
  0.941807984477689        5.27880869967359     
  0.950372109265514        5.08354106134975     
  0.959014110047798        4.88890271091870     
  0.967734694972854        4.69495521871372     
  0.976534578628386        4.50176319806137     
  0.985414482100045        4.30939422653334     
  0.994375133030515        4.11791875227095     
   1.00341726567914        3.92740998571346     
   1.01254162098210        3.73794377713843     
   1.02174894661309        3.54959848049453     
   1.03103999704464        3.36245480407347     
   1.04041553360991        3.17659564862880     
   1.04987632456505        2.99210593360363     
   1.05942314515220        2.80907241217687     
   1.06905677766300        2.62758347587929     
   1.07877801150267        2.44772894956476     
   1.08858764325472        2.26959987754979     
   1.09848647674623        2.09328830175624     
   1.10847532311369        1.91888703270659     
   1.11855500086948        1.74648941423118     
   1.12872633596897        1.57618908275048     
   1.13899016187813        1.40807972199474     
   1.14934731964192        1.24225481401874     
   1.15979865795312        1.07880738736044     
   1.17034503322193       0.917829763181393     
   1.18098730964612       0.759413300212795     
   1.19172635928186       0.603648139316097     
   1.20256306211518       0.450622948450843     
   1.21349830613405       0.300424668825920     
   1.22453298740118       0.153138262994170     
   1.23566801012741       8.846465634574585E-003
   1.24690428674586      -0.132370462248280     
   1.25824273798663      -0.270434974990992     
   1.26968429295228      -0.405272479099664     
   1.28122988919397      -0.536811564544794     
   1.29288047278829      -0.664984229836182     
   1.30463699841473      -0.789726100197844     
   1.31650042943399      -0.910976638168058     
   1.32847173796685       -1.02867934595361     
   1.34055190497388       -1.14278195887040     
   1.35274192033579       -1.25323662920525     
   1.36504278293455       -1.36000009983639     
   1.37745550073526       -1.46303386695333     
   1.38998109086870       -1.56230433122130     
   1.40262057971474       -1.65778293674134     
   1.41537500298639       -1.74944629716559     
   1.42824540581469       -1.83727630833854     
   1.44123284283437       -1.92126024684975     
   1.45433837827023       -2.00139085390193     
   1.46756308602436       -2.07766640392191     
   1.48090804976417       -2.15009075736949     
   1.49437436301114       -2.21867339723306     
   1.50796312923046       -2.28342944873931     
   1.52167546192143       -2.34437968184970     
   1.53551248470871       -2.40155049616648     
   1.54947533143442       -2.45497388792859     
   1.56356514625099       -2.50468739883995     
   1.57778308371498       -2.55073404654197     
   1.59213030888163       -2.59316223661627     
   1.60660799740038       -2.63202565608364     
   1.62121733561117       -2.66738314845043     
   1.63595952064165       -2.69929857044272     
   1.65083576050531       -2.72784063066286     
   1.66584727420045       -2.75308271049944     
   1.68099529181002       -2.77510266772224     
   1.69628105460252       -2.79398262329505     
   1.71170581513361       -2.80980873204273     
   1.72727083734882       -2.82267093791208     
   1.74297739668705       -2.83266271466926     
   1.75882678018518       -2.83988079297750     
   1.77482028658344       -2.84442487489826     
   1.79095922643187       -2.84639733695416     
   1.80724492219774       -2.84590292298321     
   1.82367870837386       -2.84304842809964     
   1.84026193158795       -2.83794237515562     
   1.85699595071303       -2.83069468517042     
   1.87388213697871       -2.82141634325676     
   1.89092187408357       -2.81021906162909     
   1.90811655830857       -2.79721494132247     
   1.92546759863144       -2.78251613428506     
   1.94297641684212       -2.76623450752934     
   1.96064444765932       -2.74848131103761     
   1.97847313884803       -2.72936685111568     
   1.99646395133817       -2.70900017087360     
