  1.215775037524561E-006   20.5644427813370     
  1.226830421750313E-006   20.5644427813366     
  1.237986335693001E-006   20.5644427813361     
  1.249243693497602E-006   20.5644427813357     
  1.260603417621676E-006   20.5644427813352     
  1.272066438910944E-006   20.5644427813347     
  1.283633696675570E-006   20.5644427813342     
  1.295306138767131E-006   20.5644427813337     
  1.307084721656284E-006   20.5644427813332     
  1.318970410511143E-006   20.5644427813327     
  1.330964179276365E-006   20.5644427813322     
  1.343067010752962E-006   20.5644427813317     
  1.355279896678832E-006   20.5644427813311     
  1.367603837810021E-006   20.5644427813306     
  1.380039844002736E-006   20.5644427813300     
  1.392588934296086E-006   20.5644427813294     
  1.405252136995594E-006   20.5644427813289     
  1.418030489757448E-006   20.5644427813283     
  1.430925039673541E-006   20.5644427813277     
  1.443936843357265E-006   20.5644427813270     
  1.457066967030092E-006   20.5644427813264     
  1.470316486608951E-006   20.5644427813258     
  1.483686487794382E-006   20.5644427813251     
  1.497178066159505E-006   20.5644427813245     
  1.510792327239798E-006   20.5644427813238     
  1.524530386623681E-006   20.5644427813231     
  1.538393370043933E-006   20.5644427813224     
  1.552382413469940E-006   20.5644427813217     
  1.566498663200774E-006   20.5644427813210     
  1.580743275959129E-006   20.5644427813202     
  1.595117418986103E-006   20.5644427813195     
  1.609622270136845E-006   20.5644427813187     
  1.624259017977073E-006   20.5644427813179     
  1.639028861880466E-006   20.5644427813171     
  1.653933012126946E-006   20.5644427813163     
  1.668972690001851E-006   20.5644427813155     
  1.684149127896008E-006   20.5644427813147     
  1.699463569406722E-006   20.5644427813138     
  1.714917269439678E-006   20.5644427813129     
  1.730511494311769E-006   20.5644427813120     
  1.746247521854867E-006   20.5644427813111     
  1.762126641520526E-006   20.5644427813102     
  1.778150154485646E-006   20.5644427813093     
  1.794319373759094E-006   20.5644427813083     
  1.810635624289298E-006   20.5644427813074     
  1.827100243072811E-006   20.5644427813064     
  1.843714579263874E-006   20.5644427813054     
  1.860479994284967E-006   20.5644427813043     
  1.877397861938365E-006   20.5644427813033     
  1.894469568518716E-006   20.5644427813022     
  1.911696512926634E-006   20.5644427813012     
  1.929080106783329E-006   20.5644427813001     
  1.946621774546280E-006   20.5644427812989     
  1.964322953625958E-006   20.5644427812978     
  1.982185094503613E-006   20.5644427812966     
  2.000209660850127E-006   20.5644427812954     
  2.018398129645952E-006   20.5644427812942     
  2.036751991302144E-006   20.5644427812930     
  2.055272749782477E-006   20.5644427812918     
  2.073961922726699E-006   20.5644427812905     
  2.092821041574877E-006   20.5644427812892     
  2.111851651692896E-006   20.5644427812879     
  2.131055312499086E-006   20.5644427812865     
  2.150433597592007E-006   20.5644427812852     
  2.169988094879394E-006   20.5644427812838     
  2.189720406708272E-006   20.5644427812824     
  2.209632149996258E-006   20.5644427812809     
  2.229724956364056E-006   20.5644427812794     
  2.250000472269157E-006   20.5644427812780     
  2.270460359140750E-006   20.5644427812764     
  2.291106293515870E-006   20.5644427812749     
  2.311939967176771E-006   20.5644427812733     
  2.332963087289563E-006   20.5644427812717     
  2.354177376544093E-006   20.5644427812700     
  2.375584573295115E-006   20.5644427812684     
  2.397186431704728E-006   20.5644427812667     
  2.418984721886122E-006   20.5644427812649     
  2.440981230048625E-006   20.5644427812632     
  2.463177758644066E-006   20.5644427812614     
  2.485576126514476E-006   20.5644427812596     
  2.508178169041131E-006   20.5644427812577     
  2.530985738294940E-006   20.5644427812558     
  2.554000703188216E-006   20.5644427812539     
  2.577224949627819E-006   20.5644427812519     
  2.600660380669686E-006   20.5644427812499     
  2.624308916674781E-006   20.5644427812479     
  2.648172495466446E-006   20.5644427812458     
  2.672253072489201E-006   20.5644427812437     
  2.696552620968965E-006   20.5644427812415     
  2.721073132074761E-006   20.5644427812393     
  2.745816615081871E-006   20.5644427812371     
  2.770785097536482E-006   20.5644427812348     
  2.795980625421825E-006   20.5644427812325     
  2.821405263325837E-006   20.5644427812302     
  2.847061094610328E-006   20.5644427812278     
  2.872950221581709E-006   20.5644427812253     
  2.899074765663249E-006   20.5644427812228     
  2.925436867568917E-006   20.5644427812203     
  2.952038687478797E-006   20.5644427812177     
  2.978882405216097E-006   20.5644427812151     
  3.005970220425769E-006   20.5644427812124     
  3.033304352754756E-006   20.5644427812097     
  3.060887042033876E-006   20.5644427812069     
  3.088720548461358E-006   20.5644427812041     
  3.116807152788046E-006   20.5644427812012     
  3.145149156504296E-006   20.5644427811983     
  3.173748882028561E-006   20.5644427811953     
  3.202608672897700E-006   20.5644427811923     
  3.231730893959008E-006   20.5644427811892     
  3.261117931564005E-006   20.5644427811861     
  3.290772193763975E-006   20.5644427811829     
  3.320696110507288E-006   20.5644427811796     
  3.350892133838518E-006   20.5644427811763     
  3.381362738099372E-006   20.5644427811729     
  3.412110420131440E-006   20.5644427811695     
  3.443137699480794E-006   20.5644427811660     
  3.474447118604449E-006   20.5644427811624     
  3.506041243078693E-006   20.5644427811587     
  3.537922661809324E-006   20.5644427811550     
  3.570093987243787E-006   20.5644427811513     
  3.602557855585245E-006   20.5644427811474     
  3.635316927008598E-006   20.5644427811435     
  3.668373885878466E-006   20.5644427811395     
  3.701731440969149E-006   20.5644427811355     
  3.735392325686595E-006   20.5644427811314     
  3.769359298292378E-006   20.5644427811272     
  3.803635142129723E-006   20.5644427811229     
  3.838222665851578E-006   20.5644427811185     
  3.873124703650757E-006   20.5644427811141     
  3.908344115492190E-006   20.5644427811096     
  3.943883787347273E-006   20.5644427811050     
  3.979746631430350E-006   20.5644427811003     
  4.015935586437346E-006   20.5644427810955     
  4.052453617786579E-006   20.5644427810907     
  4.089303717861747E-006   20.5644427810857     
  4.126488906257133E-006   20.5644427810807     
  4.164012230025044E-006   20.5644427810755     
  4.201876763925485E-006   20.5644427810703     
  4.240085610678122E-006   20.5644427810650     
  4.278641901216521E-006   20.5644427810596     
  4.317548794944710E-006   20.5644427810541     
  4.356809479996062E-006   20.5644427810485     
  4.396427173494547E-006   20.5644427810427     
  4.436405121818345E-006   20.5644427810369     
  4.476746600865867E-006   20.5644427810310     
  4.517454916324189E-006   20.5644427810250     
  4.558533403939929E-006   20.5644427810188     
  4.599985429792585E-006   20.5644427810125     
  4.641814390570366E-006   20.5644427810062     
  4.684023713848518E-006   20.5644427809997     
  4.726616858370195E-006   20.5644427809931     
  4.769597314329873E-006   20.5644427809863     
  4.812968603659350E-006   20.5644427809795     
  4.856734280316338E-006   20.5644427809725     
  4.900897930575686E-006   20.5644427809654     
  4.945463173323248E-006   20.5644427809582     
  4.990433660352426E-006   20.5644427809508     
  5.035813076663405E-006   20.5644427809433     
  5.081605140765114E-006   20.5644427809357     
  5.127813604979927E-006   20.5644427809279     
  5.174442255751142E-006   20.5644427809200     
  5.221494913953250E-006   20.5644427809119     
  5.268975435205028E-006   20.5644427809037     
  5.316887710185476E-006   20.5644427808953     
  5.365235664952637E-006   20.5644427808868     
  5.414023261265301E-006   20.5644427808782     
  5.463254496907642E-006   20.5644427808693     
  5.512933406016814E-006   20.5644427808603     
  5.563064059413512E-006   20.5644427808512     
  5.613650564935550E-006   20.5644427808419     
  5.664697067774460E-006   20.5644427808324     
  5.716207750815174E-006   20.5644427808227     
  5.768186834978766E-006   20.5644427808129     
  5.820638579568341E-006   20.5644427808028     
  5.873567282618032E-006   20.5644427807926     
  5.926977281245215E-006   20.5644427807822     
  5.980872952005890E-006   20.5644427807717     
  6.035258711253311E-006   20.5644427807609     
  6.090139015499875E-006   20.5644427807499     
  6.145518361782295E-006   20.5644427807387     
  6.201401288030110E-006   20.5644427807274     
  6.257792373437524E-006   20.5644427807158     
  6.314696238838641E-006   20.5644427807040     
  6.372117547086107E-006   20.5644427806920     
  6.430061003433205E-006   20.5644427806797     
  6.488531355919403E-006   20.5644427806673     
  6.547533395759427E-006   20.5644427806546     
  6.607071957735868E-006   20.5644427806417     
  6.667151920595352E-006   20.5644427806285     
  6.727778207448322E-006   20.5644427806152     
  6.788955786172447E-006   20.5644427806015     
  6.850689669819703E-006   20.5644427805876     
  6.912984917027163E-006   20.5644427805735     
  6.975846632431499E-006   20.5644427805591     
  7.039279967087289E-006   20.5644427805445     
  7.103290118889093E-006   20.5644427805295     
  7.167882332997389E-006   20.5644427805143     
  7.233061902268377E-006   20.5644427804989     
  7.298834167687678E-006   20.5644427804831     
  7.365204518808008E-006   20.5644427804671     
  7.432178394190792E-006   20.5644427804507     
  7.499761281851830E-006   20.5644427804341     
  7.567958719710984E-006   20.5644427804171     
  7.636776296045988E-006   20.5644427803999     
  7.706219649950349E-006   20.5644427803823     
  7.776294471795441E-006   20.5644427803644     
  7.847006503696785E-006   20.5644427803462     
  7.918361539984566E-006   20.5644427803277     
  7.990365427678453E-006   20.5644427803088     
  8.063024066966700E-006   20.5644427802896     
  8.136343411689639E-006   20.5644427802700     
  8.210329469827537E-006   20.5644427802500     
  8.284988303992923E-006   20.5644427802297     
  8.360326031927360E-006   20.5644427802090     
  8.436348827002760E-006   20.5644427801880     
  8.513062918727238E-006   20.5644427801666     
  8.590474593255582E-006   20.5644427801447     
  8.668590193904344E-006   20.5644427801225     
  8.747416121671649E-006   20.5644427800999     
  8.826958835761685E-006   20.5644427800768     
  8.907224854114010E-006   20.5644427800534     
  8.988220753937634E-006   20.5644427800295     
  9.069953172249977E-006   20.5644427800051     
  9.152428806420727E-006   20.5644427799803     
  9.235654414720636E-006   20.5644427799551     
  9.319636816875310E-006   20.5644427799294     
  9.404382894624042E-006   20.5644427799033     
  9.489899592283712E-006   20.5644427798766     
  9.576193917317826E-006   20.5644427798495     
  9.663272940910726E-006   20.5644427798219     
  9.751143798547024E-006   20.5644427797938     
  9.839813690596293E-006   20.5644427797651     
  9.929289882903098E-006   20.5644427797359     
  1.001957970738237E-005   20.5644427797063     
  1.011069056262019E-005   20.5644427796760     
  1.020262991448010E-005   20.5644427796452     
  1.029540529671478E-005   20.5644427796139     
  1.038902431158350E-005   20.5644427795819     
  1.048349463047497E-005   20.5644427795494     
  1.057882399453602E-005   20.5644427795163     
  1.067502021530589E-005   20.5644427794826     
  1.077209117535634E-005   20.5644427794483     
  1.087004482893758E-005   20.5644427794133     
  1.096888920263005E-005   20.5644427793778     
  1.106863239600215E-005   20.5644427793415     
  1.116928258227392E-005   20.5644427793046     
  1.127084800898679E-005   20.5644427792670     
  1.137333699867941E-005   20.5644427792288     
  1.147675794956962E-005   20.5644427791898     
  1.158111933624259E-005   20.5644427791501     
  1.168642971034531E-005   20.5644427791097     
  1.179269770128726E-005   20.5644427790686     
  1.189993201694761E-005   20.5644427790267     
  1.200814144438869E-005   20.5644427789841     
  1.211733485057607E-005   20.5644427789406     
  1.222752118310513E-005   20.5644427788964     
  1.233870947093426E-005   20.5644427788514     
  1.245090882512470E-005   20.5644427788055     
  1.256412843958712E-005   20.5644427787588     
  1.267837759183501E-005   20.5644427787113     
  1.279366564374492E-005   20.5644427786629     
  1.291000204232356E-005   20.5644427786136     
  1.302739632048191E-005   20.5644427785634     
  1.314585809781641E-005   20.5644427785122     
  1.326539708139719E-005   20.5644427784602     
  1.338602306656351E-005   20.5644427784072     
  1.350774593772639E-005   20.5644427783532     
  1.363057566917857E-005   20.5644427782983     
  1.375452232591186E-005   20.5644427782423     
  1.387959606444186E-005   20.5644427781853     
  1.400580713364022E-005   20.5644427781273     
  1.413316587557445E-005   20.5644427780682     
  1.426168272635542E-005   20.5644427780080     
  1.439136821699245E-005   20.5644427779468     
  1.452223297425633E-005   20.5644427778844     
  1.465428772155003E-005   20.5644427778209     
  1.478754327978746E-005   20.5644427777562     
  1.492201056828012E-005   20.5644427776903     
  1.505770060563190E-005   20.5644427776232     
  1.519462451064195E-005   20.5644427775549     
  1.533279350321579E-005   20.5644427774854     
  1.547221890528467E-005   20.5644427774146     
  1.561291214173337E-005   20.5644427773425     
  1.575488474133635E-005   20.5644427772691     
  1.589814833770247E-005   20.5644427771943     
  1.604271467022824E-005   20.5644427771182     
  1.618859558505982E-005   20.5644427770407     
  1.633580303606371E-005   20.5644427769617     
  1.648434908580628E-005   20.5644427768813     
  1.663424590654220E-005   20.5644427767995     
  1.678550578121186E-005   20.5644427767162     
  1.693814110444791E-005   20.5644427766313     
  1.709216438359087E-005   20.5644427765449     
  1.724758823971400E-005   20.5644427764569     
  1.740442540865757E-005   20.5644427763673     
  1.756268874207238E-005   20.5644427762760     
  1.772239120847294E-005   20.5644427761831     
  1.788354589430009E-005   20.5644427760885     
  1.804616600499336E-005   20.5644427759922     
  1.821026486607307E-005   20.5644427758941     
  1.837585592423220E-005   20.5644427757942     
  1.854295274843834E-005   20.5644427756925     
  1.871156903104549E-005   20.5644427755889     
  1.888171858891607E-005   20.5644427754835     
  1.905341536455314E-005   20.5644427753761     
  1.922667342724283E-005   20.5644427752667     
  1.940150697420726E-005   20.5644427751554     
  1.957793033176788E-005   20.5644427750420     
  1.975595795651941E-005   20.5644427749266     
  1.993560443651446E-005   20.5644427748090     
  2.011688449245888E-005   20.5644427746893     
  2.029981297891806E-005   20.5644427745674     
  2.048440488553410E-005   20.5644427744433     
  2.067067533825417E-005   20.5644427743169     
  2.085863960056990E-005   20.5644427741882     
  2.104831307476815E-005   20.5644427740572     
  2.123971130319311E-005   20.5644427739237     
  2.143284996951986E-005   20.5644427737878     
  2.162774490003957E-005   20.5644427736495     
  2.182441206495631E-005   20.5644427735086     
  2.202286757969570E-005   20.5644427733651     
  2.222312770622546E-005   20.5644427732190     
  2.242520885438798E-005   20.5644427730703     
  2.262912758324492E-005   20.5644427729188     
  2.283490060243416E-005   20.5644427727646     
  2.304254477353902E-005   20.5644427726075     
  2.325207711146994E-005   20.5644427724476     
  2.346351478585873E-005   20.5644427722847     
  2.367687512246545E-005   20.5644427721189     
  2.389217560459821E-005   20.5644427719500     
  2.410943387454574E-005   20.5644427717781     
  2.432866773502306E-005   20.5644427716030     
  2.454989515063029E-005   20.5644427714247     
  2.477313424932471E-005   20.5644427712432     
  2.499840332390619E-005   20.5644427710584     
  2.522572083351621E-005   20.5644427708701     
  2.545510540515038E-005   20.5644427706785     
  2.568657583518483E-005   20.5644427704833     
  2.592015109091644E-005   20.5644427702846     
  2.615585031211701E-005   20.5644427700822     
  2.639369281260170E-005   20.5644427698761     
  2.663369808181163E-005   20.5644427696663     
  2.687588578641086E-005   20.5644427694526     
  2.712027577189795E-005   20.5644427692351     
  2.736688806423221E-005   20.5644427690135     
  2.761574287147457E-005   20.5644427687879     
  2.786686058544356E-005   20.5644427685582     
  2.812026178338625E-005   20.5644427683243     
  2.837596722966443E-005   20.5644427680862     
  2.863399787745601E-005   20.5644427678436     
  2.889437487047208E-005   20.5644427675967     
  2.915711954468944E-005   20.5644427673452     
  2.942225343009892E-005   20.5644427670891     
  2.968979825246959E-005   20.5644427668284     
  2.995977593512907E-005   20.5644427665629     
  3.023220860075995E-005   20.5644427662925     
  3.050711857321260E-005   20.5644427660172     
  3.078452837933444E-005   20.5644427657369     
  3.106446075081582E-005   20.5644427654515     
  3.134693862605278E-005   20.5644427651608     
  3.163198515202662E-005   20.5644427648648     
  3.191962368620065E-005   20.5644427645634     
  3.220987779843418E-005   20.5644427642566     
  3.250277127291385E-005   20.5644427639441     
  3.279832811010261E-005   20.5644427636259     
  3.309657252870638E-005   20.5644427633018     
  3.339752896765854E-005   20.5644427629719     
  3.370122208812262E-005   20.5644427626359     
  3.400767677551299E-005   20.5644427622939     
  3.431691814153412E-005   20.5644427619455     
  3.462897152623827E-005   20.5644427615908     
  3.494386250010190E-005   20.5644427612296     
  3.526161686612102E-005   20.5644427608618     
  3.558226066192552E-005   20.5644427604873     
  3.590582016191280E-005   20.5644427601059     
  3.623232187940073E-005   20.5644427597176     
  3.656179256880021E-005   20.5644427593222     
  3.689425922780758E-005   20.5644427589195     
  3.722974909961676E-005   20.5644427585096     
  3.756828967515173E-005   20.5644427580921     
  3.790990869531917E-005   20.5644427576670     
  3.825463415328160E-005   20.5644427572341     
  3.860249429675125E-005   20.5644427567933     
  3.895351763030475E-005   20.5644427563444     
  3.930773291771884E-005   20.5644427558874     
  3.966516918432738E-005   20.5644427554220     
  4.002585571939975E-005   20.5644427549481     
  4.038982207854088E-005   20.5644427544656     
  4.075709808611315E-005   20.5644427539742     
  4.112771383768023E-005   20.5644427534739     
  4.150169970247322E-005   20.5644427529644     
  4.187908632587916E-005   20.5644427524456     
  4.225990463195226E-005   20.5644427519173     
  4.264418582594776E-005   20.5644427513794     
  4.303196139687917E-005   20.5644427508316     
  4.342326312009836E-005   20.5644427502739     
  4.381812305989947E-005   20.5644427497059     
  4.421657357214622E-005   20.5644427491276     
  4.461864730692338E-005   20.5644427485387     
  4.502437721121202E-005   20.5644427479391     
  4.543379653158946E-005   20.5644427473285     
  4.584693881695344E-005   20.5644427467067     
  4.626383792127128E-005   20.5644427460736     
  4.668452800635395E-005   20.5644427454289     
  4.710904354465535E-005   20.5644427447725     
  4.753741932209709E-005   20.5644427441040     
  4.796969044091900E-005   20.5644427434234     
  4.840589232255539E-005   20.5644427427303     
  4.884606071053764E-005   20.5644427420245     
  4.929023167342313E-005   20.5644427413058     
  4.973844160775074E-005   20.5644427405740     
  5.019072724102335E-005   20.5644427398289     
  5.064712563471734E-005   20.5644427390701     
  5.110767418731948E-005   20.5644427382975     
  5.157241063739154E-005   20.5644427375108     
  5.204137306666261E-005   20.5644427367096     
  5.251459990314965E-005   20.5644427358939     
  5.299212992430642E-005   20.5644427350632     
  5.347400226020093E-005   20.5644427342174     
  5.396025639672192E-005   20.5644427333561     
  5.445093217881440E-005   20.5644427324791     
  5.494606981374467E-005   20.5644427315860     
  5.544570987439503E-005   20.5644427306767     
  5.594989330258837E-005   20.5644427297507     
  5.645866141244312E-005   20.5644427288078     
  5.697205589375860E-005   20.5644427278477     
  5.749011881543115E-005   20.5644427268700     
  5.801289262890149E-005   20.5644427258745     
  5.854042017163315E-005   20.5644427248608     
  5.907274467062279E-005   20.5644427238286     
  5.960990974594233E-005   20.5644427227775     
  6.015195941431323E-005   20.5644427217072     
  6.069893809271341E-005   20.5644427206174     
  6.125089060201679E-005   20.5644427195077     
  6.180786217066619E-005   20.5644427183776     
  6.236989843837927E-005   20.5644427172270     
  6.293704545988859E-005   20.5644427160553     
  6.350934970871526E-005   20.5644427148622     
  6.408685808097723E-005   20.5644427136473     
  6.466961789923196E-005   20.5644427124102     
  6.525767691635434E-005   20.5644427111505     
  6.585108331944947E-005   20.5644427098678     
  6.644988573380143E-005   20.5644427085617     
  6.705413322685762E-005   20.5644427072317     
  6.766387531224957E-005   20.5644427058774     
  6.827916195385015E-005   20.5644427044984     
  6.890004356986783E-005   20.5644427030941     
  6.952657103697793E-005   20.5644427016642     
  7.015879569449178E-005   20.5644427002082     
  7.079676934856344E-005   20.5644426987256     
  7.144054427643494E-005   20.5644426972159     
  7.209017323071993E-005   20.5644426956787     
  7.274570944372642E-005   20.5644426941133     
  7.340720663181872E-005   20.5644426925193     
  7.407471899981926E-005   20.5644426908963     
  7.474830124545004E-005   20.5644426892435     
  7.542800856381487E-005   20.5644426875606     
  7.611389665192219E-005   20.5644426858469     
  7.680602171324893E-005   20.5644426841020     
  7.750444046234606E-005   20.5644426823251     
  7.820921012948598E-005   20.5644426805158     
  7.892038846535194E-005   20.5644426786734     
  7.963803374577039E-005   20.5644426767974     
  8.036220477648639E-005   20.5644426748871     
  8.109296089798202E-005   20.5644426729419     
  8.183036199033911E-005   20.5644426709611     
  8.257446847814592E-005   20.5644426689442     
  8.332534133544848E-005   20.5644426668904     
  8.408304209074692E-005   20.5644426647991     
  8.484763283203734E-005   20.5644426626696     
  8.561917621189949E-005   20.5644426605012     
  8.639773545263061E-005   20.5644426582932     
  8.718337435142599E-005   20.5644426560448     
  8.797615728560690E-005   20.5644426537554     
  8.877614921789557E-005   20.5644426514241     
  8.958341570173859E-005   20.5644426490502     
  9.039802288667844E-005   20.5644426466330     
  9.122003752377400E-005   20.5644426441716     
  9.204952697107028E-005   20.5644426416653     
  9.288655919911796E-005   20.5644426391131     
  9.373120279654303E-005   20.5644426365144     
  9.458352697566714E-005   20.5644426338681     
  9.544360157817901E-005   20.5644426311735     
  9.631149708085756E-005   20.5644426284297     
  9.718728460134677E-005   20.5644426256358     
  9.807103590398340E-005   20.5644426227908     
  9.896282340567751E-005   20.5644426198938     
  9.986272018184645E-005   20.5644426169439     
  1.007707999724029E-004   20.5644426139401     
  1.016871371877974E-004   20.5644426108815     
  1.026118069151154E-004   20.5644426077669     
  1.035448849242306E-004   20.5644426045955     
  1.044864476740132E-004   20.5644426013661     
  1.054365723185956E-004   20.5644425980777     
  1.063953367136943E-004   20.5644425947293     
  1.073628194229899E-004   20.5644425913196     
  1.083390997245644E-004   20.5644425878477     
  1.093242576173978E-004   20.5644425843124     
  1.103183738279234E-004   20.5644425807124     
  1.113215298166424E-004   20.5644425770467     
  1.123338077847995E-004   20.5644425733140     
  1.133552906811184E-004   20.5644425695132     
  1.143860622085987E-004   20.5644425656429     
  1.154262068313750E-004   20.5644425617019     
  1.164758097816382E-004   20.5644425576888     
  1.175349570666190E-004   20.5644425536025     
  1.186037354756366E-004   20.5644425494415     
  1.196822325872095E-004   20.5644425452045     
  1.207705367762324E-004   20.5644425408901     
  1.218687372212178E-004   20.5644425364969     
  1.229769239116034E-004   20.5644425320234     
  1.240951876551263E-004   20.5644425274682     
  1.252236200852637E-004   20.5644425228297     
  1.263623136687419E-004   20.5644425181066     
  1.275113617131132E-004   20.5644425132971     
  1.286708583744015E-004   20.5644425083997     
  1.298408986648180E-004   20.5644425034129     
  1.310215784605467E-004   20.5644424983350     
  1.322129945096006E-004   20.5644424931643     
  1.334152444397497E-004   20.5644424878992     
  1.346284267665207E-004   20.5644424825379     
  1.358526409012696E-004   20.5644424770786     
  1.370879871593279E-004   20.5644424715196     
  1.383345667682227E-004   20.5644424658590     
  1.395924818759712E-004   20.5644424600950     
  1.408618355594515E-004   20.5644424542257     
  1.421427318328487E-004   20.5644424482492     
  1.434352756561779E-004   20.5644424421635     
  1.447395729438854E-004   20.5644424359666     
  1.460557305735272E-004   20.5644424296565     
  1.473838563945269E-004   20.5644424232311     
  1.487240592370134E-004   20.5644424166883     
  1.500764489207386E-004   20.5644424100260     
  1.514411362640759E-004   20.5644424032420     
  1.528182330931018E-004   20.5644423963340     
  1.542078522507584E-004   20.5644423892999     
  1.556101076061006E-004   20.5644423821372     
  1.570251140636266E-004   20.5644423748437     
  1.584529875726934E-004   20.5644423674169     
  1.598938451370181E-004   20.5644423598544     
  1.613478048242657E-004   20.5644423521538     
  1.628149857757236E-004   20.5644423443125     
  1.642955082160641E-004   20.5644423363280     
  1.657894934631968E-004   20.5644423281975     
  1.672970639382087E-004   20.5644423199186     
  1.688183431753964E-004   20.5644423114884     
  1.703534558323884E-004   20.5644423029041     
  1.719025277003603E-004   20.5644422941631     
  1.734656857143421E-004   20.5644422852623     
  1.750430579636197E-004   20.5644422761990     
  1.766347737022308E-004   20.5644422669700     
  1.782409633595568E-004   20.5644422575725     
  1.798617585510096E-004   20.5644422480033     
  1.814972920888173E-004   20.5644422382592     
  1.831476979929071E-004   20.5644422283371     
  1.848131115018867E-004   20.5644422182338     
  1.864936690841269E-004   20.5644422079459     
  1.881895084489433E-004   20.5644421974700     
  1.899007685578814E-004   20.5644421868028     
  1.916275896361030E-004   20.5644421759406     
  1.933701131838766E-004   20.5644421648800     
  1.951284819881726E-004   20.5644421536174     
  1.969028401343633E-004   20.5644421421490     
  1.986933330180300E-004   20.5644421304710     
  2.005001073568766E-004   20.5644421185798     
  2.023233112027527E-004   20.5644421064712     
  2.041630939537847E-004   20.5644420941415     
  2.060196063666181E-004   20.5644420815865     
  2.078930005687714E-004   20.5644420688021     
  2.097834300711011E-004   20.5644420557842     
  2.116910497803809E-004   20.5644420425285     
  2.136160160119957E-004   20.5644420290305     
  2.155584865027499E-004   20.5644420152860     
  2.175186204237932E-004   20.5644420012904     
  2.194965783936631E-004   20.5644419870391     
  2.214925224914468E-004   20.5644419725274     
  2.235066162700622E-004   20.5644419577506     
  2.255390247696596E-004   20.5644419427039     
  2.275899145311462E-004   20.5644419273822     
  2.296594536098321E-004   20.5644419117807     
  2.317478115892019E-004   20.5644418958941     
  2.338551595948103E-004   20.5644418797173     
  2.359816703083049E-004   20.5644418632449     
  2.381275179815760E-004   20.5644418464716     
  2.402928784510353E-004   20.5644418293919     
  2.424779291520245E-004   20.5644418120001     
  2.446828491333547E-004   20.5644417942906     
  2.469078190719783E-004   20.5644417762576     
  2.491530212877937E-004   20.5644417578951     
  2.514186397585858E-004   20.5644417391971     
  2.537048601351011E-004   20.5644417201575     
  2.560118697562602E-004   20.5644417007701     
  2.583398576645096E-004   20.5644416810285     
  2.606890146213119E-004   20.5644416609263     
  2.630595331227770E-004   20.5644416404568     
  2.654516074154362E-004   20.5644416196133     
  2.678654335121592E-004   20.5644415983890     
  2.703012092082159E-004   20.5644415767770     
  2.727591340974838E-004   20.5644415547702     
  2.752394095888041E-004   20.5644415323613     
  2.777422389224850E-004   20.5644415095430     
  2.802678271869560E-004   20.5644414863078     
  2.828163813355733E-004   20.5644414626481     
  2.853881102035782E-004   20.5644414385562     
  2.879832245252096E-004   20.5644414140242     
  2.906019369509720E-004   20.5644413890440     
  2.932444620650607E-004   20.5644413636074     
  2.959110164029456E-004   20.5644413377061     
  2.986018184691143E-004   20.5644413113316     
  3.013170887549774E-004   20.5644412844752     
  3.040570497569354E-004   20.5644412571283     
  3.068219259946117E-004   20.5644412292817     
  3.096119440292494E-004   20.5644412009263     
  3.124273324822766E-004   20.5644411720530     
  3.152683220540408E-004   20.5644411426521     
  3.181351455427121E-004   20.5644411127141     
  3.210280378633601E-004   20.5644410822292     
  3.239472360672031E-004   20.5644410511873     
  3.268929793610327E-004   20.5644410195783     
  3.298655091268153E-004   20.5644409873919     
  3.328650689414711E-004   20.5644409546174     
  3.358919045968340E-004   20.5644409212442     
  3.389462641197920E-004   20.5644408872612     
  3.420283977926113E-004   20.5644408526574     
  3.451385581734453E-004   20.5644408174215     
  3.482770001170293E-004   20.5644407815417     
  3.514439807955649E-004   20.5644407450065     
  3.546397597197925E-004   20.5644407078039     
  3.578645987602564E-004   20.5644406699215     
  3.611187621687640E-004   20.5644406313471     
  3.644025166000382E-004   20.5644405920680     
  3.677161311335683E-004   20.5644405520712     
  3.710598772956593E-004   20.5644405113438     
  3.744340290816809E-004   20.5644404698722     
  3.778388629785201E-004   20.5644404276431     
  3.812746579872366E-004   20.5644403846424     
  3.847416956459252E-004   20.5644403408561     
  3.882402600527859E-004   20.5644402962699     
  3.917706378894034E-004   20.5644402508692     
  3.953331184442387E-004   20.5644402046390     
  3.989279936363341E-004   20.5644401575642     
  4.025555580392338E-004   20.5644401096294     
  4.062161089051221E-004   20.5644400608189     
  4.099099461891809E-004   20.5644400111166     
  4.136373725741689E-004   20.5644399605063     
  4.173986934952244E-004   20.5644399089714     
  4.211942171648931E-004   20.5644398564950     
  4.250242545983840E-004   20.5644398030599     
  4.288891196390549E-004   20.5644397486486     
  4.327891289841297E-004   20.5644396932432     
  4.367246022106489E-004   20.5644396368256     
  4.406958618016569E-004   20.5644395793773     
  4.447032331726273E-004   20.5644395208794     
  4.487470446981279E-004   20.5644394613129     
  4.528276277387288E-004   20.5644394006581     
  4.569453166681551E-004   20.5644393388952     
  4.611004489006858E-004   20.5644392760039     
  4.652933649188031E-004   20.5644392119636     
  4.695244083010922E-004   20.5644391467534     
  4.737939257503948E-004   20.5644390803519     
  4.781022671222190E-004   20.5644390127372     
  4.824497854534075E-004   20.5644389438873     
  4.868368369910662E-004   20.5644388737795     
  4.912637812217563E-004   20.5644388023909     
  4.957309809009507E-004   20.5644387296981     
  5.002388020827607E-004   20.5644386556773     
  5.047876141499301E-004   20.5644385803041     
  5.093777898441038E-004   20.5644385035540     
  5.140097052963713E-004   20.5644384254017     
  5.186837400580879E-004   20.5644383458215     
  5.234002771319760E-004   20.5644382647876     
  5.281597030035097E-004   20.5644381822732     
  5.329624076725841E-004   20.5644380982513     
  5.378087846854723E-004   20.5644380126944     
  5.426992311670754E-004   20.5644379255744     
  5.476341478534621E-004   20.5644378368628     
  5.526139391247072E-004   20.5644377465306     
  5.576390130380271E-004   20.5644376545480     
  5.627097813612172E-004   20.5644375608850     
  5.678266596063931E-004   20.5644374655108     
  5.729900670640391E-004   20.5644373683942     
  5.782004268373657E-004   20.5644372695034     
  5.834581658769797E-004   20.5644371688059     
  5.887637150158699E-004   20.5644370662687     
  5.941175090047109E-004   20.5644369618582     
  5.995199865474868E-004   20.5644368555403     
  6.049715903374407E-004   20.5644367472800     
  6.104727670933500E-004   20.5644366370419     
  6.160239675961312E-004   20.5644365247898     
  6.216256467257786E-004   20.5644364104869     
  6.272782634986383E-004   20.5644362940959     
  6.329822811050205E-004   20.5644361755784     
  6.387381669471559E-004   20.5644360548957     
  6.445463926774944E-004   20.5644359320083     
  6.504074342373549E-004   20.5644358068757     
  6.563217718959240E-004   20.5644356794571     
  6.622898902896112E-004   20.5644355497107     
  6.683122784617611E-004   20.5644354175939     
  6.743894299027270E-004   20.5644352830634     
  6.805218425903086E-004   20.5644351460751     
  6.867100190305580E-004   20.5644350065842     
  6.929544662989560E-004   20.5644348645449     
  6.992556960819628E-004   20.5644347199106     
  7.056142247189482E-004   20.5644345726340     
  7.120305732445008E-004   20.5644344226667     
  7.185052674311232E-004   20.5644342699597     
  7.250388378323147E-004   20.5644341144628     
  7.316318198260474E-004   20.5644339561251     
  7.382847536586357E-004   20.5644337948946     
  7.449981844890053E-004   20.5644336307187     
  7.517726624333656E-004   20.5644334635433     
  7.586087426102871E-004   20.5644332933138     
  7.655069851861897E-004   20.5644331199743     
  7.724679554212442E-004   20.5644329434681     
  7.794922237156906E-004   20.5644327637372     
  7.865803656565791E-004   20.5644325807228     
  7.937329620649345E-004   20.5644323943648     
  8.009505990433503E-004   20.5644322046022     
  8.082338680240165E-004   20.5644320113728     
  8.155833658171812E-004   20.5644318146132     
  8.229996946600566E-004   20.5644316142590     
  8.304834622661668E-004   20.5644314102445     
  8.380352818751463E-004   20.5644312025027     
  8.456557723029893E-004   20.5644309909657     
  8.533455579927584E-004   20.5644307755641     
  8.611052690657523E-004   20.5644305562273     
  8.689355413731400E-004   20.5644303328833     
  8.768370165480636E-004   20.5644301054590     
  8.848103420582162E-004   20.5644298738798     
  8.928561712588962E-004   20.5644296380699     
  9.009751634465457E-004   20.5644293979519     
  9.091679839127747E-004   20.5644291534471     
  9.174353039988768E-004   20.5644289044754     
  9.257778011508408E-004   20.5644286509552     
  9.341961589748620E-004   20.5644283928034     
  9.426910672933596E-004   20.5644281299353     
  9.512632222015017E-004   20.5644278622648     
  9.599133261242453E-004   20.5644275897042     
  9.686420878738951E-004   20.5644273121641     
  9.774502227081854E-004   20.5644270295536     
  9.863384523888907E-004   20.5644267417800     
  9.953075052409673E-004   20.5644264487490     
  1.004358116212235E-003   20.5644261503645     
  1.013491026933603E-003   20.5644258465288     
  1.022706985779836E-003   20.5644255371423     
  1.032006747930882E-003   20.5644252221034     
  1.041391075433752E-003   20.5644249013091     
  1.050860737264966E-003   20.5644245746541     
  1.060416509393564E-003   20.5644242420313     
  1.070059174844687E-003   20.5644239033318     
  1.079789523763749E-003   20.5644235584446     
  1.089608353481175E-003   20.5644232072564     
  1.099516468577740E-003   20.5644228496524     
  1.109514680950499E-003   20.5644224855152     
  1.119603809879314E-003   20.5644221147255     
  1.129784682093992E-003   20.5644217371617     
  1.140058131842022E-003   20.5644213527002     
  1.150425000956944E-003   20.5644209612148     
  1.160886138927326E-003   20.5644205625773     
  1.171442402966373E-003   20.5644201566570     
  1.182094658082173E-003   20.5644197433208     
  1.192843777148572E-003   20.5644193224333     
  1.203690640976707E-003   20.5644188938566     
  1.214636138387178E-003   20.5644184574500     
  1.225681166282878E-003   20.5644180130706     
  1.236826629722492E-003   20.5644175605728     
  1.248073441994658E-003   20.5644170998082     
  1.259422524692804E-003   20.5644166306258     
  1.270874807790667E-003   20.5644161528717     
  1.282431229718495E-003   20.5644156663895     
  1.294092737439948E-003   20.5644151710196     
  1.305860286529691E-003   20.5644146665997     
  1.317734841251699E-003   20.5644141529645     
  1.329717374638271E-003   20.5644136299455     
  1.341808868569760E-003   20.5644130973714     
  1.354010313855036E-003   20.5644125550675     
  1.366322710312672E-003   20.5644120028562     
  1.378747066852870E-003   20.5644114405564     
  1.391284401560139E-003   20.5644108679838     
  1.403935741776714E-003   20.5644102849508     
  1.416702124186745E-003   20.5644096912662     
  1.429584594901240E-003   20.5644090867355     
  1.442584209543789E-003   20.5644084711604     
  1.455702033337064E-003   20.5644078443393     
  1.468939141190107E-003   20.5644072060666     
  1.482296617786410E-003   20.5644065561332     
  1.495775557672796E-003   20.5644058943260     
  1.509377065349111E-003   20.5644052204282     
  1.523102255358726E-003   20.5644045342187     
  1.536952252379874E-003   20.5644038354727     
  1.550928191317798E-003   20.5644031239612     
  1.565031217397754E-003   20.5644023994509     
  1.579262486258857E-003   20.5644016617044     
  1.593623164048769E-003   20.5644009104799     
  1.608114427519263E-003   20.5644001455310     
  1.622737464122647E-003   20.5643993666072     
  1.637493472109064E-003   20.5643985734530     
  1.652383660624685E-003   20.5643977658085     
  1.667409249810786E-003   20.5643969434090     
  1.682571470903732E-003   20.5643961059849     
  1.697871566335864E-003   20.5643952532618     
  1.713310789837312E-003   20.5643943849600     
  1.728890406538725E-003   20.5643935007951     
  1.744611693074942E-003   20.5643926004772     
  1.760475937689599E-003   20.5643916837111     
  1.776484440340697E-003   20.5643907501965     
  1.792638512807117E-003   20.5643897996274     
  1.808939478796118E-003   20.5643888316920     
  1.825388674051798E-003   20.5643878460733     
  1.841987446464553E-003   20.5643868424481     
  1.858737156181526E-003   20.5643858204875     
  1.875639175718059E-003   20.5643847798565     
  1.892694890070162E-003   20.5643837202139     
  1.909905696828005E-003   20.5643826412126     
  1.927273006290435E-003   20.5643815424988     
  1.944798241580546E-003   20.5643804237123     
  1.962482838762289E-003   20.5643792844865     
  1.980328246958149E-003   20.5643781244480     
  1.998335928467888E-003   20.5643769432165     
  2.016507358888371E-003   20.5643757404049     
  2.034844027234481E-003   20.5643745156189     
  2.053347436061133E-003   20.5643732684570     
  2.072019101586393E-003   20.5643719985105     
  2.090860553815727E-003   20.5643707053630     
  2.109873336667370E-003   20.5643693885909     
  2.129059008098839E-003   20.5643680477624     
  2.148419140234597E-003   20.5643666824380     
  2.167955319494877E-003   20.5643652921703     
  2.187669146725678E-003   20.5643638765035     
  2.207562237329941E-003   20.5643624349736     
  2.227636221399918E-003   20.5643609671082     
  2.247892743850751E-003   20.5643594724261     
  2.268333464555258E-003   20.5643579504374     
  2.288960058479945E-003   20.5643564006432     
  2.309774215822261E-003   20.5643548225355     
  2.330777642149095E-003   20.5643532155971     
  2.351972058536535E-003   20.5643515793013     
  2.373359201710899E-003   20.5643499131116     
  2.394940824191044E-003   20.5643482164822     
  2.416718694431974E-003   20.5643464888566     
  2.438694596969753E-003   20.5643447296689     
  2.460870332567731E-003   20.5643429383422     
  2.483247718364107E-003   20.5643411142895     
  2.505828588020829E-003   20.5643392569128     
  2.528614791873847E-003   20.5643373656035     
  2.551608197084736E-003   20.5643354397415     
  2.574810687793698E-003   20.5643334786956     
  2.598224165273950E-003   20.5643314818231     
  2.621850548087519E-003   20.5643294484695     
  2.645691772242462E-003   20.5643273779682     
  2.669749791351496E-003   20.5643252696405     
  2.694026576792089E-003   20.5643231227956     
  2.718524117868000E-003   20.5643209367296     
  2.743244421972284E-003   20.5643187107260     
  2.768189514751789E-003   20.5643164440553     
  2.793361440273135E-003   20.5643141359745     
  2.818762261190217E-003   20.5643117857270     
  2.844394058913222E-003   20.5643093925425     
  2.870258933779184E-003   20.5643069556366     
  2.896359005224093E-003   20.5643044742105     
  2.922696411956564E-003   20.5643019474510     
  2.949273312133095E-003   20.5642993745297     
  2.976091883534903E-003   20.5642967546035     
  3.003154323746385E-003   20.5642940868135     
  3.030462850335191E-003   20.5642913702853     
  3.058019701033935E-003   20.5642886041285     
  3.085827133923564E-003   20.5642857874365     
  3.113887427618390E-003   20.5642829192860     
  3.142202881452805E-003   20.5642799987370     
  3.170775815669696E-003   20.5642770248321     
  3.199608571610569E-003   20.5642739965966     
  3.228703511907409E-003   20.5642709130380     
  3.258063020676277E-003   20.5642677731456     
  3.287689503712670E-003   20.5642645758902     
  3.317585388688662E-003   20.5642613202237     
  3.347753125351831E-003   20.5642580050793     
  3.378195185725997E-003   20.5642546293701     
  3.408914064313792E-003   20.5642511919898     
  3.439912278301056E-003   20.5642476918118     
  3.471192367763110E-003   20.5642441276887     
  3.502756895872896E-003   20.5642404984523     
  3.534608449111006E-003   20.5642368029132     
  3.566749637477627E-003   20.5642330398600     
  3.599183094706413E-003   20.5642292080593     
  3.631911478480297E-003   20.5642253062552     
  3.664937470649270E-003   20.5642213331688     
  3.698263777450142E-003   20.5642172874979     
  3.731893129728291E-003   20.5642131679164     
  3.765828283161444E-003   20.5642089730740     
  3.800072018485474E-003   20.5642047015959     
  3.834627141722275E-003   20.5642003520820     
  3.869496484409682E-003   20.5641959231066     
  3.904682903833499E-003   20.5641914132181     
  3.940189283261637E-003   20.5641868209383     
  3.976018532180371E-003   20.5641821447620     
  4.012173586532749E-003   20.5641773831565     
  4.048657408959181E-003   20.5641725345612     
  4.085472989040193E-003   20.5641675973868     
  4.122623343541415E-003   20.5641625700151     
  4.160111516660766E-003   20.5641574507983     
  4.197940580277918E-003   20.5641522380586     
  4.236113634206008E-003   20.5641469300873     
  4.274633806445644E-003   20.5641415251447     
  4.313504253441223E-003   20.5641360214593     
  4.352728160339579E-003   20.5641304172271     
  4.392308741250983E-003   20.5641247106114     
  4.432249239512513E-003   20.5641188997416     
  4.472552927953821E-003   20.5641129827132     
  4.513223109165322E-003   20.5641069575869     
  4.554263115768812E-003   20.5641008223877     
  4.595676310690557E-003   20.5640945751049     
  4.637466087436854E-003   20.5640882136909     
  4.679635870372108E-003   20.5640817360605     
  4.722189114999433E-003   20.5640751400907     
  4.765129308243801E-003   20.5640684236195     
  4.808459968737778E-003   20.5640615844457     
  4.852184647109842E-003   20.5640546203276     
  4.896306926275335E-003   20.5640475289825     
  4.940830421730054E-003   20.5640403080864     
  4.985758781846518E-003   20.5640329552724     
  5.031095688172923E-003   20.5640254681307     
  5.076844855734817E-003   20.5640178442072     
  5.123010033339516E-003   20.5640100810031     
  5.169595003883303E-003   20.5640021759740     
  5.216603584661395E-003   20.5639941265290     
  5.264039627680746E-003   20.5639859300298     
  5.311907019975697E-003   20.5639775837900     
  5.360209683926482E-003   20.5639690850740     
  5.408951577580644E-003   20.5639604310963     
  5.458136694977360E-003   20.5639516190206     
  5.507769066474735E-003   20.5639426459586     
  5.557852759080046E-003   20.5639335089694     
  5.608391876783017E-003   20.5639242050583     
  5.659390560892100E-003   20.5639147311759     
  5.710852990373834E-003   20.5639050842171     
  5.762783382195268E-003   20.5638952610201     
  5.815185991669524E-003   20.5638852583653     
  5.868065112804482E-003   20.5638750729744     
  5.921425078654642E-003   20.5638647015090     
  5.975270261676185E-003   20.5638541405700     
  6.029605074085267E-003   20.5638433866959     
  6.084433968219566E-003   20.5638324363622     
  6.139761436903121E-003   20.5638212859798     
  6.195592013814475E-003   20.5638099318944     
  6.251930273858195E-003   20.5637983703846     
  6.308780833539735E-003   20.5637865976612     
  6.366148351343730E-003   20.5637746098656     
  6.424037528115731E-003   20.5637624030690     
  6.482453107447394E-003   20.5637499732705     
  6.541399876065192E-003   20.5637373163964     
  6.600882664222641E-003   20.5637244282985     
  6.660906346096118E-003   20.5637113047527     
  6.721475840184253E-003   20.5636979414579     
  6.782596109710964E-003   20.5636843340343     
  6.844272163032162E-003   20.5636704780223     
  6.906509054046150E-003   20.5636563688807     
  6.969311882607742E-003   20.5636420019852     
  7.032685794946169E-003   20.5636273726273     
  7.096635984086773E-003   20.5636124760124     
  7.161167690276533E-003   20.5635973072582     
  7.226286201413467E-003   20.5635818613934     
  7.291996853479941E-003   20.5635661333557     
  7.358305030979899E-003   20.5635501179906     
  7.425216167380103E-003   20.5635338100492     
  7.492735745555352E-003   20.5635172041868     
  7.560869298237766E-003   20.5635002949610     
  7.629622408470155E-003   20.5634830768302     
  7.699000710063507E-003   20.5634655441514     
  7.769009888058637E-003   20.5634476911786     
  7.839655679192033E-003   20.5634295120608     
  7.910943872365945E-003   20.5634110008401     
  7.982880309122732E-003   20.5633921514499     
  8.055470884123546E-003   20.5633729577127     
  8.128721545631349E-003   20.5633534133381     
  8.202638295998326E-003   20.5633335119208     
  8.277227192157744E-003   20.5633132469388     
  8.352494346120265E-003   20.5632926117507     
  8.428445925474778E-003   20.5632715995937     
  8.505088153893798E-003   20.5632502035817     
  8.582427311643442E-003   20.5632284167028     
  8.660469736098049E-003   20.5632062318168     
  8.739221822259492E-003   20.5631836416535     
  8.818690023281185E-003   20.5631606388095     
  8.898880850996885E-003   20.5631372157464     
  8.979800876454287E-003   20.5631133647881     
  9.061456730453466E-003   20.5630890781181     
  9.143855104090224E-003   20.5630643477774     
  9.227002749304384E-003   20.5630391656616     
  9.310906479433053E-003   20.5630135235180     
  9.395573169768927E-003   20.5629874129435     
  9.481009758123675E-003   20.5629608253814     
  9.567223245396437E-003   20.5629337521186     
  9.654220696147495E-003   20.5629061842831     
  9.742009239177164E-003   20.5628781128407     
  9.830596068109944E-003   20.5628495285922     
  9.919988441983987E-003   20.5628204221704     
  1.001019368584592E-002   20.5627907840372     
  1.010121919135108E-002   20.5627606044799     
  1.019307241736920E-002   20.5627298736089     
  1.028576089059561E-002   20.5626985813535     
  1.037929220616801E-002   20.5626667174595     
  1.047367402828880E-002   20.5626342714851     
  1.056891409085315E-002   20.5626012327981     
  1.066502019808271E-002   20.5625675905718     
  1.076200022516509E-002   20.5625333337820     
  1.085986211889921E-002   20.5624984512032     
  1.095861389834648E-002   20.5624629314046     
  1.105826365548788E-002   20.5624267627470     
  1.115881955588703E-002   20.5623899333784     
  1.126028983935933E-002   20.5623524312305     
  1.136268282064715E-002   20.5623142440145     
  1.146600689010114E-002   20.5622753592173     
  1.157027051436776E-002   20.5622357640971     
  1.167548223708306E-002   20.5621954456796     
  1.178165067957281E-002   20.5621543907536     
  1.188878454155889E-002   20.5621125858663     
  1.199689260187220E-002   20.5620700173196     
  1.210598371917202E-002   20.5620266711652     
  1.221606683267191E-002   20.5619825331999     
  1.232715096287221E-002   20.5619375889614     
  1.243924521229922E-002   20.5618918237230     
  1.255235876625104E-002   20.5618452224894     
  1.266650089355031E-002   20.5617977699912     
  1.278168094730364E-002   20.5617494506805     
  1.289790836566809E-002   20.5617002487250     
  1.301519267262452E-002   20.5616501480039     
  1.313354347875806E-002   20.5615991321016     
  1.325297048204555E-002   20.5615471843030     
  1.337348346865028E-002   20.5614942875876     
  1.349509231372389E-002   20.5614404246242     
  1.361780698221551E-002   20.5613855777652     
  1.374163752968839E-002   20.5613297290407     
  1.386659410314382E-002   20.5612728601529     
  1.399268694185265E-002   20.5612149524696     
  1.411992637819428E-002   20.5611559870185     
  1.424832283850335E-002   20.5610959444811     
  1.437788684392407E-002   20.5610348051860     
  1.450862901127241E-002   20.5609725491026     
  1.464056005390601E-002   20.5609091558348     
  1.477369078260208E-002   20.5608446046139     
  1.490803210644327E-002   20.5607788742922     
  1.504359503371159E-002   20.5607119433359     
  1.518039067279045E-002   20.5606437898179     
  1.531843023307492E-002   20.5605743914110     
  1.545772502589024E-002   20.5605037253802     
  1.559828646541872E-002   20.5604317685757     
  1.574012606963504E-002   20.5603584974248     
  1.588325546125004E-002   20.5602838879246     
  1.602768636866317E-002   20.5602079156341     
  1.617343062692348E-002   20.5601305556661     
  1.632050017869948E-002   20.5600517826791     
  1.646890707525771E-002   20.5599715708688     
  1.661866347745026E-002   20.5598898939602     
  1.676978165671126E-002   20.5598067251985     
  1.692227399606246E-002   20.5597220373406     
  1.707615299112791E-002   20.5596358026460     
  1.723143125115785E-002   20.5595479928679     
  1.738812150006201E-002   20.5594585792442     
  1.754623657745219E-002   20.5593675324874     
  1.770578943969441E-002   20.5592748227757     
  1.786679316097054E-002   20.5591804197429     
  1.802926093434970E-002   20.5590842924687     
  1.819320607286926E-002   20.5589864094684     
  1.835864201062579E-002   20.5588867386826     
  1.852558230387590E-002   20.5587852474670     
  1.869404063214701E-002   20.5586819025814     
  1.886403079935839E-002   20.5585766701789     
  1.903556673495216E-002   20.5584695157952     
  1.920866249503483E-002   20.5583604043368     
  1.938333226352900E-002   20.5582493000699     
  1.955959035333569E-002   20.5581361666086     
  1.973745120750714E-002   20.5580209669032     
  1.991692940043033E-002   20.5579036632276     
  2.009803963902124E-002   20.5577842171677     
  2.028079676392996E-002   20.5576625896082     
  2.046521575075680E-002   20.5575387407201     
  2.065131171127940E-002   20.5574126299480     
  2.083909989469105E-002   20.5572842159961     
  2.102859568885025E-002   20.5571534568156     
  2.121981462154160E-002   20.5570203095902     
  2.141277236174824E-002   20.5568847307227     
  2.160748472093576E-002   20.5567466758204     
  2.180396765434785E-002   20.5566060996809     
  2.200223726231372E-002   20.5564629562769     
  2.220230979156742E-002   20.5563171987418     
  2.240420163657908E-002   20.5561687793539     
  2.260792934089840E-002   20.5560176495210     
  2.281350959851020E-002   20.5558637597647     
  2.302095925520240E-002   20.5557070597039     
  2.323029530994642E-002   20.5555474980387     
  2.344153491629009E-002   20.5553850225336     
  2.365469538376328E-002   20.5552195800004     
  2.386979417929630E-002   20.5550511162807     
  2.408684892865113E-002   20.5548795762286     
  2.430587741786577E-002   20.5547049036924     
  2.452689759471170E-002   20.5545270414964     
  2.474992757016449E-002   20.5543459314224     
  2.497498561988792E-002   20.5541615141906     
  2.520209018573152E-002   20.5539737294402     
  2.543125987724174E-002   20.5537825157097     
  2.566251347318686E-002   20.5535878104173     
  2.589586992309579E-002   20.5533895498399     
  2.613134834881083E-002   20.5531876690928     
  2.636896804605457E-002   20.5529821021082     
  2.660874848601103E-002   20.5527727816142     
  2.685070931692118E-002   20.5525596391124     
  2.709487036569296E-002   20.5523426048555     
  2.734125163952598E-002   20.5521216078254     
  2.758987332755092E-002   20.5518965757091     
  2.784075580248391E-002   20.5516674348757     
  2.809391962229592E-002   20.5514341103524     
  2.834938553189732E-002   20.5511965258001     
  2.860717446483778E-002   20.5509546034883     
  2.886730754502164E-002   20.5507082642701     
  2.912980608843883E-002   20.5504574275563     
  2.939469160491156E-002   20.5502020112894     
  2.966198579985693E-002   20.5499419319166     
  2.993171057606546E-002   20.5496771043628     
  3.020388803549592E-002   20.5494074420032     
  3.047854048108643E-002   20.5491328566344     
  3.075569041858196E-002   20.5488532584465     
  3.103536055837857E-002   20.5485685559937     
  3.131757381738431E-002   20.5482786561644     
  3.160235332089715E-002   20.5479834641509     
  3.188972240449987E-002   20.5476828834190     
  3.217970461597228E-002   20.5473768156764     
  3.247232371722078E-002   20.5470651608407     
  3.276760368622544E-002   20.5467478170070     
  3.306556871900485E-002   20.5464246804149     
  3.336624323159882E-002   20.5460956454148     
  3.366965186206906E-002   20.5457606044334     
  3.397581947251811E-002   20.5454194479393     
  3.428477115112658E-002   20.5450720644068     
  3.459653221420897E-002   20.5447183402804     
  3.491112820828816E-002   20.5443581599375     
  3.522858491218871E-002   20.5439914056511     
  3.554892833914933E-002   20.5436179575516     
  3.587218473895438E-002   20.5432376935883     
  3.619838060008489E-002   20.5428504894892     
  3.652754265188913E-002   20.5424562187213     
  3.685969786677282E-002   20.5420547524494     
  3.719487346240934E-002   20.5416459594945     
  3.753309690397007E-002   20.5412297062911     
  3.787439590637486E-002   20.5408058568445     
  3.821879843656317E-002   20.5403742726860     
  3.856633271578565E-002   20.5399348128290     
  3.891702722191677E-002   20.5394873337228     
  3.927091069178827E-002   20.5390316892063     
  3.962801212354403E-002   20.5385677304610     
  3.998836077901616E-002   20.5380953059627     
  4.035198618612285E-002   20.5376142614326     
  4.071891814128797E-002   20.5371244397875     
  4.108918671188264E-002   20.5366256810892     
  4.146282223868903E-002   20.5361178224926     
  4.183985533838658E-002   20.5356006981934     
  4.222031690606078E-002   20.5350741393744     
  4.260423811773486E-002   20.5345379741514     
  4.299165043292436E-002   20.5339920275176     
  4.338258559721508E-002   20.5334361212869     
  4.377707564486430E-002   20.5328700740370     
  4.417515290142586E-002   20.5322937010508     
  4.457684998639892E-002   20.5317068142567     
  4.498219981590090E-002   20.5311092221683     
  4.539123560536480E-002   20.5305007298228     
  4.580399087226081E-002   20.5298811387181     
  4.622049943884295E-002   20.5292502467492     
  4.664079543492047E-002   20.5286078481431     
  4.706491330065461E-002   20.5279537333927     
  4.749288778938066E-002   20.5272876891895     
  4.792475397045575E-002   20.5266094983553     
  4.836054723213253E-002   20.5259189397722     
  4.880030328445900E-002   20.5252157883118     
  4.924405816220466E-002   20.5244998147630     
  4.969184822781329E-002   20.5237707857588     
  5.014371017438263E-002   20.5230284637008     
  5.059968102867101E-002   20.5222726066840     
  5.105979815413154E-002   20.5215029684187     
  5.152409925397369E-002   20.5207192981518     
  5.199262237425282E-002   20.5199213405870     
  5.246540590698776E-002   20.5191088358025     
  5.294248859330676E-002   20.5182815191686     
  5.342390952662206E-002   20.5174391212627     
  5.390970815583328E-002   20.5165813677835     
  5.439992428855994E-002   20.5157079794635     
  5.489459809440350E-002   20.5148186719797     
  5.539377010823885E-002   20.5139131558632     
  5.589748123353592E-002   20.5129911364067     
  5.640577274571136E-002   20.5120523135710     
  5.691868629551083E-002   20.5110963818893     
  5.743626391242191E-002   20.5101230303699     
  5.795854800811812E-002   20.5091319423976     
  5.848558137993426E-002   20.5081227956329     
  5.901740721437332E-002   20.5070952619095     
  5.955406909064532E-002   20.5060490071306     
  6.009561098423826E-002   20.5049836911624     
  6.064207727052165E-002   20.5038989677267     
  6.119351272838270E-002   20.5027944842910     
  6.174996254389560E-002   20.5016698819567     
  6.231147231402426E-002   20.5005247953459     
  6.287808805035859E-002   20.4993588524857     
  6.344985618288480E-002   20.4981716746907     
  6.402682356379004E-002   20.4969628764431     
  6.460903747130158E-002   20.4957320652717     
  6.519654561356085E-002   20.4944788416277     
  6.578939613253292E-002   20.4932027987586     
  6.638763760795117E-002   20.4919035225808     
  6.699131906129822E-002   20.4905805915487     
  6.760048995982283E-002   20.4892335765224     
  6.821520022059331E-002   20.4878620406330     
  6.883550021458792E-002   20.4864655391453     
  6.946144077082241E-002   20.4850436193184     
  7.009307318051504E-002   20.4835958202636     
  7.073044920128954E-002   20.4821216728006     
  7.137362106141627E-002   20.4806206993103     
  7.202264146409193E-002   20.4790924135854     
  7.267756359175821E-002   20.4775363206790     
  7.333844111045970E-002   20.4759519167499     
  7.400532817424141E-002   20.4743386889057     
  7.467827942958628E-002   20.4726961150427     
  7.535735001989317E-002   20.4710236636839     
  7.604259558999528E-002   20.4693207938137     
  7.673407229071995E-002   20.4675869547097     
  7.743183678348979E-002   20.4658215857722     
  7.813594624496566E-002   20.4640241163501     
  7.884645837173186E-002   20.4621939655647     
  7.956343138502395E-002   20.4603305421296     
  8.028692403549956E-002   20.4584332441687     
  8.101699560805256E-002   20.4565014590298     
  8.175370592667104E-002   20.4545345630964     
  8.249711535933942E-002   20.4525319215954     
  8.324728482298518E-002   20.4504928884023     
  8.400427578847056E-002   20.4484168058422     
  8.476815028562962E-002   20.4463030044889     
  8.553897090835115E-002   20.4441508029590     
  8.631680081970773E-002   20.4419595077044     
  8.710170375713155E-002   20.4397284127996     
  8.789374403763722E-002   20.4374567997269     
  8.869298656309202E-002   20.4351439371571     
  8.949949682553411E-002   20.4327890807274     
  9.031334091253920E-002   20.4303914728149     
  9.113458551263597E-002   20.4279503423069     
  9.196329792077054E-002   20.4254649043675     
  9.279954604382096E-002   20.4229343601999     
  9.364339840616155E-002   20.4203578968056     
  9.449492415527810E-002   20.4177346867386     
  9.535419306743394E-002   20.4150638878572     
  9.622127555338748E-002   20.4123446430700     
  9.709624266416203E-002   20.4095760800794     
  9.797916609686783E-002   20.4067573111202     
  9.887011820057706E-002   20.4038874326940     
  9.976917198225239E-002   20.4009655252994     
  0.100676401112729        20.3979906531586     
  0.101591879932753        20.3949618639384     
  0.102515683459070        20.3918781884682     
  0.103447887390574        20.3887386404525     
  0.104388568114513        20.3855422161793     
  0.105337802712743        20.3822878942241     
  0.106295668968047        20.3789746351490     
  0.107262245370510        20.3756013811973     
  0.108237611123949        20.3721670559831     
  0.109221846152404        20.3686705641770     
  0.110215031106686        20.3651107911856     
  0.111217247370987        20.3614866028273     
  0.112228577069547        20.3577968450023     
  0.113249103073387        20.3540403433586     
  0.114278909007096        20.3502159029519     
  0.115318079255685        20.3463223079009     
  0.116366698971503        20.3423583210375     
  0.117424854081211        20.3383226835518     
  0.118492631292828        20.3342141146312     
  0.119570118102830        20.3300313110956     
  0.120657402803326        20.3257729470255     
  0.121754574489289        20.3214376733859     
  0.122861723065856        20.3170241176445     
  0.123978939255701        20.3125308833838     
  0.125106314606459        20.3079565499085     
  0.126243941498239        20.3032996718466     
  0.127391913151184        20.2985587787452     
  0.128550323633116        20.2937323746606     
  0.129719267867243        20.2888189377422     
  0.130898841639933        20.2838169198116     
  0.132089141608570        20.2787247459343     
  0.133290265309470        20.2735408139873     
  0.134502311165872        20.2682634942196     
  0.135725378496007        20.2628911288070     
  0.136959567521235        20.2574220314010     
  0.138204979374256        20.2518544866721     
  0.139461716107398        20.2461867498460     
  0.140729880700981        20.2404170462349     
  0.142009577071751        20.2345435707619     
  0.143300910081402        20.2285644874798     
  0.144603985545162        20.2224779290832     
  0.145918910240467        20.2162819964148     
  0.147245791915712        20.2099747579655     
  0.148584739299077        20.2035542493686     
  0.149935862107437        20.1970184728868     
  0.151299271055356        20.1903653968941     
  0.152675077864154        20.1835929553511     
  0.154063395271066        20.1766990472737     
  0.155464337038479        20.1696815361963     
  0.156878017963250        20.1625382496282     
  0.158304553886121        20.1552669785041     
  0.159744061701202        20.1478654766286     
  0.161196659365557        20.1403314601141     
  0.162662465908865        20.1326626068133     
  0.164141601443176        20.1248565557445     
  0.165634187172753        20.1169109065124     
  0.167140345404002        20.1088232187215     
  0.168660199555497        20.1005910113843     
  0.170193874168092        20.0922117623234     
  0.171741494915125        20.0836829075684     
  0.173303188612717        20.0750018407455     
  0.174879083230164        20.0661659124636     
  0.176469307900424        20.0571724296927     
  0.178073992930694        20.0480186551386     
  0.179693269813094        20.0387018066109     
  0.181327271235438        20.0292190563865     
  0.182976131092107        20.0195675305676     
  0.184639984495023        20.0097443084352     
  0.186318967784716        19.9997464217966     
  0.188013218541500        19.9895708543299     
  0.189722875596747        19.9792145409218     
  0.191448079044259        19.9686743670034     
  0.193188970251752        19.9579471678795     
  0.194945691872439        19.9470297280556     
  0.196718387856717        19.9359187805601     
  0.198507203463965        19.9246110062635     
  0.200312285274447        19.9131030331938     
  0.202133781201322        19.9013914358494     
  0.203971840502766        19.8894727345080     
  0.205826613794199        19.8773433945346     
  0.207698253060632        19.8649998256857     
  0.209586911669118        19.8524383814127     
  0.211492744381318        19.8396553581627     
  0.213415907366187        19.8266469946786     
  0.215356558212765        19.8134094712986     
  0.217314855943096        19.7999389092540     
  0.219290961025256        19.7862313699681     
  0.221285035386500        19.7722828543546     
  0.223297242426536        19.7580893021172     
  0.225327747030910        19.7436465910501     
  0.227376715584518        19.7289505363398     
  0.229444315985243        19.7139968898704     
  0.231530717657707        19.6987813395300     
  0.233636091567162        19.6832995085214     
  0.235760610233491        19.6675469546763     
  0.237904447745352        19.6515191697744     
  0.240067779774438        19.6352115788665     
  0.242250783589875        19.6186195396051     
  0.244453638072748        19.6017383415795     
  0.246676523730756        19.5845632056601     
  0.248919622713006        19.5670892833487     
  0.251183118824938        19.5493116561394     
  0.253467197543388        19.5312253348874     
  0.255772046031783        19.5128252591897     
  0.258097853155481        19.4941062967758     
  0.260444809497244        19.4750632429116     
  0.262813107372859        19.4556908198165     
  0.265202940846892        19.4359836760936     
  0.267614505748596        19.4159363861768     
  0.270047999687952        19.3955434497930     
  0.272503622071863        19.3747992914426     
  0.274981574120498        19.3536982598979     
  0.277482058883777        19.3322346277221     
  0.280005281258007        19.3104025908089     
  0.282551448002679        19.2881962679452     
  0.285120767757403        19.2656097003967     
  0.287713451059009        19.2426368515197     
  0.290329710358798        19.2192716063989     
  0.292969760039949        19.1955077715137     
  0.295633816435088        19.1713390744344     
  0.298322097844016        19.1467591635495     
  0.301034824551593        19.1217616078259     
  0.303772218845792        19.0963398966051     
  0.306534505035915        19.0704874394343     
  0.309321909470968        19.0441975659374     
  0.312134660558215        19.0174635257255     
  0.314972988781890        18.9902784883505     
  0.317837126722086        18.9626355433025     
  0.320727309073811        18.9345277000544     
  0.323643772666222        18.9059478881545     
  0.326586756482030        18.8768889573709     
  0.329556501677080        18.8473436778888     
  0.332553251600120        18.8173047405632     
  0.335577251812732        18.7867647572308     
  0.338628750109461        18.7557162610817     
  0.341707996538116        18.7241517070948     
  0.344815243420264        18.6920634725396     
  0.347950745371899        18.6594438575461     
  0.351114759324312        18.6262850857475     
  0.354307544545142        18.5925793049964     
  0.357529362659622        18.5583185881596     
  0.360780477672017        18.5234949339929     
  0.364061155987255        18.4881002681010     
  0.367371666432761        18.4521264439830     
  0.370712280280483        18.4155652441703     
  0.374083271269120        18.3784083814570     
  0.377484915626556        18.3406475002290     
  0.380917492092490        18.3022741778938     
  0.384381281941282        18.2632799264149     
  0.387876569004998        18.2236561939560     
  0.391403639696668        18.1833943666361     
  0.394962783033757        18.1424857704029     
  0.398554290661847        18.1009216730253     
  0.402178456878535        18.0586932862118     
  0.405835578657548        18.0157917678573     
  0.409525955673082        17.9722082244229     
  0.413249890324350        17.9279337134539     
  0.417007687760369        17.8829592462401     
  0.420799655904961        17.8372757906218     
  0.424626105481986        17.7908742739485     
  0.428487350040804        17.7437455861924     
  0.432383705981966        17.6958805832239     
  0.436315492583144        17.6472700902516     
  0.440283032025290        17.5979049054342     
  0.444286649419038        17.5477758036673     
  0.448326672831347        17.4968735405508     
  0.452403433312378        17.4451888565427     
  0.456517264922625        17.3927124813034     
  0.460668504760289        17.3394351382365     
  0.464857492988898        17.2853475492310     
  0.469084572865185        17.2304404396099     
  0.473350090767211        17.1747045432918     
  0.477654396222751        17.1181306081690     
  0.481997841937934        17.0607094017089     
  0.486380783826145        17.0024317167832     
  0.490803581037189        16.9432883777314     
  0.495266595986722        16.8832702466625     
  0.499770194385947        16.8223682300008     
  0.504314745271583        16.7605732852820     
  0.508900621036101        16.6978764282037     
  0.513528197458243        16.6342687399356     
  0.518197853733814        16.5697413746950     
  0.522909972506751        16.5042855675930     
  0.527664939900481        16.4378926427549     
  0.532463145549559        16.3705540217210     
  0.537304982631597        16.3022612321323     
  0.542190847899482        16.2330059167046     
  0.547121141713887        16.1627798424971     
  0.552096268076076        16.0915749104778     
  0.557116634661010        16.0193831653909     
  0.562182652850754        15.9461968059302     
  0.567294737768184        15.8720081952207     
  0.572453308311008        15.7968098716125     
  0.577658787186086        15.7205945597898     
  0.582911600944071        15.6433551821978     
  0.588212180014362        15.5650848707886     
  0.593560958740373        15.4857769790896     
  0.598958375415124        15.4054250945943     
  0.604404872317157        15.3240230514772     
  0.609900895746778        15.2415649436333     
  0.615446896062625        15.1580451380418     
  0.621043327718578        15.0734582884535     
  0.626690649300988        14.9877993494007     
  0.632389323566267        14.9010635905278     
  0.638139817478795        14.8132466112402     
  0.643942602249194        14.7243443556683     
  0.649798153372937        14.6343531279416     
  0.655706950669310        14.5432696077702     
  0.661669478320729        14.4510908663261     
  0.667686224912420        14.3578143824186     
  0.673757683472450        14.2634380589569     
  0.679884351512128        14.1679602396902     
  0.686066731066776        14.0713797262169     
  0.692305328736862        13.9736957952523     
  0.698600655729515        13.8749082161422     
  0.704953227900414        13.7750172686107     
  0.711363565796059        13.6740237607276     
  0.717832194696427        13.5719290470794     
  0.724359644658010        13.4687350471286     
  0.730946450557257        13.3644442637419     
  0.737593152134396        13.2590598018682     
  0.744300294037665        13.1525853873455     
  0.751068425867942        13.0450253858135     
  0.757898102223782        12.9363848217086     
  0.764789882746857        12.8266693973143     
  0.771744332167820        12.7158855118403     
  0.778762020352580        12.6040402805001     
  0.785843522348994        12.4911415535575     
  0.792989418433994        12.3771979353062     
  0.800200294161129        12.2622188029510     
  0.807476740408557        12.1462143253508     
  0.814819353427451        12.0291954815865     
  0.822228734890868        11.9111740793122     
  0.829705491943046        11.7921627728472     
  0.837250237249154        11.6721750809633     
  0.844863589045501        11.5512254043213     
  0.852546171190191        11.4293290425074     
  0.860298613214246        11.3065022106180     
  0.868121550373188        11.1827620553395     
  0.876015623699099        11.0581266704699     
  0.883981480053145        10.9326151118211     
  0.892019772178582        10.8062474114463     
  0.900131158754245        10.6790445911284     
  0.908316304448519        10.5510286750678     
  0.916575879973807        10.4222227017028     
  0.924910562141488        10.2926507345971     
  0.933321033917377        10.1623378723233     
  0.941807984477689        10.0313102572747     
  0.950372109265514        9.89959508333050     
  0.959014110047798        9.76722060230203     
  0.967734694972854        9.63421612908553     
  0.976534578628386        9.50061204544409     
  0.985414482100045        9.36643980234257     
  0.994375133030515        9.23173192075701     
   1.00341726567914        9.09652199088018     
   1.01254162098210        8.96084466964399     
   1.02174894661309        8.82473567647972     
   1.03103999704464        8.68823178723675     
   1.04041553360991        8.55137082618114     
   1.04987632456505        8.41419165599574     
   1.05942314515220        8.27673416570469     
   1.06905677766300        8.13903925644641     
   1.07877801150267        8.00114882502080     
   1.08858764325472        7.86310574513831     
   1.09848647674623        7.72495384630127     
   1.10847532311369        7.58673789025027     
   1.11855500086948        7.44850354491208     
   1.12872633596897        7.31029735578902     
   1.13899016187813        7.17216671473407     
   1.14934731964192        7.03415982606076     
   1.15979865795312        6.89632566994180     
   1.17034503322193        6.75871396305647     
   1.18098730964612        6.62137511645289     
   1.19172635928186        6.48436019059815     
   1.20256306211518        6.34772084759652     
   1.21349830613405        6.21150930056412     
   1.22453298740118        6.07577826015665     
   1.23566801012741        5.94058087825616     
   1.24690428674586        5.80597068883199     
   1.25824273798663        5.67200154600180     
   1.26968429295228        5.53872755932868     
   1.28122988919397        5.40620302640219     
   1.29288047278829        5.27448236276244     
   1.30463699841473        5.14362002923900     
   1.31650042943399        5.01367045678887     
   1.32847173796685        4.88468796893105     
   1.34055190497388        4.75672670188877     
   1.35274192033579        4.62984052256432     
   1.36504278293455        4.50408294448581     
   1.37745550073526        4.37950704187915     
   1.38998109086870        4.25616536203394     
   1.40262057971474        4.13410983614595     
   1.41537500298639        4.01339168883418     
   1.42824540581469        3.89406134654500     
   1.44123284283437        3.77616834507057     
   1.45433837827023        3.65976123642317     
   1.46756308602436        3.54488749532116     
   1.48090804976417        3.43159342555595     
   1.49437436301114        3.31992406652255     
   1.50796312923046        3.20992310020876     
   1.52167546192143        3.10163275894997     
   1.53551248470871        2.99509373426719     
   1.54947533143442        2.89034508711609     
   1.56356514625099        2.78742415988351     
   1.57778308371498        2.68636649047535     
   1.59213030888163        2.58720572884619     
   1.60660799740038        2.48997355632532     
   1.62121733561117        2.39469960809734     
   1.63595952064165        2.30141139919634     
   1.65083576050531        2.21013425437273     
   1.66584727420045        2.12089124218869     
   1.68099529181002        2.03370311369429     
   1.69628105460252        1.94858824602921     
   1.71170581513361        1.86556259128641     
   1.72727083734882        1.78463963096265     
   1.74297739668705        1.70583033630746     
   1.75882678018518        1.62914313486615     
   1.77482028658344        1.55458388349409     
   1.79095922643187        1.48215584809877     
   1.80724492219774        1.41185969034309     
   1.82367870837386        1.34369346151780     
   1.84026193158795        1.27765260376317     
   1.85699595071303        1.21372995878995     
   1.87388213697871        1.15191578421775     
   1.89092187408357        1.09219777761457     
   1.90811655830857        1.03456110828550     
   1.92546759863144       0.978988456820856     
   1.94297641684212       0.925460062375103     
   1.96064444765932       0.873953777607562     
   1.97847313884803       0.824445131174692     
   1.99646395133817       0.776907397621779     
