  1.215775037524561E-006   172.726224044091     
  1.226830421750313E-006   172.726224044077     
  1.237986335693001E-006   172.726224044062     
  1.249243693497602E-006   172.726224044046     
  1.260603417621676E-006   172.726224044031     
  1.272066438910944E-006   172.726224044015     
  1.283633696675570E-006   172.726224043999     
  1.295306138767131E-006   172.726224043982     
  1.307084721656284E-006   172.726224043966     
  1.318970410511143E-006   172.726224043949     
  1.330964179276365E-006   172.726224043931     
  1.343067010752962E-006   172.726224043914     
  1.355279896678832E-006   172.726224043896     
  1.367603837810021E-006   172.726224043878     
  1.380039844002736E-006   172.726224043859     
  1.392588934296086E-006   172.726224043840     
  1.405252136995594E-006   172.726224043821     
  1.418030489757448E-006   172.726224043801     
  1.430925039673541E-006   172.726224043781     
  1.443936843357265E-006   172.726224043761     
  1.457066967030092E-006   172.726224043740     
  1.470316486608951E-006   172.726224043719     
  1.483686487794382E-006   172.726224043697     
  1.497178066159505E-006   172.726224043675     
  1.510792327239798E-006   172.726224043653     
  1.524530386623681E-006   172.726224043630     
  1.538393370043933E-006   172.726224043607     
  1.552382413469940E-006   172.726224043584     
  1.566498663200774E-006   172.726224043560     
  1.580743275959129E-006   172.726224043535     
  1.595117418986103E-006   172.726224043510     
  1.609622270136845E-006   172.726224043485     
  1.624259017977073E-006   172.726224043459     
  1.639028861880466E-006   172.726224043433     
  1.653933012126946E-006   172.726224043406     
  1.668972690001851E-006   172.726224043379     
  1.684149127896008E-006   172.726224043351     
  1.699463569406722E-006   172.726224043323     
  1.714917269439678E-006   172.726224043294     
  1.730511494311769E-006   172.726224043265     
  1.746247521854867E-006   172.726224043235     
  1.762126641520526E-006   172.726224043205     
  1.778150154485646E-006   172.726224043174     
  1.794319373759094E-006   172.726224043142     
  1.810635624289298E-006   172.726224043110     
  1.827100243072811E-006   172.726224043078     
  1.843714579263874E-006   172.726224043045     
  1.860479994284967E-006   172.726224043011     
  1.877397861938365E-006   172.726224042976     
  1.894469568518716E-006   172.726224042941     
  1.911696512926634E-006   172.726224042905     
  1.929080106783329E-006   172.726224042869     
  1.946621774546280E-006   172.726224042832     
  1.964322953625958E-006   172.726224042794     
  1.982185094503613E-006   172.726224042756     
  2.000209660850127E-006   172.726224042717     
  2.018398129645952E-006   172.726224042677     
  2.036751991302144E-006   172.726224042636     
  2.055272749782477E-006   172.726224042595     
  2.073961922726699E-006   172.726224042553     
  2.092821041574877E-006   172.726224042510     
  2.111851651692896E-006   172.726224042467     
  2.131055312499086E-006   172.726224042422     
  2.150433597592007E-006   172.726224042377     
  2.169988094879394E-006   172.726224042331     
  2.189720406708272E-006   172.726224042284     
  2.209632149996258E-006   172.726224042236     
  2.229724956364056E-006   172.726224042188     
  2.250000472269157E-006   172.726224042138     
  2.270460359140750E-006   172.726224042088     
  2.291106293515870E-006   172.726224042037     
  2.311939967176771E-006   172.726224041984     
  2.332963087289563E-006   172.726224041931     
  2.354177376544093E-006   172.726224041877     
  2.375584573295115E-006   172.726224041822     
  2.397186431704728E-006   172.726224041766     
  2.418984721886122E-006   172.726224041708     
  2.440981230048625E-006   172.726224041650     
  2.463177758644066E-006   172.726224041591     
  2.485576126514476E-006   172.726224041530     
  2.508178169041131E-006   172.726224041469     
  2.530985738294940E-006   172.726224041406     
  2.554000703188216E-006   172.726224041343     
  2.577224949627819E-006   172.726224041278     
  2.600660380669686E-006   172.726224041211     
  2.624308916674781E-006   172.726224041144     
  2.648172495466446E-006   172.726224041076     
  2.672253072489201E-006   172.726224041006     
  2.696552620968965E-006   172.726224040935     
  2.721073132074761E-006   172.726224040862     
  2.745816615081871E-006   172.726224040789     
  2.770785097536482E-006   172.726224040714     
  2.795980625421825E-006   172.726224040637     
  2.821405263325837E-006   172.726224040559     
  2.847061094610328E-006   172.726224040480     
  2.872950221581709E-006   172.726224040399     
  2.899074765663249E-006   172.726224040317     
  2.925436867568917E-006   172.726224040234     
  2.952038687478797E-006   172.726224040148     
  2.978882405216097E-006   172.726224040062     
  3.005970220425769E-006   172.726224039973     
  3.033304352754756E-006   172.726224039883     
  3.060887042033876E-006   172.726224039792     
  3.088720548461358E-006   172.726224039698     
  3.116807152788046E-006   172.726224039603     
  3.145149156504296E-006   172.726224039507     
  3.173748882028561E-006   172.726224039408     
  3.202608672897700E-006   172.726224039308     
  3.231730893959008E-006   172.726224039206     
  3.261117931564005E-006   172.726224039102     
  3.290772193763975E-006   172.726224038996     
  3.320696110507288E-006   172.726224038888     
  3.350892133838518E-006   172.726224038779     
  3.381362738099372E-006   172.726224038667     
  3.412110420131440E-006   172.726224038553     
  3.443137699480794E-006   172.726224038437     
  3.474447118604449E-006   172.726224038319     
  3.506041243078693E-006   172.726224038199     
  3.537922661809324E-006   172.726224038077     
  3.570093987243787E-006   172.726224037952     
  3.602557855585245E-006   172.726224037825     
  3.635316927008598E-006   172.726224037696     
  3.668373885878466E-006   172.726224037564     
  3.701731440969149E-006   172.726224037430     
  3.735392325686595E-006   172.726224037294     
  3.769359298292378E-006   172.726224037155     
  3.803635142129723E-006   172.726224037014     
  3.838222665851578E-006   172.726224036870     
  3.873124703650757E-006   172.726224036723     
  3.908344115492190E-006   172.726224036574     
  3.943883787347273E-006   172.726224036422     
  3.979746631430350E-006   172.726224036267     
  4.015935586437346E-006   172.726224036109     
  4.052453617786579E-006   172.726224035949     
  4.089303717861747E-006   172.726224035785     
  4.126488906257133E-006   172.726224035619     
  4.164012230025044E-006   172.726224035449     
  4.201876763925485E-006   172.726224035276     
  4.240085610678122E-006   172.726224035101     
  4.278641901216521E-006   172.726224034922     
  4.317548794944710E-006   172.726224034740     
  4.356809479996062E-006   172.726224034554     
  4.396427173494547E-006   172.726224034365     
  4.436405121818345E-006   172.726224034173     
  4.476746600865867E-006   172.726224033977     
  4.517454916324189E-006   172.726224033777     
  4.558533403939929E-006   172.726224033574     
  4.599985429792585E-006   172.726224033367     
  4.641814390570366E-006   172.726224033157     
  4.684023713848518E-006   172.726224032942     
  4.726616858370195E-006   172.726224032724     
  4.769597314329873E-006   172.726224032501     
  4.812968603659350E-006   172.726224032275     
  4.856734280316338E-006   172.726224032044     
  4.900897930575686E-006   172.726224031809     
  4.945463173323248E-006   172.726224031570     
  4.990433660352426E-006   172.726224031327     
  5.035813076663405E-006   172.726224031079     
  5.081605140765114E-006   172.726224030827     
  5.127813604979927E-006   172.726224030569     
  5.174442255751142E-006   172.726224030308     
  5.221494913953250E-006   172.726224030041     
  5.268975435205028E-006   172.726224029770     
  5.316887710185476E-006   172.726224029493     
  5.365235664952637E-006   172.726224029212     
  5.414023261265301E-006   172.726224028926     
  5.463254496907642E-006   172.726224028634     
  5.512933406016814E-006   172.726224028337     
  5.563064059413512E-006   172.726224028034     
  5.613650564935550E-006   172.726224027726     
  5.664697067774460E-006   172.726224027412     
  5.716207750815174E-006   172.726224027093     
  5.768186834978766E-006   172.726224026768     
  5.820638579568341E-006   172.726224026436     
  5.873567282618032E-006   172.726224026099     
  5.926977281245215E-006   172.726224025756     
  5.980872952005890E-006   172.726224025406     
  6.035258711253311E-006   172.726224025050     
  6.090139015499875E-006   172.726224024687     
  6.145518361782295E-006   172.726224024318     
  6.201401288030110E-006   172.726224023942     
  6.257792373437524E-006   172.726224023559     
  6.314696238838641E-006   172.726224023170     
  6.372117547086107E-006   172.726224022773     
  6.430061003433205E-006   172.726224022368     
  6.488531355919403E-006   172.726224021957     
  6.547533395759427E-006   172.726224021538     
  6.607071957735868E-006   172.726224021111     
  6.667151920595352E-006   172.726224020677     
  6.727778207448322E-006   172.726224020234     
  6.788955786172447E-006   172.726224019783     
  6.850689669819703E-006   172.726224019325     
  6.912984917027163E-006   172.726224018857     
  6.975846632431499E-006   172.726224018382     
  7.039279967087289E-006   172.726224017897     
  7.103290118889093E-006   172.726224017404     
  7.167882332997389E-006   172.726224016902     
  7.233061902268377E-006   172.726224016390     
  7.298834167687678E-006   172.726224015870     
  7.365204518808008E-006   172.726224015339     
  7.432178394190792E-006   172.726224014799     
  7.499761281851830E-006   172.726224014249     
  7.567958719710984E-006   172.726224013690     
  7.636776296045988E-006   172.726224013119     
  7.706219649950349E-006   172.726224012539     
  7.776294471795441E-006   172.726224011948     
  7.847006503696785E-006   172.726224011346     
  7.918361539984566E-006   172.726224010733     
  7.990365427678453E-006   172.726224010109     
  8.063024066966700E-006   172.726224009473     
  8.136343411689639E-006   172.726224008826     
  8.210329469827537E-006   172.726224008167     
  8.284988303992923E-006   172.726224007496     
  8.360326031927360E-006   172.726224006813     
  8.436348827002760E-006   172.726224006117     
  8.513062918727238E-006   172.726224005408     
  8.590474593255582E-006   172.726224004687     
  8.668590193904344E-006   172.726224003952     
  8.747416121671649E-006   172.726224003204     
  8.826958835761685E-006   172.726224002443     
  8.907224854114010E-006   172.726224001667     
  8.988220753937634E-006   172.726224000877     
  9.069953172249977E-006   172.726224000073     
  9.152428806420727E-006   172.726223999254     
  9.235654414720636E-006   172.726223998420     
  9.319636816875310E-006   172.726223997571     
  9.404382894624042E-006   172.726223996707     
  9.489899592283712E-006   172.726223995826     
  9.576193917317826E-006   172.726223994930     
  9.663272940910726E-006   172.726223994017     
  9.751143798547024E-006   172.726223993087     
  9.839813690596293E-006   172.726223992141     
  9.929289882903098E-006   172.726223991177     
  1.001957970738237E-005   172.726223990196     
  1.011069056262019E-005   172.726223989196     
  1.020262991448010E-005   172.726223988179     
  1.029540529671478E-005   172.726223987143     
  1.038902431158350E-005   172.726223986087     
  1.048349463047497E-005   172.726223985013     
  1.057882399453602E-005   172.726223983919     
  1.067502021530589E-005   172.726223982805     
  1.077209117535634E-005   172.726223981671     
  1.087004482893758E-005   172.726223980516     
  1.096888920263005E-005   172.726223979339     
  1.106863239600215E-005   172.726223978142     
  1.116928258227392E-005   172.726223976922     
  1.127084800898679E-005   172.726223975680     
  1.137333699867941E-005   172.726223974416     
  1.147675794956962E-005   172.726223973128     
  1.158111933624259E-005   172.726223971817     
  1.168642971034531E-005   172.726223970482     
  1.179269770128726E-005   172.726223969122     
  1.189993201694761E-005   172.726223967738     
  1.200814144438869E-005   172.726223966328     
  1.211733485057607E-005   172.726223964893     
  1.222752118310513E-005   172.726223963431     
  1.233870947093426E-005   172.726223961943     
  1.245090882512470E-005   172.726223960428     
  1.256412843958712E-005   172.726223958884     
  1.267837759183501E-005   172.726223957313     
  1.279366564374492E-005   172.726223955713     
  1.291000204232356E-005   172.726223954084     
  1.302739632048191E-005   172.726223952424     
  1.314585809781641E-005   172.726223950735     
  1.326539708139719E-005   172.726223949015     
  1.338602306656351E-005   172.726223947263     
  1.350774593772639E-005   172.726223945479     
  1.363057566917857E-005   172.726223943663     
  1.375452232591186E-005   172.726223941814     
  1.387959606444186E-005   172.726223939930     
  1.400580713364022E-005   172.726223938013     
  1.413316587557445E-005   172.726223936060     
  1.426168272635542E-005   172.726223934072     
  1.439136821699245E-005   172.726223932047     
  1.452223297425633E-005   172.726223929985     
  1.465428772155003E-005   172.726223927886     
  1.478754327978746E-005   172.726223925748     
  1.492201056828012E-005   172.726223923572     
  1.505770060563190E-005   172.726223921355     
  1.519462451064195E-005   172.726223919098     
  1.533279350321579E-005   172.726223916800     
  1.547221890528467E-005   172.726223914460     
  1.561291214173337E-005   172.726223912077     
  1.575488474133635E-005   172.726223909650     
  1.589814833770247E-005   172.726223907179     
  1.604271467022824E-005   172.726223904663     
  1.618859558505982E-005   172.726223902101     
  1.633580303606371E-005   172.726223899493     
  1.648434908580628E-005   172.726223896836     
  1.663424590654220E-005   172.726223894131     
  1.678550578121186E-005   172.726223891377     
  1.693814110444791E-005   172.726223888572     
  1.709216438359087E-005   172.726223885716     
  1.724758823971400E-005   172.726223882808     
  1.740442540865757E-005   172.726223879847     
  1.756268874207238E-005   172.726223876831     
  1.772239120847294E-005   172.726223873761     
  1.788354589430009E-005   172.726223870634     
  1.804616600499336E-005   172.726223867451     
  1.821026486607307E-005   172.726223864209     
  1.837585592423220E-005   172.726223860908     
  1.854295274843834E-005   172.726223857547     
  1.871156903104549E-005   172.726223854124     
  1.888171858891607E-005   172.726223850639     
  1.905341536455314E-005   172.726223847090     
  1.922667342724283E-005   172.726223843476     
  1.940150697420726E-005   172.726223839796     
  1.957793033176788E-005   172.726223836049     
  1.975595795651941E-005   172.726223832234     
  1.993560443651446E-005   172.726223828348     
  2.011688449245888E-005   172.726223824392     
  2.029981297891806E-005   172.726223820364     
  2.048440488553410E-005   172.726223816262     
  2.067067533825417E-005   172.726223812085     
  2.085863960056990E-005   172.726223807831     
  2.104831307476815E-005   172.726223803500     
  2.123971130319311E-005   172.726223799090     
  2.143284996951986E-005   172.726223794600     
  2.162774490003957E-005   172.726223790027     
  2.182441206495631E-005   172.726223785371     
  2.202286757969570E-005   172.726223780629     
  2.222312770622546E-005   172.726223775801     
  2.242520885438798E-005   172.726223770885     
  2.262912758324492E-005   172.726223765879     
  2.283490060243416E-005   172.726223760782     
  2.304254477353902E-005   172.726223755591     
  2.325207711146994E-005   172.726223750306     
  2.346351478585873E-005   172.726223744924     
  2.367687512246545E-005   172.726223739443     
  2.389217560459821E-005   172.726223733863     
  2.410943387454574E-005   172.726223728181     
  2.432866773502306E-005   172.726223722395     
  2.454989515063029E-005   172.726223716503     
  2.477313424932471E-005   172.726223710503     
  2.499840332390619E-005   172.726223704394     
  2.522572083351621E-005   172.726223698173     
  2.545510540515038E-005   172.726223691839     
  2.568657583518483E-005   172.726223685389     
  2.592015109091644E-005   172.726223678821     
  2.615585031211701E-005   172.726223672133     
  2.639369281260170E-005   172.726223665323     
  2.663369808181163E-005   172.726223658388     
  2.687588578641086E-005   172.726223651327     
  2.712027577189795E-005   172.726223644137     
  2.736688806423221E-005   172.726223636815     
  2.761574287147457E-005   172.726223629360     
  2.786686058544356E-005   172.726223621769     
  2.812026178338625E-005   172.726223614038     
  2.837596722966443E-005   172.726223606167     
  2.863399787745601E-005   172.726223598152     
  2.889437487047208E-005   172.726223589990     
  2.915711954468944E-005   172.726223581679     
  2.942225343009892E-005   172.726223573216     
  2.968979825246959E-005   172.726223564599     
  2.995977593512907E-005   172.726223555825     
  3.023220860075995E-005   172.726223546890     
  3.050711857321260E-005   172.726223537791     
  3.078452837933444E-005   172.726223528527     
  3.106446075081582E-005   172.726223519093     
  3.134693862605278E-005   172.726223509487     
  3.163198515202662E-005   172.726223499706     
  3.191962368620065E-005   172.726223489745     
  3.220987779843418E-005   172.726223479603     
  3.250277127291385E-005   172.726223469276     
  3.279832811010261E-005   172.726223458760     
  3.309657252870638E-005   172.726223448051     
  3.339752896765854E-005   172.726223437147     
  3.370122208812262E-005   172.726223426044     
  3.400767677551299E-005   172.726223414738     
  3.431691814153412E-005   172.726223403226     
  3.462897152623827E-005   172.726223391503     
  3.494386250010190E-005   172.726223379566     
  3.526161686612102E-005   172.726223367411     
  3.558226066192552E-005   172.726223355034     
  3.590582016191280E-005   172.726223342430     
  3.623232187940073E-005   172.726223329597     
  3.656179256880021E-005   172.726223316529     
  3.689425922780758E-005   172.726223303222     
  3.722974909961676E-005   172.726223289672     
  3.756828967515173E-005   172.726223275875     
  3.790990869531917E-005   172.726223261825     
  3.825463415328160E-005   172.726223247519     
  3.860249429675125E-005   172.726223232952     
  3.895351763030475E-005   172.726223218118     
  3.930773291771884E-005   172.726223203014     
  3.966516918432738E-005   172.726223187633     
  4.002585571939975E-005   172.726223171971     
  4.038982207854088E-005   172.726223156024     
  4.075709808611315E-005   172.726223139785     
  4.112771383768023E-005   172.726223123249     
  4.150169970247322E-005   172.726223106411     
  4.187908632587916E-005   172.726223089266     
  4.225990463195226E-005   172.726223071807     
  4.264418582594776E-005   172.726223054029     
  4.303196139687917E-005   172.726223035927     
  4.342326312009836E-005   172.726223017494     
  4.381812305989947E-005   172.726222998724     
  4.421657357214622E-005   172.726222979611     
  4.461864730692338E-005   172.726222960149     
  4.502437721121202E-005   172.726222940332     
  4.543379653158946E-005   172.726222920152     
  4.584693881695344E-005   172.726222899604     
  4.626383792127128E-005   172.726222878680     
  4.668452800635395E-005   172.726222857374     
  4.710904354465535E-005   172.726222835679     
  4.753741932209709E-005   172.726222813588     
  4.796969044091900E-005   172.726222791093     
  4.840589232255539E-005   172.726222768187     
  4.884606071053764E-005   172.726222744862     
  4.929023167342313E-005   172.726222721111     
  4.973844160775074E-005   172.726222696927     
  5.019072724102335E-005   172.726222672300     
  5.064712563471734E-005   172.726222647224     
  5.110767418731948E-005   172.726222621690     
  5.157241063739154E-005   172.726222595689     
  5.204137306666261E-005   172.726222569213     
  5.251459990314965E-005   172.726222542253     
  5.299212992430642E-005   172.726222514801     
  5.347400226020093E-005   172.726222486847     
  5.396025639672192E-005   172.726222458383     
  5.445093217881440E-005   172.726222429399     
  5.494606981374467E-005   172.726222399885     
  5.544570987439503E-005   172.726222369832     
  5.594989330258837E-005   172.726222339229     
  5.645866141244312E-005   172.726222308068     
  5.697205589375860E-005   172.726222276338     
  5.749011881543115E-005   172.726222244027     
  5.801289262890149E-005   172.726222211127     
  5.854042017163315E-005   172.726222177625     
  5.907274467062279E-005   172.726222143512     
  5.960990974594233E-005   172.726222108775     
  6.015195941431323E-005   172.726222073403     
  6.069893809271341E-005   172.726222037385     
  6.125089060201679E-005   172.726222000710     
  6.180786217066619E-005   172.726221963364     
  6.236989843837927E-005   172.726221925336     
  6.293704545988859E-005   172.726221886613     
  6.350934970871526E-005   172.726221847183     
  6.408685808097723E-005   172.726221807032     
  6.466961789923196E-005   172.726221766148     
  6.525767691635434E-005   172.726221724517     
  6.585108331944947E-005   172.726221682126     
  6.644988573380143E-005   172.726221638959     
  6.705413322685762E-005   172.726221595005     
  6.766387531224957E-005   172.726221550247     
  6.827916195385015E-005   172.726221504672     
  6.890004356986783E-005   172.726221458264     
  6.952657103697793E-005   172.726221411008     
  7.015879569449178E-005   172.726221362889     
  7.079676934856344E-005   172.726221313890     
  7.144054427643494E-005   172.726221263997     
  7.209017323071993E-005   172.726221213192     
  7.274570944372642E-005   172.726221161459     
  7.340720663181872E-005   172.726221108781     
  7.407471899981926E-005   172.726221055140     
  7.474830124545004E-005   172.726221000520     
  7.542800856381487E-005   172.726220944901     
  7.611389665192219E-005   172.726220888266     
  7.680602171324893E-005   172.726220830597     
  7.750444046234606E-005   172.726220771874     
  7.820921012948598E-005   172.726220712079     
  7.892038846535194E-005   172.726220651191     
  7.963803374577039E-005   172.726220589190     
  8.036220477648639E-005   172.726220526057     
  8.109296089798202E-005   172.726220461770     
  8.183036199033911E-005   172.726220396309     
  8.257446847814592E-005   172.726220329652     
  8.332534133544848E-005   172.726220261778     
  8.408304209074692E-005   172.726220192663     
  8.484763283203734E-005   172.726220122285     
  8.561917621189949E-005   172.726220050622     
  8.639773545263061E-005   172.726219977650     
  8.718337435142599E-005   172.726219903344     
  8.797615728560690E-005   172.726219827681     
  8.877614921789557E-005   172.726219750636     
  8.958341570173859E-005   172.726219672183     
  9.039802288667844E-005   172.726219592297     
  9.122003752377400E-005   172.726219510951     
  9.204952697107028E-005   172.726219428119     
  9.288655919911796E-005   172.726219343774     
  9.373120279654303E-005   172.726219257888     
  9.458352697566714E-005   172.726219170433     
  9.544360157817901E-005   172.726219081381     
  9.631149708085756E-005   172.726218990701     
  9.718728460134677E-005   172.726218898364     
  9.807103590398340E-005   172.726218804341     
  9.896282340567751E-005   172.726218708600     
  9.986272018184645E-005   172.726218611110     
  1.007707999724029E-004   172.726218511839     
  1.016871371877974E-004   172.726218410754     
  1.026118069151154E-004   172.726218307822     
  1.035448849242306E-004   172.726218203010     
  1.044864476740132E-004   172.726218096284     
  1.054365723185956E-004   172.726217987607     
  1.063953367136943E-004   172.726217876945     
  1.073628194229899E-004   172.726217764261     
  1.083390997245644E-004   172.726217649518     
  1.093242576173978E-004   172.726217532680     
  1.103183738279234E-004   172.726217413706     
  1.113215298166424E-004   172.726217292559     
  1.123338077847995E-004   172.726217169199     
  1.133552906811184E-004   172.726217043585     
  1.143860622085987E-004   172.726216915677     
  1.154262068313750E-004   172.726216785431     
  1.164758097816382E-004   172.726216652806     
  1.175349570666190E-004   172.726216517758     
  1.186037354756366E-004   172.726216380243     
  1.196822325872095E-004   172.726216240216     
  1.207705367762324E-004   172.726216097630     
  1.218687372212178E-004   172.726215952439     
  1.229769239116034E-004   172.726215804596     
  1.240951876551263E-004   172.726215654052     
  1.252236200852637E-004   172.726215500758     
  1.263623136687419E-004   172.726215344663     
  1.275113617131132E-004   172.726215185716     
  1.286708583744015E-004   172.726215023865     
  1.298408986648180E-004   172.726214859058     
  1.310215784605467E-004   172.726214691240     
  1.322129945096006E-004   172.726214520355     
  1.334152444397497E-004   172.726214346349     
  1.346284267665207E-004   172.726214169164     
  1.358526409012696E-004   172.726213988742     
  1.370879871593279E-004   172.726213805023     
  1.383345667682227E-004   172.726213617948     
  1.395924818759712E-004   172.726213427456     
  1.408618355594515E-004   172.726213233483     
  1.421427318328487E-004   172.726213035967     
  1.434352756561779E-004   172.726212834842     
  1.447395729438854E-004   172.726212630043     
  1.460557305735272E-004   172.726212421502     
  1.473838563945269E-004   172.726212209151     
  1.487240592370134E-004   172.726211992921     
  1.500764489207386E-004   172.726211772740     
  1.514411362640759E-004   172.726211548537     
  1.528182330931018E-004   172.726211320238     
  1.542078522507584E-004   172.726211087768     
  1.556101076061006E-004   172.726210851051     
  1.570251140636266E-004   172.726210610010     
  1.584529875726934E-004   172.726210364564     
  1.598938451370181E-004   172.726210114635     
  1.613478048242657E-004   172.726209860139     
  1.628149857757236E-004   172.726209600994     
  1.642955082160641E-004   172.726209337115     
  1.657894934631968E-004   172.726209068415     
  1.672970639382087E-004   172.726208794806     
  1.688183431753964E-004   172.726208516198     
  1.703534558323884E-004   172.726208232501     
  1.719025277003603E-004   172.726207943620     
  1.734656857143421E-004   172.726207649462     
  1.750430579636197E-004   172.726207349930     
  1.766347737022308E-004   172.726207044925     
  1.782409633595568E-004   172.726206734348     
  1.798617585510096E-004   172.726206418098     
  1.814972920888173E-004   172.726206096069     
  1.831476979929071E-004   172.726205768158     
  1.848131115018867E-004   172.726205434255     
  1.864936690841269E-004   172.726205094253     
  1.881895084489433E-004   172.726204748039     
  1.899007685578814E-004   172.726204395500     
  1.916275896361030E-004   172.726204036520     
  1.933701131838766E-004   172.726203670982     
  1.951284819881726E-004   172.726203298766     
  1.969028401343633E-004   172.726202919750     
  1.986933330180300E-004   172.726202533809     
  2.005001073568766E-004   172.726202140818     
  2.023233112027527E-004   172.726201740647     
  2.041630939537847E-004   172.726201333165     
  2.060196063666181E-004   172.726200918238     
  2.078930005687714E-004   172.726200495732     
  2.097834300711011E-004   172.726200065506     
  2.116910497803809E-004   172.726199627421     
  2.136160160119957E-004   172.726199181332     
  2.155584865027499E-004   172.726198727093     
  2.175186204237932E-004   172.726198264556     
  2.194965783936631E-004   172.726197793569     
  2.214925224914468E-004   172.726197313976     
  2.235066162700622E-004   172.726196825623     
  2.255390247696596E-004   172.726196328347     
  2.275899145311462E-004   172.726195821986     
  2.296594536098321E-004   172.726195306375     
  2.317478115892019E-004   172.726194781344     
  2.338551595948103E-004   172.726194246721     
  2.359816703083049E-004   172.726193702330     
  2.381275179815760E-004   172.726193147995     
  2.402928784510353E-004   172.726192583531     
  2.424779291520245E-004   172.726192008756     
  2.446828491333547E-004   172.726191423480     
  2.469078190719783E-004   172.726190827511     
  2.491530212877937E-004   172.726190220654     
  2.514186397585858E-004   172.726189602711     
  2.537048601351011E-004   172.726188973478     
  2.560118697562602E-004   172.726188332750     
  2.583398576645096E-004   172.726187680315     
  2.606890146213119E-004   172.726187015962     
  2.630595331227770E-004   172.726186339471     
  2.654516074154362E-004   172.726185650621     
  2.678654335121592E-004   172.726184949187     
  2.703012092082159E-004   172.726184234938     
  2.727591340974838E-004   172.726183507640     
  2.752394095888041E-004   172.726182767054     
  2.777422389224850E-004   172.726182012939     
  2.802678271869560E-004   172.726181245047     
  2.828163813355733E-004   172.726180463126     
  2.853881102035782E-004   172.726179666920     
  2.879832245252096E-004   172.726178856168     
  2.906019369509720E-004   172.726178030603     
  2.932444620650607E-004   172.726177189957     
  2.959110164029456E-004   172.726176333952     
  2.986018184691143E-004   172.726175462309     
  3.013170887549774E-004   172.726174574742     
  3.040570497569354E-004   172.726173670960     
  3.068219259946117E-004   172.726172750666     
  3.096119440292494E-004   172.726171813559     
  3.124273324822766E-004   172.726170859332     
  3.152683220540408E-004   172.726169887671     
  3.181351455427121E-004   172.726168898260     
  3.210280378633601E-004   172.726167890772     
  3.239472360672031E-004   172.726166864878     
  3.268929793610327E-004   172.726165820243     
  3.298655091268153E-004   172.726164756522     
  3.328650689414711E-004   172.726163673368     
  3.358919045968340E-004   172.726162570426     
  3.389462641197920E-004   172.726161447333     
  3.420283977926113E-004   172.726160303723     
  3.451385581734453E-004   172.726159139220     
  3.482770001170293E-004   172.726157953442     
  3.514439807955649E-004   172.726156746001     
  3.546397597197925E-004   172.726155516501     
  3.578645987602564E-004   172.726154264539     
  3.611187621687640E-004   172.726152989704     
  3.644025166000382E-004   172.726151691579     
  3.677161311335683E-004   172.726150369739     
  3.710598772956593E-004   172.726149023749     
  3.744340290816809E-004   172.726147653169     
  3.778388629785201E-004   172.726146257550     
  3.812746579872366E-004   172.726144836434     
  3.847416956459252E-004   172.726143389355     
  3.882402600527859E-004   172.726141915839     
  3.917706378894034E-004   172.726140415403     
  3.953331184442387E-004   172.726138887556     
  3.989279936363341E-004   172.726137331795     
  4.025555580392338E-004   172.726135747612     
  4.062161089051221E-004   172.726134134488     
  4.099099461891809E-004   172.726132491892     
  4.136373725741689E-004   172.726130819288     
  4.173986934952244E-004   172.726129116127     
  4.211942171648931E-004   172.726127381850     
  4.250242545983840E-004   172.726125615889     
  4.288891196390549E-004   172.726123817665     
  4.327891289841297E-004   172.726121986589     
  4.367246022106489E-004   172.726120122061     
  4.406958618016569E-004   172.726118223470     
  4.447032331726273E-004   172.726116290192     
  4.487470446981279E-004   172.726114321595     
  4.528276277387288E-004   172.726112317033     
  4.569453166681551E-004   172.726110275850     
  4.611004489006858E-004   172.726108197375     
  4.652933649188031E-004   172.726106080929     
  4.695244083010922E-004   172.726103925816     
  4.737939257503948E-004   172.726101731331     
  4.781022671222190E-004   172.726099496755     
  4.824497854534075E-004   172.726097221355     
  4.868368369910662E-004   172.726094904385     
  4.912637812217563E-004   172.726092545085     
  4.957309809009507E-004   172.726090142683     
  5.002388020827607E-004   172.726087696391     
  5.047876141499301E-004   172.726085205407     
  5.093777898441038E-004   172.726082668915     
  5.140097052963713E-004   172.726080086083     
  5.186837400580879E-004   172.726077456065     
  5.234002771319760E-004   172.726074777998     
  5.281597030035097E-004   172.726072051005     
  5.329624076725841E-004   172.726069274191     
  5.378087846854723E-004   172.726066446648     
  5.426992311670754E-004   172.726063567448     
  5.476341478534621E-004   172.726060635646     
  5.526139391247072E-004   172.726057650283     
  5.576390130380271E-004   172.726054610380     
  5.627097813612172E-004   172.726051514940     
  5.678266596063931E-004   172.726048362949     
  5.729900670640391E-004   172.726045153373     
  5.782004268373657E-004   172.726041885161     
  5.834581658769797E-004   172.726038557241     
  5.887637150158699E-004   172.726035168522     
  5.941175090047109E-004   172.726031717895     
  5.995199865474868E-004   172.726028204227     
  6.049715903374407E-004   172.726024626366     
  6.104727670933500E-004   172.726020983142     
  6.160239675961312E-004   172.726017273358     
  6.216256467257786E-004   172.726013495799     
  6.272782634986383E-004   172.726009649228     
  6.329822811050205E-004   172.726005732382     
  6.387381669471559E-004   172.726001743979     
  6.445463926774944E-004   172.725997682710     
  6.504074342373549E-004   172.725993547246     
  6.563217718959240E-004   172.725989336230     
  6.622898902896112E-004   172.725985048281     
  6.683122784617611E-004   172.725980681995     
  6.743894299027270E-004   172.725976235941     
  6.805218425903086E-004   172.725971708661     
  6.867100190305580E-004   172.725967098670     
  6.929544662989560E-004   172.725962404459     
  6.992556960819628E-004   172.725957624488     
  7.056142247189482E-004   172.725952757191     
  7.120305732445008E-004   172.725947800972     
  7.185052674311232E-004   172.725942754207     
  7.250388378323147E-004   172.725937615241     
  7.316318198260474E-004   172.725932382391     
  7.382847536586357E-004   172.725927053940     
  7.449981844890053E-004   172.725921628143     
  7.517726624333656E-004   172.725916103221     
  7.586087426102871E-004   172.725910477363     
  7.655069851861897E-004   172.725904748724     
  7.724679554212442E-004   172.725898915428     
  7.794922237156906E-004   172.725892975562     
  7.865803656565791E-004   172.725886927180     
  7.937329620649345E-004   172.725880768298     
  8.009505990433503E-004   172.725874496899     
  8.082338680240165E-004   172.725868110926     
  8.155833658171812E-004   172.725861608286     
  8.229996946600566E-004   172.725854986848     
  8.304834622661668E-004   172.725848244442     
  8.380352818751463E-004   172.725841378857     
  8.456557723029893E-004   172.725834387843     
  8.533455579927584E-004   172.725827269110     
  8.611052690657523E-004   172.725820020322     
  8.689355413731400E-004   172.725812639105     
  8.768370165480636E-004   172.725805123039     
  8.848103420582162E-004   172.725797469660     
  8.928561712588962E-004   172.725789676461     
  9.009751634465457E-004   172.725781740886     
  9.091679839127747E-004   172.725773660334     
  9.174353039988768E-004   172.725765432157     
  9.257778011508408E-004   172.725757053657     
  9.341961589748620E-004   172.725748522089     
  9.426910672933596E-004   172.725739834657     
  9.512632222015017E-004   172.725730988512     
  9.599133261242453E-004   172.725721980755     
  9.686420878738951E-004   172.725712808433     
  9.774502227081854E-004   172.725703468541     
  9.863384523888907E-004   172.725693958016     
  9.953075052409673E-004   172.725684273741     
  1.004358116212235E-003   172.725674412543     
  1.013491026933603E-003   172.725664371189     
  1.022706985779836E-003   172.725654146387     
  1.032006747930882E-003   172.725643734786     
  1.041391075433752E-003   172.725633132974     
  1.050860737264966E-003   172.725622337476     
  1.060416509393564E-003   172.725611344752     
  1.070059174844687E-003   172.725600151201     
  1.079789523763749E-003   172.725588753152     
  1.089608353481175E-003   172.725577146870     
  1.099516468577740E-003   172.725565328551     
  1.109514680950499E-003   172.725553294322     
  1.119603809879314E-003   172.725541040236     
  1.129784682093992E-003   172.725528562279     
  1.140058131842022E-003   172.725515856359     
  1.150425000956944E-003   172.725502918313     
  1.160886138927326E-003   172.725489743900     
  1.171442402966373E-003   172.725476328801     
  1.182094658082173E-003   172.725462668619     
  1.192843777148572E-003   172.725448758877     
  1.203690640976707E-003   172.725434595016     
  1.214636138387178E-003   172.725420172393     
  1.225681166282878E-003   172.725405486281     
  1.236826629722492E-003   172.725390531865     
  1.248073441994658E-003   172.725375304245     
  1.259422524692804E-003   172.725359798430     
  1.270874807790667E-003   172.725344009336     
  1.282431229718495E-003   172.725327931788     
  1.294092737439948E-003   172.725311560518     
  1.305860286529691E-003   172.725294890158     
  1.317734841251699E-003   172.725277915245     
  1.329717374638271E-003   172.725260630215     
  1.341808868569760E-003   172.725243029402     
  1.354010313855036E-003   172.725225107037     
  1.366322710312672E-003   172.725206857246     
  1.378747066852870E-003   172.725188274048     
  1.391284401560139E-003   172.725169351350     
  1.403935741776714E-003   172.725150082950     
  1.416702124186745E-003   172.725130462534     
  1.429584594901240E-003   172.725110483670     
  1.442584209543789E-003   172.725090139809     
  1.455702033337064E-003   172.725069424284     
  1.468939141190107E-003   172.725048330305     
  1.482296617786410E-003   172.725026850956     
  1.495775557672796E-003   172.725004979199     
  1.509377065349111E-003   172.724982707865     
  1.523102255358726E-003   172.724960029652     
  1.536952252379874E-003   172.724936937129     
  1.550928191317798E-003   172.724913422726     
  1.565031217397754E-003   172.724889478736     
  1.579262486258857E-003   172.724865097311     
  1.593623164048769E-003   172.724840270459     
  1.608114427519263E-003   172.724814990042     
  1.622737464122647E-003   172.724789247775     
  1.637493472109064E-003   172.724763035221     
  1.652383660624685E-003   172.724736343787     
  1.667409249810786E-003   172.724709164724     
  1.682571470903732E-003   172.724681489125     
  1.697871566335864E-003   172.724653307918     
  1.713310789837312E-003   172.724624611867     
  1.728890406538725E-003   172.724595391565     
  1.744611693074942E-003   172.724565637435     
  1.760475937689599E-003   172.724535339725     
  1.776484440340697E-003   172.724504488504     
  1.792638512807117E-003   172.724473073660     
  1.808939478796118E-003   172.724441084897     
  1.825388674051798E-003   172.724408511729     
  1.841987446464553E-003   172.724375343480     
  1.858737156181526E-003   172.724341569278     
  1.875639175718059E-003   172.724307178054     
  1.892694890070162E-003   172.724272158536     
  1.909905696828005E-003   172.724236499245     
  1.927273006290435E-003   172.724200188492     
  1.944798241580546E-003   172.724163214378     
  1.962482838762289E-003   172.724125564782     
  1.980328246958149E-003   172.724087227365     
  1.998335928467888E-003   172.724048189562     
  2.016507358888371E-003   172.724008438576     
  2.034844027234481E-003   172.723967961378     
  2.053347436061133E-003   172.723926744703     
  2.072019101586393E-003   172.723884775040     
  2.090860553815727E-003   172.723842038634     
  2.109873336667370E-003   172.723798521477     
  2.129059008098839E-003   172.723754209305     
  2.148419140234597E-003   172.723709087595     
  2.167955319494877E-003   172.723663141557     
  2.187669146725678E-003   172.723616356133     
  2.207562237329941E-003   172.723568715987     
  2.227636221399918E-003   172.723520205505     
  2.247892743850751E-003   172.723470808787     
  2.268333464555258E-003   172.723420509643     
  2.288960058479945E-003   172.723369291587     
  2.309774215822261E-003   172.723317137831     
  2.330777642149095E-003   172.723264031282     
  2.351972058536535E-003   172.723209954532     
  2.373359201710899E-003   172.723154889859     
  2.394940824191044E-003   172.723098819214     
  2.416718694431974E-003   172.723041724219     
  2.438694596969753E-003   172.722983586162     
  2.460870332567731E-003   172.722924385985     
  2.483247718364107E-003   172.722864104288     
  2.505828588020829E-003   172.722802721311     
  2.528614791873847E-003   172.722740216935     
  2.551608197084736E-003   172.722676570676     
  2.574810687793698E-003   172.722611761671     
  2.598224165273950E-003   172.722545768680     
  2.621850548087519E-003   172.722478570072     
  2.645691772242462E-003   172.722410143824     
  2.669749791351496E-003   172.722340467508     
  2.694026576792089E-003   172.722269518288     
  2.718524117868000E-003   172.722197272908     
  2.743244421972284E-003   172.722123707692     
  2.768189514751789E-003   172.722048798526     
  2.793361440273135E-003   172.721972520861     
  2.818762261190217E-003   172.721894849694     
  2.844394058913222E-003   172.721815759571     
  2.870258933779184E-003   172.721735224568     
  2.896359005224093E-003   172.721653218290     
  2.922696411956564E-003   172.721569713859     
  2.949273312133095E-003   172.721484683908     
  2.976091883534903E-003   172.721398100566     
  3.003154323746385E-003   172.721309935458     
  3.030462850335191E-003   172.721220159685     
  3.058019701033935E-003   172.721128743826     
  3.085827133923564E-003   172.721035657918     
  3.113887427618390E-003   172.720940871453     
  3.142202881452805E-003   172.720844353364     
  3.170775815669696E-003   172.720746072019     
  3.199608571610569E-003   172.720645995205     
  3.228703511907409E-003   172.720544090124     
  3.258063020676277E-003   172.720440323376     
  3.287689503712670E-003   172.720334660953     
  3.317585388688662E-003   172.720227068223     
  3.347753125351831E-003   172.720117509926     
  3.378195185725997E-003   172.720005950153     
  3.408914064313792E-003   172.719892352342     
  3.439912278301056E-003   172.719776679262     
  3.471192367763110E-003   172.719658893003     
  3.502756895872896E-003   172.719538954961     
  3.534608449111006E-003   172.719416825828     
  3.566749637477627E-003   172.719292465577     
  3.599183094706413E-003   172.719165833452     
  3.631911478480297E-003   172.719036887949     
  3.664937470649270E-003   172.718905586810     
  3.698263777450142E-003   172.718771887001     
  3.731893129728291E-003   172.718635744705     
  3.765828283161444E-003   172.718497115304     
  3.800072018485474E-003   172.718355953364     
  3.834627141722275E-003   172.718212212621     
  3.869496484409682E-003   172.718065845968     
  3.904682903833499E-003   172.717916805435     
  3.940189283261637E-003   172.717765042178     
  3.976018532180371E-003   172.717610506460     
  4.012173586532749E-003   172.717453147634     
  4.048657408959181E-003   172.717292914130     
  4.085472989040193E-003   172.717129753436     
  4.122623343541415E-003   172.716963612079     
  4.160111516660766E-003   172.716794435611     
  4.197940580277918E-003   172.716622168588     
  4.236113634206008E-003   172.716446754557     
  4.274633806445644E-003   172.716268136028     
  4.313504253441223E-003   172.716086254466     
  4.352728160339579E-003   172.715901050264     
  4.392308741250983E-003   172.715712462727     
  4.432249239512513E-003   172.715520430053     
  4.472552927953821E-003   172.715324889309     
  4.513223109165322E-003   172.715125776414     
  4.554263115768812E-003   172.714923026115     
  4.595676310690557E-003   172.714716571968     
  4.637466087436854E-003   172.714506346318     
  4.679635870372108E-003   172.714292280269     
  4.722189114999433E-003   172.714074303671     
  4.765129308243801E-003   172.713852345092     
  4.808459968737778E-003   172.713626331794     
  4.852184647109842E-003   172.713396189712     
  4.896306926275335E-003   172.713161843426     
  4.940830421730054E-003   172.712923216142     
  4.985758781846518E-003   172.712680229661     
  5.031095688172923E-003   172.712432804356     
  5.076844855734817E-003   172.712180859147     
  5.123010033339516E-003   172.711924311471     
  5.169595003883303E-003   172.711663077260     
  5.216603584661395E-003   172.711397070909     
  5.264039627680746E-003   172.711126205249     
  5.311907019975697E-003   172.710850391520     
  5.360209683926482E-003   172.710569539341     
  5.408951577580644E-003   172.710283556681     
  5.458136694977360E-003   172.709992349827     
  5.507769066474735E-003   172.709695823354     
  5.557852759080046E-003   172.709393880098     
  5.608391876783017E-003   172.709086421116     
  5.659390560892100E-003   172.708773345660     
  5.710852990373834E-003   172.708454551144     
  5.762783382195268E-003   172.708129933106     
  5.815185991669524E-003   172.707799385177     
  5.868065112804482E-003   172.707462799046     
  5.921425078654642E-003   172.707120064424     
  5.975270261676185E-003   172.706771069008     
  6.029605074085267E-003   172.706415698444     
  6.084433968219566E-003   172.706053836291     
  6.139761436903121E-003   172.705685363979     
  6.195592013814475E-003   172.705310160775     
  6.251930273858195E-003   172.704928103743     
  6.308780833539735E-003   172.704539067697     
  6.366148351343730E-003   172.704142925170     
  6.424037528115731E-003   172.703739546365     
  6.482453107447394E-003   172.703328799117     
  6.541399876065192E-003   172.702910548844     
  6.600882664222641E-003   172.702484658511     
  6.660906346096118E-003   172.702050988578     
  6.721475840184253E-003   172.701609396959     
  6.782596109710964E-003   172.701159738970     
  6.844272163032162E-003   172.700701867291     
  6.906509054046150E-003   172.700235631908     
  6.969311882607742E-003   172.699760880068     
  7.032685794946169E-003   172.699277456232     
  7.096635984086773E-003   172.698785202019     
  7.161167690276533E-003   172.698283956156     
  7.226286201413467E-003   172.697773554426     
  7.291996853479941E-003   172.697253829616     
  7.358305030979899E-003   172.696724611457     
  7.425216167380103E-003   172.696185726573     
  7.492735745555352E-003   172.695636998423     
  7.560869298237766E-003   172.695078247243     
  7.629622408470155E-003   172.694509289985     
  7.699000710063507E-003   172.693929940264     
  7.769009888058637E-003   172.693340008288     
  7.839655679192033E-003   172.692739300803     
  7.910943872365945E-003   172.692127621025     
  7.982880309122732E-003   172.691504768579     
  8.055470884123546E-003   172.690870539433     
  8.128721545631349E-003   172.690224725829     
  8.202638295998326E-003   172.689567116218     
  8.277227192157744E-003   172.688897495189     
  8.352494346120265E-003   172.688215643398     
  8.428445925474778E-003   172.687521337498     
  8.505088153893798E-003   172.686814350066     
  8.582427311643442E-003   172.686094449528     
  8.660469736098049E-003   172.685361400082     
  8.739221822259492E-003   172.684614961622     
  8.818690023281185E-003   172.683854889663     
  8.898880850996885E-003   172.683080935253     
  8.979800876454287E-003   172.682292844900     
  9.061456730453466E-003   172.681490360485     
  9.143855104090224E-003   172.680673219177     
  9.227002749304384E-003   172.679841153349     
  9.310906479433053E-003   172.678993890491     
  9.395573169768927E-003   172.678131153118     
  9.481009758123675E-003   172.677252658684     
  9.567223245396437E-003   172.676358119483     
  9.654220696147495E-003   172.675447242563     
  9.742009239177164E-003   172.674519729625     
  9.830596068109944E-003   172.673575276924     
  9.919988441983987E-003   172.672613575178     
  1.001019368584592E-002   172.671634309456     
  1.010121919135108E-002   172.670637159086     
  1.019307241736920E-002   172.669621797542     
  1.028576089059561E-002   172.668587892341     
  1.037929220616801E-002   172.667535104934     
  1.047367402828880E-002   172.666463090596     
  1.056891409085315E-002   172.665371498313     
  1.066502019808271E-002   172.664259970666     
  1.076200022516509E-002   172.663128143717     
  1.085986211889921E-002   172.661975646889     
  1.095861389834648E-002   172.660802102845     
  1.105826365548788E-002   172.659607127362     
  1.115881955588703E-002   172.658390329214     
  1.126028983935933E-002   172.657151310033     
  1.136268282064715E-002   172.655889664189     
  1.146600689010114E-002   172.654604978653     
  1.157027051436776E-002   172.653296832860     
  1.167548223708306E-002   172.651964798579     
  1.178165067957281E-002   172.650608439765     
  1.188878454155889E-002   172.649227312424     
  1.199689260187220E-002   172.647820964464     
  1.210598371917202E-002   172.646388935547     
  1.221606683267191E-002   172.644930756945     
  1.232715096287221E-002   172.643445951378     
  1.243924521229922E-002   172.641934032866     
  1.255235876625104E-002   172.640394506569     
  1.266650089355031E-002   172.638826868621     
  1.278168094730364E-002   172.637230605974     
  1.289790836566809E-002   172.635605196224     
  1.301519267262452E-002   172.633950107442     
  1.313354347875806E-002   172.632264798005     
  1.325297048204555E-002   172.630548716416     
  1.337348346865028E-002   172.628801301122     
  1.349509231372389E-002   172.627021980339     
  1.361780698221551E-002   172.625210171858     
  1.374163752968839E-002   172.623365282858     
  1.386659410314382E-002   172.621486709717     
  1.399268694185265E-002   172.619573837808     
  1.411992637819428E-002   172.617626041308     
  1.424832283850335E-002   172.615642682985     
  1.437788684392407E-002   172.613623113998     
  1.450862901127241E-002   172.611566673683     
  1.464056005390601E-002   172.609472689338     
  1.477369078260208E-002   172.607340476006     
  1.490803210644327E-002   172.605169336249     
  1.504359503371159E-002   172.602958559925     
  1.518039067279045E-002   172.600707423955     
  1.531843023307492E-002   172.598415192088     
  1.545772502589024E-002   172.596081114665     
  1.559828646541872E-002   172.593704428371     
  1.574012606963504E-002   172.591284355987     
  1.588325546125004E-002   172.588820106144     
  1.602768636866317E-002   172.586310873059     
  1.617343062692348E-002   172.583755836275     
  1.632050017869948E-002   172.581154160400     
  1.646890707525771E-002   172.578504994826     
  1.661866347745026E-002   172.575807473464     
  1.676978165671126E-002   172.573060714455     
  1.692227399606246E-002   172.570263819888     
  1.707615299112791E-002   172.567415875506     
  1.723143125115785E-002   172.564515950412     
  1.738812150006201E-002   172.561563096768     
  1.754623657745219E-002   172.558556349485     
  1.770578943969441E-002   172.555494725912     
  1.786679316097054E-002   172.552377225516     
  1.802926093434970E-002   172.549202829562     
  1.819320607286926E-002   172.545970500778     
  1.835864201062579E-002   172.542679183024     
  1.852558230387590E-002   172.539327800945     
  1.869404063214701E-002   172.535915259629     
  1.886403079935839E-002   172.532440444248     
  1.903556673495216E-002   172.528902219699     
  1.920866249503483E-002   172.525299430240     
  1.938333226352900E-002   172.521630899110     
  1.955959035333569E-002   172.517895428154     
  1.973745120750714E-002   172.514091797435     
  1.991692940043033E-002   172.510218764838     
  2.009803963902124E-002   172.506275065671     
  2.028079676392996E-002   172.502259412256     
  2.046521575075680E-002   172.498170493512     
  2.065131171127940E-002   172.494006974536     
  2.083909989469105E-002   172.489767496167     
  2.102859568885025E-002   172.485450674553     
  2.121981462154160E-002   172.481055100700     
  2.141277236174824E-002   172.476579340022     
  2.160748472093576E-002   172.472021931878     
  2.180396765434785E-002   172.467381389100     
  2.200223726231372E-002   172.462656197514     
  2.220230979156742E-002   172.457844815457     
  2.240420163657908E-002   172.452945673275     
  2.260792934089840E-002   172.447957172822     
  2.281350959851020E-002   172.442877686946     
  2.302095925520240E-002   172.437705558965     
  2.323029530994642E-002   172.432439102135     
  2.344153491629009E-002   172.427076599108     
  2.365469538376328E-002   172.421616301383     
  2.386979417929630E-002   172.416056428740     
  2.408684892865113E-002   172.410395168675     
  2.430587741786577E-002   172.404630675814     
  2.452689759471170E-002   172.398761071325     
  2.474992757016449E-002   172.392784442313     
  2.497498561988792E-002   172.386698841210     
  2.520209018573152E-002   172.380502285150     
  2.543125987724174E-002   172.374192755335     
  2.566251347318686E-002   172.367768196390     
  2.589586992309579E-002   172.361226515703     
  2.613134834881083E-002   172.354565582762     
  2.636896804605457E-002   172.347783228469     
  2.660874848601103E-002   172.340877244450     
  2.685070931692118E-002   172.333845382352     
  2.709487036569296E-002   172.326685353123     
  2.734125163952598E-002   172.319394826282     
  2.758987332755092E-002   172.311971429181     
  2.784075580248391E-002   172.304412746244     
  2.809391962229592E-002   172.296716318204     
  2.834938553189732E-002   172.288879641314     
  2.860717446483778E-002   172.280900166557     
  2.886730754502164E-002   172.272775298835     
  2.912980608843883E-002   172.264502396142     
  2.939469160491156E-002   172.256078768729     
  2.966198579985693E-002   172.247501678248     
  2.993171057606546E-002   172.238768336887     
  3.020388803549592E-002   172.229875906485     
  3.047854048108643E-002   172.220821497635     
  3.075569041858196E-002   172.211602168768     
  3.103536055837857E-002   172.202214925226     
  3.131757381738431E-002   172.192656718312     
  3.160235332089715E-002   172.182924444331     
  3.188972240449987E-002   172.173014943610     
  3.217970461597228E-002   172.162924999502     
  3.247232371722078E-002   172.152651337369     
  3.276760368622544E-002   172.142190623558     
  3.306556871900485E-002   172.131539464347     
  3.336624323159882E-002   172.120694404881     
  3.366965186206906E-002   172.109651928085     
  3.397581947251811E-002   172.098408453562     
  3.428477115112658E-002   172.086960336469     
  3.459653221420897E-002   172.075303866378     
  3.491112820828816E-002   172.063435266108     
  3.522858491218871E-002   172.051350690553     
  3.554892833914933E-002   172.039046225473     
  3.587218473895438E-002   172.026517886273     
  3.619838060008489E-002   172.013761616765     
  3.652754265188913E-002   172.000773287898     
  3.685969786677282E-002   171.987548696476     
  3.719487346240934E-002   171.974083563849     
  3.753309690397007E-002   171.960373534586     
  3.787439590637486E-002   171.946414175119     
  3.821879843656317E-002   171.932200972373     
  3.856633271578565E-002   171.917729332364     
  3.891702722191677E-002   171.902994578779     
  3.927091069178827E-002   171.887991951532     
  3.962801212354403E-002   171.872716605292     
  3.998836077901616E-002   171.857163607989     
  4.035198618612285E-002   171.841327939296     
  4.071891814128797E-002   171.825204489083     
  4.108918671188264E-002   171.808788055850     
  4.146282223868903E-002   171.792073345123     
  4.183985533838658E-002   171.775054967839     
  4.222031690606078E-002   171.757727438691     
  4.260423811773486E-002   171.740085174454     
  4.299165043292436E-002   171.722122492276     
  4.338258559721508E-002   171.703833607949     
  4.377707564486430E-002   171.685212634145     
  4.417515290142586E-002   171.666253578629     
  4.457684998639892E-002   171.646950342432     
  4.498219981590090E-002   171.627296718012     
  4.539123560536480E-002   171.607286387364     
  4.580399087226081E-002   171.586912920118     
  4.622049943884295E-002   171.566169771593     
  4.664079543492047E-002   171.545050280828     
  4.706491330065461E-002   171.523547668574     
  4.749288778938066E-002   171.501655035262     
  4.792475397045575E-002   171.479365358931     
  4.836054723213253E-002   171.456671493124     
  4.880030328445900E-002   171.433566164757     
  4.924405816220466E-002   171.410041971947     
  4.969184822781329E-002   171.386091381807     
  5.014371017438263E-002   171.361706728207     
  5.059968102867101E-002   171.336880209501     
  5.105979815413154E-002   171.311603886216     
  5.152409925397369E-002   171.285869678708     
  5.199262237425282E-002   171.259669364774     
  5.246540590698776E-002   171.232994577238     
  5.294248859330676E-002   171.205836801491     
  5.342390952662206E-002   171.178187372995     
  5.390970815583328E-002   171.150037474748     
  5.439992428855994E-002   171.121378134718     
  5.489459809440350E-002   171.092200223222     
  5.539377010823885E-002   171.062494450281     
  5.589748123353592E-002   171.032251362926     
  5.640577274571136E-002   171.001461342466     
  5.691868629551083E-002   170.970114601713     
  5.743626391242191E-002   170.938201182172     
  5.795854800811812E-002   170.905710951176     
  5.848558137993426E-002   170.872633598996     
  5.901740721437332E-002   170.838958635894     
  5.955406909064532E-002   170.804675389137     
  6.009561098423826E-002   170.769772999976     
  6.064207727052165E-002   170.734240420562     
  6.119351272838270E-002   170.698066410841     
  6.174996254389560E-002   170.661239535385     
  6.231147231402426E-002   170.623748160187     
  6.287808805035859E-002   170.585580449412     
  6.344985618288480E-002   170.546724362093     
  6.402682356379004E-002   170.507167648794     
  6.460903747130158E-002   170.466897848214     
  6.519654561356085E-002   170.425902283751     
  6.578939613253292E-002   170.384168060019     
  6.638763760795117E-002   170.341682059313     
  6.699131906129822E-002   170.298430938028     
  6.760048995982283E-002   170.254401123037     
  6.821520022059331E-002   170.209578808007     
  6.883550021458792E-002   170.163949949678     
  6.946144077082241E-002   170.117500264088     
  7.009307318051504E-002   170.070215222750     
  7.073044920128954E-002   170.022080048779     
  7.137362106141627E-002   169.973079712972     
  7.202264146409193E-002   169.923198929835     
  7.267756359175821E-002   169.872422153564     
  7.333844111045970E-002   169.820733573972     
  7.400532817424141E-002   169.768117112369     
  7.467827942958628E-002   169.714556417395     
  7.535735001989317E-002   169.660034860793     
  7.604259558999528E-002   169.604535533146     
  7.673407229071995E-002   169.548041239551     
  7.743183678348979E-002   169.490534495251     
  7.813594624496566E-002   169.431997521218     
  7.884645837173186E-002   169.372412239680     
  7.956343138502395E-002   169.311760269603     
  8.028692403549956E-002   169.250022922126     
  8.101699560805256E-002   169.187181195943     
  8.175370592667104E-002   169.123215772635     
  8.249711535933942E-002   169.058107011964     
  8.324728482298518E-002   168.991834947103     
  8.400427578847056E-002   168.924379279834     
  8.476815028562962E-002   168.855719375693     
  8.553897090835115E-002   168.785834259062     
  8.631680081970773E-002   168.714702608232     
  8.710170375713155E-002   168.642302750402     
  8.789374403763722E-002   168.568612656648     
  8.869298656309202E-002   168.493609936843     
  8.949949682553411E-002   168.417271834532     
  9.031334091253920E-002   168.339575221774     
  9.113458551263597E-002   168.260496593932     
  9.196329792077054E-002   168.180012064434     
  9.279954604382096E-002   168.098097359492     
  9.364339840616155E-002   168.014727812777     
  9.449492415527810E-002   167.929878360072     
  9.535419306743394E-002   167.843523533884     
  9.622127555338748E-002   167.755637458015     
  9.709624266416203E-002   167.666193842119     
  9.797916609686783E-002   167.575165976219     
  9.887011820057706E-002   167.482526725196     
  9.976917198225239E-002   167.388248523256     
  0.100676401112729        167.292303368376     
  0.101591879932753        167.194662816724     
  0.102515683459070        167.095297977061     
  0.103447887390574        166.994179505130     
  0.104388568114513        166.891277598027     
  0.105337802712743        166.786561988565     
  0.106295668968047        166.680001939625     
  0.107262245370510        166.571566238510     
  0.108237611123949        166.461223191284     
  0.109221846152404        166.348940617125     
  0.110215031106686        166.234685842676     
  0.111217247370987        166.118425696408     
  0.112228577069547        166.000126502989     
  0.113249103073387        165.879754077678     
  0.114278909007096        165.757273720733     
  0.115318079255685        165.632650211844     
  0.116366698971503        165.505847804601     
  0.117424854081211        165.376830220991     
  0.118492631292828        165.245560645933     
  0.119570118102830        165.112001721866     
  0.120657402803326        164.976115543375     
  0.121754574489289        164.837863651884     
  0.122861723065856        164.697207030403     
  0.123978939255701        164.554106098344     
  0.125106314606459        164.408520706417     
  0.126243941498239        164.260410131598     
  0.127391913151184        164.109733072193     
  0.128550323633116        163.956447642989     
  0.129719267867243        163.800511370520     
  0.130898841639933        163.641881188431     
  0.132089141608570        163.480513432965     
  0.133290265309470        163.316363838586     
  0.134502311165872        163.149387533724     
  0.135725378496007        162.979539036672     
  0.136959567521235        162.806772251646     
  0.138204979374256        162.631040464993     
  0.139461716107398        162.452296341590     
  0.140729880700981        162.270491921414     
  0.142009577071751        162.085578616327     
  0.143300910081402        161.897507207047     
  0.144603985545162        161.706227840359     
  0.145918910240467        161.511690026542     
  0.147245791915712        161.313842637053     
  0.148584739299077        161.112633902461     
  0.149935862107437        160.908011410655     
  0.151299271055356        160.699922105335     
  0.152675077864154        160.488312284808     
  0.154063395271066        160.273127601092     
  0.155464337038479        160.054313059351     
  0.156878017963250        159.831813017683     
  0.158304553886121        159.605571187257     
  0.159744061701202        159.375530632845     
  0.161196659365557        159.141633773733     
  0.162662465908865        158.903822385065     
  0.164141601443176        158.662037599601     
  0.165634187172753        158.416219909943     
  0.167140345404002        158.166309171225     
  0.168660199555497        157.912244604294     
  0.170193874168092        157.653964799406     
  0.171741494915125        157.391407720457     
  0.173303188612717        157.124510709768     
  0.174879083230164        156.853210493447     
  0.176469307900424        156.577443187357     
  0.178073992930694        156.297144303708     
  0.179693269813094        156.012248758295     
  0.181327271235438        155.722690878416     
  0.182976131092107        155.428404411488     
  0.184639984495023        155.129322534390     
  0.186318967784716        154.825377863563     
  0.188013218541500        154.516502465885     
  0.189722875596747        154.202627870361     
  0.191448079044259        153.883685080652     
  0.193188970251752        153.559604588465     
  0.194945691872439        153.230316387850     
  0.196718387856717        152.895749990422     
  0.198507203463965        152.555834441538     
  0.200312285274447        152.210498337478     
  0.202133781201322        151.859669843641     
  0.203971840502766        151.503276713800     
  0.205826613794199        151.141246310455     
  0.207698253060632        150.773505626306     
  0.209586911669118        150.399981306890     
  0.211492744381318        150.020599674414     
  0.213415907366187        149.635286752822     
  0.215356558212765        149.243968294128     
  0.217314855943096        148.846569806056     
  0.219290961025256        148.443016581028     
  0.221285035386500        148.033233726527     
  0.223297242426536        147.617146196882     
  0.225327747030910        147.194678826512     
  0.227376715584518        146.765756364667     
  0.229444315985243        146.330303511699     
  0.231530717657707        145.888244956921     
  0.233636091567162        145.439505418064     
  0.235760610233491        144.984009682405     
  0.237904447745352        144.521682649575     
  0.240067779774438        144.052449376109     
  0.242250783589875        143.576235121768     
  0.244453638072748        143.092965397667     
  0.246676523730756        142.602566016265     
  0.248919622713006        142.104963143233     
  0.251183118824938        141.600083351264     
  0.253467197543388        141.087853675836     
  0.255772046031783        140.568201672990     
  0.258097853155481        140.041055479141     
  0.260444809497244        139.506343872971     
  0.262813107372859        138.963996339425     
  0.265202940846892        138.413943135859     
  0.267614505748596        137.856115360366     
  0.270047999687952        137.290445022300     
  0.272503622071863        136.716865115052     
  0.274981574120498        136.135309691083     
  0.277482058883777        135.545713939254     
  0.280005281258007        134.948014264471     
  0.282551448002679        134.342148369672     
  0.285120767757403        133.728055340170     
  0.287713451059009        133.105675730377     
  0.290329710358798        132.474951652919     
  0.292969760039949        131.835826870147     
  0.295633816435088        131.188246888076     
  0.298322097844016        130.532159052725     
  0.301034824551593        129.867512648888     
  0.303772218845792        129.194259001320     
  0.306534505035915        128.512351578329     
  0.309321909470968        127.821746097778     
  0.312134660558215        127.122400635468     
  0.314972988781890        126.414275735887     
  0.317837126722086        125.697334525304     
  0.320727309073811        124.971542827172     
  0.323643772666222        124.236869279806     
  0.326586756482030        123.493285456295     
  0.329556501677080        122.740765986598     
  0.332553251600120        121.979288681766     
  0.335577251812732        121.208834660239     
  0.338628750109461        120.429388476135     
  0.341707996538116        119.640938249458     
  0.344815243420264        118.843475798148     
  0.347950745371899        118.036996771867     
  0.351114759324312        117.221500787433     
  0.354307544545142        116.396991565774     
  0.357529362659622        115.563477070298     
  0.360780477672017        114.720969646538     
  0.364061155987255        113.869486162939     
  0.367371666432761        113.009048152631     
  0.370712280280483        112.139681956029     
  0.374083271269120        111.261418864090     
  0.377484915626556        110.374295262038     
  0.380917492092490        109.478352773368     
  0.384381281941282        108.573638403917     
  0.387876569004998        107.660204685785     
  0.391403639696668        106.738109820873     
  0.394962783033757        105.807417823791     
  0.398554290661847        104.868198663883     
  0.402178456878535        103.920528406099     
  0.405835578657548        102.964489350411     
  0.409525955673082        102.000170169511     
  0.413249890324350        101.027666044436     
  0.417007687760369        100.047078797833     
  0.420799655904961        99.0585170244936     
  0.424626105481986        98.0620962188309     
  0.428487350040804        97.0579388989085     
  0.432383705981966        96.0461747266567     
  0.436315492583144        95.0269406238734     
  0.440283032025290        94.0003808836036     
  0.444286649419038        92.9666472764757     
  0.448326672831347        91.9258991515602     
  0.452403433312378        90.8783035313042     
  0.456517264922625        89.8240352000819     
  0.460668504760289        88.7632767858907     
  0.464857492988898        87.6962188347113     
  0.469084572865185        86.6230598770398     
  0.473350090767211        85.5440064860892     
  0.477654396222751        84.4592733271514     
  0.481997841937934        83.3690831976008     
  0.486380783826145        82.2736670570136     
  0.490803581037189        81.1732640468748     
  0.495266595986722        80.0681214993357     
  0.499770194385947        78.9584949344856     
  0.504314745271583        77.8446480455979     
  0.508900621036101        76.7268526718120     
  0.513528197458243        75.6053887577136     
  0.518197853733814        74.4805442992795     
  0.522909972506751        73.3526152756595     
  0.527664939900481        72.2219055662748     
  0.532463145549559        71.0887268527222     
  0.537304982631597        69.9533985049870     
  0.542190847899482        68.8162474514794     
  0.547121141713887        67.6776080324293     
  0.552096268076076        66.5378218361915     
  0.557116634661010        65.3972375180388     
  0.562182652850754        64.2562106010433     
  0.567294737768184        63.1151032586757     
  0.572453308311008        61.9742840787841     
  0.577658787186086        60.8341278086495     
  0.582911600944071        59.6950150808500     
  0.588212180014362        58.5573321197101     
  0.593560958740373        57.4214704281549     
  0.598958375415124        56.2878264548367     
  0.604404872317157        55.1568012414531     
  0.609900895746778        54.0288000502309     
  0.615446896062625        52.9042319716085     
  0.621043327718578        51.7835095122103     
  0.626690649300988        50.6670481632728     
  0.632389323566267        49.5552659497498     
  0.638139817478795        48.4485829603963     
  0.643942602249194        47.3474208592045     
  0.649798153372937        46.2522023786440     
  0.655706950669310        45.1633507952386     
  0.661669478320729        44.0812893880938     
  0.667686224912420        43.0064408810765     
  0.673757683472450        41.9392268694349     
  0.679884351512128        40.8800672317359     
  0.686066731066776        39.8293795280878     
  0.692305328736862        38.7875783857092     
  0.698600655729515        37.7550748729970     
  0.704953227900414        36.7322758633388     
  0.711363565796059        35.7195833900088     
  0.717832194696427        34.7173939935784     
  0.724359644658010        33.7260980633628     
  0.730946450557257        32.7460791745167     
  0.737593152134396        31.7777134224748     
  0.744300294037665        30.8213687565218     
  0.751068425867942        29.8774043143548     
  0.757898102223782        28.9461697595761     
  0.764789882746857        28.0280046241286     
  0.771744332167820        27.1232376577493     
  0.778762020352580        26.2321861865788     
  0.785843522348994        25.3551554831130     
  0.792989418433994        24.4924381497316     
  0.800200294161129        23.6443135180737     
  0.807476740408557        22.8110470665546     
  0.814819353427451        21.9928898583404     
  0.822228734890868        21.1900780020976     
  0.829705491943046        20.4028321378366     
  0.837250237249154        19.6313569501457     
  0.844863589045501        18.8758407110876     
  0.852546171190191        18.1364548549868     
  0.860298613214246        17.4133535872822     
  0.868121550373188        16.7066735295506     
  0.876015623699099        16.0165334027230     
  0.883981480053145        15.3430337504210     
  0.892019772178582        14.6862567042274     
  0.900131158754245        14.0462657925809     
  0.908316304448519        13.4231057948464     
  0.916575879973807        12.8168026419544     
  0.924910562141488        12.2273633648424     
  0.933321033917377        11.6547760917444     
  0.941807984477689        11.0990100951859     
  0.950372109265514        10.5600158893347     
  0.959014110047798        10.0377253781433     
  0.967734694972854        9.53205205449171     
  0.976534578628386        9.04289125030573     
  0.985414482100045        8.57012043738329     
  0.994375133030515        8.11359957841317     
   1.00341726567914        7.67317152741778     
   1.01254162098210        7.24866247859569     
   1.02174894661309        6.83988246228303     
   1.03103999704464        6.44662588649664     
   1.04041553360991        6.06867212226852     
   1.04987632456505        5.70578613073232     
   1.05942314515220        5.35771912968054     
   1.06905677766300        5.02420929707873     
   1.07877801150267        4.70498250879974     
   1.08858764325472        4.39975310763307     
   1.09848647674623        4.10822470043009     
   1.10847532311369        3.83009098006882     
   1.11855500086948        3.56503656876494     
   1.12872633596897        3.31273787911804     
   1.13899016187813        3.07286398916837     
   1.14934731964192        2.84507752764858     
   1.15979865795312        2.62903556554989     
   1.17034503322193        2.42439051008383     
   1.18098730964612        2.23079099710883     
   1.19172635928186        2.04788277810792     
   1.20256306211518        1.87530959784824     
   1.21349830613405        1.71271405892641     
   1.22453298740118        1.55973846950483     
   1.23566801012741        1.41602567067272     
   1.24690428674586        1.28121984002117     
   1.25824273798663        1.15496726820208     
   1.26968429295228        1.03691710544626     
   1.28122988919397       0.926722075242935     
   1.29288047278829       0.824039152630486     
   1.30463699841473       0.728530204814054     
   1.31650042943399       0.639862592106408     
   1.32847173796685       0.557709727482498     
   1.34055190497388       0.481751593341646     
   1.35274192033579       0.411675214381869     
   1.36504278293455       0.347175085804938     
   1.37745550073526       0.287953556385418     
   1.38998109086870       0.233721166248885     
   1.40262057971474       0.184196939510452     
   1.41537500298639       0.139108632221872     
   1.42824540581469       9.819293636047904E-002
   1.44123284283437       6.119564086363555E-002
   1.45433837827023       2.787175096532168E-002
   1.46756308602436      -2.014432675169708E-003
   1.48090804976417      -2.868927335085242E-002
   1.49437436301114      -5.236979430125954E-002
   1.50796312923046      -7.326370927025078E-002
   1.52167546192143      -9.156948543699478E-002
   1.53551248470871      -0.107476436418894     
   1.54947533143442      -0.121164842961182     
   1.56356514625099      -0.132806098870667     
   1.57778308371498      -0.142562879720107     
   1.59213030888163      -0.150589331844157     
   1.60660799740038      -0.157031279166603     
   1.62121733561117      -0.162026445440195     
   1.63595952064165      -0.165704689543128     
   1.65083576050531      -0.168188251558074     
   1.66584727420045      -0.169592007458504     
   1.68099529181002      -0.170023730340579     
   1.69628105460252      -0.169584356264681     
   1.71170581513361      -0.168368252906209     
   1.72727083734882      -0.166463489358240     
   1.74297739668705      -0.163952105576428     
   1.75882678018518      -0.160910380106919     
   1.77482028658344      -0.157409094888723     
   1.79095922643187      -0.153513796070929     
   1.80724492219774      -0.149285049930432     
   1.82367870837386      -0.144778693115790     
   1.84026193158795      -0.140046076576026     
   1.85699595071303      -0.135134302658389     
   1.87388213697871      -0.130086454975306     
   1.89092187408357      -0.124941820747378     
   1.90811655830857      -0.119736105425629     
   1.92546759863144      -0.114501639482283     
   1.94297641684212      -0.109267577334861     
   1.96064444765932      -0.104060088433665     
   1.97847313884803      -9.890254059798113E-002
   1.99646395133817      -9.381567573209348E-002
