                                                  

     Z,SCF,CCSD
   1.5,   -119.3418337,   -120.2829020
                                                  

     Z,SCF,CCSD
   0.0,      0.0000000,      0.0000000
   0.0,      0.0000000,      0.0000000
   0.0,      0.0000000,      0.0000000
   0.0,      0.0000000,      0.0000000
   1.9,   -119.3565577,   -120.3318675
                                                  

     Z,SCF,CCSD
   1.5,   -119.3418337,   -120.2829020
   1.6,   -119.3820835,   -120.3312118
   1.7,   -119.3894262,   -120.3471151
   1.8,   -119.3778855,   -120.3443792
   1.9,   -119.3565577,   -120.3318669
                                                  
