                                                  

     Z,PBE  ,SCF
   2.187,   -17907.43347,   -17901.74556
   2.087,   -17907.43794,   -17901.75051
   1.987,   -17907.43926,   -17901.75155
   1.887,   -17907.43489,   -17901.74604
   1.787,   -17907.42084,   -17901.72987
   1.687,   -17907.39085,   -17901.69659
                                                  

     Z,PBE  ,SCF
   1.987,   -17907.53600,   -17901.79149
                                                  

     Z,PBE  ,SCF
   1.987,   -17907.53600,   -17901.79149
                                                  
