   1.2157750375245608E-006   14.101394179766375     
   1.2268304217503132E-006   14.101394179766020     
   1.2379863356930006E-006   14.101394179765659     
   1.2492436934976025E-006   14.101394179765288     
   1.2606034176216759E-006   14.101394179764913     
   1.2720664389109436E-006   14.101394179764533     
   1.2836336966755701E-006   14.101394179764142     
   1.2953061387671314E-006   14.101394179763744     
   1.3070847216562844E-006   14.101394179763343     
   1.3189704105111431E-006   14.101394179762929     
   1.3309641792763655E-006   14.101394179762512     
   1.3430670107529624E-006   14.101394179762085     
   1.3552798966788316E-006   14.101394179761650     
   1.3676038378100211E-006   14.101394179761208     
   1.3800398440027357E-006   14.101394179760756     
   1.3925889342960866E-006   14.101394179760300     
   1.4052521369955933E-006   14.101394179759833     
   1.4180304897574480E-006   14.101394179759357     
   1.4309250396735413E-006   14.101394179758874     
   1.4439368433572645E-006   14.101394179758383     
   1.4570669670300925E-006   14.101394179757877     
   1.4703164866089511E-006   14.101394179757367     
   1.4836864877943817E-006   14.101394179756849     
   1.4971780661595053E-006   14.101394179756316     
   1.5107923272397984E-006   14.101394179755779     
   1.5245303866236810E-006   14.101394179755228     
   1.5383933700439333E-006   14.101394179754667     
   1.5523824134699398E-006   14.101394179754099     
   1.5664986632007738E-006   14.101394179753518     
   1.5807432759591288E-006   14.101394179752932     
   1.5951174189861029E-006   14.101394179752328     
   1.6096222701368451E-006   14.101394179751717     
   1.6242590179770730E-006   14.101394179751093     
   1.6390288618804663E-006   14.101394179750457     
   1.6539330121269464E-006   14.101394179749809     
   1.6689726900018506E-006   14.101394179749150     
   1.6841491278960079E-006   14.101394179748482     
   1.6994635694067220E-006   14.101394179747796     
   1.7149172694396776E-006   14.101394179747103     
   1.7305114943117691E-006   14.101394179746396     
   1.7462475218548672E-006   14.101394179745677     
   1.7621266415205263E-006   14.101394179744940     
   1.7781501544856459E-006   14.101394179744194     
   1.7943193737590944E-006   14.101394179743432     
   1.8106356242892981E-006   14.101394179742657     
   1.8271002430728111E-006   14.101394179741867     
   1.8437145792638741E-006   14.101394179741064     
   1.8604799942849665E-006   14.101394179740247     
   1.8773978619383649E-006   14.101394179739412     
   1.8944695685187157E-006   14.101394179738564     
   1.9116965129266336E-006   14.101394179737703     
   1.9290801067833284E-006   14.101394179736818     
   1.9466217745462792E-006   14.101394179735927     
   1.9643229536259579E-006   14.101394179735014     
   1.9821850945036125E-006   14.101394179734084     
   2.0002096608501265E-006   14.101394179733139     
   2.0183981296459527E-006   14.101394179732177     
   2.0367519913021436E-006   14.101394179731196     
   2.0552727497824774E-006   14.101394179730198     
   2.0739619227266989E-006   14.101394179729180     
   2.0928210415748767E-006   14.101394179728146     
   2.1118516516928955E-006   14.101394179727089     
   2.1310553124990857E-006   14.101394179726018     
   2.1504335975920070E-006   14.101394179724924     
   2.1699880948793940E-006   14.101394179723812     
   2.1897204067082717E-006   14.101394179722677     
   2.2096321499962577E-006   14.101394179721522     
   2.2297249563640559E-006   14.101394179720348     
   2.2500004722691567E-006   14.101394179719151     
   2.2704603591407502E-006   14.101394179717932     
   2.2911062935158696E-006   14.101394179716692     
   2.3119399671767712E-006   14.101394179715429     
   2.3329630872895633E-006   14.101394179714141     
   2.3541773765440932E-006   14.101394179712832     
   2.3755845732951148E-006   14.101394179711498     
   2.3971864317047277E-006   14.101394179710141     
   2.4189847218861222E-006   14.101394179708757     
   2.4409812300486251E-006   14.101394179707347     
   2.4631777586440656E-006   14.101394179705915     
   2.4855761265144764E-006   14.101394179704453     
   2.5081781690411305E-006   14.101394179702966     
   2.5309857382949400E-006   14.101394179701451     
   2.5540007031882164E-006   14.101394179699911     
   2.5772249496278190E-006   14.101394179698341     
   2.6006603806696865E-006   14.101394179696740     
   2.6243089166747813E-006   14.101394179695115     
   2.6481724954664473E-006   14.101394179693454     
   2.6722530724892003E-006   14.101394179691768     
   2.6965526209689644E-006   14.101394179690049     
   2.7210731320747617E-006   14.101394179688301     
   2.7458166150818719E-006   14.101394179686515     
   2.7707850975364817E-006   14.101394179684702     
   2.7959806254218253E-006   14.101394179682854     
   2.8214052633258366E-006   14.101394179680971     
   2.8470610946103282E-006   14.101394179679057     
   2.8729502215817092E-006   14.101394179677106     
   2.8990747656632490E-006   14.101394179675117     
   2.9254368675689169E-006   14.101394179673095     
   2.9520386874787969E-006   14.101394179671036     
   2.9788824052160963E-006   14.101394179668938     
   3.0059702204257680E-006   14.101394179666805     
   3.0333043527547558E-006   14.101394179664627     
   3.0608870420338762E-006   14.101394179662414     
   3.0887205484613578E-006   14.101394179660158     
   3.1168071527880461E-006   14.101394179657863     
   3.1451491565042961E-006   14.101394179655523     
   3.1737488820285614E-006   14.101394179653139     
   3.2026086728976997E-006   14.101394179650717     
   3.2317308939590082E-006   14.101394179648247     
   3.2611179315640053E-006   14.101394179645736     
   3.2907721937639743E-006   14.101394179643176     
   3.3206961105072871E-006   14.101394179640566     
   3.3508921338385178E-006   14.101394179637913     
   3.3813627380993723E-006   14.101394179635211     
   3.4121104201314396E-006   14.101394179632459     
   3.4431376994807943E-006   14.101394179629660     
   3.4744471186044488E-006   14.101394179626805     
   3.5060412430786934E-006   14.101394179623899     
   3.5379226618093243E-006   14.101394179620939     
   3.5700939872437869E-006   14.101394179617929     
   3.6025578555852449E-006   14.101394179614859     
   3.6353169270085985E-006   14.101394179611736     
   3.6683738858784663E-006   14.101394179608553     
   3.7017314409691490E-006   14.101394179605315     
   3.7353923256865946E-006   14.101394179602018     
   3.7693592982923778E-006   14.101394179598659     
   3.8036351421297232E-006   14.101394179595239     
   3.8382226658515767E-006   14.101394179591754     
   3.8731247036507565E-006   14.101394179588210     
   3.9083441154921901E-006   14.101394179584599     
   3.9438837873472727E-006   14.101394179580922     
   3.9797466314303500E-006   14.101394179577179     
   4.0159355864373469E-006   14.101394179573367     
   4.0524536177865789E-006   14.101394179569484     
   4.0893037178617474E-006   14.101394179565531     
   4.1264889062571342E-006   14.101394179561508     
   4.1640122300250442E-006   14.101394179557408     
   4.2018767639254852E-006   14.101394179553235     
   4.2400856106781223E-006   14.101394179548983     
   4.2786419012165214E-006   14.101394179544656     
   4.3175487949447097E-006   14.101394179540250     
   4.3568094799960622E-006   14.101394179535767     
   4.3964271734945463E-006   14.101394179531194     
   4.4364051218183446E-006   14.101394179526540     
   4.4767466008658671E-006   14.101394179521806     
   4.5174549163241890E-006   14.101394179516980     
   4.5585334039399285E-006   14.101394179512070     
   4.5999854297925852E-006   14.101394179507070     
   4.6418143905703658E-006   14.101394179501973     
   4.6840237138485173E-006   14.101394179496790     
   4.7266168583701946E-006   14.101394179491507     
   4.7695973143298730E-006   14.101394179486130     
   4.8129686036593500E-006   14.101394179480655     
   4.8567342803163383E-006   14.101394179475081     
   4.9008979305756849E-006   14.101394179469400     
   4.9454631733232477E-006   14.101394179463618     
   4.9904336603524261E-006   14.101394179457733     
   5.0358130766634061E-006   14.101394179451738     
   5.0816051407651140E-006   14.101394179445636     
   5.1278136049799274E-006   14.101394179439421     
   5.1744422557511425E-006   14.101394179433088     
   5.2214949139532496E-006   14.101394179426649     
   5.2689754352050275E-006   14.101394179420085     
   5.3168877101854760E-006   14.101394179413401     
   5.3652356649526373E-006   14.101394179406595     
   5.4140232612653006E-006   14.101394179399668     
   5.4632544969076432E-006   14.101394179392614     
   5.5129334060168149E-006   14.101394179385430     
   5.5630640594135133E-006   14.101394179378113     
   5.6136505649355495E-006   14.101394179370665     
   5.6646970677744598E-006   14.101394179363078     
   5.7162077508151743E-006   14.101394179355355     
   5.7681868349787682E-006   14.101394179347491     
   5.8206385795683406E-006   14.101394179339483     
   5.8735672826180322E-006   14.101394179331331     
   5.9269772812452154E-006   14.101394179323023     
   5.9808729520058902E-006   14.101394179314568     
   6.0352587112533106E-006   14.101394179305959     
   6.0901390154998741E-006   14.101394179297191     
   6.1455183617822958E-006   14.101394179288263     
   6.2014012880301104E-006   14.101394179279170     
   6.2577923734375237E-006   14.101394179269915     
   6.3146962388386405E-006   14.101394179260488     
   6.3721175470861074E-006   14.101394179250892     
   6.4300610034332054E-006   14.101394179241122     
   6.4885313559194027E-006   14.101394179231166     
   6.5475333957594266E-006   14.101394179221035     
   6.6070719577358680E-006   14.101394179210718     
   6.6671519205953519E-006   14.101394179200208     
   6.7277782074483223E-006   14.101394179189507     
   6.7889557861724466E-006   14.101394179178614     
   6.8506896698197034E-006   14.101394179167521     
   6.9129849170271618E-006   14.101394179156223     
   6.9758466324314989E-006   14.101394179144721     
   7.0392799670872888E-006   14.101394179133008     
   7.1032901188890934E-006   14.101394179121082     
   7.1678823329973901E-006   14.101394179108937     
   7.2330619022683768E-006   14.101394179096571     
   7.2988341676876784E-006   14.101394179083977     
   7.3652045188080083E-006   14.101394179071153     
   7.4321783941907924E-006   14.101394179058097     
   7.4997612818518299E-006   14.101394179044801     
   7.5679587197109843E-006   14.101394179031264     
   7.6367762960459878E-006   14.101394179017477     
   7.7062196499503486E-006   14.101394179003440     
   7.7762944717954414E-006   14.101394178989146     
   7.8470065036967828E-006   14.101394178974591     
   7.9183615399845663E-006   14.101394178959769     
   7.9903654276784529E-006   14.101394178944677     
   8.0630240669667005E-006   14.101394178929310     
   8.1363434116896385E-006   14.101394178913663     
   8.2103294698275368E-006   14.101394178897731     
   8.2849883039929233E-006   14.101394178881504     
   8.3603260319273599E-006   14.101394178864981     
   8.4363488270027598E-006   14.101394178848158     
   8.5130629187272382E-006   14.101394178831027     
   8.5904745932555818E-006   14.101394178813583     
   8.6685901939043438E-006   14.101394178795822     
   8.7474161216716470E-006   14.101394178777733     
   8.8269588357616853E-006   14.101394178759316     
   8.9072248541140096E-006   14.101394178740561     
   8.9882207539376341E-006   14.101394178721463     
   9.0699531722499767E-006   14.101394178702018     
   9.1524288064207267E-006   14.101394178682218     
   9.2356544147206357E-006   14.101394178662058     
   9.3196368168753097E-006   14.101394178641524     
   9.4043828946240423E-006   14.101394178620618     
   9.4898995922837118E-006   14.101394178599332     
   9.5761939173178260E-006   14.101394178577653     
   9.6632729409107264E-006   14.101394178555582     
   9.7511437985470244E-006   14.101394178533109     
   9.8398136905962931E-006   14.101394178510221     
   9.9292898829030984E-006   14.101394178486915     
   1.0019579707382368E-005   14.101394178463183     
   1.0110690562620192E-005   14.101394178439021     
   1.0202629914480094E-005   14.101394178414415     
   1.0295405296714781E-005   14.101394178389359     
   1.0389024311583500E-005   14.101394178363847     
   1.0483494630474974E-005   14.101394178337866     
   1.0578823994536019E-005   14.101394178311413     
   1.0675020215305885E-005   14.101394178284476     
   1.0772091175356335E-005   14.101394178257047     
   1.0870044828937575E-005   14.101394178229118     
   1.0968889202630047E-005   14.101394178200675     
   1.1068632396002145E-005   14.101394178171716     
   1.1169282582273915E-005   14.101394178142227     
   1.1270848008986788E-005   14.101394178112200     
   1.1373336998679413E-005   14.101394178081623     
   1.1476757949569620E-005   14.101394178050491     
   1.1581119336242593E-005   14.101394178018786     
   1.1686429710345306E-005   14.101394177986503     
   1.1792697701287261E-005   14.101394177953630     
   1.1899932016947607E-005   14.101394177920158     
   1.2008141444388685E-005   14.101394177886071     
   1.2117334850576065E-005   14.101394177851365     
   1.2227521183105130E-005   14.101394177816022     
   1.2338709470934261E-005   14.101394177780033     
   1.2450908825124697E-005   14.101394177743391     
   1.2564128439587117E-005   14.101394177706075     
   1.2678377591835015E-005   14.101394177668080     
   1.2793665643744925E-005   14.101394177629391     
   1.2910002042323557E-005   14.101394177589992     
   1.3027396320481904E-005   14.101394177549876     
   1.3145858097816407E-005   14.101394177509025     
   1.3265397081397193E-005   14.101394177467430     
   1.3386023066563513E-005   14.101394177425076     
   1.3507745937726389E-005   14.101394177381946     
   1.3630575669178572E-005   14.101394177338026     
   1.3754522325911865E-005   14.101394177293308     
   1.3879596064441863E-005   14.101394177247769     
   1.4005807133640216E-005   14.101394177201403     
   1.4133165875574452E-005   14.101394177154186     
   1.4261682726355418E-005   14.101394177106108     
   1.4391368216992455E-005   14.101394177057152     
   1.4522232974256333E-005   14.101394177007299     
   1.4654287721550031E-005   14.101394176956539     
   1.4787543279787455E-005   14.101394176904849     
   1.4922010568280120E-005   14.101394176852214     
   1.5057700605631901E-005   14.101394176798619     
   1.5194624510641955E-005   14.101394176744046     
   1.5332793503215787E-005   14.101394176688473     
   1.5472218905284663E-005   14.101394176631885     
   1.5612912141733366E-005   14.101394176574267     
   1.5754884741336351E-005   14.101394176515592     
   1.5898148337702465E-005   14.101394176455850     
   1.6042714670228236E-005   14.101394176395011     
   1.6188595585059818E-005   14.101394176333065     
   1.6335803036063714E-005   14.101394176269984     
   1.6484349085806282E-005   14.101394176205751     
   1.6634245906542196E-005   14.101394176140346     
   1.6785505781211861E-005   14.101394176073745     
   1.6938141104447912E-005   14.101394176005925     
   1.7092164383590868E-005   14.101394175936871     
   1.7247588239714005E-005   14.101394175866556     
   1.7404425408657565E-005   14.101394175794951     
   1.7562688742072379E-005   14.101394175722039     
   1.7722391208472939E-005   14.101394175647794     
   1.7883545894300092E-005   14.101394175572198     
   1.8046166004993365E-005   14.101394175495219     
   1.8210264866073068E-005   14.101394175416829     
   1.8375855924232203E-005   14.101394175337012     
   1.8542952748438343E-005   14.101394175255736     
   1.8711569031045493E-005   14.101394175172974     
   1.8881718588916074E-005   14.101394175088700     
   1.9053415364553139E-005   14.101394175002888     
   1.9226673427242829E-005   14.101394174915507     
   1.9401506974207257E-005   14.101394174826526     
   1.9577930331767880E-005   14.101394174735923     
   1.9755957956519414E-005   14.101394174643668     
   1.9935604436514459E-005   14.101394174549723     
   2.0116884492458877E-005   14.101394174454061     
   2.0299812978918055E-005   14.101394174356654     
   2.0484404885534099E-005   14.101394174257468     
   2.0670675338254168E-005   14.101394174156466     
   2.0858639600569897E-005   14.101394174053622     
   2.1048313074768149E-005   14.101394173948899     
   2.1239711303193112E-005   14.101394173842261     
   2.1432849969519864E-005   14.101394173733677     
   2.1627744900039575E-005   14.101394173623111     
   2.1824412064956307E-005   14.101394173510521     
   2.2022867579695697E-005   14.101394173395875     
   2.2223127706225468E-005   14.101394173279134     
   2.2425208854387980E-005   14.101394173160264     
   2.2629127583244916E-005   14.101394173039218     
   2.2834900602434156E-005   14.101394172915962     
   2.3042544773539024E-005   14.101394172790451     
   2.3252077111469943E-005   14.101394172662655     
   2.3463514785858725E-005   14.101394172532515     
   2.3676875122465445E-005   14.101394172400006     
   2.3892175604598206E-005   14.101394172265072     
   2.4109433874545736E-005   14.101394172127671     
   2.4328667735023061E-005   14.101394171987764     
   2.4549895150630291E-005   14.101394171845298     
   2.4773134249324708E-005   14.101394171700232     
   2.4998403323906191E-005   14.101394171552512     
   2.5225720833516208E-005   14.101394171402093     
   2.5455105405150380E-005   14.101394171248931     
   2.5686575835184831E-005   14.101394171092970     
   2.5920151090916433E-005   14.101394170934155     
   2.6155850312117002E-005   14.101394170772442     
   2.6393692812601701E-005   14.101394170607774     
   2.6633698081811629E-005   14.101394170440095     
   2.6875885786410857E-005   14.101394170269357     
   2.7120275771897954E-005   14.101394170095496     
   2.7366888064232210E-005   14.101394169918462     
   2.7615742871474566E-005   14.101394169738194     
   2.7866860585443559E-005   14.101394169554631     
   2.8120261783386257E-005   14.101394169367714     
   2.8375967229664426E-005   14.101394169177379     
   2.8633997877456008E-005   14.101394168983571     
   2.8894374870472085E-005   14.101394168786221     
   2.9157119544689447E-005   14.101394168585268     
   2.9422253430098922E-005   14.101394168380640     
   2.9689798252469591E-005   14.101394168172277     
   2.9959775935129069E-005   14.101394167960107     
   3.0232208600759951E-005   14.101394167744058     
   3.0507118573212600E-005   14.101394167524061     
   3.0784528379334435E-005   14.101394167300048     
   3.1064460750815816E-005   14.101394167071943     
   3.1346938626052778E-005   14.101394166839670     
   3.1631985152026622E-005   14.101394166603152     
   3.1919623686200650E-005   14.101394166362315     
   3.2209877798434183E-005   14.101394166117077     
   3.2502771272913850E-005   14.101394165867356     
   3.2798328110102612E-005   14.101394165613078     
   3.3096572528706379E-005   14.101394165354153     
   3.3397528967658540E-005   14.101394165090495     
   3.3701222088122613E-005   14.101394164822022     
   3.4007676775512986E-005   14.101394164548648     
   3.4316918141534123E-005   14.101394164270271     
   3.4628971526238271E-005   14.101394163986814     
   3.4943862500101898E-005   14.101394163698179     
   3.5261616866121016E-005   14.101394163404269     
   3.5582260661925522E-005   14.101394163104986     
   3.5905820161912800E-005   14.101394162800242     
   3.6232321879400725E-005   14.101394162489926     
   3.6561792568800213E-005   14.101394162173943     
   3.6894259227807578E-005   14.101394161852186     
   3.7229749099616761E-005   14.101394161524555     
   3.7568289675151742E-005   14.101394161190932     
   3.7909908695319171E-005   14.101394160851216     
   3.8254634153281600E-005   14.101394160505297     
   3.8602494296751249E-005   14.101394160153054     
   3.8953517630304747E-005   14.101394159794379     
   3.9307732917718840E-005   14.101394159429150     
   3.9665169184327376E-005   14.101394159057248     
   4.0025855719399749E-005   14.101394158678550     
   4.0389822078540884E-005   14.101394158292937     
   4.0757098086113155E-005   14.101394157900279     
   4.1127713837680231E-005   14.101394157500446     
   4.1501699702473216E-005   14.101394157093308     
   4.1879086325879161E-005   14.101394156678731     
   4.2259904631952243E-005   14.101394156256582     
   4.2644185825947763E-005   14.101394155826721     
   4.3031961396879169E-005   14.101394155389004     
   4.3423263120098362E-005   14.101394154943293     
   4.3818123059899469E-005   14.101394154489435     
   4.4216573572146231E-005   14.101394154027290     
   4.4618647306923373E-005   14.101394153556701     
   4.5024377211212022E-005   14.101394153077512     
   4.5433796531589463E-005   14.101394152589572     
   4.5846938816953439E-005   14.101394152092720     
   4.6263837921271282E-005   14.101394151586785     
   4.6684528006353946E-005   14.101394151071609     
   4.7109043544655334E-005   14.101394150547019     
   4.7537419322097101E-005   14.101394150012851     
   4.7969690440919005E-005   14.101394149468918     
   4.8405892322555393E-005   14.101394148915052     
   4.8846060710537637E-005   14.101394148351066     
   4.9290231673423125E-005   14.101394147776775     
   4.9738441607750738E-005   14.101394147191995     
   5.0190727241023355E-005   14.101394146596528     
   5.0647125634717336E-005   14.101394145990183     
   5.1107674187319480E-005   14.101394145372764     
   5.1572410637391536E-005   14.101394144744061     
   5.2041373066662596E-005   14.101394144103875     
   5.2514599903149650E-005   14.101394143451989     
   5.2992129924306424E-005   14.101394142788200     
   5.3474002260200934E-005   14.101394142112282     
   5.3960256396721920E-005   14.101394141424015     
   5.4450932178814393E-005   14.101394140723169     
   5.4946069813744668E-005   14.101394140009523     
   5.5445709874395027E-005   14.101394139282840     
   5.5949893302588370E-005   14.101394138542879     
   5.6458661412443126E-005   14.101394137789404     
   5.6972055893758598E-005   14.101394137022160     
   5.7490118815431154E-005   14.101394136240899     
   5.8012892628901485E-005   14.101394135445366     
   5.8540420171633149E-005   14.101394134635298     
   5.9072744670622799E-005   14.101394133810430     
   5.9609909745942334E-005   14.101394132970492     
   6.0151959414313248E-005   14.101394132115212     
   6.0698938092713407E-005   14.101394131244305     
   6.1250890602016788E-005   14.101394130357489     
   6.1807862170666186E-005   14.101394129454469     
   6.2369898438379288E-005   14.101394128534951     
   6.2937045459888604E-005   14.101394127598637     
   6.3509349708715265E-005   14.101394126645216     
   6.4086858080977227E-005   14.101394125674375     
   6.4669617899231957E-005   14.101394124685800     
   6.5257676916354325E-005   14.101394123679164     
   6.5851083319449474E-005   14.101394122654135     
   6.6449885733801421E-005   14.101394121610381     
   6.7054133226857618E-005   14.101394120547564     
   6.7663875312249568E-005   14.101394119465326     
   6.8279161953850153E-005   14.101394118363313     
   6.8900043569867828E-005   14.101394117241169     
   6.9526571036977928E-005   14.101394116098524     
   7.0158795694491783E-005   14.101394114935005     
   7.0796769348563458E-005   14.101394113750228     
   7.1440544276434950E-005   14.101394112543808     
   7.2090173230719926E-005   14.101394111315345     
   7.2745709443726404E-005   14.101394110064438     
   7.3407206631818722E-005   14.101394108790682     
   7.4074718999819260E-005   14.101394107493652     
   7.4748301245450036E-005   14.101394106172929     
   7.5428008563814883E-005   14.101394104828074     
   7.6113896651922193E-005   14.101394103458656     
   7.6806021713248925E-005   14.101394102064214     
   7.7504440462346076E-005   14.101394100644297     
   7.8209210129485978E-005   14.101394099198441     
   7.8920388465351910E-005   14.101394097726169     
   7.9638033745770391E-005   14.101394096227001     
   8.0362204776486391E-005   14.101394094700442     
   8.1092960897982021E-005   14.101394093145995     
   8.1830361990339106E-005   14.101394091563151     
   8.2574468478145924E-005   14.101394089951388     
   8.3325341335448478E-005   14.101394088310180     
   8.4083042090746905E-005   14.101394086638988     
   8.4847632832037352E-005   14.101394084937265     
   8.5619176211899491E-005   14.101394083204454     
   8.6397735452630606E-005   14.101394081439983     
   8.7183374351426006E-005   14.101394079643278     
   8.7976157285606901E-005   14.101394077813747     
   8.8776149217895573E-005   14.101394075950795     
   8.9583415701738588E-005   14.101394074053804     
   9.0398022886678444E-005   14.101394072122160     
   9.1220037523774002E-005   14.101394070155227     
   9.2049526971070282E-005   14.101394068152358     
   9.2886559199117951E-005   14.101394066112896     
   9.3731202796543028E-005   14.101394064036175     
   9.4583526975667136E-005   14.101394061921516     
   9.5443601578179023E-005   14.101394059768225     
   9.6311497080857548E-005   14.101394057575591     
   9.7187284601346765E-005   14.101394055342901     
   9.8071035903983403E-005   14.101394053069424     
   9.8962823405677509E-005   14.101394050754408     
   9.9862720181846451E-005   14.101394048397102     
   1.0077079997240295E-004   14.101394045996727     
   1.0168713718779741E-004   14.101394043552499     
   1.0261180691511542E-004   14.101394041063619     
   1.0354488492423057E-004   14.101394038529266     
   1.0448644767401319E-004   14.101394035948616     
   1.0543657231859560E-004   14.101394033320815     
   1.0639533671369435E-004   14.101394030645011     
   1.0736281942298990E-004   14.101394027920321     
   1.0833909972456442E-004   14.101394025145849     
   1.0932425761739783E-004   14.101394022320694     
   1.1031837382792337E-004   14.101394019443923     
   1.1132152981664241E-004   14.101394016514595     
   1.1233380778479955E-004   14.101394013531756     
   1.1335529068111842E-004   14.101394010494415     
   1.1438606220859870E-004   14.101394007401588     
   1.1542620683137504E-004   14.101394004252256     
   1.1647580978163815E-004   14.101394001045390     
   1.1753495706661902E-004   14.101393997779937     
   1.1860373547563660E-004   14.101393994454826     
   1.1968223258720949E-004   14.101393991068965     
   1.2077053677623239E-004   14.101393987621252     
   1.2186873722121778E-004   14.101393984110546     
   1.2297692391160343E-004   14.101393980535706     
   1.2409518765512628E-004   14.101393976895556     
   1.2522362008526373E-004   14.101393973188902     
   1.2636231366874195E-004   14.101393969414531     
   1.2751136171311320E-004   14.101393965571205     
   1.2867085837440148E-004   14.101393961657664     
   1.2984089866481801E-004   14.101393957672624     
   1.3102157846054668E-004   14.101393953614783     
   1.3221299450960061E-004   14.101393949482805     
   1.3341524443974970E-004   14.101393945275344     
   1.3462842676652067E-004   14.101393940991013     
   1.3585264090126958E-004   14.101393936628410     
   1.3708798715932790E-004   14.101393932186104     
   1.3833456676822265E-004   14.101393927662643     
   1.3959248187597121E-004   14.101393923056541     
   1.4086183555945154E-004   14.101393918366288     
   1.4214273183284868E-004   14.101393913590350     
   1.4343527565617789E-004   14.101393908727157     
   1.4473957294388538E-004   14.101393903775120     
   1.4605573057352715E-004   14.101393898732608     
   1.4738385639452689E-004   14.101393893597978     
   1.4872405923701344E-004   14.101393888369541     
   1.5007644892073857E-004   14.101393883045585     
   1.5144113626407594E-004   14.101393877624362     
   1.5281823309310180E-004   14.101393872104097     
   1.5420785225075842E-004   14.101393866482983     
   1.5561010760610061E-004   14.101393860759172     
   1.5702511406362658E-004   14.101393854930796     
   1.5845298757269336E-004   14.101393848995938     
   1.5989384513701810E-004   14.101393842952655     
   1.6134780482426574E-004   14.101393836798964     
   1.6281498577572356E-004   14.101393830532851     
   1.6429550821606413E-004   14.101393824152261     
   1.6578949346319680E-004   14.101393817655103     
   1.6729706393820868E-004   14.101393811039244     
   1.6881834317539635E-004   14.101393804302521     
   1.7035345583238837E-004   14.101393797442723     
   1.7190252770036031E-004   14.101393790457600     
   1.7346568571434209E-004   14.101393783344866     
   1.7504305796361966E-004   14.101393776102187     
   1.7663477370223087E-004   14.101393768727188     
   1.7824096335955676E-004   14.101393761217455     
   1.7986175855100957E-004   14.101393753570523     
   1.8149729208881730E-004   14.101393745783891     
   1.8314769799290708E-004   14.101393737854998     
   1.8481311150188672E-004   14.101393729781257     
   1.8649366908412687E-004   14.101393721560010     
   1.8818950844894328E-004   14.101393713188568     
   1.8990076855788141E-004   14.101393704664186     
   1.9162758963610300E-004   14.101393695984068     
   1.9337011318387663E-004   14.101393687145373     
   1.9512848198817263E-004   14.101393678145202     
   1.9690284013436336E-004   14.101393668980602     
   1.9869333301802998E-004   14.101393659648576     
   2.0050010735687664E-004   14.101393650146056     
   2.0232331120275269E-004   14.101393640469933     
   2.0416309395378466E-004   14.101393630617036     
   2.0601960636661812E-004   14.101393620584135     
   2.0789300056877144E-004   14.101393610367943     
   2.0978343007110105E-004   14.101393599965100     
   2.1169104978038090E-004   14.101393589372211     
   2.1361601601199565E-004   14.101393578585798     
   2.1555848650274992E-004   14.101393567602324     
   2.1751862042379319E-004   14.101393556418190     
   2.1949657839366308E-004   14.101393545029731     
   2.2149252249144684E-004   14.101393533433212     
   2.2350661627006213E-004   14.101393521624834     
   2.2553902476965960E-004   14.101393509600728     
   2.2758991453114617E-004   14.101393497356948     
   2.2965945360983213E-004   14.101393484889485     
   2.3174781158920193E-004   14.101393472194250     
   2.3385515959481034E-004   14.101393459267079     
   2.3598167030830494E-004   14.101393446103744     
   2.3812751798157601E-004   14.101393432699922     
   2.4029287845103532E-004   14.101393419051224     
   2.4247792915202450E-004   14.101393405153171     
   2.4468284913335469E-004   14.101393391001213     
   2.4690781907197825E-004   14.101393376590712     
   2.4915302128779369E-004   14.101393361916937     
   2.5141863975858579E-004   14.101393346975089     
   2.5370486013510100E-004   14.101393331760260     
   2.5601186975626018E-004   14.101393316267469     
   2.5833985766450962E-004   14.101393300491637     
   2.6068901462131190E-004   14.101393284427587     
   2.6305953312277699E-004   14.101393268070067     
   2.6545160741543619E-004   14.101393251413706     
   2.6786543351215922E-004   14.101393234453042     
   2.7030120920821588E-004   14.101393217182519     
   2.7275913409748384E-004   14.101393199596480     
   2.7523940958880410E-004   14.101393181689154     
   2.7774223892248503E-004   14.101393163454681     
   2.8026782718695598E-004   14.101393144887071     
   2.8281638133557328E-004   14.101393125980247     
   2.8538811020357817E-004   14.101393106728011     
   2.8798322452520958E-004   14.101393087124046     
   2.9060193695097197E-004   14.101393067161938     
   2.9324446206506071E-004   14.101393046835135     
   2.9591101640294562E-004   14.101393026136975     
   2.9860181846911438E-004   14.101393005060677     
   3.0131708875497738E-004   14.101392983599331     
   3.0405704975693544E-004   14.101392961745898     
   3.0682192599461170E-004   14.101392939493225     
   3.0961194402924936E-004   14.101392916834010     
   3.1242733248227662E-004   14.101392893760828     
   3.1526832205404083E-004   14.101392870266112     
   3.1813514554271215E-004   14.101392846342172     
   3.2102803786336007E-004   14.101392821981158     
   3.2394723606720311E-004   14.101392797175086     
   3.2689297936103271E-004   14.101392771915824     
   3.2986550912681524E-004   14.101392746195099     
   3.3286506894147108E-004   14.101392720004471     
   3.3589190459683396E-004   14.101392693335361     
   3.3894626411979197E-004   14.101392666179027     
   3.4202839779261132E-004   14.101392638526567     
   3.4513855817344528E-004   14.101392610368917     
   3.4827700011702941E-004   14.101392581696848     
   3.5144398079556494E-004   14.101392552500961     
   3.5463975971979246E-004   14.101392522771690     
   3.5786459876025644E-004   14.101392492499285     
   3.6111876216876404E-004   14.101392461673827     
   3.6440251660003819E-004   14.101392430285211     
   3.6771613113356828E-004   14.101392398323148     
   3.7105987729565927E-004   14.101392365777164     
   3.7443402908168090E-004   14.101392332636587     
   3.7783886297852010E-004   14.101392298890556     
   3.8127465798723655E-004   14.101392264528013     
   3.8474169564592511E-004   14.101392229537693     
   3.8824026005278587E-004   14.101392193908122     
   3.9177063788940335E-004   14.101392157627627     
   3.9533311844423873E-004   14.101392120684316     
   3.9892799363633411E-004   14.101392083066079     
   4.0255555803923388E-004   14.101392044760585     
   4.0621610890512210E-004   14.101392005755278     
   4.0990994618918090E-004   14.101391966037371     
   4.1363737257416896E-004   14.101391925593850     
   4.1739869349522439E-004   14.101391884411454     
   4.2119421716489306E-004   14.101391842476691     
   4.2502425459838396E-004   14.101391799775808     
   4.2888911963905491E-004   14.101391756294815     
   4.3278912898412974E-004   14.101391712019451     
   4.3672460221064890E-004   14.101391666935216     
   4.4069586180165690E-004   14.101391621027322     
   4.4470323317262733E-004   14.101391574280727     
   4.4874704469812795E-004   14.101391526680111     
   4.5282762773872883E-004   14.101391478209861     
   4.5694531666815502E-004   14.101391428854100     
   4.6110044890068576E-004   14.101391378596643     
   4.6529336491880311E-004   14.101391327421021     
   4.6952440830109224E-004   14.101391275310460     
   4.7379392575039477E-004   14.101391222247878     
   4.7810226712221898E-004   14.101391168215885     
   4.8244978545340748E-004   14.101391113196765     
   4.8683683699106623E-004   14.101391057172490     
   4.9126378122175615E-004   14.101391000124693     
   4.9573098090095074E-004   14.101390942034671     
   5.0023880208276074E-004   14.101390882883393     
   5.0478761414993005E-004   14.101390822651465     
   5.0937778984410384E-004   14.101390761319145     
   5.1400970529637128E-004   14.101390698866329     
   5.1868374005808787E-004   14.101390635272548     
   5.2340027713197604E-004   14.101390570516958     
   5.2815970300350984E-004   14.101390504578333     
   5.3296240767258395E-004   14.101390437435054     
   5.3780878468547228E-004   14.101390369065118     
   5.4269923116707539E-004   14.101390299446120     
   5.4763414785346208E-004   14.101390228555234     
   5.5261393912470723E-004   14.101390156369224     
   5.5763901303802711E-004   14.101390082864430     
   5.6270978136121715E-004   14.101390008016759     
   5.6782665960639306E-004   14.101389931801679     
   5.7299006706403911E-004   14.101389854194204     
   5.7820042683736565E-004   14.101389775168899     
   5.8345816587697971E-004   14.101389694699865     
   5.8876371501586993E-004   14.101389612760720     
   5.9411750900471090E-004   14.101389529324610     
   5.9951998654748679E-004   14.101389444364184     
   6.0497159033744076E-004   14.101389357851595     
   6.1047276709335003E-004   14.101389269758489     
   6.1602396759613120E-004   14.101389180055987     
   6.2162564672577861E-004   14.101389088714688     
   6.2727826349863827E-004   14.101388995704655     
   6.3298228110502048E-004   14.101388900995396     
   6.3873816694715588E-004   14.101388804555871     
   6.4454639267749454E-004   14.101388706354468     
   6.5040743423735493E-004   14.101388606359004     
   6.5632177189592399E-004   14.101388504536693     
   6.6228989028961117E-004   14.101388400854168     
   6.6831227846176114E-004   14.101388295277442     
   6.7438942990272698E-004   14.101388187771910     
   6.8052184259030863E-004   14.101388078302334     
   6.8671001903055804E-004   14.101387966832828     
   6.9295446629895590E-004   14.101387853326862     
   6.9925569608196298E-004   14.101387737747224     
   7.0561422471894844E-004   14.101387620056038     
   7.1203057324450102E-004   14.101387500214722     
   7.1850526743112318E-004   14.101387378183995     
   7.2503883783231471E-004   14.101387253923860     
   7.3163181982604738E-004   14.101387127393590     
   7.3828475365863568E-004   14.101386998551703     
   7.4499818448900532E-004   14.101386867355973     
   7.5177266243336559E-004   14.101386733763398     
   7.5860874261028709E-004   14.101386597730190     
   7.6550698518618979E-004   14.101386459211756     
   7.7246795542124417E-004   14.101386318162696     
   7.7949222371569062E-004   14.101386174536776     
   7.8658036565657907E-004   14.101386028286923     
   7.9373296206493445E-004   14.101385879365193     
   8.0095059904335033E-004   14.101385727722779     
   8.0823386802401649E-004   14.101385573309967     
   8.1558336581718117E-004   14.101385416076159     
   8.2299969466005651E-004   14.101385255969802     
   8.3048346226616688E-004   14.101385092938433     
   8.3803528187514616E-004   14.101384926928599     
   8.4565577230298920E-004   14.101384757885889     
   8.5334555799275837E-004   14.101384585754900     
   8.6110526906575235E-004   14.101384410479209     
   8.6893554137314004E-004   14.101384232001365     
   8.7683701654806359E-004   14.101384050262869     
   8.8481034205821615E-004   14.101383865204147     
   8.9285617125889609E-004   14.101383676764543     
   9.0097516344654573E-004   14.101383484882293     
   9.0916798391277472E-004   14.101383289494501     
   9.1743530399887683E-004   14.101383090537125     
   9.2577780115084079E-004   14.101382887944945     
   9.3419615897486212E-004   14.101382681651563     
   9.4269106729335975E-004   14.101382471589359     
   9.5126322220150171E-004   14.101382257689478     
   9.5991332612424529E-004   14.101382039881811     
   9.6864208787389515E-004   14.101381818094968     
   9.7745022270818538E-004   14.101381592256244     
   9.8633845238889069E-004   14.101381362291622     
   9.9530750524096730E-004   14.101381128125722     
   1.0043581162122355E-003   14.101380889681790     
   1.0134910269336030E-003   14.101380646881669     
   1.0227069857798358E-003   14.101380399645780     
   1.0320067479308815E-003   14.101380147893080     
   1.0413910754337519E-003   14.101379891541050     
   1.0508607372649663E-003   14.101379630505667     
   1.0604165093935638E-003   14.101379364701366     
   1.0700591748446875E-003   14.101379094041027     
   1.0797895237637494E-003   14.101378818435935     
   1.0896083534811750E-003   14.101378537795741     
   1.0995164685777400E-003   14.101378252028473     
   1.1095146809504987E-003   14.101377961040455     
   1.1196038098793141E-003   14.101377664736313     
   1.1297846820939915E-003   14.101377363018921     
   1.1400581318420221E-003   14.101377055789387     
   1.1504250009569444E-003   14.101376742947005     
   1.1608861389273261E-003   14.101376424389235     
   1.1714424029663733E-003   14.101376100011660     
   1.1820946580821724E-003   14.101375769707955     
   1.1928437771485719E-003   14.101375433369860     
   1.2036906409767074E-003   14.101375090887128     
   1.2146361383871779E-003   14.101374742147501     
   1.2256811662828776E-003   14.101374387036671     
   1.2368266297224919E-003   14.101374025438242     
   1.2480734419946580E-003   14.101373657233694     
   1.2594225246928042E-003   14.101373282302331     
   1.2708748077906670E-003   14.101372900521264     
   1.2824312297184952E-003   14.101372511765353     
   1.2940927374399480E-003   14.101372115907175     
   1.3058602865296909E-003   14.101371712816977     
   1.3177348412516988E-003   14.101371302362633     
   1.3297173746382705E-003   14.101370884409610     
   1.3418088685697601E-003   14.101370458820908     
   1.3540103138550365E-003   14.101370025457035     
   1.3663227103126719E-003   14.101369584175943     
   1.3787470668528701E-003   14.101369134832991     
   1.3912844015601387E-003   14.101368677280893     
   1.4039357417767143E-003   14.101368211369678     
   1.4167021241867450E-003   14.101367736946630     
   1.4295845949012401E-003   14.101367253856244     
   1.4425842095437888E-003   14.101366761940175     
   1.4557020333370641E-003   14.101366261037187     
   1.4689391411901074E-003   14.101365750983099     
   1.4822966177864101E-003   14.101365231610718     
   1.4957755576727959E-003   14.101364702749811     
   1.5093770653491104E-003   14.101364164227038     
   1.5231022553587265E-003   14.101363615865878     
   1.5369522523798742E-003   14.101363057486591     
   1.5509281913177978E-003   14.101362488906153     
   1.5650312173977545E-003   14.101361909938204     
   1.5792624862588571E-003   14.101361320392966     
   1.5936231640487693E-003   14.101360720077206     
   1.6081144275192634E-003   14.101360108794152     
   1.6227374641226465E-003   14.101359486343442     
   1.6374934721090637E-003   14.101358852521054     
   1.6523836606246848E-003   14.101358207119233     
   1.6674092498107863E-003   14.101357549926439     
   1.6825714709037319E-003   14.101356880727250     
   1.6978715663358644E-003   14.101356199302330     
   1.7133107898373121E-003   14.101355505428321     
   1.7288904065387253E-003   14.101354798877788     
   1.7446116930749417E-003   14.101354079419142     
   1.7604759376895990E-003   14.101353346816564     
   1.7764844403406967E-003   14.101352600829927     
   1.7926385128071173E-003   14.101351841214713     
   1.8089394787961178E-003   14.101351067721938     
   1.8253886740517979E-003   14.101350280098075     
   1.8419874464645533E-003   14.101349478084959     
   1.8587371561815261E-003   14.101348661419712     
   1.8756391757180592E-003   14.101347829834650     
   1.8926948900701624E-003   14.101346983057203     
   1.9099056968280045E-003   14.101346120809819     
   1.9272730062904349E-003   14.101345242809877     
   1.9447982415805461E-003   14.101344348769588     
   1.9624828387622890E-003   14.101343438395910     
   1.9803282469581488E-003   14.101342511390449     
   1.9983359284678876E-003   14.101341567449353     
   2.0165073588883711E-003   14.101340606263230     
   2.0348440272344812E-003   14.101339627517021     
   2.0533474360611330E-003   14.101338630889924     
   2.0720191015863934E-003   14.101337616055268     
   2.0908605538157272E-003   14.101336582680414     
   2.1098733366673697E-003   14.101335530426660     
   2.1290590080988389E-003   14.101334458949097     
   2.1484191402345969E-003   14.101333367896522     
   2.1679553194948772E-003   14.101332256911320     
   2.1876691467256782E-003   14.101331125629343     
   2.2075622373299401E-003   14.101329973679784     
   2.2276362213999173E-003   14.101328800685071     
   2.2478927438507510E-003   14.101327606260714     
   2.2683334645552580E-003   14.101326390015229     
   2.2889600584799449E-003   14.101325151549956     
   2.3097742158222608E-003   14.101323890458964     
   2.3307776421490948E-003   14.101322606328900     
   2.3519720585365353E-003   14.101321298738858     
   2.3733592017108991E-003   14.101319967260251     
   2.3949408241910435E-003   14.101318611456657     
   2.4167186944319737E-003   14.101317230883680     
   2.4386945969697526E-003   14.101315825088809     
   2.4608703325677312E-003   14.101314393611261     
   2.4832477183641078E-003   14.101312935981840     
   2.5058285880208294E-003   14.101311451722776     
   2.5286147918738471E-003   14.101309940347567     
   2.5516081970847365E-003   14.101308401360836     
   2.5748106877936977E-003   14.101306834258137     
   2.5982241652739487E-003   14.101305238525828     
   2.6218505480875192E-003   14.101303613640871     
   2.6456917722424622E-003   14.101301959070671     
   2.6697497913514955E-003   14.101300274272916     
   2.6940265767920889E-003   14.101298558695373     
   2.7185241178680000E-003   14.101296811775724     
   2.7432444219722841E-003   14.101295032941383     
   2.7681895147517888E-003   14.101293221609305     
   2.7933614402731351E-003   14.101291377185779     
   2.8187622611902177E-003   14.101289499066267     
   2.8443940589132225E-003   14.101287586635177     
   2.8702589337791847E-003   14.101285639265665     
   2.8963590052240927E-003   14.101283656319445     
   2.9226964119565641E-003   14.101281637146572     
   2.9492733121330946E-003   14.101279581085214     
   2.9760918835349025E-003   14.101277487461465     
   3.0031543237463852E-003   14.101275355589097     
   3.0304628503351914E-003   14.101273184769344     
   3.0580197010339353E-003   14.101270974290683     
   3.0858271339235638E-003   14.101268723428587     
   3.1138874276183904E-003   14.101266431445291     
   3.1422028814528055E-003   14.101264097589562     
   3.1707758156696957E-003   14.101261721096426     
   3.1996085716105693E-003   14.101259301186957     
   3.2287035119074091E-003   14.101256837067973     
   3.2580630206762761E-003   14.101254327931823     
   3.2876895037126696E-003   14.101251772956092     
   3.3175853886886616E-003   14.101249171303339     
   3.3477531253518307E-003   14.101246522120830     
   3.3781951857259976E-003   14.101243824540251     
   3.4089140643137916E-003   14.101241077677418     
   3.4399122783010552E-003   14.101238280632009     
   3.4711923677631100E-003   14.101235432487240     
   3.5027568958728964E-003   14.101232532309584     
   3.5346084491110065E-003   14.101229579148468     
   3.5667496374776272E-003   14.101226572035939     
   3.5991830947064130E-003   14.101223509986372     
   3.6319114784802969E-003   14.101220391996131     
   3.6649374706492705E-003   14.101217217043251     
   3.6982637774501423E-003   14.101213984087083     
   3.7318931297282915E-003   14.101210692067987     
   3.7658282831614428E-003   14.101207339906951     
   3.8000720184854743E-003   14.101203926505260     
   3.8346271417222751E-003   14.101200450744116     
   3.8694964844096817E-003   14.101196911484292     
   3.9046829038334994E-003   14.101193307565753     
   3.9401892832616374E-003   14.101189637807257     
   3.9760185321803705E-003   14.101185901005998     
   4.0121735865327494E-003   14.101182095937189     
   4.0486574089591805E-003   14.101178221353670     
   4.0854729890401941E-003   14.101174275985494     
   4.1226233435414147E-003   14.101170258539531     
   4.1601115166607656E-003   14.101166167698997     
   4.1979405802779184E-003   14.101162002123083     
   4.2361136342060077E-003   14.101157760446471     
   4.2746338064456428E-003   14.101153441278909     
   4.3135042534412221E-003   14.101149043204735     
   4.3527281603395794E-003   14.101144564782443     
   4.3923087412509835E-003   14.101140004544177     
   4.4322492395125132E-003   14.101135360995274     
   4.4725529279538209E-003   14.101130632613772     
   4.5132231091653220E-003   14.101125817849894     
   4.5542631157688123E-003   14.101120915125566     
   4.5956763106905574E-003   14.101115922833872     
   4.6374660874368544E-003   14.101110839338549     
   4.6796358703721083E-003   14.101105662973440     
   4.7221891149994326E-003   14.101100392041955     
   4.7651293082438010E-003   14.101095024816505     
   4.8084599687377777E-003   14.101089559537952     
   4.8521846471098412E-003   14.101083994415008     
   4.8963069262753347E-003   14.101078327623675     
   4.9408304217300539E-003   14.101072557306626     
   4.9857587818465179E-003   14.101066681572613     
   5.0310956881729233E-003   14.101060698495834     
   5.0768448557348160E-003   14.101054606115309     
   5.1230100333395168E-003   14.101048402434236     
   5.1695950038833033E-003   14.101042085419337     
   5.2166035846613950E-003   14.101035653000189     
   5.2640396276807458E-003   14.101029103068548     
   5.3119070199756967E-003   14.101022433477661     
   5.3602096839264817E-003   14.101015642041556     
   5.4089515775806426E-003   14.101008726534332     
   5.4581366949773601E-003   14.101001684689422     
   5.5077690664747346E-003   14.100994514198860     
   5.5578527590800456E-003   14.100987212712520     
   5.6083918767830167E-003   14.100979777837342     
   5.6593905608921012E-003   14.100972207136556     
   5.7108529903738331E-003   14.100964498128873     
   5.7627833821952681E-003   14.100956648287685     
   5.8151859916695248E-003   14.100948655040224     
   5.8680651128044823E-003   14.100940515766734     
   5.9214250786546411E-003   14.100932227799593     
   5.9752702616761837E-003   14.100923788422463     
   6.0296050740852669E-003   14.100915194869371     
   6.0844339682195664E-003   14.100906444323838     
   6.1397614369031201E-003   14.100897533917914     
   6.1955920138144754E-003   14.100888460731278     
   6.2519302738581958E-003   14.100879221790262     
   6.3087808335397346E-003   14.100869814066870     
   6.3661483513437304E-003   14.100860234477809     
   6.4240375281157313E-003   14.100850479883453     
   6.4824531074473939E-003   14.100840547086831     
   6.5413998760651916E-003   14.100830432832577     
   6.6008826642226411E-003   14.100820133805854     
   6.6609063460961182E-003   14.100809646631282     
   6.7214758401842531E-003   14.100798967871823     
   6.7825961097109635E-003   14.100788094027653     
   6.8442721630321635E-003   14.100777021535029     
   6.9065090540461503E-003   14.100765746765104     
   6.9693118826077418E-003   14.100754266022753     
   7.0326857949461691E-003   14.100742575545343     
   7.0966359840867735E-003   14.100730671501530     
   7.1611676902765325E-003   14.100718549989978     
   7.2262862014134685E-003   14.100706207038092     
   7.2919968534799406E-003   14.100693638600710     
   7.3583050309798991E-003   14.100680840558786     
   7.4252161673801029E-003   14.100667808718043     
   7.4927357455553522E-003   14.100654538807580     
   7.5608692982377657E-003   14.100641026478497     
   7.6296224084701552E-003   14.100627267302453     
   7.6990007100635072E-003   14.100613256770229     
   7.7690098880586365E-003   14.100598990290234     
   7.8396556791920334E-003   14.100584463187017     
   7.9109438723659452E-003   14.100569670699729     
   7.9828803091227321E-003   14.100554607980566     
   8.0554708841235455E-003   14.100539270093170     
   8.1287215456313476E-003   14.100523652011033     
   8.2026382959983265E-003   14.100507748615822     
   8.2772271921577444E-003   14.100491554695743     
   8.3524943461202646E-003   14.100475064943785     
   8.4284459254747764E-003   14.100458273956024     
   8.5050881538937979E-003   14.100441176229833     
   8.5824273116434421E-003   14.100423766162072     
   8.6604697360980493E-003   14.100406038047279     
   8.7392218222594915E-003   14.100387986075772     
   8.8186900232811848E-003   14.100369604331776     
   8.8988808509968854E-003   14.100350886791453     
   8.9798008764542872E-003   14.100331827320959     
   9.0614567304534658E-003   14.100312419674415     
   9.1438551040902236E-003   14.100292657491869     
   9.2270027493043839E-003   14.100272534297215     
   9.3109064794330513E-003   14.100252043496072     
   9.3955731697689289E-003   14.100231178373624     
   9.4810097581236770E-003   14.100209932092419     
   9.5672232453964390E-003   14.100188297690119     
   9.6542206961474954E-003   14.100166268077253     
   9.7420092391771636E-003   14.100143836034857     
   9.8305960681099435E-003   14.100120994212137     
   9.9199884419839887E-003   14.100097735124050     
   1.0010193685845922E-002   14.100074051148866     
   1.0101219191351082E-002   14.100049934525639     
   1.0193072417369199E-002   14.100025377351717     
   1.0285760890595611E-002   14.100000371580109     
   1.0379292206168006E-002   14.099974909016876     
   1.0473674028288801E-002   14.099948981318439     
   1.0568914090853152E-002   14.099922579988851     
   1.0665020198082706E-002   14.099895696377006     
   1.0762000225165087E-002   14.099868321673831     
   1.0859862118899213E-002   14.099840446909369     
   1.0958613898346486E-002   14.099812062949868     
   1.1058263655487878E-002   14.099783160494786     
   1.1158819555887026E-002   14.099753730073735     
   1.1260289839359332E-002   14.099723762043389     
   1.1362682820647153E-002   14.099693246584339     
   1.1466006890101139E-002   14.099662173697858     
   1.1570270514367756E-002   14.099630533202632     
   1.1675482237083064E-002   14.099598314731448     
   1.1781650679572816E-002   14.099565507727778     
   1.1888784541558893E-002   14.099532101442334     
   1.1996892601872200E-002   14.099498084929545     
   1.2105983719172018E-002   14.099463447043982     
   1.2216066832671908E-002   14.099428176436708     
   1.2327150962872213E-002   14.099392261551554     
   1.2439245212299218E-002   14.099355690621362     
   1.2552358766251045E-002   14.099318451664100     
   1.2666500893550309E-002   14.099280532478975     
   1.2781680947303637E-002   14.099241920642415     
   1.2897908365668084E-002   14.099202603504022     
   1.3015192672624524E-002   14.099162568182422     
   1.3133543478758058E-002   14.099121801561051     
   1.3252970482045550E-002   14.099080290283876     
   1.3373483468650284E-002   14.099038020751006     
   1.3495092313723886E-002   14.098994979114259     
   1.3617806982215507E-002   14.098951151272626     
   1.3741637529688386E-002   14.098906522867656     
   1.3866594103143821E-002   14.098861079278763     
   1.3992686941852652E-002   14.098814805618439     
   1.4119926378194283E-002   14.098767686727388     
   1.4248322838503347E-002   14.098719707169577     
   1.4377886843924072E-002   14.098670851227162     
   1.4508629011272414E-002   14.098621102895372     
   1.4640560053906009E-002   14.098570445877270     
   1.4773690782602076E-002   14.098518863578416     
   1.4908032106443266E-002   14.098466339101440     
   1.5043595033711587E-002   14.098412855240529     
   1.5180390672790452E-002   14.098358394475788     
   1.5318430233074921E-002   14.098302938967521     
   1.5457725025890243E-002   14.098246470550393     
   1.5598286465418724E-002   14.098188970727486     
   1.5740126069635037E-002   14.098130420664271     
   1.5883255461250037E-002   14.098070801182427     
   1.6027686368663165E-002   14.098010092753594     
   1.6173430626923481E-002   14.097948275492968     
   1.6320500178699484E-002   14.097885329152820     
   1.6468907075257711E-002   14.097821233115873     
   1.6618663477450255E-002   14.097755966388558     
   1.6769781656711259E-002   14.097689507594156     
   1.6922273996062463E-002   14.097621834965816     
   1.7076152991127903E-002   14.097552926339448     
   1.7231431251157846E-002   14.097482759146455     
   1.7388121500062005E-002   14.097411310406400     
   1.7546236577452190E-002   14.097338556719455     
   1.7705789439694405E-002   14.097264474258793     
   1.7866793160970545E-002   14.097189038762776     
   1.8029260934349697E-002   14.097112225527058     
   1.8193206072869256E-002   14.097034009396481     
   1.8358642010625790E-002   14.096954364756897     
   1.8525582303875895E-002   14.096873265526774     
   1.8694040632147014E-002   14.096790685148694     
   1.8864030799358385E-002   14.096706596580677     
   1.9035566734952162E-002   14.096620972287344     
   1.9208662495034827E-002   14.096533784230942     
   1.9383332263529000E-002   14.096445003862179     
   1.9559590353335689E-002   14.096354602110898     
   1.9737451207507140E-002   14.096262549376618     
   1.9916929400430331E-002   14.096168815518830     
   2.0098039639021237E-002   14.096073369847192     
   2.0280796763929958E-002   14.095976181111498     
   2.0465215750756795E-002   14.095877217491489     
   2.0651311711279399E-002   14.095776446586468     
   2.0839099894691054E-002   14.095673835404723     
   2.1028595688850252E-002   14.095569350352763     
   2.1219814621541603E-002   14.095462957224376     
   2.1412772361748243E-002   14.095354621189452     
   2.1607484720935759E-002   14.095244306782625     
   2.1803967654347847E-002   14.095131977891729     
   2.2002237262313724E-002   14.095017597745990     
   2.2202309791567416E-002   14.094901128904059     
   2.2404201636579083E-002   14.094782533241792     
   2.2607929340898402E-002   14.094661771939837     
   2.2813509598510199E-002   14.094538805470968     
   2.3020959255202401E-002   14.094413593587189     
   2.3230295309946421E-002   14.094286095306657     
   2.3441534916290092E-002   14.094156268900282     
   2.3654695383763285E-002   14.094024071878161     
   2.3869794179296296E-002   14.093889460975724     
   2.4086848928651126E-002   14.093752392139642     
   2.4305877417865773E-002   14.093612820513471     
   2.4526897594711702E-002   14.093470700423048     
   2.4749927570164493E-002   14.093325985361627     
   2.4974985619887924E-002   14.093178627974723     
   2.5202090185731524E-002   14.093028580044695     
   2.5431259877241739E-002   14.092875792475057     
   2.5662513473186859E-002   14.092720215274497     
   2.5895869923095786E-002   14.092561797540597     
   2.6131348348810830E-002   14.092400487443284     
   2.6368968046054573E-002   14.092236232207956     
   2.6608748486011028E-002   14.092068978098318     
   2.6850709316921177E-002   14.091898670398907     
   2.7094870365692962E-002   14.091725253397280     
   2.7341251639525981E-002   14.091548670365922     
   2.7589873327550921E-002   14.091368863543785     
   2.7840755802483911E-002   14.091185774117523     
   2.8093919622295918E-002   14.090999342202357     
   2.8349385531897316E-002   14.090809506822637     
   2.8607174464837778E-002   14.090616205892003     
   2.8867307545021641E-002   14.090419376193244     
   2.9129806088438830E-002   14.090218953357740     
   2.9394691604911562E-002   14.090014871844566     
   2.9661985799856926E-002   14.089807064919214     
   2.9931710576065456E-002   14.089595464631913     
   3.0203888035495924E-002   14.089380001795579     
   3.0478540481086433E-002   14.089160605963379     
   3.0755690418581963E-002   14.088937205405834     
   3.1035360558378567E-002   14.088709727087585     
   3.1317573817384307E-002   14.088478096643676     
   3.1602353320897149E-002   14.088242238355457     
   3.1889722404499866E-002   14.088002075126017     
   3.2179704615972284E-002   14.087757528455199     
   3.2472323717220773E-002   14.087508518414158     
   3.2767603686225430E-002   14.087254963619461     
   3.3065568719004845E-002   14.086996781206715     
   3.3366243231598820E-002   14.086733886803730     
   3.3669651862069064E-002   14.086466194503199     
   3.3975819472518105E-002   14.086193616834883     
   3.4284771151126575E-002   14.085916064737290     
   3.4596532214208969E-002   14.085633447528878     
   3.4911128208288157E-002   14.085345672878676     
   3.5228584912188714E-002   14.085052646776457     
   3.5548928339149327E-002   14.084754273502318     
   3.5872184738954378E-002   14.084450455595734     
   3.6198380600084894E-002   14.084141093824062     
   3.6527542651889129E-002   14.083826087150467     
   3.6859697866772817E-002   14.083505332701298     
   3.7194873462409343E-002   14.083178725732852     
   3.7533096903970067E-002   14.082846159597542     
   3.7874395906374862E-002   14.082507525709509     
   3.8218798436563166E-002   14.082162713509542     
   3.8566332715785655E-002   14.081811610429437     
   3.8917027221916770E-002   14.081454101855678     
   3.9270910691788272E-002   14.081090071092502     
   3.9628012123544026E-002   14.080719399324273     
   3.9988360779016158E-002   14.080341965577187     
   4.0351986186122853E-002   14.079957646680340     
   4.0718918141287981E-002   14.079566317226019     
   4.1089186711882643E-002   14.079167849529387     
   4.1462822238689030E-002   14.078762113587342     
   4.1839855338386564E-002   14.078348977036738     
   4.2220316906060769E-002   14.077928305111792     
   4.2604238117734852E-002   14.077499960600777     
   4.2991650432924362E-002   14.077063803801929     
   4.3382585597215077E-002   14.076619692478570     
   4.3777075644864299E-002   14.076167481813426     
   4.4175152901425860E-002   14.075707024362156     
   4.4576849986398916E-002   14.075238170006036     
   4.4982199815900910E-002   14.074760765903811     
   4.5391235605364795E-002   14.074274656442693     
   4.5803990872260815E-002   14.073779683188494     
   4.6220499438842946E-002   14.073275684834870     
   4.6640795434920473E-002   14.072762497151674     
   4.7064913300654612E-002   14.072239952932383     
   4.7492887789380656E-002   14.071707881940620     
   4.7924753970455737E-002   14.071166110855698     
   4.8360547232132518E-002   14.070614463217233     
   4.8800303284458994E-002   14.070052759368760     
   4.9244058162204660E-002   14.069480816400372     
   4.9691848227813293E-002   14.068898448090325     
   5.0143710174382627E-002   14.068305464845649     
   5.0599681028671011E-002   14.067701673641674     
   5.1059798154131544E-002   14.067086877960524     
   5.1524099253973693E-002   14.066460877728524     
   5.1992622374252818E-002   14.065823469252484     
   5.2465405906987762E-002   14.065174445154922     
   5.2942488593306761E-002   14.064513594308069     
   5.3423909526622064E-002   14.063840701766813     
   5.3909708155833271E-002   14.063155548700379     
   5.4399924288559942E-002   14.062457912322891     
   5.4894598094403495E-002   14.061747565822660     
   5.5393770108238850E-002   14.061024278290279     
   5.5897481233535912E-002   14.060287814645454     
   5.6405772745711361E-002   14.059537935562549     
   5.6918686295510834E-002   14.058774397394831     
   5.7436263912421910E-002   14.057996952097438     
   5.7958548008118123E-002   14.057205347148949     
   5.8485581379934252E-002   14.056399325471654     
   5.9017407214373319E-002   14.055578625350376     
   5.9554069090645319E-002   14.054742980349952     
   6.0095610984238261E-002   14.053892119231239     
   6.0642077270521656E-002   14.053025765865693     
   6.1193512728382686E-002   14.052143639148456     
   6.1749962543895601E-002   14.051245452909972     
   6.2311472314024265E-002   14.050330915826036     
   6.2878088050358577E-002   14.049399731326339     
   6.3449856182884790E-002   14.048451597501419     
   6.4026823563790039E-002   14.047486207008012     
   6.4609037471301575E-002   14.046503246972790     
   6.5196545613560850E-002   14.045502398894454     
   6.5789396132532915E-002   14.044483338544124     
   6.6387637607951175E-002   14.043445735864077     
   6.6991319061298224E-002   14.042389254864712     
   6.7600489959822832E-002   14.041313553519769     
   6.8215200220593311E-002   14.040218283659799     
   6.8835500214587925E-002   14.039103090863785     
   6.9461440770822405E-002   14.037967614348917     
   7.0093073180515039E-002   14.036811486858561     
   7.0730449201289541E-002   14.035634334548268     
   7.1373621061416259E-002   14.034435776869891     
   7.2022641464091930E-002   14.033215426453745     
   7.2677563591758212E-002   14.031972888988758     
   7.3338441110459687E-002   14.030707763100661     
   7.4005328174241394E-002   14.029419640228083     
   7.4678279429586283E-002   14.028108104496589     
   7.5357350019893160E-002   14.026772732590628     
   7.6042595589995279E-002   14.025413093623305     
   7.6734072290719949E-002   14.024028749004033     
   7.7431836783489791E-002   14.022619252303953     
   7.8135946244965671E-002   14.021184149119113     
   7.8846458371731862E-002   14.019722976931412     
   7.9563431385023947E-002   14.018235264967220     
   8.0286924035499557E-002   14.016720534053679     
   8.1016995608052561E-002   14.015178296472625     
   8.1753705926671041E-002   14.013608055812130     
   8.2497115359339415E-002   14.012009306815601     
   8.3247284822985185E-002   14.010381535228397     
   8.4004275788470570E-002   14.008724217641975     
   8.4768150285629618E-002   14.007036821335465     
   8.5538970908351150E-002   14.005318804114710     
   8.6316800819707731E-002   14.003569614148653     
   8.7101703757131568E-002   14.001788689803121     
   8.7893744037637236E-002   13.999975459471917     
   8.8692986563092005E-002   13.998129341405193     
   8.9499496825534111E-002   13.996249743535063     
   9.0313340912539203E-002   13.994336063298457     
   9.1134585512635979E-002   13.992387687457127     
   9.1963297920770543E-002   13.990403991914791     
   9.2799546043820957E-002   13.988384341531409     
   9.3643398406161552E-002   13.986328089934496     
   9.4494924155278132E-002   13.984234579327453     
   9.5354193067433937E-002   13.982103140294942     
   9.6221275553387470E-002   13.979933091605160     
   9.7096242664162030E-002   13.977723740009070     
   9.7979166096867826E-002   13.975474380036477     
   9.8870118200577062E-002   13.973184293788982     
   9.9769171982252394E-002   13.970852750729714     
  0.10067640111272932        13.968479007469849     
  0.10159187993275297        13.966062307551855     
  0.10251568345906974        13.963601881229424     
  0.10344788739057439        13.961096945244066     
  0.10438856811451307        13.958546702598341     
  0.10533780271274254        13.955950342325641     
  0.10629566896804665        13.953307039256563     
  0.10726224537050993        13.950615953781732     
  0.10823761112394929        13.947876231611193     
  0.10922184615240427        13.945087003530157     
  0.11021503110668610        13.942247385151179     
  0.11121724737098661        13.939356476662750     
  0.11222857706954686        13.936413362574173     
  0.11324910307338681        13.933417111456761     
  0.11427890900709586        13.930366775681311     
  0.11531807925568530        13.927261391151820     
  0.11636669897150308        13.924099977035405     
  0.11742485408121138        13.920881535488379     
  0.11849263129282771        13.917605051378505     
  0.11957011810282989        13.914269492003349     
  0.12065740280332586        13.910873806804723     
  0.12175457448928852        13.907416927079185     
  0.12286172306585640        13.903897765684578     
  0.12397893925570072        13.900315216742575     
  0.12510631460645946        13.896668155337213     
  0.12624394149823903        13.892955437209380     
  0.12739191315118412        13.889175898447252     
  0.12855032363311636        13.885328355172630     
  0.12971926786724258        13.881411603223208     
  0.13089884163993298        13.877424417830689     
  0.13208914160857016        13.873365553294805     
  0.13329026530946952        13.869233742653162     
  0.13450231116587155        13.865027697346946     
  0.13572537849600694        13.860746106882448     
  0.13695956752123498        13.856387638488425     
  0.13820497937425597        13.851950936769287     
  0.13946171610739824        13.847434623354067     
  0.14072988070098078        13.842837296541262     
  0.14200957707175133        13.838157530939434     
  0.14330091008140206        13.833393877103674     
  0.14460398554516185        13.828544861167870     
  0.14591891024046724        13.823608984472859     
  0.14724579191571208        13.818584723190348     
  0.14858473929907656        13.813470527942812     
  0.14993586210743687        13.808264823419201     
  0.15129927105535554        13.802966007986605     
  0.15267507786415377        13.797572453297835     
  0.15406339527106611        13.792082503895006     
  0.15546433703847856        13.786494476809116     
  0.15687801796325043        13.780806661155678     
  0.15830455388612105        13.775017317726435     
  0.15974406170120239        13.769124678577242     
  0.16119665936555722        13.763126946612147     
  0.16266246590886518        13.757022295163697     
  0.16414160144317616        13.750808867569615     
  0.16563418717275277        13.744484776745839     
  0.16714034540400199        13.738048104756041     
  0.16866019955549741        13.731496902377705     
  0.17019387416809234        13.724829188664849     
  0.17174149491512519        13.718042950507451     
  0.17330318861271718        13.711136142187785     
  0.17487908323016441        13.704106684933635     
  0.17646930790042353        13.696952466468613     
  0.17807399293069368        13.689671340559663     
  0.17969326981309383        13.682261126561901     
  0.18132727123543790        13.674719608960881     
  0.18297613109210731        13.667044536912535     
  0.18463998449502275        13.659233623780835     
  0.18631896778471560        13.651284546673438     
  0.18801321854150002        13.643194945975425     
  0.18972287559674669        13.634962424881367     
  0.19144807904425887        13.626584548925901     
  0.19318897025175230        13.618058845513005     
  0.19494569187243899        13.609382803444246     
  0.19671838785671678        13.600553872446175     
  0.19850720346396486        13.591569462697148     
  0.20031228527444692        13.582426944353838     
  0.20213378120132211        13.573123647077665     
  0.20397184050276554        13.563656859561497     
  0.20582661379419892        13.554023829056838     
  0.20769825306063222        13.544221760901905     
  0.20958691166911797        13.534247818050829     
  0.21149274438131835        13.524099120604431     
  0.21341590736618682        13.513772745342790     
  0.21535655821276506        13.503265725260164     
  0.21731485594309632        13.492575049102451     
  0.21929096102525583        13.481697660907802     
  0.22128503538650021        13.470630459550652     
  0.22329724242653623        13.459370298289691     
  0.22532774703091002        13.447913984320303     
  0.22737671558451836        13.436258278331792     
  0.22944431598524273        13.424399894070101     
  0.23153071765770719        13.412335497906392     
  0.23363609156716159        13.400061708412178     
  0.23576061023349082        13.387575095941425     
  0.23790444774535158        13.374872182220406     
  0.24006777977443772        13.361949439945764     
  0.24225078358987515        13.348803292391533     
  0.24445363807274781        13.335430113025783     
  0.24667652373075558        13.321826225137519     
  0.24891962271300569        13.307987901474657     
  0.25118311882493832        13.293911363893775     
  0.25346719754338826        13.279592783022421     
  0.25577204603178322        13.265028277934828     
  0.25809785315548073        13.250213915841858     
  0.26044480949724391        13.235145711796033     
  0.26281310737285868        13.219819628412619     
  0.26520294084689244        13.204231575607638     
  0.26761450574859630        13.188377410353814     
  0.27004799968795162        13.172252936455475     
  0.27250362207186313        13.155853904343434     
  0.27498157412049845        13.139176010890937     
  0.27748205888377681        13.122214899251793     
  0.28000528125800739        13.104966158721865     
  0.28255144800267912        13.087425324625077     
  0.28512076775740325        13.069587878225203     
  0.28771345105900947        13.051449246664744     
  0.29032971035879812        13.033004802932105     
  0.29296976003994901        13.014249865858567     
  0.29563381643508840        12.995179700146361     
  0.29832209784401592        12.975789516429337     
  0.30103482455159275        12.956074471367714     
  0.30377221884579214        12.936029667778433     
  0.30653450503591445        12.915650154802732     
  0.30932190947096760        12.894930928112556     
  0.31213466055821459        12.873866930157474     
  0.31497298878188990        12.852453050453873     
  0.31783712672208592        12.830684125918168     
  0.32072730907381131        12.808554941245891     
  0.32364377266622246        12.786060229338524     
  0.32658675648202962        12.763194671780042     
  0.32955650167708023        12.739952899365090     
  0.33255325160011967        12.716329492680925     
  0.33557725181273163        12.692318982745142     
  0.33862875010946059        12.667915851701375     
  0.34170799653811640        12.643114533575165     
  0.34481524342026387        12.617909415092235     
  0.34795074537189885        12.592294836561544     
  0.35111475932431191        12.566265092825414     
  0.35430754454514224        12.539814434279194     
  0.35752936265962243        12.512937067962964     
  0.36078047767201676        12.485627158727754     
  0.36406115598725491        12.457878830478922     
  0.36737166643276103        12.429686167499312     
  0.37071228028048292        12.401043215854886     
  0.37408327126912022        12.371943984885592     
  0.37748491562655584        12.342382448784301     
  0.38091749209249021        12.312352548266606     
  0.38438128194128235        12.281848192334444     
  0.38787656900499806        12.250863260136517     
  0.39140363969666808        12.219391602928463     
  0.39496278303375698        12.187427046135850     
  0.39855429066184683        12.154963391523165     
  0.40217845687853465        12.121994419471839     
  0.40583557865754843        12.088513891370546     
  0.40952595567308175        12.054515552121035     
  0.41324989032434972        12.019993132762705     
  0.41700768776036873        11.984940353219232     
  0.42079965590496082        11.949350925170609     
  0.42462610548198609        11.913218555053907     
  0.42848735004080390        11.876536947196190     
  0.43238370598196607        11.839299807082934     
  0.43631549258314384        11.801500844765391     
  0.44028303202528968        11.763133778410324     
  0.44428664941903834        11.724192337995534     
  0.44832667283134697        11.684670269154624     
  0.45240343331237765        11.644561337174395     
  0.45651726492262473        11.603859331148344     
  0.46066850476028859        11.562558068289608     
  0.46485749298889817        11.520651398406736     
  0.46908457286518529        11.478133208545648     
  0.47335009076721141        11.434997427801054     
  0.47765439622275141        11.391238032300603     
  0.48199784193793421        11.346849050364922     
  0.48638078382614491        11.301824567846690     
  0.49080358103718896        11.256158733651761     
  0.49526659598672212        11.209845765445348     
  0.49977019438594739        11.162879955546041     
  0.50431474527158271        11.115255677010461     
  0.50890062103610068        11.066967389911150     
  0.51352819745824319        11.018009647810155     
  0.51819785373381400        10.968377104430679     
  0.52290997250675098        10.918064520528915     
  0.52766493990048058        10.867066770968082     
  0.53246314554955854        10.815378851996405     
  0.53730498263159687        10.762995888730673     
  0.54219084789948246        10.709913142846640     
  0.54712114171388737        10.656126020477444     
  0.55209626807607604        10.601630080320794     
  0.55711663466100991        10.546421041955508     
  0.56218265285075342        10.490494794367629     
  0.56729473776818395        10.433847404686020     
  0.57245330831100771        10.376475127126985     
  0.57765878718608576        10.318374412147090     
  0.58291160094407124        10.259541915803045     
  0.58821218001436237        10.199974509316867     
  0.59356095874037307        10.139669288844434     
  0.59895837541512376        10.078623585444728     
  0.60440487231715678        10.016834975246809     
  0.60990089574677753        9.9543012898109478     
  0.61544689606262537        9.8910206266797847     
  0.62104332771857762        9.8269913601148531     
  0.62669064930098839        9.7622121520131344     
  0.63238932356626654        9.6966819629977632     
  0.63813981747879467        9.6304000636762339     
  0.64394260224919431        9.5633660460588636     
  0.64979815337293723        9.4955798351294618     
  0.65570695066930962        9.4270417005594549     
  0.66166947832072909        9.3577522685558883     
  0.66768622491241991        9.2877125338329538     
  0.67375768347244969        9.2169238716957693     
  0.67988435151212834        9.1453880502243834     
  0.68606673106677607        9.0731072425448538     
  0.69230532873686190        9.0000840391735881     
  0.69860065572951457        8.9263214604199135     
  0.70495322790041370        8.8518229688309535     
  0.71136356579605919        8.7765924816618934     
  0.71783219469642656        8.7006343833535240     
  0.72435964465801028        8.6239535379980516     
  0.73094645055725704        8.5465553017728624     
  0.73759315213439569        8.4684455353209245     
  0.74430029403766484        8.3896306160553085     
  0.75106842586794231        8.3101174503641104     
  0.75789810222378162        8.2299134856908633     
  0.76478988274685655        8.1490267224644022     
  0.77174433216782012        8.0674657258507008     
  0.77876202035257980        7.9852396372982311     
  0.78584352234899413        7.9023581858469294     
  0.79298941843399362        7.8188316991696949     
  0.80020029416112959        7.7346711143141214     
  0.80747674040855688        7.6498879881107884     
  0.81481935342745127        7.5644945072133769     
  0.82222873489086823        7.4785034977344438     
  0.82970549194304555        7.3919284344396541     
  0.83725023724915404        7.3047834494619464     
  0.84486358904550118        7.2170833404960284     
  0.85254617119019127        7.1288435784324351     
  0.86029861321424561        7.0400803143892903     
  0.86812155037318794        6.9508103860989321     
  0.87601562369909924        6.8610513236054578     
  0.88398148005314525        6.7708213542285174     
  0.89201977217858242        6.6801394067476005     
  0.90013115875424499        6.5890251147605445     
  0.90831630444851896        6.4974988191690981     
  0.91657587997380674        6.4055815697439300     
  0.92491056214148770        6.3132951257209458     
  0.93332103391737675        6.2206619553804536     
  0.94180798447768921        6.1277052345604348     
  0.95037210926551374        6.0344488440551416     
  0.95901411004779791        5.9409173658503143     
  0.96773469497285414        5.8471360781464394     
  0.97653457862838622        5.7531309491219815     
  0.98541448210004456        5.6589286293890027     
  0.99437513303051472        5.5645564430943830     
   1.0034172656791411        5.4700423776208540     
   1.0125416209820957        5.3754150718431690     
   1.0217489466130900        5.2807038028962534     
   1.0310399970446442        5.1859384714137136     
   1.0404155336099086        5.0911495851971180     
   1.0498763245650495        4.9963682412785033     
   1.0594231451522036        4.9016261063410491     
   1.0690567776630011        4.8069553954656659     
   1.0787780115026704        4.7123888491740198     
   1.0885876432547241        4.6179597087420667     
   1.0984864767462319        4.5237016897616567     
   1.1084753231136892        4.4296489539316362     
   1.1185550008694840        4.3358360790642516     
   1.1287263359689670        4.2422980272970943     
   1.1389901618781337        4.1490701115057744     
   1.1493473196419197        4.0561879599177226     
   1.1597986579531188        3.9636874789329735     
   1.1703450332219272        3.8716048141637729     
   1.1809873096461196        3.7799763097109453     
   1.1917263592818641        3.6888384657014304     
   1.2025630621151808        3.5982278941182950     
   1.2134983061340499        3.5081812729615298     
   1.2245329874011757        3.4187352987853616     
   1.2356680101274133        3.3299266376654639     
   1.2469042867458608        3.2417918746573227     
   1.2582427379866272        3.1543674618151312     
   1.2696842929522791        3.0676896648489591     
   1.2812298891939742        2.9817945085063760     
   1.2928804727882861        2.8967177207734052     
   1.3046369984147288        2.8124946759984120     
   1.3165004294339857        2.7291603370513724     
   1.3284717379668496        2.6467491966398358     
   1.3405519049738810        2.5652952179117130     
   1.3527419203357904        2.4848317744838653     
   1.3650427829345524        2.4053915900441116     
   1.3774555007352556        2.3270066776827956     
   1.3899810908686991        2.2497082791183884     
   1.4026205797147373        2.1735268039895916     
   1.4153750029863872        2.0984917693940641     
   1.4282454058146932        2.0246317398612730     
   1.4412328428343713        1.9519742679535981     
   1.4543383782702273        1.8805458356962568     
   1.4675630860243625        1.8103717970421240     
   1.4809080497641716        1.7414763215825559     
   1.4943743630111415        1.6738823397194944     
   1.5079631292304581        1.6076114895175211     
   1.5216754619214259        1.5426840654570166     
   1.5355124847087116        1.4791189693110391     
   1.5494753314344172        1.4169336633690688     
   1.5635651462509896        1.3561441262300882     
   1.5777830837149756        1.2967648113856811     
   1.5921303088816290        1.2388086088108077     
   1.6066079974003791        1.1822868097756167     
   1.6212173356111654        1.1272090750860284     
   1.6359595206416504        1.0735834069538104     
   1.6508357605053150        1.0214161246885276     
   1.6658472742004458       0.97071184439387059     
   1.6809952918100244       0.92147346283966403     
   1.6962810546025222       0.87370214566812943     
   1.7117058151336138       0.82739732007884925     
   1.7272708373488150       0.78255667212130320     
   1.7429773966870532       0.73917614870692028     
   1.7588267801851805       0.69724996443424148     
   1.7748202865834375       0.65677061330122222     
   1.7909592264318741       0.61772888535785653     
   1.8072449221977414       0.58011388833031974     
   1.8236787083738555       0.54391307422485391     
   1.8402619315879525       0.50911227089562250     
   1.8569959507130314       0.47569571853606196     
   1.8738821369787075       0.44364611102780815     
   1.8909218740835705       0.41294464205541548     
   1.9081165583085715       0.38357105586876938     
   1.9254675986314367       0.35550370254876423     
   1.9429764168421226       0.32871959760539549     
   1.9606444476593214       0.30319448571132357     
   1.9784731388480266       0.27890290834827008     
   1.9964639513381648       0.25581827511861771     
