   1.2157750375245608E-006   16.061091288118888     
   1.2268304217503132E-006   16.061091288118526     
   1.2379863356930006E-006   16.061091288118153     
   1.2492436934976025E-006   16.061091288117780     
   1.2606034176216759E-006   16.061091288117396     
   1.2720664389109436E-006   16.061091288117005     
   1.2836336966755701E-006   16.061091288116607     
   1.2953061387671314E-006   16.061091288116202     
   1.3070847216562844E-006   16.061091288115790     
   1.3189704105111431E-006   16.061091288115371     
   1.3309641792763655E-006   16.061091288114945     
   1.3430670107529624E-006   16.061091288114508     
   1.3552798966788316E-006   16.061091288114071     
   1.3676038378100211E-006   16.061091288113616     
   1.3800398440027357E-006   16.061091288113161     
   1.3925889342960866E-006   16.061091288112689     
   1.4052521369955933E-006   16.061091288112216     
   1.4180304897574480E-006   16.061091288111729     
   1.4309250396735413E-006   16.061091288111236     
   1.4439368433572645E-006   16.061091288110731     
   1.4570669670300925E-006   16.061091288110219     
   1.4703164866089511E-006   16.061091288109697     
   1.4836864877943817E-006   16.061091288109168     
   1.4971780661595053E-006   16.061091288108628     
   1.5107923272397984E-006   16.061091288108077     
   1.5245303866236810E-006   16.061091288107516     
   1.5383933700439333E-006   16.061091288106947     
   1.5523824134699398E-006   16.061091288106368     
   1.5664986632007738E-006   16.061091288105771     
   1.5807432759591288E-006   16.061091288105171     
   1.5951174189861029E-006   16.061091288104556     
   1.6096222701368451E-006   16.061091288103931     
   1.6242590179770730E-006   16.061091288103295     
   1.6390288618804663E-006   16.061091288102652     
   1.6539330121269464E-006   16.061091288101991     
   1.6689726900018506E-006   16.061091288101316     
   1.6841491278960079E-006   16.061091288100634     
   1.6994635694067220E-006   16.061091288099938     
   1.7149172694396776E-006   16.061091288099227     
   1.7305114943117691E-006   16.061091288098506     
   1.7462475218548672E-006   16.061091288097771     
   1.7621266415205263E-006   16.061091288097021     
   1.7781501544856459E-006   16.061091288096261     
   1.7943193737590944E-006   16.061091288095483     
   1.8106356242892981E-006   16.061091288094694     
   1.8271002430728111E-006   16.061091288093888     
   1.8437145792638741E-006   16.061091288093067     
   1.8604799942849665E-006   16.061091288092236     
   1.8773978619383649E-006   16.061091288091383     
   1.8944695685187157E-006   16.061091288090520     
   1.9116965129266336E-006   16.061091288089639     
   1.9290801067833284E-006   16.061091288088740     
   1.9466217745462792E-006   16.061091288087827     
   1.9643229536259579E-006   16.061091288086896     
   1.9821850945036125E-006   16.061091288085947     
   2.0002096608501265E-006   16.061091288084985     
   2.0183981296459527E-006   16.061091288084004     
   2.0367519913021436E-006   16.061091288082999     
   2.0552727497824774E-006   16.061091288081982     
   2.0739619227266989E-006   16.061091288080945     
   2.0928210415748767E-006   16.061091288079890     
   2.1118516516928955E-006   16.061091288078813     
   2.1310553124990857E-006   16.061091288077719     
   2.1504335975920070E-006   16.061091288076604     
   2.1699880948793940E-006   16.061091288075470     
   2.1897204067082717E-006   16.061091288074312     
   2.2096321499962577E-006   16.061091288073136     
   2.2297249563640559E-006   16.061091288071935     
   2.2500004722691567E-006   16.061091288070717     
   2.2704603591407502E-006   16.061091288069473     
   2.2911062935158696E-006   16.061091288068209     
   2.3119399671767712E-006   16.061091288066919     
   2.3329630872895633E-006   16.061091288065604     
   2.3541773765440932E-006   16.061091288064272     
   2.3755845732951148E-006   16.061091288062912     
   2.3971864317047277E-006   16.061091288061526     
   2.4189847218861222E-006   16.061091288060116     
   2.4409812300486251E-006   16.061091288058677     
   2.4631777586440656E-006   16.061091288057213     
   2.4855761265144764E-006   16.061091288055724     
   2.5081781690411305E-006   16.061091288054207     
   2.5309857382949400E-006   16.061091288052662     
   2.5540007031882164E-006   16.061091288051092     
   2.5772249496278190E-006   16.061091288049489     
   2.6006603806696865E-006   16.061091288047859     
   2.6243089166747813E-006   16.061091288046196     
   2.6481724954664473E-006   16.061091288044508     
   2.6722530724892003E-006   16.061091288042785     
   2.6965526209689644E-006   16.061091288041030     
   2.7210731320747617E-006   16.061091288039247     
   2.7458166150818719E-006   16.061091288037428     
   2.7707850975364817E-006   16.061091288035577     
   2.7959806254218253E-006   16.061091288033690     
   2.8214052633258366E-006   16.061091288031772     
   2.8470610946103282E-006   16.061091288029818     
   2.8729502215817092E-006   16.061091288027828     
   2.8990747656632490E-006   16.061091288025803     
   2.9254368675689169E-006   16.061091288023739     
   2.9520386874787969E-006   16.061091288021636     
   2.9788824052160963E-006   16.061091288019497     
   3.0059702204257680E-006   16.061091288017320     
   3.0333043527547558E-006   16.061091288015099     
   3.0608870420338762E-006   16.061091288012843     
   3.0887205484613578E-006   16.061091288010541     
   3.1168071527880461E-006   16.061091288008200     
   3.1451491565042961E-006   16.061091288005816     
   3.1737488820285614E-006   16.061091288003386     
   3.2026086728976997E-006   16.061091288000913     
   3.2317308939590082E-006   16.061091287998394     
   3.2611179315640053E-006   16.061091287995829     
   3.2907721937639743E-006   16.061091287993218     
   3.3206961105072871E-006   16.061091287990561     
   3.3508921338385178E-006   16.061091287987853     
   3.3813627380993723E-006   16.061091287985093     
   3.4121104201314396E-006   16.061091287982290     
   3.4431376994807943E-006   16.061091287979430     
   3.4744471186044488E-006   16.061091287976524     
   3.5060412430786934E-006   16.061091287973554     
   3.5379226618093243E-006   16.061091287970537     
   3.5700939872437869E-006   16.061091287967464     
   3.6025578555852449E-006   16.061091287964334     
   3.6353169270085985E-006   16.061091287961151     
   3.6683738858784663E-006   16.061091287957908     
   3.7017314409691490E-006   16.061091287954600     
   3.7353923256865946E-006   16.061091287951236     
   3.7693592982923778E-006   16.061091287947811     
   3.8036351421297232E-006   16.061091287944322     
   3.8382226658515767E-006   16.061091287940769     
   3.8731247036507565E-006   16.061091287937153     
   3.9083441154921901E-006   16.061091287933472     
   3.9438837873472727E-006   16.061091287929720     
   3.9797466314303500E-006   16.061091287925901     
   4.0159355864373469E-006   16.061091287922011     
   4.0524536177865789E-006   16.061091287918053     
   4.0893037178617474E-006   16.061091287914017     
   4.1264889062571342E-006   16.061091287909914     
   4.1640122300250442E-006   16.061091287905736     
   4.2018767639254852E-006   16.061091287901476     
   4.2400856106781223E-006   16.061091287897142     
   4.2786419012165214E-006   16.061091287892729     
   4.3175487949447097E-006   16.061091287888235     
   4.3568094799960622E-006   16.061091287883656     
   4.3964271734945463E-006   16.061091287878998     
   4.4364051218183446E-006   16.061091287874248     
   4.4767466008658671E-006   16.061091287869417     
   4.5174549163241890E-006   16.061091287864496     
   4.5585334039399285E-006   16.061091287859487     
   4.5999854297925852E-006   16.061091287854389     
   4.6418143905703658E-006   16.061091287849191     
   4.6840237138485173E-006   16.061091287843901     
   4.7266168583701946E-006   16.061091287838515     
   4.7695973143298730E-006   16.061091287833026     
   4.8129686036593500E-006   16.061091287827441     
   4.8567342803163383E-006   16.061091287821757     
   4.9008979305756849E-006   16.061091287815966     
   4.9454631733232477E-006   16.061091287810065     
   4.9904336603524261E-006   16.061091287804061     
   5.0358130766634061E-006   16.061091287797950     
   5.0816051407651140E-006   16.061091287791719     
   5.1278136049799274E-006   16.061091287785381     
   5.1744422557511425E-006   16.061091287778929     
   5.2214949139532496E-006   16.061091287772353     
   5.2689754352050275E-006   16.061091287765660     
   5.3168877101854760E-006   16.061091287758842     
   5.3652356649526373E-006   16.061091287751903     
   5.4140232612653006E-006   16.061091287744837     
   5.4632544969076432E-006   16.061091287737639     
   5.5129334060168149E-006   16.061091287730314     
   5.5630640594135133E-006   16.061091287722849     
   5.6136505649355495E-006   16.061091287715250     
   5.6646970677744598E-006   16.061091287707512     
   5.7162077508151743E-006   16.061091287699632     
   5.7681868349787682E-006   16.061091287691610     
   5.8206385795683406E-006   16.061091287683443     
   5.8735672826180322E-006   16.061091287675126     
   5.9269772812452154E-006   16.061091287666656     
   5.9808729520058902E-006   16.061091287658030     
   6.0352587112533106E-006   16.061091287649248     
   6.0901390154998741E-006   16.061091287640302     
   6.1455183617822958E-006   16.061091287631200     
   6.2014012880301104E-006   16.061091287621927     
   6.2577923734375237E-006   16.061091287612484     
   6.3146962388386405E-006   16.061091287602871     
   6.3721175470861074E-006   16.061091287593079     
   6.4300610034332054E-006   16.061091287583110     
   6.4885313559194027E-006   16.061091287572960     
   6.5475333957594266E-006   16.061091287562622     
   6.6070719577358680E-006   16.061091287552095     
   6.6671519205953519E-006   16.061091287541380     
   6.7277782074483223E-006   16.061091287530466     
   6.7889557861724466E-006   16.061091287519353     
   6.8506896698197034E-006   16.061091287508034     
   6.9129849170271618E-006   16.061091287496517     
   6.9758466324314989E-006   16.061091287484782     
   7.0392799670872888E-006   16.061091287472834     
   7.1032901188890934E-006   16.061091287460670     
   7.1678823329973901E-006   16.061091287448278     
   7.2330619022683768E-006   16.061091287435666     
   7.2988341676876784E-006   16.061091287422819     
   7.3652045188080083E-006   16.061091287409738     
   7.4321783941907924E-006   16.061091287396422     
   7.4997612818518299E-006   16.061091287382862     
   7.5679587197109843E-006   16.061091287369052     
   7.6367762960459878E-006   16.061091287354987     
   7.7062196499503486E-006   16.061091287340673     
   7.7762944717954414E-006   16.061091287326089     
   7.8470065036967828E-006   16.061091287311243     
   7.9183615399845663E-006   16.061091287296122     
   7.9903654276784529E-006   16.061091287280728     
   8.0630240669667005E-006   16.061091287265057     
   8.1363434116896385E-006   16.061091287249091     
   8.2103294698275368E-006   16.061091287232841     
   8.2849883039929233E-006   16.061091287216289     
   8.3603260319273599E-006   16.061091287199439     
   8.4363488270027598E-006   16.061091287182276     
   8.5130629187272382E-006   16.061091287164803     
   8.5904745932555818E-006   16.061091287147008     
   8.6685901939043438E-006   16.061091287128892     
   8.7474161216716470E-006   16.061091287110443     
   8.8269588357616853E-006   16.061091287091656     
   8.9072248541140096E-006   16.061091287072529     
   8.9882207539376341E-006   16.061091287053046     
   9.0699531722499767E-006   16.061091287033211     
   9.1524288064207267E-006   16.061091287013014     
   9.2356544147206357E-006   16.061091286992450     
   9.3196368168753097E-006   16.061091286971507     
   9.4043828946240423E-006   16.061091286950180     
   9.4898995922837118E-006   16.061091286928466     
   9.5761939173178260E-006   16.061091286906354     
   9.6632729409107264E-006   16.061091286883840     
   9.7511437985470244E-006   16.061091286860915     
   9.8398136905962931E-006   16.061091286837566     
   9.9292898829030984E-006   16.061091286813799     
   1.0019579707382368E-005   16.061091286789594     
   1.0110690562620192E-005   16.061091286764945     
   1.0202629914480094E-005   16.061091286739845     
   1.0295405296714781E-005   16.061091286714287     
   1.0389024311583500E-005   16.061091286688264     
   1.0483494630474974E-005   16.061091286661764     
   1.0578823994536019E-005   16.061091286634781     
   1.0675020215305885E-005   16.061091286607304     
   1.0772091175356335E-005   16.061091286579327     
   1.0870044828937575E-005   16.061091286550838     
   1.0968889202630047E-005   16.061091286521830     
   1.1068632396002145E-005   16.061091286492289     
   1.1169282582273915E-005   16.061091286462208     
   1.1270848008986788E-005   16.061091286431576     
   1.1373336998679413E-005   16.061091286400391     
   1.1476757949569620E-005   16.061091286368633     
   1.1581119336242593E-005   16.061091286336293     
   1.1686429710345306E-005   16.061091286303363     
   1.1792697701287261E-005   16.061091286269832     
   1.1899932016947607E-005   16.061091286235690     
   1.2008141444388685E-005   16.061091286200920     
   1.2117334850576065E-005   16.061091286165517     
   1.2227521183105130E-005   16.061091286129468     
   1.2338709470934261E-005   16.061091286092761     
   1.2450908825124697E-005   16.061091286055383     
   1.2564128439587117E-005   16.061091286017323     
   1.2678377591835015E-005   16.061091285978563     
   1.2793665643744925E-005   16.061091285939099     
   1.2910002042323557E-005   16.061091285898911     
   1.3027396320481904E-005   16.061091285857994     
   1.3145858097816407E-005   16.061091285816325     
   1.3265397081397193E-005   16.061091285773895     
   1.3386023066563513E-005   16.061091285730690     
   1.3507745937726389E-005   16.061091285686697     
   1.3630575669178572E-005   16.061091285641901     
   1.3754522325911865E-005   16.061091285596284     
   1.3879596064441863E-005   16.061091285549836     
   1.4005807133640216E-005   16.061091285502538     
   1.4133165875574452E-005   16.061091285454378     
   1.4261682726355418E-005   16.061091285405336     
   1.4391368216992455E-005   16.061091285355399     
   1.4522232974256333E-005   16.061091285304549     
   1.4654287721550031E-005   16.061091285252768     
   1.4787543279787455E-005   16.061091285200046     
   1.4922010568280120E-005   16.061091285146357     
   1.5057700605631901E-005   16.061091285091688     
   1.5194624510641955E-005   16.061091285036021     
   1.5332793503215787E-005   16.061091284979334     
   1.5472218905284663E-005   16.061091284921616     
   1.5612912141733366E-005   16.061091284862840     
   1.5754884741336351E-005   16.061091284802991     
   1.5898148337702465E-005   16.061091284742048     
   1.6042714670228236E-005   16.061091284679996     
   1.6188595585059818E-005   16.061091284616808     
   1.6335803036063714E-005   16.061091284552464     
   1.6484349085806282E-005   16.061091284486942     
   1.6634245906542196E-005   16.061091284420229     
   1.6785505781211861E-005   16.061091284352294     
   1.6938141104447912E-005   16.061091284283119     
   1.7092164383590868E-005   16.061091284212679     
   1.7247588239714005E-005   16.061091284140950     
   1.7404425408657565E-005   16.061091284067917     
   1.7562688742072379E-005   16.061091283993544     
   1.7722391208472939E-005   16.061091283917815     
   1.7883545894300092E-005   16.061091283840703     
   1.8046166004993365E-005   16.061091283762178     
   1.8210264866073068E-005   16.061091283682224     
   1.8375855924232203E-005   16.061091283600803     
   1.8542952748438343E-005   16.061091283517900     
   1.8711569031045493E-005   16.061091283433484     
   1.8881718588916074E-005   16.061091283347519     
   1.9053415364553139E-005   16.061091283259987     
   1.9226673427242829E-005   16.061091283170853     
   1.9401506974207257E-005   16.061091283080096     
   1.9577930331767880E-005   16.061091282987679     
   1.9755957956519414E-005   16.061091282893571     
   1.9935604436514459E-005   16.061091282797747     
   2.0116884492458877E-005   16.061091282700168     
   2.0299812978918055E-005   16.061091282600813     
   2.0484404885534099E-005   16.061091282499639     
   2.0670675338254168E-005   16.061091282396614     
   2.0858639600569897E-005   16.061091282291709     
   2.1048313074768149E-005   16.061091282184890     
   2.1239711303193112E-005   16.061091282076113     
   2.1432849969519864E-005   16.061091281965357     
   2.1627744900039575E-005   16.061091281852573     
   2.1824412064956307E-005   16.061091281737731     
   2.2022867579695697E-005   16.061091281620786     
   2.2223127706225468E-005   16.061091281501710     
   2.2425208854387980E-005   16.061091281380456     
   2.2629127583244916E-005   16.061091281256985     
   2.2834900602434156E-005   16.061091281131262     
   2.3042544773539024E-005   16.061091281003243     
   2.3252077111469943E-005   16.061091280872880     
   2.3463514785858725E-005   16.061091280740140     
   2.3676875122465445E-005   16.061091280604973     
   2.3892175604598206E-005   16.061091280467334     
   2.4109433874545736E-005   16.061091280327183     
   2.4328667735023061E-005   16.061091280184471     
   2.4549895150630291E-005   16.061091280039154     
   2.4773134249324708E-005   16.061091279891180     
   2.4998403323906191E-005   16.061091279740502     
   2.5225720833516208E-005   16.061091279587075     
   2.5455105405150380E-005   16.061091279430840     
   2.5686575835184831E-005   16.061091279271754     
   2.5920151090916433E-005   16.061091279109760     
   2.6155850312117002E-005   16.061091278944808     
   2.6393692812601701E-005   16.061091278776843     
   2.6633698081811629E-005   16.061091278605804     
   2.6875885786410857E-005   16.061091278431647     
   2.7120275771897954E-005   16.061091278254302     
   2.7366888064232210E-005   16.061091278073725     
   2.7615742871474566E-005   16.061091277889840     
   2.7866860585443559E-005   16.061091277702602     
   2.8120261783386257E-005   16.061091277511942     
   2.8375967229664426E-005   16.061091277317800     
   2.8633997877456008E-005   16.061091277120106     
   2.8894374870472085E-005   16.061091276918805     
   2.9157119544689447E-005   16.061091276713825     
   2.9422253430098922E-005   16.061091276505099     
   2.9689798252469591E-005   16.061091276292562     
   2.9959775935129069E-005   16.061091276076141     
   3.0232208600759951E-005   16.061091275855766     
   3.0507118573212600E-005   16.061091275631362     
   3.0784528379334435E-005   16.061091275402866     
   3.1064460750815816E-005   16.061091275170185     
   3.1346938626052778E-005   16.061091274933261     
   3.1631985152026622E-005   16.061091274692011     
   3.1919623686200650E-005   16.061091274446348     
   3.2209877798434183E-005   16.061091274196198     
   3.2502771272913850E-005   16.061091273941479     
   3.2798328110102612E-005   16.061091273682102     
   3.3096572528706379E-005   16.061091273417993     
   3.3397528967658540E-005   16.061091273149053     
   3.3701222088122613E-005   16.061091272875203     
   3.4007676775512986E-005   16.061091272596350     
   3.4316918141534123E-005   16.061091272312403     
   3.4628971526238271E-005   16.061091272023269     
   3.4943862500101898E-005   16.061091271728849     
   3.5261616866121016E-005   16.061091271429053     
   3.5582260661925522E-005   16.061091271123779     
   3.5905820161912800E-005   16.061091270812927     
   3.6232321879400725E-005   16.061091270496398     
   3.6561792568800213E-005   16.061091270174085     
   3.6894259227807578E-005   16.061091269845885     
   3.7229749099616761E-005   16.061091269511689     
   3.7568289675151742E-005   16.061091269171385     
   3.7909908695319171E-005   16.061091268824867     
   3.8254634153281600E-005   16.061091268472016     
   3.8602494296751249E-005   16.061091268112719     
   3.8953517630304747E-005   16.061091267746860     
   3.9307732917718840E-005   16.061091267374316     
   3.9665169184327376E-005   16.061091266994964     
   4.0025855719399749E-005   16.061091266608681     
   4.0389822078540884E-005   16.061091266215342     
   4.0757098086113155E-005   16.061091265814817     
   4.1127713837680231E-005   16.061091265406979     
   4.1501699702473216E-005   16.061091264991685     
   4.1879086325879161E-005   16.061091264568809     
   4.2259904631952243E-005   16.061091264138202     
   4.2644185825947763E-005   16.061091263699730     
   4.3031961396879169E-005   16.061091263253246     
   4.3423263120098362E-005   16.061091262798609     
   4.3818123059899469E-005   16.061091262335662     
   4.4216573572146231E-005   16.061091261864256     
   4.4618647306923373E-005   16.061091261384242     
   4.5024377211212022E-005   16.061091260895459     
   4.5433796531589463E-005   16.061091260397742     
   4.5846938816953439E-005   16.061091259890937     
   4.6263837921271282E-005   16.061091259374869     
   4.6684528006353946E-005   16.061091258849377     
   4.7109043544655334E-005   16.061091258314281     
   4.7537419322097101E-005   16.061091257769412     
   4.7969690440919005E-005   16.061091257214585     
   4.8405892322555393E-005   16.061091256649625     
   4.8846060710537637E-005   16.061091256074342     
   4.9290231673423125E-005   16.061091255488549     
   4.9738441607750738E-005   16.061091254892052     
   5.0190727241023355E-005   16.061091254284662     
   5.0647125634717336E-005   16.061091253666170     
   5.1107674187319480E-005   16.061091253036384     
   5.1572410637391536E-005   16.061091252395091     
   5.2041373066662596E-005   16.061091251742081     
   5.2514599903149650E-005   16.061091251077137     
   5.2992129924306424E-005   16.061091250400050     
   5.3474002260200934E-005   16.061091249710593     
   5.3960256396721920E-005   16.061091249008541     
   5.4450932178814393E-005   16.061091248293661     
   5.4946069813744668E-005   16.061091247565720     
   5.5445709874395027E-005   16.061091246824482     
   5.5949893302588370E-005   16.061091246069701     
   5.6458661412443126E-005   16.061091245301135     
   5.6972055893758598E-005   16.061091244518519     
   5.7490118815431154E-005   16.061091243721613     
   5.8012892628901485E-005   16.061091242910141     
   5.8540420171633149E-005   16.061091242083851     
   5.9072744670622799E-005   16.061091241242465     
   5.9609909745942334E-005   16.061091240385704     
   6.0151959414313248E-005   16.061091239513289     
   6.0698938092713407E-005   16.061091238624940     
   6.1250890602016788E-005   16.061091237720358     
   6.1807862170666186E-005   16.061091236799253     
   6.2369898438379288E-005   16.061091235861319     
   6.2937045459888604E-005   16.061091234906250     
   6.3509349708715265E-005   16.061091233933730     
   6.4086858080977227E-005   16.061091232943447     
   6.4669617899231957E-005   16.061091231935070     
   6.5257676916354325E-005   16.061091230908268     
   6.5851083319449474E-005   16.061091229862715     
   6.6449885733801421E-005   16.061091228798052     
   6.7054133226857618E-005   16.061091227713941     
   6.7663875312249568E-005   16.061091226610024     
   6.8279161953850153E-005   16.061091225485946     
   6.8900043569867828E-005   16.061091224341325     
   6.9526571036977928E-005   16.061091223175790     
   7.0158795694491783E-005   16.061091221988967     
   7.0796769348563458E-005   16.061091220780462     
   7.1440544276434950E-005   16.061091219549876     
   7.2090173230719926E-005   16.061091218296809     
   7.2745709443726404E-005   16.061091217020845     
   7.3407206631818722E-005   16.061091215721575     
   7.4074718999819260E-005   16.061091214398569     
   7.4748301245450036E-005   16.061091213051391     
   7.5428008563814883E-005   16.061091211679603     
   7.6113896651922193E-005   16.061091210282751     
   7.6806021713248925E-005   16.061091208860383     
   7.7504440462346076E-005   16.061091207412023     
   7.8209210129485978E-005   16.061091205937206     
   7.8920388465351910E-005   16.061091204435446     
   7.9638033745770391E-005   16.061091202906248     
   8.0362204776486391E-005   16.061091201349118     
   8.1092960897982021E-005   16.061091199763535     
   8.1830361990339106E-005   16.061091198148990     
   8.2574468478145924E-005   16.061091196504940     
   8.3325341335448478E-005   16.061091194830858     
   8.4083042090746905E-005   16.061091193126195     
   8.4847632832037352E-005   16.061091191390386     
   8.5619176211899491E-005   16.061091189622864     
   8.6397735452630606E-005   16.061091187823056     
   8.7183374351426006E-005   16.061091185990364     
   8.7976157285606901E-005   16.061091184124187     
   8.8776149217895573E-005   16.061091182223922     
   8.9583415701738588E-005   16.061091180288933     
   9.0398022886678444E-005   16.061091178318598     
   9.1220037523774002E-005   16.061091176312267     
   9.2049526971070282E-005   16.061091174269283     
   9.2886559199117951E-005   16.061091172188974     
   9.3731202796543028E-005   16.061091170070657     
   9.4583526975667136E-005   16.061091167913641     
   9.5443601578179023E-005   16.061091165717215     
   9.6311497080857548E-005   16.061091163480668     
   9.7187284601346765E-005   16.061091161203258     
   9.8071035903983403E-005   16.061091158884242     
   9.8962823405677509E-005   16.061091156522860     
   9.9862720181846451E-005   16.061091154118337     
   1.0077079997240295E-004   16.061091151669885     
   1.0168713718779741E-004   16.061091149176701     
   1.0261180691511542E-004   16.061091146637967     
   1.0354488492423057E-004   16.061091144052853     
   1.0448644767401319E-004   16.061091141420512     
   1.0543657231859560E-004   16.061091138740082     
   1.0639533671369435E-004   16.061091136010678     
   1.0736281942298990E-004   16.061091133231415     
   1.0833909972456442E-004   16.061091130401373     
   1.0932425761739783E-004   16.061091127519632     
   1.1031837382792337E-004   16.061091124585239     
   1.1132152981664241E-004   16.061091121597240     
   1.1233380778479955E-004   16.061091118554650     
   1.1335529068111842E-004   16.061091115456477     
   1.1438606220859870E-004   16.061091112301700     
   1.1542620683137504E-004   16.061091109089290     
   1.1647580978163815E-004   16.061091105818189     
   1.1753495706661902E-004   16.061091102487332     
   1.1860373547563660E-004   16.061091099095620     
   1.1968223258720949E-004   16.061091095641942     
   1.2077053677623239E-004   16.061091092125167     
   1.2186873722121778E-004   16.061091088544149     
   1.2297692391160343E-004   16.061091084897704     
   1.2409518765512628E-004   16.061091081184642     
   1.2522362008526373E-004   16.061091077403745     
   1.2636231366874195E-004   16.061091073553776     
   1.2751136171311320E-004   16.061091069633470     
   1.2867085837440148E-004   16.061091065641541     
   1.2984089866481801E-004   16.061091061576683     
   1.3102157846054668E-004   16.061091057437565     
   1.3221299450960061E-004   16.061091053222828     
   1.3341524443974970E-004   16.061091048931090     
   1.3462842676652067E-004   16.061091044560946     
   1.3585264090126958E-004   16.061091040110963     
   1.3708798715932790E-004   16.061091035579683     
   1.3833456676822265E-004   16.061091030965617     
   1.3959248187597121E-004   16.061091026267256     
   1.4086183555945154E-004   16.061091021483058     
   1.4214273183284868E-004   16.061091016611460     
   1.4343527565617789E-004   16.061091011650859     
   1.4473957294388538E-004   16.061091006599632     
   1.4605573057352715E-004   16.061091001456127     
   1.4738385639452689E-004   16.061090996218649     
   1.4872405923701344E-004   16.061090990885489     
   1.5007644892073857E-004   16.061090985454896     
   1.5144113626407594E-004   16.061090979925087     
   1.5281823309310180E-004   16.061090974294252     
   1.5420785225075842E-004   16.061090968560549     
   1.5561010760610061E-004   16.061090962722098     
   1.5702511406362658E-004   16.061090956776980     
   1.5845298757269336E-004   16.061090950723248     
   1.5989384513701810E-004   16.061090944558920     
   1.6134780482426574E-004   16.061090938281971     
   1.6281498577572356E-004   16.061090931890352     
   1.6429550821606413E-004   16.061090925381961     
   1.6578949346319680E-004   16.061090918754665     
   1.6729706393820868E-004   16.061090912006296     
   1.6881834317539635E-004   16.061090905134641     
   1.7035345583238837E-004   16.061090898137440     
   1.7190252770036031E-004   16.061090891012409     
   1.7346568571434209E-004   16.061090883757210     
   1.7504305796361966E-004   16.061090876369462     
   1.7663477370223087E-004   16.061090868846748     
   1.7824096335955676E-004   16.061090861186596     
   1.7986175855100957E-004   16.061090853386503     
   1.8149729208881730E-004   16.061090845443903     
   1.8314769799290708E-004   16.061090837356200     
   1.8481311150188672E-004   16.061090829120744     
   1.8649366908412687E-004   16.061090820734826     
   1.8818950844894328E-004   16.061090812195708     
   1.8990076855788141E-004   16.061090803500583     
   1.9162758963610300E-004   16.061090794646610     
   1.9337011318387663E-004   16.061090785630878     
   1.9512848198817263E-004   16.061090776450435     
   1.9690284013436336E-004   16.061090767102275     
   1.9869333301802998E-004   16.061090757583329     
   2.0050010735687664E-004   16.061090747890479     
   2.0232331120275269E-004   16.061090738020550     
   2.0416309395378466E-004   16.061090727970303     
   2.0601960636661812E-004   16.061090717736445     
   2.0789300056877144E-004   16.061090707315625     
   2.0978343007110105E-004   16.061090696704419     
   2.1169104978038090E-004   16.061090685899359     
   2.1361601601199565E-004   16.061090674896899     
   2.1555848650274992E-004   16.061090663693427     
   2.1751862042379319E-004   16.061090652285280     
   2.1949657839366308E-004   16.061090640668716     
   2.2149252249144684E-004   16.061090628839921     
   2.2350661627006213E-004   16.061090616795031     
   2.2553902476965960E-004   16.061090604530083     
   2.2758991453114617E-004   16.061090592041065     
   2.2965945360983213E-004   16.061090579323881     
   2.3174781158920193E-004   16.061090566374368     
   2.3385515959481034E-004   16.061090553188272     
   2.3598167030830494E-004   16.061090539761281     
   2.3812751798157601E-004   16.061090526088982     
   2.4029287845103532E-004   16.061090512166906     
   2.4247792915202450E-004   16.061090497990484     
   2.4468284913335469E-004   16.061090483555066     
   2.4690781907197825E-004   16.061090468855927     
   2.4915302128779369E-004   16.061090453888244     
   2.5141863975858579E-004   16.061090438647113     
   2.5370486013510100E-004   16.061090423127538     
   2.5601186975626018E-004   16.061090407324436     
   2.5833985766450962E-004   16.061090391232618     
   2.6068901462131190E-004   16.061090374846813     
   2.6305953312277699E-004   16.061090358161657     
   2.6545160741543619E-004   16.061090341171674     
   2.6786543351215922E-004   16.061090323871294     
   2.7030120920821588E-004   16.061090306254854     
   2.7275913409748384E-004   16.061090288316571     
   2.7523940958880410E-004   16.061090270050570     
   2.7774223892248503E-004   16.061090251450860     
   2.8026782718695598E-004   16.061090232511354     
   2.8281638133557328E-004   16.061090213225832     
   2.8538811020357817E-004   16.061090193587980     
   2.8798322452520958E-004   16.061090173591360     
   2.9060193695097197E-004   16.061090153229415     
   2.9324446206506071E-004   16.061090132495472     
   2.9591101640294562E-004   16.061090111382740     
   2.9860181846911438E-004   16.061090089884292     
   3.0131708875497738E-004   16.061090067993081     
   3.0405704975693544E-004   16.061090045701935     
   3.0682192599461170E-004   16.061090023003548     
   3.0961194402924936E-004   16.061089999890477     
   3.1242733248227662E-004   16.061089976355149     
   3.1526832205404083E-004   16.061089952389842     
   3.1813514554271215E-004   16.061089927986714     
   3.2102803786336007E-004   16.061089903137759     
   3.2394723606720311E-004   16.061089877834831     
   3.2689297936103271E-004   16.061089852069639     
   3.2986550912681524E-004   16.061089825833733     
   3.3286506894147108E-004   16.061089799118516     
   3.3589190459683396E-004   16.061089771915235     
   3.3894626411979197E-004   16.061089744214971     
   3.4202839779261132E-004   16.061089716008645     
   3.4513855817344528E-004   16.061089687287005     
   3.4827700011702941E-004   16.061089658040650     
   3.5144398079556494E-004   16.061089628259978     
   3.5463975971979246E-004   16.061089597935236     
   3.5786459876025644E-004   16.061089567056491     
   3.6111876216876404E-004   16.061089535613611     
   3.6440251660003819E-004   16.061089503596293     
   3.6771613113356828E-004   16.061089470994041     
   3.7105987729565927E-004   16.061089437796170     
   3.7443402908168090E-004   16.061089403991804     
   3.7783886297852010E-004   16.061089369569853     
   3.8127465798723655E-004   16.061089334519043     
   3.8474169564592511E-004   16.061089298827881     
   3.8824026005278587E-004   16.061089262484661     
   3.9177063788940335E-004   16.061089225477485     
   3.9533311844423873E-004   16.061089187794209     
   3.9892799363633411E-004   16.061089149422493     
   4.0255555803923388E-004   16.061089110349755     
   4.0621610890512210E-004   16.061089070563185     
   4.0990994618918090E-004   16.061089030049747     
   4.1363737257416896E-004   16.061088988796158     
   4.1739869349522439E-004   16.061088946788896     
   4.2119421716489306E-004   16.061088904014191     
   4.2502425459838396E-004   16.061088860458025     
   4.2888911963905491E-004   16.061088816106125     
   4.3278912898412974E-004   16.061088770943947     
   4.3672460221064890E-004   16.061088724956686     
   4.4069586180165690E-004   16.061088678129277     
   4.4470323317262733E-004   16.061088630446363     
   4.4874704469812795E-004   16.061088581892324     
   4.5282762773872883E-004   16.061088532451237     
   4.5694531666815502E-004   16.061088482106896     
   4.6110044890068576E-004   16.061088430842801     
   4.6529336491880311E-004   16.061088378642154     
   4.6952440830109224E-004   16.061088325487837     
   4.7379392575039477E-004   16.061088271362433     
   4.7810226712221898E-004   16.061088216248198     
   4.8244978545340748E-004   16.061088160127063     
   4.8683683699106623E-004   16.061088102980644     
   4.9126378122175615E-004   16.061088044790200     
   4.9573098090095074E-004   16.061087985536659     
   5.0023880208276074E-004   16.061087925200603     
   5.0478761414993005E-004   16.061087863762250     
   5.0937778984410384E-004   16.061087801201467     
   5.1400970529637128E-004   16.061087737497743     
   5.1868374005808787E-004   16.061087672630208     
   5.2340027713197604E-004   16.061087606577583     
   5.2815970300350984E-004   16.061087539318230     
   5.3296240767258395E-004   16.061087470830095     
   5.3780878468547228E-004   16.061087401090738     
   5.4269923116707539E-004   16.061087330077299     
   5.4763414785346208E-004   16.061087257766491     
   5.5261393912470723E-004   16.061087184134621     
   5.5763901303802711E-004   16.061087109157555     
   5.6270978136121715E-004   16.061087032810711     
   5.6782665960639306E-004   16.061086955069072     
   5.7299006706403911E-004   16.061086875907147     
   5.7820042683736565E-004   16.061086795298998     
   5.8345816587697971E-004   16.061086713218195     
   5.8876371501586993E-004   16.061086629637842     
   5.9411750900471090E-004   16.061086544530536     
   5.9951998654748679E-004   16.061086457868385     
   6.0497159033744076E-004   16.061086369622981     
   6.1047276709335003E-004   16.061086279765401     
   6.1602396759613120E-004   16.061086188266191     
   6.2162564672577861E-004   16.061086095095359     
   6.2727826349863827E-004   16.061086000222367     
   6.3298228110502048E-004   16.061085903616117     
   6.3873816694715588E-004   16.061085805244943     
   6.4454639267749454E-004   16.061085705076607     
   6.5040743423735493E-004   16.061085603078265     
   6.5632177189592399E-004   16.061085499216492     
   6.6228989028961117E-004   16.061085393457244     
   6.6831227846176114E-004   16.061085285765852     
   6.7438942990272698E-004   16.061085176107021     
   6.8052184259030863E-004   16.061085064444804     
   6.8671001903055804E-004   16.061084950742611     
   6.9295446629895590E-004   16.061084834963157     
   6.9925569608196298E-004   16.061084717068503     
   7.0561422471894844E-004   16.061084597020002     
   7.1203057324450102E-004   16.061084474778312     
   7.1850526743112318E-004   16.061084350303354     
   7.2503883783231471E-004   16.061084223554328     
   7.3163181982604738E-004   16.061084094489701     
   7.3828475365863568E-004   16.061083963067155     
   7.4499818448900532E-004   16.061083829243621     
   7.5177266243336559E-004   16.061083692975238     
   7.5860874261028709E-004   16.061083554217326     
   7.6550698518618979E-004   16.061083412924418     
   7.7246795542124417E-004   16.061083269050194     
   7.7949222371569062E-004   16.061083122547497     
   7.8658036565657907E-004   16.061082973368308     
   7.9373296206493445E-004   16.061082821463732     
   8.0095059904335033E-004   16.061082666783971     
   8.0823386802401649E-004   16.061082509278329     
   8.1558336581718117E-004   16.061082348895177     
   8.2299969466005651E-004   16.061082185581949     
   8.3048346226616688E-004   16.061082019285109     
   8.3803528187514616E-004   16.061081849950156     
   8.4565577230298920E-004   16.061081677521578     
   8.5334555799275837E-004   16.061081501942866     
   8.6110526906575235E-004   16.061081323156465     
   8.6893554137314004E-004   16.061081141103767     
   8.7683701654806359E-004   16.061080955725110     
   8.8481034205821615E-004   16.061080766959723     
   8.9285617125889609E-004   16.061080574745738     
   9.0097516344654573E-004   16.061080379020147     
   9.0916798391277472E-004   16.061080179718800     
   9.1743530399887683E-004   16.061079976776377     
   9.2577780115084079E-004   16.061079770126344     
   9.3419615897486212E-004   16.061079559700971     
   9.4269106729335975E-004   16.061079345431292     
   9.5126322220150171E-004   16.061079127247066     
   9.5991332612424529E-004   16.061078905076783     
   9.6864208787389515E-004   16.061078678847615     
   9.7745022270818538E-004   16.061078448485414     
   9.8633845238889069E-004   16.061078213914676     
   9.9530750524096730E-004   16.061077975058510     
   1.0043581162122355E-003   16.061077731838623     
   1.0134910269336030E-003   16.061077484175293     
   1.0227069857798358E-003   16.061077231987344     
   1.0320067479308815E-003   16.061076975192115     
   1.0413910754337519E-003   16.061076713705432     
   1.0508607372649663E-003   16.061076447441593     
   1.0604165093935638E-003   16.061076176313318     
   1.0700591748446875E-003   16.061075900231735     
   1.0797895237637494E-003   16.061075619106351     
   1.0896083534811750E-003   16.061075332845025     
   1.0995164685777400E-003   16.061075041353924     
   1.1095146809504987E-003   16.061074744537503     
   1.1196038098793141E-003   16.061074442298477     
   1.1297846820939915E-003   16.061074134537776     
   1.1400581318420221E-003   16.061073821154523     
   1.1504250009569444E-003   16.061073502046000     
   1.1608861389273261E-003   16.061073177107609     
   1.1714424029663733E-003   16.061072846232847     
   1.1820946580821724E-003   16.061072509313256     
   1.1928437771485719E-003   16.061072166238404     
   1.2036906409767074E-003   16.061071816895840     
   1.2146361383871779E-003   16.061071461171061     
   1.2256811662828776E-003   16.061071098947458     
   1.2368266297224919E-003   16.061070730106316     
   1.2480734419946580E-003   16.061070354526727     
   1.2594225246928042E-003   16.061069972085591     
   1.2708748077906670E-003   16.061069582657556     
   1.2824312297184952E-003   16.061069186114970     
   1.2940927374399480E-003   16.061068782327858     
   1.3058602865296909E-003   16.061068371163870     
   1.3177348412516988E-003   16.061067952488234     
   1.3297173746382705E-003   16.061067526163718     
   1.3418088685697601E-003   16.061067092050589     
   1.3540103138550365E-003   16.061066650006552     
   1.3663227103126719E-003   16.061066199886707     
   1.3787470668528701E-003   16.061065741543530     
   1.3912844015601387E-003   16.061065274826774     
   1.4039357417767143E-003   16.061064799583473     
   1.4167021241867450E-003   16.061064315657848     
   1.4295845949012401E-003   16.061063822891278     
   1.4425842095437888E-003   16.061063321122244     
   1.4557020333370641E-003   16.061062810186289     
   1.4689391411901074E-003   16.061062289915931     
   1.4822966177864101E-003   16.061061760140639     
   1.4957755576727959E-003   16.061061220686774     
   1.5093770653491104E-003   16.061060671377508     
   1.5231022553587265E-003   16.061060112032795     
   1.5369522523798742E-003   16.061059542469287     
   1.5509281913177978E-003   16.061058962500308     
   1.5650312173977545E-003   16.061058371935751     
   1.5792624862588571E-003   16.061057770582046     
   1.5936231640487693E-003   16.061057158242082     
   1.6081144275192634E-003   16.061056534715153     
   1.6227374641226465E-003   16.061055899796877     
   1.6374934721090637E-003   16.061055253279150     
   1.6523836606246848E-003   16.061054594950051     
   1.6674092498107863E-003   16.061053924593800     
   1.6825714709037319E-003   16.061053241990678     
   1.6978715663358644E-003   16.061052546916937     
   1.7133107898373121E-003   16.061051839144753     
   1.7288904065387253E-003   16.061051118442133     
   1.7446116930749417E-003   16.061050384572852     
   1.7604759376895990E-003   16.061049637296360     
   1.7764844403406967E-003   16.061048876367728     
   1.7926385128071173E-003   16.061048101537537     
   1.8089394787961178E-003   16.061047312551814     
   1.8253886740517979E-003   16.061046509151957     
   1.8419874464645533E-003   16.061045691074636     
   1.8587371561815261E-003   16.061044858051691     
   1.8756391757180592E-003   16.061044009810086     
   1.8926948900701624E-003   16.061043146071796     
   1.9099056968280045E-003   16.061042266553699     
   1.9272730062904349E-003   16.061041370967519     
   1.9447982415805461E-003   16.061040459019704     
   1.9624828387622890E-003   16.061039530411335     
   1.9803282469581488E-003   16.061038584838048     
   1.9983359284678876E-003   16.061037621989904     
   2.0165073588883711E-003   16.061036641551308     
   2.0348440272344812E-003   16.061035643200896     
   2.0533474360611330E-003   16.061034626611431     
   2.0720191015863934E-003   16.061033591449707     
   2.0908605538157272E-003   16.061032537376430     
   2.1098733366673697E-003   16.061031464046092     
   2.1290590080988389E-003   16.061030371106892     
   2.1484191402345969E-003   16.061029258200588     
   2.1679553194948772E-003   16.061028124962398     
   2.1876691467256782E-003   16.061026971020887     
   2.2075622373299401E-003   16.061025795997811     
   2.2276362213999173E-003   16.061024599508038     
   2.2478927438507510E-003   16.061023381159384     
   2.2683334645552580E-003   16.061022140552510     
   2.2889600584799449E-003   16.061020877280779     
   2.3097742158222608E-003   16.061019590930130     
   2.3307776421490948E-003   16.061018281078919     
   2.3519720585365353E-003   16.061016947297826     
   2.3733592017108991E-003   16.061015589149662     
   2.3949408241910435E-003   16.061014206189277     
   2.4167186944319737E-003   16.061012797963361     
   2.4386945969697526E-003   16.061011364010344     
   2.4608703325677312E-003   16.061009903860217     
   2.4832477183641078E-003   16.061008417034380     
   2.5058285880208294E-003   16.061006903045495     
   2.5286147918738471E-003   16.061005361397314     
   2.5516081970847365E-003   16.061003791584536     
   2.5748106877936977E-003   16.061002193092612     
   2.5982241652739487E-003   16.061000565397606     
   2.6218505480875192E-003   16.060998907966006     
   2.6456917722424622E-003   16.060997220254553     
   2.6697497913514955E-003   16.060995501710064     
   2.6940265767920889E-003   16.060993751769242     
   2.7185241178680000E-003   16.060991969858517     
   2.7432444219722841E-003   16.060990155393824     
   2.7681895147517888E-003   16.060988307780438     
   2.7933614402731351E-003   16.060986426412761     
   2.8187622611902177E-003   16.060984510674142     
   2.8443940589132225E-003   16.060982559936647     
   2.8702589337791847E-003   16.060980573560890     
   2.8963590052240927E-003   16.060978550895801     
   2.9226964119565641E-003   16.060976491278396     
   2.9492733121330946E-003   16.060974394033604     
   2.9760918835349025E-003   16.060972258474010     
   3.0031543237463852E-003   16.060970083899637     
   3.0304628503351914E-003   16.060967869597729     
   3.0580197010339353E-003   16.060965614842505     
   3.0858271339235638E-003   16.060963318894927     
   3.1138874276183904E-003   16.060960981002445     
   3.1422028814528055E-003   16.060958600398784     
   3.1707758156696957E-003   16.060956176303645     
   3.1996085716105693E-003   16.060953707922483     
   3.2287035119074091E-003   16.060951194446250     
   3.2580630206762761E-003   16.060948635051098     
   3.2876895037126696E-003   16.060946028898147     
   3.3175853886886616E-003   16.060943375133178     
   3.3477531253518307E-003   16.060940672886364     
   3.3781951857259976E-003   16.060937921272007     
   3.4089140643137916E-003   16.060935119388208     
   3.4399122783010552E-003   16.060932266316605     
   3.4711923677631100E-003   16.060929361122053     
   3.5027568958728964E-003   16.060926402852328     
   3.5346084491110065E-003   16.060923390537798     
   3.5667496374776272E-003   16.060920323191134     
   3.5991830947064130E-003   16.060917199806951     
   3.6319114784802969E-003   16.060914019361523     
   3.6649374706492705E-003   16.060910780812396     
   3.6982637774501423E-003   16.060907483098088     
   3.7318931297282915E-003   16.060904125137718     
   3.7658282831614428E-003   16.060900705830669     
   3.8000720184854743E-003   16.060897224056198     
   3.8346271417222751E-003   16.060893678673107     
   3.8694964844096817E-003   16.060890068519345     
   3.9046829038334994E-003   16.060886392411632     
   3.9401892832616374E-003   16.060882649145064     
   3.9760185321803705E-003   16.060878837492734     
   4.0121735865327494E-003   16.060874956205318     
   4.0486574089591805E-003   16.060871004010668     
   4.0854729890401941E-003   16.060866979613404     
   4.1226233435414147E-003   16.060862881694476     
   4.1601115166607656E-003   16.060858708910732     
   4.1979405802779184E-003   16.060854459894490     
   4.2361136342060077E-003   16.060850133253080     
   4.2746338064456428E-003   16.060845727568395     
   4.3135042534412221E-003   16.060841241396417     
   4.3527281603395794E-003   16.060836673266749     
   4.3923087412509835E-003   16.060832021682131     
   4.4322492395125132E-003   16.060827285117963     
   4.4725529279538209E-003   16.060822462021775     
   4.5132231091653220E-003   16.060817550812750     
   4.5542631157688123E-003   16.060812549881184     
   4.5956763106905574E-003   16.060807457587980     
   4.6374660874368544E-003   16.060802272264084     
   4.6796358703721083E-003   16.060796992209951     
   4.7221891149994326E-003   16.060791615695006     
   4.7651293082438010E-003   16.060786140957042     
   4.8084599687377777E-003   16.060780566201672     
   4.8521846471098412E-003   16.060774889601721     
   4.8963069262753347E-003   16.060769109296643     
   4.9408304217300539E-003   16.060763223391895     
   4.9857587818465179E-003   16.060757229958334     
   5.0310956881729233E-003   16.060751127031573     
   5.0768448557348160E-003   16.060744912611341     
   5.1230100333395168E-003   16.060738584660818     
   5.1695950038833033E-003   16.060732141105991     
   5.2166035846613950E-003   16.060725579834948     
   5.2640396276807458E-003   16.060718898697200     
   5.3119070199756967E-003   16.060712095502982     
   5.3602096839264817E-003   16.060705168022512     
   5.4089515775806426E-003   16.060698113985289     
   5.4581366949773601E-003   16.060690931079336     
   5.5077690664747346E-003   16.060683616950428     
   5.5578527590800456E-003   16.060676169201351     
   5.6083918767830167E-003   16.060668585391085     
   5.6593905608921012E-003   16.060660863034038     
   5.7108529903738331E-003   16.060652999599192     
   5.7627833821952681E-003   16.060644992509307     
   5.8151859916695248E-003   16.060636839140066     
   5.8680651128044823E-003   16.060628536819205     
   5.9214250786546411E-003   16.060620082825647     
   5.9752702616761837E-003   16.060611474388615     
   6.0296050740852669E-003   16.060602708686709     
   6.0844339682195664E-003   16.060593782847000     
   6.1397614369031201E-003   16.060584693944076     
   6.1955920138144754E-003   16.060575438999081     
   6.2519302738581958E-003   16.060566014978747     
   6.3087808335397346E-003   16.060556418794405     
   6.3661483513437304E-003   16.060546647300960     
   6.4240375281157313E-003   16.060536697295866     
   6.4824531074473939E-003   16.060526565518071     
   6.5413998760651916E-003   16.060516248646973     
   6.6008826642226411E-003   16.060505743301295     
   6.6609063460961182E-003   16.060495046038003     
   6.7214758401842531E-003   16.060484153351172     
   6.7825961097109635E-003   16.060473061670841     
   6.8442721630321635E-003   16.060461767361822     
   6.9065090540461503E-003   16.060450266722540     
   6.9693118826077418E-003   16.060438555983801     
   7.0326857949461691E-003   16.060426631307568     
   7.0966359840867735E-003   16.060414488785685     
   7.1611676902765325E-003   16.060402124438617     
   7.2262862014134685E-003   16.060389534214142     
   7.2919968534799406E-003   16.060376713986013     
   7.3583050309798991E-003   16.060363659552614     
   7.4252161673801029E-003   16.060350366635589     
   7.4927357455553522E-003   16.060336830878423     
   7.5608692982377657E-003   16.060323047845039     
   7.6296224084701552E-003   16.060309013018323     
   7.6990007100635072E-003   16.060294721798648     
   7.7690098880586365E-003   16.060280169502391     
   7.8396556791920334E-003   16.060265351360364     
   7.9109438723659452E-003   16.060250262516266     
   7.9828803091227321E-003   16.060234898025104     
   8.0554708841235455E-003   16.060219252851560     
   8.1287215456313476E-003   16.060203321868336     
   8.2026382959983265E-003   16.060187099854502     
   8.2772271921577444E-003   16.060170581493750     
   8.3524943461202646E-003   16.060153761372671     
   8.4284459254747764E-003   16.060136633978985     
   8.5050881538937979E-003   16.060119193699734     
   8.5824273116434421E-003   16.060101434819437     
   8.6604697360980493E-003   16.060083351518220     
   8.7392218222594915E-003   16.060064937869907     
   8.8186900232811848E-003   16.060046187840097     
   8.8988808509968854E-003   16.060027095284156     
   8.9798008764542872E-003   16.060007653945235     
   9.0614567304534658E-003   16.059987857452207     
   9.1438551040902236E-003   16.059967699317575     
   9.2270027493043839E-003   16.059947172935356     
   9.3109064794330513E-003   16.059926271578924     
   9.3955731697689289E-003   16.059904988398788     
   9.4810097581236770E-003   16.059883316420358     
   9.5672232453964390E-003   16.059861248541676     
   9.6542206961474954E-003   16.059838777531056     
   9.7420092391771636E-003   16.059815896024752     
   9.8305960681099435E-003   16.059792596524531     
   9.9199884419839887E-003   16.059768871395207     
   1.0010193685845922E-002   16.059744712862155     
   1.0101219191351082E-002   16.059720113008769     
   1.0193072417369199E-002   16.059695063773852     
   1.0285760890595611E-002   16.059669556948997     
   1.0379292206168006E-002   16.059643584175873     
   1.0473674028288801E-002   16.059617136943523     
   1.0568914090853152E-002   16.059590206585550     
   1.0665020198082706E-002   16.059562784277283     
   1.0762000225165087E-002   16.059534861032898     
   1.0859862118899213E-002   16.059506427702473     
   1.0958613898346486E-002   16.059477474968983     
   1.1058263655487878E-002   16.059447993345270     
   1.1158819555887026E-002   16.059417973170909     
   1.1260289839359332E-002   16.059387404609065     
   1.1362682820647153E-002   16.059356277643278     
   1.1466006890101139E-002   16.059324582074165     
   1.1570270514367756E-002   16.059292307516085     
   1.1675482237083064E-002   16.059259443393760     
   1.1781650679572816E-002   16.059225978938784     
   1.1888784541558893E-002   16.059191903186122     
   1.1996892601872200E-002   16.059157204970511     
   1.2105983719172018E-002   16.059121872922802     
   1.2216066832671908E-002   16.059085895466239     
   1.2327150962872213E-002   16.059049260812682     
   1.2439245212299218E-002   16.059011956958738     
   1.2552358766251045E-002   16.058973971681834     
   1.2666500893550309E-002   16.058935292536226     
   1.2781680947303637E-002   16.058895906848900     
   1.2897908365668084E-002   16.058855801715460     
   1.3015192672624524E-002   16.058814963995889     
   1.3133543478758058E-002   16.058773380310239     
   1.3252970482045550E-002   16.058731037034267     
   1.3373483468650284E-002   16.058687920294972     
   1.3495092313723886E-002   16.058644015966060     
   1.3617806982215507E-002   16.058599309663311     
   1.3741637529688386E-002   16.058553786739889     
   1.3866594103143821E-002   16.058507432281537     
   1.3992686941852652E-002   16.058460231101705     
   1.4119926378194283E-002   16.058412167736574     
   1.4248322838503347E-002   16.058363226440012     
   1.4377886843924072E-002   16.058313391178398     
   1.4508629011272414E-002   16.058262645625412     
   1.4640560053906009E-002   16.058210973156662     
   1.4773690782602076E-002   16.058158356844267     
   1.4908032106443266E-002   16.058104779451313     
   1.5043595033711587E-002   16.058050223426214     
   1.5180390672790452E-002   16.057994670896974     
   1.5318430233074921E-002   16.057938103665347     
   1.5457725025890243E-002   16.057880503200884     
   1.5598286465418724E-002   16.057821850634859     
   1.5740126069635037E-002   16.057762126754124     
   1.5883255461250037E-002   16.057701311994808     
   1.6027686368663165E-002   16.057639386435927     
   1.6173430626923481E-002   16.057576329792873     
   1.6320500178699484E-002   16.057512121410781     
   1.6468907075257711E-002   16.057446740257770     
   1.6618663477450255E-002   16.057380164918087     
   1.6769781656711259E-002   16.057312373585074     
   1.6922273996062463E-002   16.057243344054076     
   1.7076152991127903E-002   16.057173053715157     
   1.7231431251157846E-002   16.057101479545736     
   1.7388121500062005E-002   16.057028598103024     
   1.7546236577452190E-002   16.056954385516406     
   1.7705789439694405E-002   16.056878817479610     
   1.7866793160970545E-002   16.056801869242790     
   1.8029260934349697E-002   16.056723515604411     
   1.8193206072869256E-002   16.056643730903030     
   1.8358642010625790E-002   16.056562489008925     
   1.8525582303875895E-002   16.056479763315537     
   1.8694040632147014E-002   16.056395526730785     
   1.8864030799358385E-002   16.056309751668227     
   1.9035566734952162E-002   16.056222410038036     
   1.9208662495034827E-002   16.056133473237836     
   1.9383332263529000E-002   16.056042912143351     
   1.9559590353335689E-002   16.055950697098911     
   1.9737451207507140E-002   16.055856797907751     
   1.9916929400430331E-002   16.055761183822156     
   2.0098039639021237E-002   16.055663823533433     
   2.0280796763929958E-002   16.055564685161674     
   2.0465215750756795E-002   16.055463736245365     
   2.0651311711279399E-002   16.055360943730772     
   2.0839099894691054E-002   16.055256273961170     
   2.1028595688850252E-002   16.055149692665850     
   2.1219814621541603E-002   16.055041164948936     
   2.1412772361748243E-002   16.054930655278000     
   2.1607484720935759E-002   16.054818127472466     
   2.1803967654347847E-002   16.054703544691808     
   2.2002237262313724E-002   16.054586869423524     
   2.2202309791567416E-002   16.054468063470917     
   2.2404201636579083E-002   16.054347087940613     
   2.2607929340898402E-002   16.054223903229904     
   2.2813509598510199E-002   16.054098469013795     
   2.3020959255202401E-002   16.053970744231904     
   2.3230295309946421E-002   16.053840687075027     
   2.3441534916290092E-002   16.053708254971529     
   2.3654695383763285E-002   16.053573404573477     
   2.3869794179296296E-002   16.053436091742487     
   2.4086848928651126E-002   16.053296271535363     
   2.4305877417865773E-002   16.053153898189418     
   2.4526897594711702E-002   16.053008925107598     
   2.4749927570164493E-002   16.052861304843269     
   2.4974985619887924E-002   16.052710989084790     
   2.5202090185731524E-002   16.052557928639757     
   2.5431259877241739E-002   16.052402073418964     
   2.5662513473186859E-002   16.052243372420129     
   2.5895869923095786E-002   16.052081773711272     
   2.6131348348810830E-002   16.051917224413774     
   2.6368968046054573E-002   16.051749670685215     
   2.6608748486011028E-002   16.051579057701808     
   2.6850709316921177E-002   16.051405329640581     
   2.7094870365692962E-002   16.051228429661180     
   2.7341251639525981E-002   16.051048299887416     
   2.7589873327550921E-002   16.050864881388396     
   2.7840755802483911E-002   16.050678114159364     
   2.8093919622295918E-002   16.050487937102215     
   2.8349385531897316E-002   16.050294288005574     
   2.8607174464837778E-002   16.050097103524603     
   2.8867307545021641E-002   16.049896319160403     
   2.9129806088438830E-002   16.049691869239034     
   2.9394691604911562E-002   16.049483686890174     
   2.9661985799856926E-002   16.049271704025404     
   2.9931710576065456E-002   16.049055851316076     
   3.0203888035495924E-002   16.048836058170771     
   3.0478540481086433E-002   16.048612252712406     
   3.0755690418581963E-002   16.048384361754870     
   3.1035360558378567E-002   16.048152310779255     
   3.1317573817384307E-002   16.047916023909686     
   3.1602353320897149E-002   16.047675423888688     
   3.1889722404499866E-002   16.047430432052085     
   3.2179704615972284E-002   16.047180968303522     
   3.2472323717220773E-002   16.046926951088437     
   3.2767603686225430E-002   16.046668297367653     
   3.3065568719004845E-002   16.046404922590408     
   3.3366243231598820E-002   16.046136740666981     
   3.3669651862069064E-002   16.045863663940747     
   3.3975819472518105E-002   16.045585603159807     
   3.4284771151126575E-002   16.045302467448039     
   3.4596532214208969E-002   16.045014164275681     
   3.4911128208288157E-002   16.044720599429343     
   3.5228584912188714E-002   16.044421676981521     
   3.5548928339149327E-002   16.044117299259518     
   3.5872184738954378E-002   16.043807366813859     
   3.6198380600084894E-002   16.043491778386084     
   3.6527542651889129E-002   16.043170430876010     
   3.6859697866772817E-002   16.042843219308370     
   3.7194873462409343E-002   16.042510036798888     
   3.7533096903970067E-002   16.042170774519704     
   3.7874395906374862E-002   16.041825321664216     
   3.8218798436563166E-002   16.041473565411287     
   3.8566332715785655E-002   16.041115390888784     
   3.8917027221916770E-002   16.040750681136480     
   3.9270910691788272E-002   16.040379317068314     
   3.9628012123544026E-002   16.040001177433950     
   3.9988360779016158E-002   16.039616138779643     
   4.0351986186122853E-002   16.039224075408420     
   4.0718918141287981E-002   16.038824859339556     
   4.1089186711882643E-002   16.038418360267311     
   4.1462822238689030E-002   16.038004445518943     
   4.1839855338386564E-002   16.037582980011948     
   4.2220316906060769E-002   16.037153826210560     
   4.2604238117734852E-002   16.036716844081486     
   4.2991650432924362E-002   16.036271891048813     
   4.3382585597215077E-002   16.035818821948141     
   4.3777075644864299E-002   16.035357488979894     
   4.4175152901425860E-002   16.034887741661802     
   4.4576849986398916E-002   16.034409426780527     
   4.4982199815900910E-002   16.033922388342440     
   4.5391235605364795E-002   16.033426467523512     
   4.5803990872260815E-002   16.032921502618329     
   4.6220499438842946E-002   16.032407328988199     
   4.6640795434920473E-002   16.031883779008318     
   4.7064913300654612E-002   16.031350682014036     
   4.7492887789380656E-002   16.030807864246128     
   4.7924753970455737E-002   16.030255148795135     
   4.8360547232132518E-002   16.029692355544704     
   4.8800303284458994E-002   16.029119301113909     
   4.9244058162204660E-002   16.028535798798568     
   4.9691848227813293E-002   16.027941658511537     
   5.0143710174382627E-002   16.027336686721931     
   5.0599681028671011E-002   16.026720686393254     
   5.1059798154131544E-002   16.026093456920499     
   5.1524099253973693E-002   16.025454794066064     
   5.1992622374252818E-002   16.024804489894603     
   5.2465405906987762E-002   16.024142332706681     
   5.2942488593306761E-002   16.023468106971304     
   5.3423909526622064E-002   16.022781593257228     
   5.3909708155833271E-002   16.022082568163096     
   5.4399924288559942E-002   16.021370804246317     
   5.4894598094403495E-002   16.020646069950701     
   5.5393770108238850E-002   16.019908129532862     
   5.5897481233535912E-002   16.019156742987303     
   5.6405772745711361E-002   16.018391665970174     
   5.6918686295510834E-002   16.017612649721737     
   5.7436263912421910E-002   16.016819440987454     
   5.7958548008118123E-002   16.016011781937713     
   5.8485581379934252E-002   16.015189410086116     
   5.9017407214373319E-002   16.014352058206395     
   5.9554069090645319E-002   16.013499454247864     
   6.0095610984238261E-002   16.012631321249380     
   6.0642077270521656E-002   16.011747377251847     
   6.1193512728382686E-002   16.010847335209149     
   6.1749962543895601E-002   16.009930902897608     
   6.2311472314024265E-002   16.008997782823815     
   6.2878088050358577E-002   16.008047672130900     
   6.3449856182884790E-002   16.007080262503180     
   6.4026823563790039E-002   16.006095240069122     
   6.4609037471301575E-002   16.005092285302702     
   6.5196545613560850E-002   16.004071072923022     
   6.5789396132532915E-002   16.003031271792178     
   6.6387637607951175E-002   16.001972544811430     
   6.6991319061298224E-002   16.000894548815555     
   6.7600489959822832E-002   15.999796934465394     
   6.8215200220593311E-002   15.998679346138569     
   6.8835500214587925E-002   15.997541421818314     
   6.9461440770822405E-002   15.996382792980425     
   7.0093073180515039E-002   15.995203084478279     
   7.0730449201289541E-002   15.994001914425887     
   7.1373621061416259E-002   15.992778894078970     
   7.2022641464091930E-002   15.991533627714013     
   7.2677563591758212E-002   15.990265712505252     
   7.3338441110459687E-002   15.988974738399602     
   7.4005328174241394E-002   15.987660287989469     
   7.4678279429586283E-002   15.986321936383391     
   7.5357350019893160E-002   15.984959251074526     
   7.6042595589995279E-002   15.983571791806920     
   7.6734072290719949E-002   15.982159110439518     
   7.7431836783489791E-002   15.980720750807908     
   7.8135946244965671E-002   15.979256248583747     
   7.8846458371731862E-002   15.977765131131841     
   7.9563431385023947E-002   15.976246917364833     
   8.0286924035499557E-002   15.974701117595476     
   8.1016995608052561E-002   15.973127233386464     
   8.1753705926671041E-002   15.971524757397749     
   8.2497115359339415E-002   15.969893173231345     
   8.3247284822985185E-002   15.968231955273588     
   8.4004275788470570E-002   15.966540568534736     
   8.4768150285629618E-002   15.964818468486012     
   8.5538970908351150E-002   15.963065100893903     
   8.6316800819707731E-002   15.961279901651785     
   8.7101703757131568E-002   15.959462296608780     
   8.7893744037637236E-002   15.957611701395832     
   8.8692986563092005E-002   15.955727521248948     
   8.9499496825534111E-002   15.953809150829574     
   9.0313340912539203E-002   15.951855974042081     
   9.1134585512635979E-002   15.949867363848256     
   9.1963297920770543E-002   15.947842682078866     
   9.2799546043820957E-002   15.945781279242164     
   9.3643398406161552E-002   15.943682494329325     
   9.4494924155278132E-002   15.941545654616796     
   9.5354193067433937E-002   15.939370075465472     
   9.6221275553387470E-002   15.937155060116726     
   9.7096242664162030E-002   15.934899899485156     
   9.7979166096867826E-002   15.932603871948098     
   9.8870118200577062E-002   15.930266243131831     
   9.9769171982252394E-002   15.927886265694404     
  0.10067640111272932        15.925463179105098     
  0.10159187993275297        15.922996209420429     
  0.10251568345906974        15.920484569056686     
  0.10344788739057439        15.917927456558973     
  0.10438856811451307        15.915324056366636     
  0.10533780271274254        15.912673538575152     
  0.10629566896804665        15.909975058694348     
  0.10726224537050993        15.907227757402936     
  0.10823761112394929        15.904430760299316     
  0.10922184615240427        15.901583177648675     
  0.11021503110668610        15.898684104126181     
  0.11121724737098661        15.895732618556428     
  0.11222857706954686        15.892727783648951     
  0.11324910307338681        15.889668645729824     
  0.11427890900709586        15.886554234469294     
  0.11531807925568530        15.883383562605429     
  0.11636669897150308        15.880155625663701     
  0.11742485408121138        15.876869401672520     
  0.11849263129282771        15.873523850874644     
  0.11957011810282989        15.870117915434420     
  0.12065740280332586        15.866650519140867     
  0.12175457448928852        15.863120567106538     
  0.12286172306585640        15.859526945462092     
  0.12397893925570072        15.855868521046609     
  0.12510631460645946        15.852144141093593     
  0.12624394149823903        15.848352632912587     
  0.12739191315118412        15.844492803566434     
  0.12855032363311636        15.840563439544109     
  0.12971926786724258        15.836563306429147     
  0.13089884163993298        15.832491148563541     
  0.13208914160857016        15.828345688707227     
  0.13329026530946952        15.824125627692986     
  0.13450231116587155        15.819829644076853     
  0.13572537849600694        15.815456393783961     
  0.13695956752123498        15.811004509749795     
  0.13820497937425597        15.806472601556870     
  0.13946171610739824        15.801859255066802     
  0.14072988070098078        15.797163032047745     
  0.14200957707175133        15.792382469797232     
  0.14330091008140206        15.787516080760334     
  0.14460398554516185        15.782562352143223     
  0.14591891024046724        15.777519745522053     
  0.14724579191571208        15.772386696447233     
  0.14858473929907656        15.767161614043015     
  0.14993586210743687        15.761842880602495     
  0.15129927105535554        15.756428851177947     
  0.15267507786415377        15.750917853166559     
  0.15406339527106611        15.745308185891592     
  0.15546433703847856        15.739598120178911     
  0.15687801796325043        15.733785897929017     
  0.15830455388612105        15.727869731684528     
  0.15974406170120239        15.721847804193144     
  0.16119665936555722        15.715718267966196     
  0.16266246590886518        15.709479244832760     
  0.16414160144317616        15.703128825489381     
  0.16563418717275277        15.696665069045512     
  0.16714034540400199        15.690086002564662     
  0.16866019955549741        15.683389620601348     
  0.17019387416809234        15.676573884733944     
  0.17174149491512519        15.669636723093404     
  0.17330318861271718        15.662576029888076     
  0.17487908323016441        15.655389664924577     
  0.17646930790042353        15.648075453124875     
  0.17807399293069368        15.640631184039689     
  0.17969326981309383        15.633054611358274     
  0.18132727123543790        15.625343452414745     
  0.18297613109210731        15.617495387691045     
  0.18463998449502275        15.609508060316681     
  0.18631896778471560        15.601379075565394     
  0.18801321854150002        15.593106000348889     
  0.18972287559674669        15.584686362707810     
  0.19144807904425887        15.576117651300084     
  0.19318897025175230        15.567397314886861     
  0.19494569187243899        15.558522761816214     
  0.19671838785671678        15.549491359504817     
  0.19850720346396486        15.540300433917775     
  0.20031228527444692        15.530947269046885     
  0.20213378120132211        15.521429106387505     
  0.20397184050276554        15.511743144414332     
  0.20582661379419892        15.501886538056324     
  0.20769825306063222        15.491856398171016     
  0.20958691166911797        15.481649791018601     
  0.21149274438131835        15.471263737735958     
  0.21341590736618682        15.460695213811075     
  0.21535655821276506        15.449941148558105     
  0.21731485594309632        15.438998424593441     
  0.21929096102525583        15.427863877313207     
  0.22128503538650021        15.416534294372468     
  0.22329724242653623        15.405006415166671     
  0.22532774703091002        15.393276930315627     
  0.22737671558451836        15.381342481150572     
  0.22944431598524273        15.369199659204682     
  0.23153071765770719        15.356845005707608     
  0.23363609156716159        15.344275011084431     
  0.23576061023349082        15.331486114459658     
  0.23790444774535158        15.318474703166753     
  0.24006777977443772        15.305237112263782     
  0.24225078358987515        15.291769624055735     
  0.24445363807274781        15.278068467624212     
  0.24667652373075558        15.264129818365056     
  0.24891962271300569        15.249949797534608     
  0.25118311882493832        15.235524471805316     
  0.25346719754338826        15.220849852831355     
  0.25577204603178322        15.205921896825107     
  0.25809785315548073        15.190736504145177     
  0.26044480949724391        15.175289518896822     
  0.26281310737285868        15.159576728545630     
  0.26520294084689244        15.143593863545288     
  0.26761450574859630        15.127336596980388     
  0.27004799968795162        15.110800544225174     
  0.27250362207186313        15.093981262619247     
  0.27498157412049845        15.076874251161181     
  0.27748205888377681        15.059474950221176     
  0.28000528125800739        15.041778741273738     
  0.28255144800267912        15.023780946651584     
  0.28512076775740325        15.005476829321907     
  0.28771345105900947        14.986861592686196     
  0.29032971035879812        14.967930380404855     
  0.29296976003994901        14.948678276247914     
  0.29563381643508840        14.929100303973168     
  0.29832209784401592        14.909191427233068     
  0.30103482455159275        14.888946549511871     
  0.30377221884579214        14.868360514094402     
  0.30653450503591445        14.847428104068014     
  0.30932190947096760        14.826144042359292     
  0.31213466055821459        14.804502991807070     
  0.31497298878188990        14.782499555273448     
  0.31783712672208592        14.760128275794514     
  0.32072730907381131        14.737383636772506     
  0.32364377266622246        14.714260062211238     
  0.32658675648202962        14.690751916996653     
  0.32955650167708023        14.666853507224413     
  0.33255325160011967        14.642559080576472     
  0.33557725181273163        14.617862826748739     
  0.33862875010946059        14.592758877931779     
  0.34170799653811640        14.567241309346809     
  0.34481524342026387        14.541304139839134     
  0.34795074537189885        14.514941332531269     
  0.35111475932431191        14.488146795538047     
  0.35430754454514224        14.460914382746161     
  0.35752936265962243        14.433237894660426     
  0.36078047767201676        14.405111079319404     
  0.36406115598725491        14.376527633282809     
  0.36737166643276103        14.347481202693379     
  0.37071228028048292        14.317965384415853     
  0.37408327126912022        14.287973727255773     
  0.37748491562655584        14.257499733260882     
  0.38091749209249021        14.226536859108011     
  0.38438128194128235        14.195078517578313     
  0.38787656900499806        14.163118079123779     
  0.39140363969666808        14.130648873528147     
  0.39496278303375698        14.097664191665164     
  0.39855429066184683        14.064157287357393     
  0.40217845687853465        14.030121379338770     
  0.40583557865754843        13.995549653324039     
  0.40952595567308175        13.960435264188492     
  0.41324989032434972        13.924771338261220     
  0.41700768776036873        13.888550975735356     
  0.42079965590496082        13.851767253198645     
  0.42462610548198609        13.814413226287911     
  0.42848735004080390        13.776481932470835     
  0.43238370598196607        13.737966393958640     
  0.43631549258314384        13.698859620753263     
  0.44028303202528968        13.659154613832595     
  0.44428664941903834        13.618844368477436     
  0.44832667283134697        13.577921877743833     
  0.45240343331237765        13.536380136084457     
  0.45651726492262473        13.494212143122699     
  0.46066850476028859        13.451410907583181     
  0.46485749298889817        13.407969451382403     
  0.46908457286518529        13.363880813883139     
  0.47335009076721141        13.319138056316348     
  0.47765439622275141        13.273734266374163     
  0.48199784193793421        13.227662562977667     
  0.48638078382614491        13.180916101223001     
  0.49080358103718896        13.133488077509353     
  0.49526659598672212        13.085371734852369     
  0.49977019438594739        13.036560368386388     
  0.50431474527158271        12.987047331058839     
  0.50890062103610068        12.936826039520188     
  0.51352819745824319        12.885889980212490     
  0.51819785373381400        12.834232715659741     
  0.52290997250675098        12.781847890962919     
  0.52766493990048058        12.728729240502609     
  0.53246314554955854        12.674870594851850     
  0.53730498263159687        12.620265887901777     
  0.54219084789948246        12.564909164202371     
  0.54712114171388737        12.508794586520535     
  0.55209626807607604        12.451916443617394     
  0.55711663466100991        12.394269158246594     
  0.56218265285075342        12.335847295375075     
  0.56729473776818395        12.276645570627529     
  0.57245330831100771        12.216658858955535     
  0.57765878718608576        12.155882203531949     
  0.58291160094407124        12.094310824870920     
  0.58821218001436237        12.031940130173519     
  0.59356095874037307        11.968765722898496     
  0.59895837541512376        11.904783412557510     
  0.60440487231715678        11.839989224733529     
  0.60990089574677753        11.774379411320815     
  0.61544689606262537        11.707950460984364     
  0.62104332771857762        11.640699109836191     
  0.62669064930098839        11.572622352325375     
  0.63238932356626654        11.503717452338147     
  0.63813981747879467        11.433981954503830     
  0.64394260224919431        11.363413695701702     
  0.64979815337293723        11.292010816763373     
  0.65570695066930962        11.219771774364460     
  0.66166947832072909        11.146695353098757     
  0.66768622491241991        11.072780677727268     
  0.67375768347244969        10.998027225593805     
  0.67988435151212834        10.922434839198008     
  0.68606673106677607        10.846003738915805     
  0.69230532873686190        10.768734535856556     
  0.69860065572951457        10.690628244845140     
  0.70495322790041370        10.611686297516359     
  0.71136356579605919        10.531910555508148     
  0.71783219469642656        10.451303323738989     
  0.72435964465801028        10.369867363753947     
  0.73094645055725704        10.287605907122805     
  0.73759315213439569        10.204522668872528     
  0.74430029403766484        10.120621860935291     
  0.75106842586794231        10.035908205592207     
  0.75789810222378162        9.9503869488916195     
  0.76478988274685655        9.8640638740197382     
  0.77174433216782012        9.7769453146001908     
  0.77876202035257980        9.6890381678977491     
  0.78584352234899413        9.6003499079003838     
  0.79298941843399362        9.5108885982523947     
  0.80020029416112959        9.4206629050102393     
  0.80747674040855688        9.3296821091912694     
  0.81481935342745127        9.2379561190843624     
  0.82222873489086823        9.1454954822901531     
  0.82970549194304555        9.0523113974572240     
  0.83725023724915404        8.9584157256793784     
  0.84486358904550118        8.8638210015177741     
  0.85254617119019127        8.7685404436105170     
  0.86029861321424561        8.6725879648309885     
  0.86812155037318794        8.5759781819550049     
  0.87601562369909924        8.4787264247956635     
  0.88398148005314525        8.3808487447636644     
  0.89201977217858242        8.2823619228096845     
  0.90013115875424499        8.1832834767044034     
  0.90831630444851896        8.0836316676106961     
  0.91657587997380674        7.9834255059016614     
  0.92491056214148770        7.8826847561772304     
  0.93332103391737675        7.7814299414313357     
  0.94180798447768921        7.6796823463209485     
  0.95037210926551374        7.5774640194876630     
  0.95901411004779791        7.4747977748821270     
  0.96773469497285414        7.3717071920411126     
  0.97653457862838622        7.2682166152669545     
  0.98541448210004456        7.1643511516588916     
  0.99437513303051472        7.0601366679459296     
   1.0034172656791411        6.9555997860711702     
   1.0125416209820957        6.8507678774777681     
   1.0217489466130900        6.7456690560474994     
   1.0310399970446442        6.6403321696434672     
   1.0404155336099086        6.5347867902096901     
   1.0498763245650495        6.4290632023813385     
   1.0594231451522036        6.3231923905609388     
   1.0690567776630011        6.2172060244175249     
   1.0787780115026704        6.1111364427675774     
   1.0885876432547241        6.0050166357988584     
   1.0984864767462319        5.8988802256007107     
   1.1084753231136892        5.7927614449670175     
   1.1185550008694840        5.6866951144411946     
   1.1287263359689670        5.5807166175757992     
   1.1389901618781337        5.4748618743829915     
   1.1493473196419197        5.3691673129560735     
   1.1597986579531188        5.2636698392464307     
   1.1703450332219272        5.1584068049849474     
   1.1809873096461196        5.0534159737417070     
   1.1917263592818641        4.9487354851230281     
   1.2025630621151808        4.8444038171104280     
   1.2134983061340499        4.7404597465519176     
   1.2245329874011757        4.6369423078221699     
   1.2356680101274133        4.5338907496745682     
   1.2469042867458608        4.4313444903149053     
   1.2582427379866272        4.3293430707334704     
   1.2696842929522791        4.2279261063396509     
   1.2812298891939742        4.1271332369506766     
   1.2928804727882861        4.0270040751939451     
   1.3046369984147288        3.9275781533903986     
   1.3165004294339857        3.8288948689945967     
   1.3284717379668496        3.7309934286755349     
   1.3405519049738810        3.6339127911307361     
   1.3527419203357904        3.5376916087347654     
   1.3650427829345524        3.4423681681319795     
   1.3774555007352556        3.3479803298920370     
   1.3899810908686991        3.2545654673553512     
   1.4026205797147373        3.1621604048043301     
   1.4153750029863872        3.0708013551047006     
   1.4282454058146932        2.9805238569696546     
   1.4412328428343713        2.8913627120075622     
   1.4543383782702273        2.8033519217220100     
   1.4675630860243625        2.7165246246403427     
   1.4809080497641716        2.6309130337541031     
   1.4943743630111415        2.5465483744614152     
   1.5079631292304581        2.4634608232075683     
   1.5216754619214259        2.3816794470256619     
   1.5355124847087116        2.3012321441840622     
   1.5494753314344172        2.2221455861517465     
   1.5635651462509896        2.1444451610959971     
   1.5777830837149756        2.0681549191295785     
   1.5921303088816290        1.9932975195261955     
   1.6066079974003791        1.9198941801238059     
   1.6212173356111654        1.8479646291350575     
   1.6359595206416504        1.7775270595827521     
   1.6508357605053150        1.7085980865757358     
   1.6658472742004458        1.6411927076369246     
   1.6809952918100244        1.5753242662902602     
   1.6962810546025222        1.5110044191072260     
   1.7117058151336138        1.4482431064060761     
   1.7272708373488150        1.3870485267881576     
   1.7429773966870532        1.3274271156856274     
   1.7588267801851805        1.2693835280834069     
   1.7748202865834375        1.2129206255654803     
   1.7909592264318741        1.1580394678216082     
   1.8072449221977414        1.1047393087351116     
   1.8236787083738555        1.0530175971559044     
   1.8402619315879525        1.0028699824450584     
   1.8569959507130314       0.95429032485836018     
   1.8738821369787075       0.90727071081626876     
   1.8909218740835705       0.86180147308680177     
   1.9081165583085715       0.81787121588596279     
   1.9254675986314367       0.77546684487780138     
   1.9429764168421226       0.73457360203289368     
   1.9606444476593214       0.69517510528030602     
   1.9784731388480266       0.65725339286393625     
   1.9964639513381648       0.62078897228983410     
