   1.2157750375245608E-006   4112574.9815187235     
   1.2268304217503132E-006   4075514.9242191487     
   1.2379863356930006E-006   4038788.8276411314     
   1.2492436934976025E-006   4002393.6823515599     
   1.2606034176216759E-006   3966326.5060363417     
   1.2720664389109436E-006   3930584.3432560293     
   1.2836336966755701E-006   3895164.2652036380     
   1.2953061387671314E-006   3860063.3694646577     
   1.3070847216562844E-006   3825278.7797792135     
   1.3189704105111431E-006   3790807.6458063838     
   1.3309641792763655E-006   3756647.1428906349     
   1.3430670107529624E-006   3722794.4718303601     
   1.3552798966788316E-006   3689246.8586485046     
   1.3676038378100211E-006   3656001.5543652591     
   1.3800398440027357E-006   3623055.8347728061     
   1.3925889342960866E-006   3590407.0002120826     
   1.4052521369955933E-006   3558052.3753515696     
   1.4180304897574480E-006   3525989.3089680644     
   1.4309250396735413E-006   3494215.1737294351     
   1.4439368433572645E-006   3462727.3659793306     
   1.4570669670300925E-006   3431523.3055238253     
   1.4703164866089511E-006   3400600.4354199958     
   1.4836864877943817E-006   3369956.2217663978     
   1.4971780661595053E-006   3339588.1534954305     
   1.5107923272397984E-006   3309493.7421675711     
   1.5245303866236810E-006   3279670.5217674719     
   1.5383933700439333E-006   3250116.0485018804     
   1.5523824134699398E-006   3220827.9005993935     
   1.5664986632007738E-006   3191803.6781120105     
   1.5807432759591288E-006   3163041.0027184752     
   1.5951174189861029E-006   3134537.5175293861     
   1.6096222701368451E-006   3106290.8868940747     
   1.6242590179770730E-006   3078298.7962092073     
   1.6390288618804663E-006   3050558.9517291258     
   1.6539330121269464E-006   3023069.0803778940     
   1.6689726900018506E-006   2995826.9295630264     
   1.6841491278960079E-006   2968830.2669909126     
   1.6994635694067220E-006   2942076.8804838983     
   1.7149172694396776E-006   2915564.5777990101     
   1.7305114943117691E-006   2889291.1864483166     
   1.7462475218548672E-006   2863254.5535209109     
   1.7621266415205263E-006   2837452.5455064951     
   1.7781501544856459E-006   2811883.0481205569     
   1.7943193737590944E-006   2786543.9661311139     
   1.8106356242892981E-006   2761433.2231870317     
   1.8271002430728111E-006   2736548.7616478754     
   1.8437145792638741E-006   2711888.5424153088     
   1.8604799942849665E-006   2687450.5447659977     
   1.8773978619383649E-006   2663232.7661860297     
   1.8944695685187157E-006   2639233.2222068273     
   1.9116965129266336E-006   2615449.9462425248     
   1.9290801067833284E-006   2591880.9894288336     
   1.9466217745462792E-006   2568524.4204633385     
   1.9643229536259579E-006   2545378.3254472404     
   1.9821850945036125E-006   2522440.8077285369     
   2.0002096608501265E-006   2499709.9877465935     
   2.0183981296459527E-006   2477184.0028781365     
   2.0367519913021436E-006   2454861.0072846180     
   2.0552727497824774E-006   2432739.1717609684     
   2.0739619227266989E-006   2410816.6835857029     
   2.0928210415748767E-006   2389091.7463723840     
   2.1118516516928955E-006   2367562.5799224204     
   2.1310553124990857E-006   2346227.4200791926     
   2.1504335975920070E-006   2325084.5185834947     
   2.1699880948793940E-006   2304132.1429302748     
   2.1897204067082717E-006   2283368.5762266726     
   2.2096321499962577E-006   2262792.1170513276     
   2.2297249563640559E-006   2242401.0793149662     
   2.2500004722691567E-006   2222193.7921222337     
   2.2704603591407502E-006   2202168.5996347792     
   2.2911062935158696E-006   2182323.8609355744     
   2.3119399671767712E-006   2162657.9498944464     
   2.3329630872895633E-006   2143169.2550348327     
   2.3541773765440932E-006   2123856.1794017334     
   2.3755845732951148E-006   2104717.1404308495     
   2.3971864317047277E-006   2085750.5698189025     
   2.4189847218861222E-006   2066954.9133951301     
   2.4409812300486251E-006   2048328.6309939246     
   2.4631777586440656E-006   2029870.1963286346     
   2.4855761265144764E-006   2011578.0968664931     
   2.5081781690411305E-006   1993450.8337046786     
   2.5309857382949400E-006   1975486.9214474892     
   2.5540007031882164E-006   1957684.8880846289     
   2.5772249496278190E-006   1940043.2748705812     
   2.6006603806696865E-006   1922560.6362050818     
   2.6243089166747813E-006   1905235.5395146599     
   2.6481724954664473E-006   1888066.5651352475     
   2.6722530724892003E-006   1871052.3061958521     
   2.6965526209689644E-006   1854191.3685032700     
   2.7210731320747617E-006   1837482.3704278453     
   2.7458166150818719E-006   1820923.9427902543     
   2.7707850975364817E-006   1804514.7287493132     
   2.7959806254218253E-006   1788253.3836907905     
   2.8214052633258366E-006   1772138.5751172316     
   2.8470610946103282E-006   1756168.9825387665     
   2.8729502215817092E-006   1740343.2973649050     
   2.8990747656632490E-006   1724660.2227973111     
   2.9254368675689169E-006   1709118.4737235361     
   2.9520386874787969E-006   1693716.7766117144     
   2.9788824052160963E-006   1678453.8694062089     
   3.0059702204257680E-006   1663328.5014241908     
   3.0333043527547558E-006   1648339.4332531595     
   3.0608870420338762E-006   1633485.4366493786     
   3.0887205484613578E-006   1618765.2944372334     
   3.1168071527880461E-006   1604177.8004094884     
   3.1451491565042961E-006   1589721.7592284526     
   3.1737488820285614E-006   1575395.9863280246     
   3.2026086728976997E-006   1561199.3078166319     
   3.2317308939590082E-006   1547130.5603810344     
   3.2611179315640053E-006   1533188.5911910024     
   3.2907721937639743E-006   1519372.2578048487     
   3.3206961105072871E-006   1505680.4280758158     
   3.3508921338385178E-006   1492111.9800593040     
   3.3813627380993723E-006   1478665.8019209350     
   3.4121104201314396E-006   1465340.7918454478     
   3.4431376994807943E-006   1452135.8579464101     
   3.4744471186044488E-006   1439049.9181767502     
   3.5060412430786934E-006   1426081.9002400865     
   3.5379226618093243E-006   1413230.7415028643     
   3.5700939872437869E-006   1400495.3889072791     
   3.6025578555852449E-006   1387874.7988849878     
   3.6353169270085985E-006   1375367.9372715936     
   3.6683738858784663E-006   1362973.7792219049     
   3.7017314409691490E-006   1350691.3091259592     
   3.7353923256865946E-006   1338519.5205257959     
   3.7693592982923778E-006   1326457.4160329916     
   3.8036351421297232E-006   1314504.0072469243     
   3.8382226658515767E-006   1302658.3146737865     
   3.8731247036507565E-006   1290919.3676463205     
   3.9083441154921901E-006   1279286.2042442791     
   3.9438837873472727E-006   1267757.8712156059     
   3.9797466314303500E-006   1256333.4238983185     
   4.0159355864373469E-006   1245011.9261431061     
   4.0524536177865789E-006   1233792.4502366160     
   4.0893037178617474E-006   1222674.0768254322     
   4.1264889062571342E-006   1211655.8948407469     
   4.1640122300250442E-006   1200737.0014236988     
   4.2018767639254852E-006   1189916.5018513955     
   4.2400856106781223E-006   1179193.5094635943     
   4.2786419012165214E-006   1168567.1455900485     
   4.3175487949447097E-006   1158036.5394785060     
   4.3568094799960622E-006   1147600.8282233586     
   4.3964271734945463E-006   1137259.1566949328     
   4.4364051218183446E-006   1127010.6774694172     
   4.4767466008658671E-006   1116854.5507594235     
   4.5174549163241890E-006   1106789.9443451723     
   4.5585334039399285E-006   1096816.0335062977     
   4.5999854297925852E-006   1086932.0009542692     
   4.6418143905703658E-006   1077137.0367654189     
   4.6840237138485173E-006   1067430.3383145756     
   4.7266168583701946E-006   1057811.1102092951     
   4.7695973143298730E-006   1048278.5642246839     
   4.8129686036593500E-006   1038831.9192388098     
   4.8567342803163383E-006   1029470.4011686952     
   4.9008979305756849E-006   1020193.2429068856     
   4.9454631733232477E-006   1010999.6842585910     
   4.9904336603524261E-006   1001888.9718793953     
   5.0358130766634061E-006   992860.35921352357     
   5.0816051407651140E-006   983913.10643266689     
   5.1278136049799274E-006   975046.48037536000     
   5.1744422557511425E-006   966259.75448690460     
   5.2214949139532496E-006   957552.20875983138     
   5.2689754352050275E-006   948923.12967490347     
   5.3168877101854760E-006   940371.81014264619     
   5.3652356649526373E-006   931897.54944540828     
   5.4140232612653006E-006   923499.65317994228     
   5.4632544969076432E-006   915177.43320050265     
   5.5129334060168149E-006   906930.20756245975     
   5.5630640594135133E-006   898757.30046641559     
   5.6136505649355495E-006   890658.04220283183     
   5.6646970677744598E-006   882631.76909714739     
   5.7162077508151743E-006   874677.82345539855     
   5.7681868349787682E-006   866795.55351032421     
   5.8206385795683406E-006   858984.31336795853     
   5.8735672826180322E-006   851243.46295470500     
   5.9269772812452154E-006   843572.36796488648     
   5.9808729520058902E-006   835970.39980877016     
   6.0352587112533106E-006   828436.93556105695     
   6.0901390154998741E-006   820971.35790983879     
   6.1455183617822958E-006   813573.05510601471     
   6.2014012880301104E-006   806241.42091316113     
   6.2577923734375237E-006   798975.85455785680     
   6.3146962388386405E-006   791775.76068045315     
   6.3721175470861074E-006   784640.54928628833     
   6.4300610034332054E-006   777569.63569734246     
   6.4885313559194027E-006   770562.44050432707     
   6.5475333957594266E-006   763618.38951920765     
   6.6070719577358680E-006   756736.91372815112     
   6.6671519205953519E-006   749917.44924490177     
   6.7277782074483223E-006   743159.43726457364     
   6.7889557861724466E-006   736462.32401786046     
   6.8506896698197034E-006   729825.56072565843     
   6.9129849170271618E-006   723248.60355409852     
   6.9758466324314989E-006   716730.91356998275     
   7.0392799670872888E-006   710271.95669662231     
   7.1032901188890934E-006   703871.20367007446     
   7.1678823329973901E-006   697528.12999577285     
   7.2330619022683768E-006   691242.21590554959     
   7.2988341676876784E-006   685012.94631504326     
   7.3652045188080083E-006   678839.81078149169     
   7.4321783941907924E-006   672722.30346190627     
   7.4997612818518299E-006   666659.92307162005     
   7.5679587197109843E-006   660652.17284321180     
   7.6367762960459878E-006   654698.56048580026     
   7.7062196499503486E-006   648798.59814470366     
   7.7762944717954414E-006   642951.80236146366     
   7.8470065036967828E-006   637157.69403422985     
   7.9183615399845663E-006   631415.79837850120     
   7.9903654276784529E-006   625725.64488822001     
   8.0630240669667005E-006   620086.76729721832     
   8.1363434116896385E-006   614498.70354100992     
   8.2103294698275368E-006   608960.99571892899     
   8.2849883039929233E-006   603473.19005660643     
   8.3603260319273599E-006   598034.83686878905     
   8.4363488270027598E-006   592645.49052248825     
   8.5130629187272382E-006   587304.70940046583     
   8.5904745932555818E-006   582012.05586504622     
   8.6685901939043438E-006   576767.09622225480     
   8.7474161216716470E-006   571569.40068628010     
   8.8269588357616853E-006   566418.54334425589     
   8.9072248541140096E-006   561314.10212136188     
   8.9882207539376341E-006   556255.65874623577     
   9.0699531722499767E-006   551242.79871670075     
   9.1524288064207267E-006   546275.11126579915     
   9.2356544147206357E-006   541352.18932813371     
   9.3196368168753097E-006   536473.62950651068     
   9.4043828946240423E-006   531639.03203888540     
   9.4898995922837118E-006   526848.00076560467     
   9.5761939173178260E-006   522100.14309694315     
   9.6632729409107264E-006   517395.06998093531     
   9.7511437985470244E-006   512732.39587149373     
   9.8398136905962931E-006   508111.73869681812     
   9.9292898829030984E-006   503532.71982808568     
   1.0019579707382368E-005   498994.96404842701     
   1.0110690562620192E-005   494498.09952217818     
   1.0202629914480094E-005   490041.75776441256     
   1.0295405296714781E-005   485625.57361074607     
   1.0389024311583500E-005   481249.18518741429     
   1.0483494630474974E-005   476912.23388161999     
   1.0578823994536019E-005   472614.36431214714     
   1.0675020215305885E-005   468355.22430024011     
   1.0772091175356335E-005   464134.46484074526     
   1.0870044828937575E-005   459951.74007351260     
   1.0968889202630047E-005   455806.70725505531     
   1.1068632396002145E-005   451699.02673046326     
   1.1169282582273915E-005   447628.36190557259     
   1.1270848008986788E-005   443594.37921938312     
   1.1373336998679413E-005   439596.74811672559     
   1.1476757949569620E-005   435635.14102117554     
   1.1581119336242593E-005   431709.23330821033     
   1.1686429710345306E-005   427818.70327860885     
   1.1792697701287261E-005   423963.23213209060     
   1.1899932016947607E-005   420142.50394119229     
   1.2008141444388685E-005   416356.20562537987     
   1.2117334850576065E-005   412604.02692539431     
   1.2227521183105130E-005   408885.66037782730     
   1.2338709470934261E-005   405200.80128992768     
   1.2450908825124697E-005   401549.14771463367     
   1.2564128439587117E-005   397930.40042583103     
   1.2678377591835015E-005   394344.26289383275     
   1.2793665643744925E-005   390790.44126108172     
   1.2910002042323557E-005   387268.64431807044     
   1.3027396320481904E-005   383778.58347947896     
   1.3145858097816407E-005   380319.97276052728     
   1.3265397081397193E-005   376892.52875354124     
   1.3386023066563513E-005   373495.97060472902     
   1.3507745937726389E-005   370130.01999116747     
   1.3630575669178572E-005   366794.40109799535     
   1.3754522325911865E-005   363488.84059581254     
   1.3879596064441863E-005   360213.06761828298     
   1.4005807133640216E-005   356966.81373993860     
   1.4133165875574452E-005   353749.81295418384     
   1.4261682726355418E-005   350561.80165149912     
   1.4391368216992455E-005   347402.51859783923     
   1.4522232974256333E-005   344271.70491322735     
   1.4654287721550031E-005   341169.10405054182     
   1.4787543279787455E-005   338094.46177449374     
   1.4922010568280120E-005   335047.52614079497     
   1.5057700605631901E-005   332028.04747551196     
   1.5194624510641955E-005   329035.77835460810     
   1.5332793503215787E-005   326070.47358366806     
   1.5472218905284663E-005   323131.89017780684     
   1.5612912141733366E-005   320219.78734175803     
   1.5754884741336351E-005   317333.92645014299     
   1.5898148337702465E-005   314474.07102791761     
   1.6042714670228236E-005   311639.98673099378     
   1.6188595585059818E-005   308831.44132703776     
   1.6335803036063714E-005   306048.20467643975     
   1.6484349085806282E-005   303290.04871345602     
   1.6634245906542196E-005   300556.74742752028     
   1.6785505781211861E-005   297848.07684472424     
   1.6938141104447912E-005   295163.81500946404     
   1.7092164383590868E-005   292503.74196625303     
   1.7247588239714005E-005   289867.63974169770     
   1.7404425408657565E-005   287255.29232663725     
   1.7562688742072379E-005   284666.48565844150     
   1.7722391208472939E-005   282101.00760347216     
   1.7883545894300092E-005   279558.64793969796     
   1.8046166004993365E-005   277039.19833947043     
   1.8210264866073068E-005   274542.45235245145     
   1.8375855924232203E-005   272068.20538869698     
   1.8542952748438343E-005   269616.25470189232     
   1.8711569031045493E-005   267186.39937273826     
   1.8881718588916074E-005   264778.44029248744     
   1.9053415364553139E-005   262392.18014662899     
   1.9226673427242829E-005   260027.42339871978     
   1.9401506974207257E-005   257683.97627436175     
   1.9577930331767880E-005   255361.64674532344     
   1.9755957956519414E-005   253060.24451380500     
   1.9935604436514459E-005   250779.58099684431     
   2.0116884492458877E-005   248519.46931086417     
   2.0299812978918055E-005   246279.72425635866     
   2.0484404885534099E-005   244060.16230271713     
   2.0670675338254168E-005   241860.60157318573     
   2.0858639600569897E-005   239680.86182996319     
   2.1048313074768149E-005   237520.76445943236     
   2.1239711303193112E-005   235380.13245752364     
   2.1432849969519864E-005   233258.79041521123     
   2.1627744900039575E-005   231156.56450413933     
   2.1824412064956307E-005   229073.28246237832     
   2.2022867579695697E-005   227008.77358030915     
   2.2223127706225468E-005   224962.86868663479     
   2.2425208854387980E-005   222935.40013451834     
   2.2629127583244916E-005   220926.20178784506     
   2.2834900602434156E-005   218935.10900760905     
   2.3042544773539024E-005   216961.95863842207     
   2.3252077111469943E-005   215006.58899514473     
   2.3463514785858725E-005   213068.83984963663     
   2.3676875122465445E-005   211148.55241762780     
   2.3892175604598206E-005   209245.56934570684     
   2.4109433874545736E-005   207359.73469842738     
   2.4328667735023061E-005   205490.89394552994     
   2.4549895150630291E-005   203638.89394927971     
   2.4773134249324708E-005   201803.58295191769     
   2.4998403323906191E-005   199984.81056322559     
   2.5225720833516208E-005   198182.42774820203     
   2.5455105405150380E-005   196396.28681485081     
   2.5686575835184831E-005   194626.24140207804     
   2.5920151090916433E-005   192872.14646769923     
   2.6155850312117002E-005   191133.85827655430     
   2.6393692812601701E-005   189411.23438872909     
   2.6633698081811629E-005   187704.13364788389     
   2.6875885786410857E-005   186012.41616968650     
   2.7120275771897954E-005   184335.94333034998     
   2.7366888064232210E-005   182674.57775527280     
   2.7615742871474566E-005   181028.18330778286     
   2.7866860585443559E-005   179396.62507798159     
   2.8120261783386257E-005   177779.76937168927     
   2.8375967229664426E-005   176177.48369948944     
   2.8633997877456008E-005   174589.63676587289     
   2.8894374870472085E-005   173016.09845847849     
   2.9157119544689447E-005   171456.73983743179     
   2.9422253430098922E-005   169911.43312477911     
   2.9689798252469591E-005   168380.05169401717     
   2.9959775935129069E-005   166862.47005971704     
   3.0232208600759951E-005   165358.56386724144     
   3.0507118573212600E-005   163868.20988255474     
   3.0784528379334435E-005   162391.28598212503     
   3.1064460750815816E-005   160927.67114291678     
   3.1346938626052778E-005   159477.24543247413     
   3.1631985152026622E-005   158039.88999909311     
   3.1919623686200650E-005   156615.48706208266     
   3.2209877798434183E-005   155203.91990211341     
   3.2502771272913850E-005   153805.07285165344     
   3.2798328110102612E-005   152418.83128549007     
   3.3096572528706379E-005   151045.08161133714     
   3.3397528967658540E-005   149683.71126052717     
   3.3701222088122613E-005   148334.60867878696     
   3.4007676775512986E-005   146997.66331709665     
   3.4316918141534123E-005   145672.76562263104     
   3.4628971526238271E-005   144359.80702978245     
   3.4943862500101898E-005   143058.67995126473     
   3.5261616866121016E-005   141769.27776929722     
   3.5582260661925522E-005   140491.49482686794     
   3.5905820161912800E-005   139225.22641907629     
   3.6232321879400725E-005   137970.36878455285     
   3.6561792568800213E-005   136726.81909695704     
   3.6894259227807578E-005   135494.47545655121     
   3.7229749099616761E-005   134273.23688185069     
   3.7568289675151742E-005   133063.00330134932     
   3.7909908695319171E-005   131863.67554531910     
   3.8254634153281600E-005   130675.15533768389     
   3.8602494296751249E-005   129497.34528796663     
   3.8953517630304747E-005   128330.14888330887     
   3.9307732917718840E-005   127173.47048056211     
   3.9665169184327376E-005   126027.21529845073     
   4.0025855719399749E-005   124891.28940980510     
   4.0389822078540884E-005   123765.59973386535     
   4.0757098086113155E-005   122650.05402865366     
   4.1127713837680231E-005   121544.56088341595     
   4.1501699702473216E-005   120449.02971113140     
   4.1879086325879161E-005   119363.37074108954     
   4.2259904631952243E-005   118287.49501153405     
   4.2644185825947763E-005   117221.31436237322     
   4.3031961396879169E-005   116164.74142795568     
   4.3423263120098362E-005   115117.68962991159     
   4.3818123059899469E-005   114080.07317005808     
   4.4216573572146231E-005   113051.80702336875     
   4.4618647306923373E-005   112032.80693100652     
   4.5024377211212022E-005   111022.98939341919     
   4.5433796531589463E-005   110022.27166349723     
   4.5846938816953439E-005   109030.57173979343     
   4.6263837921271282E-005   108047.80835980338     
   4.6684528006353946E-005   107073.90099330645     
   4.7109043544655334E-005   106108.76983576729     
   4.7537419322097101E-005   105152.33580179611     
   4.7969690440919005E-005   104204.52051866836     
   4.8405892322555393E-005   103265.24631990267     
   4.8846060710537637E-005   102334.43623889661     
   4.9290231673423125E-005   101412.01400261979     
   4.9738441607750738E-005   100497.90402536407     
   5.0190727241023355E-005   99592.031402549575     
   5.0647125634717336E-005   98694.321904587006     
   5.1107674187319480E-005   97804.701970795009     
   5.1572410637391536E-005   96923.098703372467     
   5.2041373066662596E-005   96049.439861424995     
   5.2514599903149650E-005   95183.653855045355     
   5.2992129924306424E-005   94325.669739447185     
   5.3474002260200934E-005   93475.417209151652     
   5.3960256396721920E-005   92632.826592226367     
   5.4450932178814393E-005   91797.828844576317     
   5.4946069813744668E-005   90970.355544286169     
   5.5445709874395027E-005   90150.338886013691     
   5.5949893302588370E-005   89337.711675433529     
   5.6458661412443126E-005   88532.407323731080     
   5.6972055893758598E-005   87734.359842146136     
   5.7490118815431154E-005   86943.503836565520     
   5.8012892628901485E-005   86159.774502164611     
   5.8540420171633149E-005   85383.107618096939     
   5.9072744670622799E-005   84613.439542231848     
   5.9609909745942334E-005   83850.707205939456     
   6.0151959414313248E-005   83094.848108922626     
   6.0698938092713407E-005   82345.800314095584     
   6.1250890602016788E-005   81603.502442508616     
   6.1807862170666186E-005   80867.893668318458     
   6.2369898438379288E-005   80138.913713804184     
   6.2937045459888604E-005   79416.502844427800     
   6.3509349708715265E-005   78700.601863939315     
   6.4086858080977227E-005   77991.152109526302     
   6.4669617899231957E-005   77288.095447006912     
   6.5257676916354325E-005   76591.374266065861     
   6.5851083319449474E-005   75900.931475534031     
   6.6449885733801421E-005   75216.710498710163     
   6.7054133226857618E-005   74538.655268724789     
   6.7663875312249568E-005   73866.710223945978     
   6.8279161953850153E-005   73200.820303426444     
   6.8900043569867828E-005   72540.930942391773     
   6.9526571036977928E-005   71886.988067769256     
   7.0158795694491783E-005   71238.938093756777     
   7.0796769348563458E-005   70596.727917432203     
   7.1440544276434950E-005   69960.304914401742     
   7.2090173230719926E-005   69329.616934487814     
   7.2745709443726404E-005   68704.612297455693     
   7.3407206631818722E-005   68085.239788778897     
   7.4074718999819260E-005   67471.448655442175     
   7.4748301245450036E-005   66863.188601783128     
   7.5428008563814883E-005   66260.409785370284     
   7.6113896651922193E-005   65663.062812919496     
   7.6806021713248925E-005   65071.098736246022     
   7.7504440462346076E-005   64484.469048253864     
   7.8209210129485978E-005   63903.125678960852     
   7.8920388465351910E-005   63327.020991559766     
   7.9638033745770391E-005   62756.107778514663     
   8.0362204776486391E-005   62190.339257692794     
   8.1092960897982021E-005   61629.669068531002     
   8.1830361990339106E-005   61074.051268236864     
   8.2574468478145924E-005   60523.440328024000     
   8.3325341335448478E-005   59977.791129381359     
   8.4083042090746905E-005   59437.058960376016     
   8.4847632832037352E-005   58901.199511989493     
   8.5619176211899491E-005   58370.168874486808     
   8.6397735452630606E-005   57843.923533818459     
   8.7183374351426006E-005   57322.420368054838     
   8.7976157285606901E-005   56805.616643852591     
   8.8776149217895573E-005   56293.470012953010     
   8.9583415701738588E-005   55785.938508711864     
   9.0398022886678444E-005   55282.980542660523     
   9.1220037523774002E-005   54784.554901098265     
   9.2049526971070282E-005   54290.620741714818     
   9.2886559199117951E-005   53801.137590243889     
   9.3731202796543028E-005   53316.065337146436     
   9.4583526975667136E-005   52835.364234324101     
   9.5443601578179023E-005   52358.994891862087     
   9.6311497080857548E-005   51886.918274801435     
   9.7187284601346765E-005   51419.095699940415     
   9.8071035903983403E-005   50955.488832664727     
   9.8962823405677509E-005   50496.059683806314     
   9.9862720181846451E-005   50040.770606530255     
   1.0077079997240295E-004   49589.584293250082     
   1.0168713718779741E-004   49142.463772570634     
   1.0261180691511542E-004   48699.372406258466     
   1.0354488492423057E-004   48260.273886239629     
   1.0448644767401319E-004   47825.132231624608     
   1.0543657231859560E-004   47393.911785759788     
   1.0639533671369435E-004   46966.577213305762     
   1.0736281942298990E-004   46543.093497341826     
   1.0833909972456442E-004   46123.425936496584     
   1.0932425761739783E-004   45707.540142104459     
   1.1031837382792337E-004   45295.402035387808     
   1.1132152981664241E-004   44886.977844664310     
   1.1233380778479955E-004   44482.234102579809     
   1.1335529068111842E-004   44081.137643365713     
   1.1438606220859870E-004   43683.655600121463     
   1.1542620683137504E-004   43289.755402121220     
   1.1647580978163815E-004   42899.404772145026     
   1.1753495706661902E-004   42512.571723833847     
   1.1860373547563660E-004   42129.224559068585     
   1.1968223258720949E-004   41749.331865372573     
   1.2077053677623239E-004   41372.862513337655     
   1.2186873722121778E-004   40999.785654073283     
   1.2297692391160343E-004   40630.070716678725     
   1.2409518765512628E-004   40263.687405737997     
   1.2522362008526373E-004   39900.605698837295     
   1.2636231366874195E-004   39540.795844105000     
   1.2751136171311320E-004   39184.228357773711     
   1.2867085837440148E-004   38830.874021764161     
   1.2984089866481801E-004   38480.703881291112     
   1.3102157846054668E-004   38133.689242490771     
   1.3221299450960061E-004   37789.801670069341     
   1.3341524443974970E-004   37449.012984973182     
   1.3462842676652067E-004   37111.295262079584     
   1.3585264090126958E-004   36776.620827908606     
   1.3708798715932790E-004   36444.962258355394     
   1.3833456676822265E-004   36116.292376442987     
   1.3959248187597121E-004   35790.584250095329     
   1.4086183555945154E-004   35467.811189930500     
   1.4214273183284868E-004   35147.946747073547     
   1.4343527565617789E-004   34830.964710989349     
   1.4473957294388538E-004   34516.839107334737     
   1.4605573057352715E-004   34205.544195830189     
   1.4738385639452689E-004   33897.054468150505     
   1.4872405923701344E-004   33591.344645834681     
   1.5007644892073857E-004   33288.389678214473     
   1.5144113626407594E-004   32988.164740361666     
   1.5281823309310180E-004   32690.645231053910     
   1.5420785225075842E-004   32395.806770758769     
   1.5561010760610061E-004   32103.625199636044     
   1.5702511406362658E-004   31814.076575558021     
   1.5845298757269336E-004   31527.137172147621     
   1.5989384513701810E-004   31242.783476834182     
   1.6134780482426574E-004   30960.992188926739     
   1.6281498577572356E-004   30681.740217704784     
   1.6429550821606413E-004   30405.004680526094     
   1.6578949346319680E-004   30130.762900951664     
   1.6729706393820868E-004   29858.992406887588     
   1.6881834317539635E-004   29589.670928743581     
   1.7035345583238837E-004   29322.776397608191     
   1.7190252770036031E-004   29058.286943440384     
   1.7346568571434209E-004   28796.180893277480     
   1.7504305796361966E-004   28536.436769459197     
   1.7663477370223087E-004   28279.033287867718     
   1.7824096335955676E-004   28023.949356183628     
   1.7986175855100957E-004   27771.164072157531     
   1.8149729208881730E-004   27520.656721897285     
   1.8314769799290708E-004   27272.406778170625     
   1.8481311150188672E-004   27026.393898723156     
   1.8649366908412687E-004   26782.597924611393     
   1.8818950844894328E-004   26540.998878550934     
   1.8990076855788141E-004   26301.576963279436     
   1.9162758963610300E-004   26064.312559934398     
   1.9337011318387663E-004   25829.186226445538     
   1.9512848198817263E-004   25596.178695941631     
   1.9690284013436336E-004   25365.270875171766     
   1.9869333301802998E-004   25136.443842940786     
   2.0050010735687664E-004   24909.678848558779     
   2.0232331120275269E-004   24684.957310304737     
   2.0416309395378466E-004   24462.260813903744     
   2.0601960636661812E-004   24241.571111018213     
   2.0789300056877144E-004   24022.870117752445     
   2.0978343007110105E-004   23806.139913170919     
   2.1169104978038090E-004   23591.362737829651     
   2.1361601601199565E-004   23378.520992321090     
   2.1555848650274992E-004   23167.597235831850     
   2.1751862042379319E-004   22958.574184713656     
   2.1949657839366308E-004   22751.434711067028     
   2.2149252249144684E-004   22546.161841337762     
   2.2350661627006213E-004   22342.738754926140     
   2.2553902476965960E-004   22141.148782808534     
   2.2758991453114617E-004   21941.375406171530     
   2.2965945360983213E-004   21743.402255058358     
   2.3174781158920193E-004   21547.213107027448     
   2.3385515959481034E-004   21352.791885823139     
   2.3598167030830494E-004   21160.122660058376     
   2.3812751798157601E-004   20969.189641909197     
   2.4029287845103532E-004   20779.977185821110     
   2.4247792915202450E-004   20592.469787226961     
   2.4468284913335469E-004   20406.652081276534     
   2.4690781907197825E-004   20222.508841577448     
   2.4915302128779369E-004   20040.024978947542     
   2.5141863975858579E-004   19859.185540178347     
   2.5370486013510100E-004   19679.975706809841     
   2.5601186975626018E-004   19502.380793916145     
   2.5833985766450962E-004   19326.386248902236     
   2.6068901462131190E-004   19151.977650311430     
   2.6305953312277699E-004   18979.140706643691     
   2.6545160741543619E-004   18807.861255184525     
   2.6786543351215922E-004   18638.125260844441     
   2.7030120920821588E-004   18469.918815008896     
   2.7275913409748384E-004   18303.228134398592     
   2.7523940958880410E-004   18138.039559940029     
   2.7774223892248503E-004   17974.339555646220     
   2.8026782718695598E-004   17812.114707507557     
   2.8281638133557328E-004   17651.351722392610     
   2.8538811020357817E-004   17492.037426958861     
   2.8798322452520958E-004   17334.158766573226     
   2.9060193695097197E-004   17177.702804242374     
   2.9324446206506071E-004   17022.656719552564     
   2.9591101640294562E-004   16869.007807619149     
   2.9860181846911438E-004   16716.743478045530     
   3.0131708875497738E-004   16565.851253891396     
   3.0405704975693544E-004   16416.318770650400     
   3.0682192599461170E-004   16268.133775236920     
   3.0961194402924936E-004   16121.284124982065     
   3.1242733248227662E-004   15975.757786638624     
   3.1526832205404083E-004   15831.542835395059     
   3.1813514554271215E-004   15688.627453898354     
   3.2102803786336007E-004   15546.999931285647     
   3.2394723606720311E-004   15406.648662224630     
   3.2689297936103271E-004   15267.562145962587     
   3.2986550912681524E-004   15129.728985383965     
   3.3286506894147108E-004   14993.137886076480     
   3.3589190459683396E-004   14857.777655405631     
   3.3894626411979197E-004   14723.637201597521     
   3.4202839779261132E-004   14590.705532829998     
   3.4513855817344528E-004   14458.971756331932     
   3.4827700011702941E-004   14328.425077490649     
   3.5144398079556494E-004   14199.054798967385     
   3.5463975971979246E-004   14070.850319820698     
   3.5786459876025644E-004   13943.801134637857     
   3.6111876216876404E-004   13817.896832673923     
   3.6440251660003819E-004   13693.127096998725     
   3.6771613113356828E-004   13569.481703651456     
   3.7105987729565927E-004   13446.950520802853     
   3.7443402908168090E-004   13325.523507925014     
   3.7783886297852010E-004   13205.190714968634     
   3.8127465798723655E-004   13085.942281547668     
   3.8474169564592511E-004   12967.768436131355     
   3.8824026005278587E-004   12850.659495243497     
   3.9177063788940335E-004   12734.605862668988     
   3.9533311844423873E-004   12619.598028667462     
   3.9892799363633411E-004   12505.626569194041     
   4.0255555803923388E-004   12392.682145127115     
   4.0621610890512210E-004   12280.755501503059     
   4.0990994618918090E-004   12169.837466757856     
   4.1363737257416896E-004   12059.918951975564     
   4.1739869349522439E-004   11950.990950143529     
   4.2119421716489306E-004   11843.044535414361     
   4.2502425459838396E-004   11736.070862374476     
   4.2888911963905491E-004   11630.061165319334     
   4.3278912898412974E-004   11525.006757535106     
   4.3672460221064890E-004   11420.899030586901     
   4.4069586180165690E-004   11317.729453613343     
   4.4470323317262733E-004   11215.489572627528     
   4.4874704469812795E-004   11114.171009824311     
   4.5282762773872883E-004   11013.765462893774     
   4.5694531666815502E-004   10914.264704340931     
   4.6110044890068576E-004   10815.660580811531     
   4.6529336491880311E-004   10717.945012423976     
   4.6952440830109224E-004   10621.109992107207     
   4.7379392575039477E-004   10525.147584944596     
   4.7810226712221898E-004   10430.049927523738     
   4.8244978545340748E-004   10335.809227292106     
   4.8683683699106623E-004   10242.417761918492     
   4.9126378122175615E-004   10149.867878660247     
   4.9573098090095074E-004   10058.151993736163     
   5.0023880208276074E-004   9967.2625917050682     
   5.0478761414993005E-004   9877.1922248499686     
   5.0937778984410384E-004   9787.9335125677644     
   5.1400970529637128E-004   9699.4791407644898     
   5.1868374005808787E-004   9611.8218612559467     
   5.2340027713197604E-004   9524.9544911737830     
   5.2815970300350984E-004   9438.8699123769020     
   5.3296240767258395E-004   9353.5610708681997     
   5.3780878468547228E-004   9269.0209762165232     
   5.4269923116707539E-004   9185.2427009838593     
   5.4763414785346208E-004   9102.2193801577014     
   5.5261393912470723E-004   9019.9442105884809     
   5.5763901303802711E-004   8938.4104504321240     
   5.6270978136121715E-004   8857.6114185976003     
   5.6782665960639306E-004   8777.5404941994511     
   5.7299006706403911E-004   8698.1911160152649     
   5.7820042683736565E-004   8619.5567819480239     
   5.8345816587697971E-004   8541.6310484933147     
   5.8876371501586993E-004   8464.4075302113251     
   5.9411750900471090E-004   8387.8798992036063     
   5.9951998654748679E-004   8312.0418845945496     
   6.0497159033744076E-004   8236.8872720175314     
   6.1047276709335003E-004   8162.4099031056912     
   6.1602396759613120E-004   8088.6036749872974     
   6.2162564672577861E-004   8015.4625397856735     
   6.2727826349863827E-004   7942.9805041236023     
   6.3298228110502048E-004   7871.1516286322294     
   6.3873816694715588E-004   7799.9700274643610     
   6.4454639267749454E-004   7729.4298678121677     
   6.5040743423735493E-004   7659.5253694292387     
   6.5632177189592399E-004   7590.2508041569135     
   6.6228989028961117E-004   7521.6004954549180     
   6.6831227846176114E-004   7453.5688179362078     
   6.7438942990272698E-004   7386.1501969060100     
   6.8052184259030863E-004   7319.3391079050134     
   6.8671001903055804E-004   7253.1300762566898     
   6.9295446629895590E-004   7187.5176766186751     
   6.9925569608196298E-004   7122.4965325382063     
   7.0561422471894844E-004   7058.0613160115645     
   7.1203057324450102E-004   6994.2067470474767     
   7.1850526743112318E-004   6930.9275932344653     
   7.2503883783231471E-004   6868.2186693120875     
   7.3163181982604738E-004   6806.0748367460428     
   7.3828475365863568E-004   6744.4910033071055     
   7.4499818448900532E-004   6683.4621226538611     
   7.5177266243336559E-004   6622.9831939191881     
   7.5860874261028709E-004   6563.0492613004772     
   7.6550698518618979E-004   6503.6554136535387     
   7.7246795542124417E-004   6444.7967840901738     
   7.7949222371569062E-004   6386.4685495793601     
   7.8658036565657907E-004   6328.6659305520561     
   7.9373296206493445E-004   6271.3841905095251     
   8.0095059904335033E-004   6214.6186356352482     
   8.0823386802401649E-004   6158.3646144102686     
   8.1558336581718117E-004   6102.6175172320563     
   8.2299969466005651E-004   6047.3727760367674     
   8.3048346226616688E-004   5992.6258639249427     
   8.3803528187514616E-004   5938.3722947905453     
   8.4565577230298920E-004   5884.6076229533683     
   8.5334555799275837E-004   5831.3274427947435     
   8.6110526906575235E-004   5778.5273883965247     
   8.6893554137314004E-004   5726.2031331833477     
   8.7683701654806359E-004   5674.3503895680788     
   8.8481034205821615E-004   5622.9649086005011     
   8.9285617125889609E-004   5572.0424796191273     
   9.0097516344654573E-004   5521.5789299061753     
   9.0916798391277472E-004   5471.5701243456424     
   9.1743530399887683E-004   5422.0119650844672     
   9.2577780115084079E-004   5372.9003911967329     
   9.3419615897486212E-004   5324.2313783509117     
   9.4269106729335975E-004   5276.0009384800960     
   9.5126322220150171E-004   5228.2051194552068     
   9.5991332612424529E-004   5180.8400047611485     
   9.6864208787389515E-004   5133.9017131758774     
   9.7745022270818538E-004   5087.3863984523614     
   9.8633845238889069E-004   5041.2902490034112     
   9.9530750524096730E-004   4995.6094875893541     
   1.0043581162122355E-003   4950.3403710085086     
   1.0134910269336030E-003   4905.4791897904615     
   1.0227069857798358E-003   4861.0222678920954     
   1.0320067479308815E-003   4816.9659623963835     
   1.0413910754337519E-003   4773.3066632138598     
   1.0508607372649663E-003   4730.0407927868073     
   1.0604165093935638E-003   4687.1648057961047     
   1.0700591748446875E-003   4644.6751888707113     
   1.0797895237637494E-003   4602.5684602997735     
   1.0896083534811750E-003   4560.8411697473211     
   1.0995164685777400E-003   4519.4898979695417     
   1.1095146809504987E-003   4478.5112565346008     
   1.1196038098793141E-003   4437.9018875449774     
   1.1297846820939915E-003   4397.6584633623124     
   1.1400581318420221E-003   4357.7776863347408     
   1.1504250009569444E-003   4318.2562885266616     
   1.1608861389273261E-003   4279.0910314509592     
   1.1714424029663733E-003   4240.2787058036383     
   1.1820946580821724E-003   4201.8161312008378     
   1.1928437771485719E-003   4163.7001559182290     
   1.2036906409767074E-003   4125.9276566327462     
   1.2146361383871779E-003   4088.4955381666618     
   1.2256811662828776E-003   4051.4007332339570     
   1.2368266297224919E-003   4014.6402021889753     
   1.2480734419946580E-003   3978.2109327773560     
   1.2594225246928042E-003   3942.1099398891929     
   1.2708748077906670E-003   3906.3342653144305     
   1.2824312297184952E-003   3870.8809775004634     
   1.2940927374399480E-003   3835.7471713119103     
   1.3058602865296909E-003   3800.9299677925683     
   1.3177348412516988E-003   3766.4265139294948     
   1.3297173746382705E-003   3732.2339824192318     
   1.3418088685697601E-003   3698.3495714361252     
   1.3540103138550365E-003   3664.7705044027384     
   1.3663227103126719E-003   3631.4940297623284     
   1.3787470668528701E-003   3598.5174207533805     
   1.3912844015601387E-003   3565.8379751861694     
   1.4039357417767143E-003   3533.4530152213333     
   1.4167021241867450E-003   3501.3598871504469     
   1.4295845949012401E-003   3469.5559611785648     
   1.4425842095437888E-003   3438.0386312087371     
   1.4557020333370641E-003   3406.8053146284519     
   1.4689391411901074E-003   3375.8534520980170     
   1.4822966177864101E-003   3345.1805073408327     
   1.4957755576727959E-003   3314.7839669355694     
   1.5093770653491104E-003   3284.6613401102054     
   1.5231022553587265E-003   3254.8101585379327     
   1.5369522523798742E-003   3225.2279761348918     
   1.5509281913177978E-003   3195.9123688597374     
   1.5650312173977545E-003   3166.8609345150016     
   1.5792624862588571E-003   3138.0712925502530     
   1.5936231640487693E-003   3109.5410838670309     
   1.6081144275192634E-003   3081.2679706255349     
   1.6227374641226465E-003   3053.2496360530486     
   1.6374934721090637E-003   3025.4837842541083     
   1.6523836606246848E-003   2997.9681400223662     
   1.6674092498107863E-003   2970.7004486541514     
   1.6825714709037319E-003   2943.6784757637206     
   1.6978715663358644E-003   2916.9000071001606     
   1.7133107898373121E-003   2890.3628483659495     
   1.7288904065387253E-003   2864.0648250371523     
   1.7446116930749417E-003   2838.0037821852311     
   1.7604759376895990E-003   2812.1775843004693     
   1.7764844403406967E-003   2786.5841151169784     
   1.7926385128071173E-003   2761.2212774392865     
   1.8089394787961178E-003   2736.0869929704918     
   1.8253886740517979E-003   2711.1792021419606     
   1.8419874464645533E-003   2686.4958639445563     
   1.8587371561815261E-003   2662.0349557614022     
   1.8756391757180592E-003   2637.7944732021388     
   1.8926948900701624E-003   2613.7724299386764     
   1.9099056968280045E-003   2589.9668575424362     
   1.9272730062904349E-003   2566.3758053230481     
   1.9447982415805461E-003   2542.9973401685093     
   1.9624828387622890E-003   2519.8295463867771     
   1.9803282469581488E-003   2496.8705255487948     
   1.9983359284678876E-003   2474.1183963329304     
   2.0165073588883711E-003   2451.5712943708127     
   2.0348440272344812E-003   2429.2273720945641     
   2.0533474360611330E-003   2407.0847985854039     
   2.0720191015863934E-003   2385.1417594236227     
   2.0908605538157272E-003   2363.3964565398996     
   2.1098733366673697E-003   2341.8471080679633     
   2.1290590080988389E-003   2320.4919481985871     
   2.1484191402345969E-003   2299.3292270348884     
   2.1679553194948772E-003   2278.3572104489440     
   2.1876691467256782E-003   2257.5741799396851     
   2.2075622373299401E-003   2236.9784324920856     
   2.2276362213999173E-003   2216.5682804376056     
   2.2478927438507510E-003   2196.3420513159076     
   2.2683334645552580E-003   2176.2980877378036     
   2.2889600584799449E-003   2156.4347472494528     
   2.3097742158222608E-003   2136.7504021977666     
   2.3307776421490948E-003   2117.2434395970422     
   2.3519720585365353E-003   2097.9122609967844     
   2.3733592017108991E-003   2078.7552823507303     
   2.3949408241910435E-003   2059.7709338870454     
   2.4167186944319737E-003   2040.9576599796958     
   2.4386945969697526E-003   2022.3139190209702     
   2.4608703325677312E-003   2003.8381832951673     
   2.4832477183641078E-003   1985.5289388534009     
   2.5058285880208294E-003   1967.3846853895502     
   2.5286147918738471E-003   1949.4039361173186     
   2.5516081970847365E-003   1931.5852176484032     
   2.5748106877936977E-003   1913.9270698717642     
   2.5982241652739487E-003   1896.4280458339751     
   2.6218505480875192E-003   1879.0867116206612     
   2.6456917722424622E-003   1861.9016462390000     
   2.6697497913514955E-003   1844.8714415012803     
   2.6940265767920889E-003   1827.9947019095132     
   2.7185241178680000E-003   1811.2700445410833     
   2.7432444219722841E-003   1794.6960989354270     
   2.7681895147517888E-003   1778.2715069817341     
   2.7933614402731351E-003   1761.9949228076621     
   2.8187622611902177E-003   1745.8650126690538     
   2.8443940589132225E-003   1729.8804548406436     
   2.8702589337791847E-003   1714.0399395077559     
   2.8963590052240927E-003   1698.3421686589763     
   2.9226964119565641E-003   1682.7858559797864     
   2.9492733121330946E-003   1667.3697267471637     
   2.9760918835349025E-003   1652.0925177251279     
   3.0031543237463852E-003   1636.9529770612264     
   3.0304628503351914E-003   1621.9498641839582     
   3.0580197010339353E-003   1607.0819497011171     
   3.0858271339235638E-003   1592.3480152990523     
   3.1138874276183904E-003   1577.7468536428382     
   3.1422028814528055E-003   1563.2772682773439     
   3.1707758156696957E-003   1548.9380735291920     
   3.1996085716105693E-003   1534.7280944096024     
   3.2287035119074091E-003   1520.6461665181114     
   3.2580630206762761E-003   1506.6911359471610     
   3.2876895037126696E-003   1492.8618591875393     
   3.3175853886886616E-003   1479.1572030346874     
   3.3477531253518307E-003   1465.5760444958373     
   3.3781951857259976E-003   1452.1172706979914     
   3.4089140643137916E-003   1438.7797787967356     
   3.4399122783010552E-003   1425.5624758858671     
   3.4711923677631100E-003   1412.4642789078409     
   3.5027568958728964E-003   1399.4841145650209     
   3.5346084491110065E-003   1386.6209192317351     
   3.5667496374776272E-003   1373.8736388671182     
   3.5991830947064130E-003   1361.2412289287399     
   3.6319114784802969E-003   1348.7226542870187     
   3.6649374706492705E-003   1336.3168891403959     
   3.6982637774501423E-003   1324.0229169312845     
   3.7318931297282915E-003   1311.8397302627679     
   3.7658282831614428E-003   1299.7663308160547     
   3.8000720184854743E-003   1287.8017292686716     
   3.8346271417222751E-003   1275.9449452134004     
   3.8694964844096817E-003   1264.1950070779408     
   3.9046829038334994E-003   1252.5509520452986     
   3.9401892832616374E-003   1241.0118259748892     
   3.9760185321803705E-003   1229.5766833243576     
   4.0121735865327494E-003   1218.2445870720976     
   4.0486574089591805E-003   1207.0146086404707     
   4.0854729890401941E-003   1195.8858278197174     
   4.1226233435414147E-003   1184.8573326925566     
   4.1601115166607656E-003   1173.9282195594576     
   4.1979405802779184E-003   1163.0975928645953     
   4.2361136342060077E-003   1152.3645651224626     
   4.2746338064456428E-003   1141.7282568451528     
   4.3135042534412221E-003   1131.1877964702908     
   4.3527281603395794E-003   1120.7423202896184     
   4.3923087412509835E-003   1110.3909723782206     
   4.4322492395125132E-003   1100.1329045243895     
   4.4725529279538209E-003   1089.9672761601237     
   4.5132231091653220E-003   1079.8932542922487     
   4.5542631157688123E-003   1069.9100134341638     
   4.5956763106905574E-003   1060.0167355381982     
   4.6374660874368544E-003   1050.2126099285831     
   4.6796358703721083E-003   1040.4968332350215     
   4.7221891149994326E-003   1030.8686093268618     
   4.7651293082438010E-003   1021.3271492478623     
   4.8084599687377777E-003   1011.8716711515424     
   4.8521846471098412E-003   1002.5014002371200     
   4.8963069262753347E-003   993.21556868602352     
   4.9408304217300539E-003   984.01341559897605     
   4.9857587818465179E-003   974.89418693364826     
   5.0310956881729233E-003   965.85713544287148     
   5.0768448557348160E-003   956.90152061340950     
   5.1230100333395168E-003   948.02660860527953     
   5.1695950038833033E-003   939.23167219162326     
   5.2166035846613950E-003   930.51599069911708     
   5.2640396276807458E-003   921.87884994892090     
   5.3119070199756967E-003   913.31954219815827     
   5.3602096839264817E-003   904.83736608192510     
   5.4089515775806426E-003   896.43162655581989     
   5.4581366949773601E-003   888.10163483899260     
   5.5077690664747346E-003   879.84670835770658     
   5.5578527590800456E-003   871.66617068940889     
   5.6083918767830167E-003   863.55935150730534     
   5.6593905608921012E-003   855.52558652543519     
   5.7108529903738331E-003   847.56421744423960     
   5.7627833821952681E-003   839.67459189662088     
   5.8151859916695248E-003   831.85606339449134     
   5.8680651128044823E-003   824.10799127579844     
   5.9214250786546411E-003   816.42974065203055     
   5.9752702616761837E-003   808.82068235619693     
   6.0296050740852669E-003   801.28019289127315     
   6.0844339682195664E-003   793.80765437911498     
   6.1397614369031201E-003   786.40245450982900     
   6.1955920138144754E-003   779.06398649160315     
   6.2519302738581958E-003   771.79164900098590     
   6.3087808335397346E-003   764.58484613361770     
   6.3661483513437304E-003   757.44298735540269     
   6.4240375281157313E-003   750.36548745412233     
   6.4824531074473939E-003   743.35176649148616     
   6.5413998760651916E-003   736.40124975561071     
   6.6008826642226411E-003   729.51336771393380     
   6.6609063460961182E-003   722.68755596654626     
   6.7214758401842531E-003   715.92325519994677     
   6.7825961097109635E-003   709.21991114121670     
   6.8442721630321635E-003   702.57697451260253     
   6.9065090540461503E-003   695.99390098651213     
   6.9693118826077418E-003   689.47015114091403     
   7.0326857949461691E-003   683.00519041514133     
   7.0966359840867735E-003   676.59848906609000     
   7.1611676902765325E-003   670.24952212481719     
   7.2262862014134685E-003   663.95776935352592     
   7.2919968534799406E-003   657.72271520294100     
   7.3583050309798991E-003   651.54384877006783     
   7.4252161673801029E-003   645.42066375633146     
   7.4927357455553522E-003   639.35265842609442     
   7.5608692982377657E-003   633.33933556554734     
   7.6296224084701552E-003   627.38020244197128     
   7.6990007100635072E-003   621.47477076336554     
   7.7690098880586365E-003   615.62255663844155     
   7.8396556791920334E-003   609.82308053697670     
   7.9109438723659452E-003   604.07586725052477     
   7.9828803091227321E-003   598.38044585348132     
   8.0554708841235455E-003   592.73634966450027     
   8.1287215456313476E-003   587.14311620825868     
   8.2026382959983265E-003   581.60028717756359     
   8.2772271921577444E-003   576.10740839580637     
   8.3524943461202646E-003   570.66402977974826     
   8.4284459254747764E-003   565.26970530264703     
   8.5050881538937979E-003   559.92399295771384     
   8.5824273116434421E-003   554.62645472190002     
   8.6604697360980493E-003   549.37665652000999     
   8.7392218222594915E-003   544.17416818913853     
   8.8186900232811848E-003   539.01856344342855     
   8.8988808509968854E-003   533.90941983914581     
   8.9798008764542872E-003   528.84631874007005     
   9.0614567304534658E-003   523.82884528319687     
   9.1438551040902236E-003   518.85658834474975     
   9.2270027493043839E-003   513.92914050649802     
   9.3109064794330513E-003   509.04609802237985     
   9.3955731697689289E-003   504.20706078542378     
   9.4810097581236770E-003   499.41163229497187     
   9.5672232453964390E-003   494.65941962419521     
   9.6542206961474954E-003   489.95003338790542     
   9.7420092391771636E-003   485.28308771065360     
   9.8305960681099435E-003   480.65820019511926     
   9.9199884419839887E-003   476.07499189078374     
   1.0010193685845922E-002   471.53308726288543     
   1.0101219191351082E-002   467.03211416165612     
   1.0193072417369199E-002   462.57170379183441     
   1.0285760890595611E-002   458.15149068245375     
   1.0379292206168006E-002   453.77111265690405     
   1.0473674028288801E-002   449.43021080326190     
   1.0568914090853152E-002   445.12842944489029     
   1.0665020198082706E-002   440.86541611130201     
   1.0762000225165087E-002   436.64082150928692     
   1.0859862118899213E-002   432.45429949429922     
   1.0958613898346486E-002   428.30550704210270     
   1.1058263655487878E-002   424.19410422067352     
   1.1158819555887026E-002   420.11975416235350     
   1.1260289839359332E-002   416.08212303625760     
   1.1362682820647153E-002   412.08088002092882     
   1.1466006890101139E-002   408.11569727724094     
   1.1570270514367756E-002   404.18624992154423     
   1.1675482237083064E-002   400.29221599905514     
   1.1781650679572816E-002   396.43327645748582     
   1.1888784541558893E-002   392.60911512091053     
   1.1996892601872200E-002   388.81941866386978     
   1.2105983719172018E-002   385.06387658570685     
   1.2216066832671908E-002   381.34218118513638     
   1.2327150962872213E-002   377.65402753504281     
   1.2439245212299218E-002   373.99911345750621     
   1.2552358766251045E-002   370.37713949905333     
   1.2666500893550309E-002   366.78780890613251     
   1.2781680947303637E-002   363.23082760081041     
   1.2897908365668084E-002   359.70590415668676     
   1.3015192672624524E-002   356.21274977502821     
   1.3133543478758058E-002   352.75107826111707     
   1.3252970482045550E-002   349.32060600081377     
   1.3373483468650284E-002   345.92105193733073     
   1.3495092313723886E-002   342.55213754821625     
   1.3617806982215507E-002   339.21358682254680     
   1.3741637529688386E-002   335.90512623832467     
   1.3866594103143821E-002   332.62648474008006     
   1.3992686941852652E-002   329.37739371667550     
   1.4119926378194283E-002   326.15758697931136     
   1.4248322838503347E-002   322.96680073972914     
   1.4377886843924072E-002   319.80477358861327     
   1.4508629011272414E-002   316.67124647418575     
   1.4640560053906009E-002   313.56596268099713     
   1.4773690782602076E-002   310.48866780890705     
   1.4908032106443266E-002   307.43910975225589     
   1.5043595033711587E-002   304.41703867922416     
   1.5180390672790452E-002   301.42220701137910     
   1.5318430233074921E-002   298.45436940340591     
   1.5457725025890243E-002   295.51328272302214     
   1.5598286465418724E-002   292.59870603107419     
   1.5740126069635037E-002   289.71040056181346     
   1.5883255461250037E-002   286.84812970335162     
   1.6027686368663165E-002   284.01165897829111     
   1.6173430626923481E-002   281.20075602453346     
   1.6320500178699484E-002   278.41519057625879     
   1.6468907075257711E-002   275.65473444507887     
   1.6618663477450255E-002   272.91916150136069     
   1.6769781656711259E-002   270.20824765571831     
   1.6922273996062463E-002   267.52177084067330     
   1.7076152991127903E-002   264.85951099248092     
   1.7231431251157846E-002   262.22125003312021     
   1.7388121500062005E-002   259.60677185244822     
   1.7546236577452190E-002   257.01586229051549     
   1.7705789439694405E-002   254.44830912004130     
   1.7866793160970545E-002   251.90390202904845     
   1.8029260934349697E-002   249.38243260365553     
   1.8193206072869256E-002   246.88369431102379     
   1.8358642010625790E-002   244.40748248246049     
   1.8525582303875895E-002   241.95359429667425     
   1.8694040632147014E-002   239.52182876318224     
   1.8864030799358385E-002   237.11198670586873     
   1.9035566734952162E-002   234.72387074669174     
   1.9208662495034827E-002   232.35728528953859     
   1.9383332263529000E-002   230.01203650422687     
   1.9559590353335689E-002   227.68793231065160     
   1.9737451207507140E-002   225.38478236307560     
   1.9916929400430331E-002   223.10239803456304     
   2.0098039639021237E-002   220.84059240155403     
   2.0280796763929958E-002   218.59918022857934     
   2.0465215750756795E-002   216.37797795311428     
   2.0651311711279399E-002   214.17680367056994     
   2.0839099894691054E-002   211.99547711942111     
   2.1028595688850252E-002   209.83381966646897     
   2.1219814621541603E-002   207.69165429223858     
   2.1412772361748243E-002   205.56880557650831     
   2.1607484720935759E-002   203.46509968397172     
   2.1803967654347847E-002   201.38036435002951     
   2.2002237262313724E-002   199.31442886671047     
   2.2202309791567416E-002   197.26712406872193     
   2.2404201636579083E-002   195.23828231962551     
   2.2607929340898402E-002   193.22773749814024     
   2.2813509598510199E-002   191.23532498456970     
   2.3020959255202401E-002   189.26088164735350     
   2.3230295309946421E-002   187.30424582974081     
   2.3441534916290092E-002   185.36525733658576     
   2.3654695383763285E-002   183.44375742126343     
   2.3869794179296296E-002   181.53958877270497     
   2.4086848928651126E-002   179.65259550255138     
   2.4305877417865773E-002   177.78262313242476     
   2.4526897594711702E-002   175.92951858131508     
   2.4749927570164493E-002   174.09313015308317     
   2.4974985619887924E-002   172.27330752407769     
   2.5202090185731524E-002   170.46990173086510     
   2.5431259877241739E-002   168.68276515807230     
   2.5662513473186859E-002   166.91175152634014     
   2.5895869923095786E-002   165.15671588038785     
   2.6131348348810830E-002   163.41751457718615     
   2.6368968046054573E-002   161.69400527423954     
   2.6608748486011028E-002   159.98604691797527     
   2.6850709316921177E-002   158.29349973223921     
   2.7094870365692962E-002   156.61622520689772     
   2.7341251639525981E-002   154.95408608654338     
   2.7589873327550921E-002   153.30694635930490     
   2.7840755802483911E-002   151.67467124576032     
   2.8093919622295918E-002   150.05712718795107     
   2.8349385531897316E-002   148.45418183849864     
   2.8607174464837778E-002   146.86570404982004     
   2.8867307545021641E-002   145.29156386344332     
   2.9129806088438830E-002   143.73163249942164     
   2.9394691604911562E-002   142.18578234584459     
   2.9661985799856926E-002   140.65388694844671     
   2.9931710576065456E-002   139.13582100031155     
   3.0203888035495924E-002   137.63146033167135     
   3.0478540481086433E-002   136.14068189980037     
   3.0755690418581963E-002   134.66336377900257     
   3.1035360558378567E-002   133.19938515069126     
   3.1317573817384307E-002   131.74862629356102     
   3.1602353320897149E-002   130.31096857385046     
   3.1889722404499866E-002   128.88629443569593     
   3.2179704615972284E-002   127.47448739157389     
   3.2472323717220773E-002   126.07543201283309     
   3.2767603686225430E-002   124.68901392031363     
   3.3065568719004845E-002   123.31511977505450     
   3.3366243231598820E-002   121.95363726908697     
   3.3669651862069064E-002   120.60445511631389     
   3.3975819472518105E-002   119.26746304347425     
   3.4284771151126575E-002   117.94255178119184     
   3.4596532214208969E-002   116.62961305510801     
   3.4911128208288157E-002   115.32853957709695     
   3.5228584912188714E-002   114.03922503656342     
   3.5548928339149327E-002   112.76156409182194     
   3.5872184738954378E-002   111.49545236155707     
   3.6198380600084894E-002   110.24078641636373     
   3.6527542651889129E-002   108.99746377036693     
   3.6859697866772817E-002   107.76538287292057     
   3.7194873462409343E-002   106.54444310038447     
   3.7533096903970067E-002   105.33454474797858     
   3.7874395906374862E-002   104.13558902171474     
   3.8218798436563166E-002   102.94747803040396     
   3.8566332715785655E-002   101.77011477773989     
   3.8917027221916770E-002   100.60340315445723     
   3.9270910691788272E-002   99.447247930564203     
   3.9628012123544026E-002   98.301554747649021     
   3.9988360779016158E-002   97.166230111259765     
   4.0351986186122853E-002   96.041181383356360     
   4.0718918141287981E-002   94.926316774834760     
   4.1089186711882643E-002   93.821545338122775     
   4.1462822238689030E-002   92.726776959846092     
   4.1839855338386564E-002   91.641922353565107     
   4.2220316906060769E-002   90.566893052580994     
   4.2604238117734852E-002   89.501601402811318     
   4.2991650432924362E-002   88.445960555733762     
   4.3382585597215077E-002   87.399884461397903     
   4.3777075644864299E-002   86.363287861504588     
   4.4175152901425860E-002   85.336086282552131     
   4.4576849986398916E-002   84.318196029048849     
   4.4982199815900910E-002   83.309534176791416     
   4.5391235605364795E-002   82.310018566208399     
   4.5803990872260815E-002   81.319567795768819     
   4.6220499438842946E-002   80.338101215454770     
   4.6640795434920473E-002   79.365538920297908     
   4.7064913300654612E-002   78.401801743979021     
   4.7492887789380656E-002   77.446811252490605     
   4.7924753970455737E-002   76.500489737861429     
   4.8360547232132518E-002   75.562760211943072     
   4.8800303284458994E-002   74.633546400257558     
   4.9244058162204660E-002   73.712772735905986     
   4.9691848227813293E-002   72.800364353537290     
   5.0143710174382627E-002   71.896247083377006     
   5.0599681028671011E-002   71.000347445315469     
   5.1059798154131544E-002   70.112592643054555     
   5.1524099253973693E-002   69.232910558313634     
   5.1992622374252818E-002   68.361229745092771     
   5.2465405906987762E-002   67.497479423993923     
   5.2942488593306761E-002   66.641589476599393     
   5.3423909526622064E-002   65.793490439906549     
   5.3909708155833271E-002   64.953113500819242     
   5.4399924288559942E-002   64.120390490694803     
   5.4894598094403495E-002   63.295253879946543     
   5.5393770108238850E-002   62.477636772701338     
   5.5897481233535912E-002   61.667472901511566     
   5.6405772745711361E-002   60.864696622121471     
   5.6918686295510834E-002   60.069242908287123     
   5.7436263912421910E-002   59.281047346649736     
   5.7958548008118123E-002   58.500046131662046     
   5.8485581379934252E-002   57.726176060567155     
   5.9017407214373319E-002   56.959374528429557     
   5.9554069090645319E-002   56.199579523218041     
   6.0095610984238261E-002   55.446729620939664     
   6.0642077270521656E-002   54.700763980825336     
   6.1193512728382686E-002   53.961622340565270     
   6.1749962543895601E-002   53.229245011595282     
   6.2311472314024265E-002   52.503572874432741     
   6.2878088050358577E-002   51.784547374062001     
   6.3449856182884790E-002   51.072110515369012     
   6.4026823563790039E-002   50.366204858624741     
   6.4609037471301575E-002   49.666773515016978     
   6.5196545613560850E-002   48.973760142230205     
   6.5789396132532915E-002   48.287108940073097     
   6.6387637607951175E-002   47.606764646153565     
   6.6991319061298224E-002   46.932672531600566     
   6.7600489959822832E-002   46.264778396832618     
   6.8215200220593311E-002   45.603028567372924     
   6.8835500214587925E-002   44.947369889709840     
   6.9461440770822405E-002   44.297749727203524     
   7.0093073180515039E-002   43.654115956037629     
   7.0730449201289541E-002   43.016416961215953     
   7.1373621061416259E-002   42.384601632603641     
   7.2022641464091930E-002   41.758619361012656     
   7.2677563591758212E-002   41.138420034331375     
   7.3338441110459687E-002   40.523954033697500     
   7.4005328174241394E-002   39.915172229714337     
   7.4678279429586283E-002   39.312025978710182     
   7.5357350019893160E-002   38.714467119039981     
   7.6042595589995279E-002   38.122447967429530     
   7.6734072290719949E-002   37.535921315361563     
   7.7431836783489791E-002   36.954840425503370     
   7.8135946244965671E-002   36.379159028175778     
   7.8846458371731862E-002   35.808831317863046     
   7.9563431385023947E-002   35.243811949763476     
   8.0286924035499557E-002   34.684056036380206     
   8.1016995608052561E-002   34.129519144152127     
   8.1753705926671041E-002   33.580157290124255     
   8.2497115359339415E-002   33.035926938657575     
   8.3247284822985185E-002   32.496784998177809     
   8.4004275788470570E-002   31.962688817962860     
   8.4768150285629618E-002   31.433596184968515     
   8.5538970908351150E-002   30.909465320692107     
   8.6316800819707731E-002   30.390254878074046     
   8.7101703757131568E-002   29.875923938436294     
   8.7893744037637236E-002   29.366432008458069     
   8.8692986563092005E-002   28.861739017188064     
   8.9499496825534111E-002   28.361805313092930     
   9.0313340912539203E-002   27.866591661141761     
   9.1134585512635979E-002   27.376059239925983     
   9.1963297920770543E-002   26.890169638814623     
   9.2799546043820957E-002   26.408884855144251     
   9.3643398406161552E-002   25.932167291443616     
   9.4494924155278132E-002   25.459979752692142     
   9.5354193067433937E-002   24.992285443612360     
   9.6221275553387470E-002   24.529047965995630     
   9.7096242664162030E-002   24.070231316060767     
   9.7979166096867826E-002   23.615799881845355     
   9.8870118200577062E-002   23.165718440629245     
   9.9769171982252394E-002   22.719952156389674     
  0.10067640111272932        22.278466577288007     
  0.10159187993275297        21.841227633187209     
  0.10251568345906974        21.408201633200040     
  0.10344788739057439        20.979355263267191     
  0.10438856811451307        20.554655583765236     
  0.10533780271274254        20.134070027143679     
  0.10629566896804665        19.717566395590829     
  0.10726224537050993        19.305112858727959     
  0.10823761112394929        18.896677951331316     
  0.10922184615240427        18.492230571081379     
  0.11021503110668610        18.091739976339078     
  0.11121724737098661        17.695175783948194     
  0.11222857706954686        17.302507967063796     
  0.11324910307338681        16.913706853005696     
  0.11427890900709586        16.528743121136863     
  0.11531807925568530        16.147587800765884     
  0.11636669897150308        15.770212269073181     
  0.11742485408121138        15.396588249060056     
  0.11849263129282771        15.026687807520364     
  0.11957011810282989        14.660483353033964     
  0.12065740280332586        14.297947633981222     
  0.12175457448928852        13.939053736578286     
  0.12286172306585640        13.583775082932068     
  0.12397893925570072        13.232085429114537     
  0.12510631460645946        12.883958863255472     
  0.12624394149823903        12.539369803653003     
  0.12739191315118412        12.198292996901266     
  0.12855032363311636        11.860703516034345     
  0.12971926786724258        11.526576758685682     
  0.13089884163993298        11.195888445262337     
  0.13208914160857016        10.868614617133032     
  0.13329026530946952        10.544731634829400     
  0.13450231116587155        10.224216176259340     
  0.13572537849600694        9.9070452349317684     
  0.13695956752123498        9.5931961181917522     
  0.13820497937425597        9.2826464454650939     
  0.13946171610739824        8.9753741465114754     
  0.14072988070098078        8.6713574596850833     
  0.14200957707175133        8.3705749302017693     
  0.14330091008140206        8.0730054084115768     
  0.14460398554516185        7.7786280480757810     
  0.14591891024046724        7.4874223046471275     
  0.14724579191571208        7.1993679335521161     
  0.14858473929907656        6.9144449884744441     
  0.14993586210743687        6.6326338196380483     
  0.15129927105535554        6.3539150720887969     
  0.15267507786415377        6.0782696839733337     
  0.15406339527106611        5.8056788848140144     
  0.15546433703847856        5.5361241937782939     
  0.15687801796325043        5.2695874179416293     
  0.15830455388612105        5.0060506505419120     
  0.15974406170120239        4.7454962692245175     
  0.16119665936555722        4.4879069342762294     
  0.16266246590886518        4.2332655868464037     
  0.16414160144317616        3.9815554471541468     
  0.16563418717275277        3.7327600126795195     
  0.16714034540400199        3.4868630563373921     
  0.16866019955549741        3.2438486246321805     
  0.17019387416809234        3.0037010357915968     
  0.17174149491512519        2.7664048778778731     
  0.17330318861271718        2.5319450068744649     
  0.17487908323016441        2.3003065447463555     
  0.17646930790042353        2.0714748774721992     
  0.17807399293069368        1.8454356530461844     
  0.17969326981309383        1.6221747794476711     
  0.18132727123543790        1.4016784225765910     
  0.18297613109210731        1.1839330041524088     
  0.18463998449502275       0.96892519957458134     
  0.18631896778471560       0.75664193574231042     
  0.18801321854150002       0.54707038883120607     
  0.18972287559674669       0.34019798202480622     
  0.19144807904425887       0.13601238319838238     
  0.19318897025175230       -6.5498497447296522E-002
  0.19494569187243899      -0.26434650980458141     
  0.19671838785671678      -0.46054326633265852     
  0.19850720346396486      -0.65410014458865362     
  0.20031228527444692      -0.84502828981896450     
  0.20213378120132211       -1.0333386176132766     
  0.20397184050276554       -1.2190418166240429     
  0.20582661379419892       -1.4021483513542146     
  0.20769825306063222       -1.5826684650158382     
  0.20958691166911797       -1.7606121824626433     
  0.21149274438131835       -1.9359893131991770     
  0.21341590736618682       -2.1088094544696681     
  0.21535655821276506       -2.2790819944294736     
  0.21731485594309632       -2.4468161154021324     
  0.21929096102525583       -2.6120207972251297     
  0.22128503538650021       -2.7747048206873943     
  0.22329724242653623       -2.9348767710617905     
  0.22532774703091002       -3.0925450417355451     
  0.22737671558451836       -3.2477178379421243     
  0.22944431598524273       -3.4004031805975448     
  0.23153071765770719       -3.5506089102444740     
  0.23363609156716159       -3.6983426911074240     
  0.23576061023349082       -3.8436120152623232     
  0.23790444774535158       -3.9864242069238500     
  0.24006777977443772       -4.1267864268537728     
  0.24225078358987515       -4.2647056768938221     
  0.24445363807274781       -4.4001888046262359     
  0.24667652373075558       -4.5332425081656185     
  0.24891962271300569       -4.6638733410852646     
  0.25118311882493832       -4.7920877174814001     
  0.25346719754338826       -4.9178919171787356     
  0.25577204603178322       -5.0412920910805639     
  0.25809785315548073       -5.1622942666668390     
  0.26044480949724391       -5.2809043536433693     
  0.26281310737285868       -5.3971281497455426     
  0.26520294084689244       -5.5109713466996011     
  0.26761450574859630       -5.6224395363447890     
  0.27004799968795162       -5.7315382169193025     
  0.27250362207186313       -5.8382727995131765     
  0.27498157412049845       -5.9426486146909747     
  0.27748205888377681       -6.0446709192872001     
  0.28000528125800739       -6.1443449033771049     
  0.28255144800267912       -6.2416756974256078     
  0.28512076775740325       -6.3366683796168299     
  0.28771345105900947       -6.4293279833665755     
  0.29032971035879812       -6.5196595050201616     
  0.29296976003994901       -6.6076679117375292     
  0.29563381643508840       -6.6933581495676728     
  0.29832209784401592       -6.7767351517140764     
  0.30103482455159275       -6.8578038469927511     
  0.30377221884579214       -6.9365691684841480     
  0.30653450503591445       -7.0130360623801264     
  0.30932190947096760       -7.0872094970267892     
  0.31213466055821459       -7.1590944721638285     
  0.31497298878188990       -7.2286960283606474     
  0.31783712672208592       -7.2960192566494353     
  0.32072730907381131       -7.3610693083546881     
  0.32364377266622246       -7.4238514051188353     
  0.32658675648202962       -7.4843708491227572     
  0.32955650167708023       -7.5426330335000458     
  0.33255325160011967       -7.5986434529431905     
  0.33557725181273163       -7.6524077144995557     
  0.33862875010946059       -7.7039315485546389     
  0.34170799653811640       -7.7532208199994654     
  0.34481524342026387       -7.8002815395787595     
  0.34795074537189885       -7.8451198754157234     
  0.35111475932431191       -7.8877421647090156     
  0.35430754454514224       -7.9281549255967878     
  0.35752936265962243       -7.9663648691821116     
  0.36078047767201676       -8.0023789117135724     
  0.36406115598725491       -8.0362041869141017     
  0.36737166643276103       -8.0678480584506360     
  0.37071228028048292       -8.0973181325362606     
  0.37408327126912022       -8.1246222706560545     
  0.37748491562655584       -8.1497686024070308     
  0.38091749209249021       -8.1727655384417410     
  0.38438128194128235       -8.1936217835045113     
  0.38787656900499806       -8.2123463495483726     
  0.39140363969666808       -8.2289485689199182     
  0.39496278303375698       -8.2434381075985961     
  0.39855429066184683       -8.2558249784759887     
  0.40217845687853465       -8.2661195546597313     
  0.40583557865754843       -8.2743325827859699     
  0.40952595567308175       -8.2804751963231240     
  0.41324989032434972       -8.2845589288489769     
  0.41700768776036873       -8.2865957272820552     
  0.42079965590496082       -8.2865979650472994     
  0.42462610548198609       -8.2845784551551134     
  0.42848735004080390       -8.2805504631717746     
  0.43238370598196607       -8.2745277200582912     
  0.43631549258314384       -8.2665244348537517     
  0.44028303202528968       -8.2565553071781750     
  0.44428664941903834       -8.2446355395288649     
  0.44832667283134697       -8.2307808493432830     
  0.45240343331237765       -8.2150074808004963     
  0.45651726492262473       -8.1973322163320752     
  0.46066850476028859       -8.1777723878125990     
  0.46485749298889817       -8.1563458873987500     
  0.46908457286518529       -8.1330711779851015     
  0.47335009076721141       -8.1079673032438393     
  0.47765439622275141       -8.0810538972146517     
  0.48199784193793421       -8.0523511934103134     
  0.48638078382614491       -8.0218800334025371     
  0.49080358103718896       -7.9896618748519641     
  0.49526659598672212       -7.9557187989455045     
  0.49977019438594739       -7.9200735172034964     
  0.50431474527158271       -7.8827493776185893     
  0.50890062103610068       -7.8437703700877597     
  0.51352819745824319       -7.8031611310984630     
  0.51819785373381400       -7.7609469476294866     
  0.52290997250675098       -7.7171537602268732     
  0.52766493990048058       -7.6718081652151620     
  0.53246314554955854       -7.6249374160040180     
  0.53730498263159687       -7.5765694234506071     
  0.54219084789948246       -7.5267327552380401     
  0.54712114171388737       -7.4754566342306950     
  0.55209626807607604       -7.4227709357676837     
  0.55711663466100991       -7.3687061838562720     
  0.56218265285075342       -7.3132935462279427     
  0.56729473776818395       -7.2565648282207107     
  0.57245330831100771       -7.1985524654523907     
  0.57765878718608576       -7.1392895152508826     
  0.58291160094407124       -7.0788096468090016     
  0.58821218001436237       -7.0171471300331403     
  0.59356095874037307       -6.9543368230568605     
  0.59895837541512376       -6.8904141583927361     
  0.60440487231715678       -6.8254151276980632     
  0.60990089574677753       -6.7593762651325955     
  0.61544689606262537       -6.6923346292893111     
  0.62104332771857762       -6.6243277836822232     
  0.62669064930098839       -6.5553937757785041     
  0.63238932356626654       -6.4855711145657216     
  0.63813981747879467       -6.4148987466487686     
  0.64394260224919431       -6.3434160308749705     
  0.64979815337293723       -6.2711627114902129     
  0.65570695066930962       -6.1981788898333079     
  0.66166947832072909       -6.1245049945806311     
  0.66768622491241991       -6.0501817505579076     
  0.67375768347244969       -5.9752501461412635     
  0.67988435151212834       -5.8997513992750683     
  0.68606673106677607       -5.8237269221396071     
  0.69230532873686190       -5.7472182845074791     
  0.69860065572951457       -5.6702671758335796     
  0.70495322790041370       -5.5929153661296382     
  0.71136356579605919       -5.5152046656805549     
  0.71783219469642656       -5.4371768836662113     
  0.72435964465801028       -5.3588737857588811     
  0.73094645055725704       -5.2803370507730287     
  0.73759315213439569       -5.2016082264507766     
  0.74430029403766484       -5.1227286844730724     
  0.75106842586794231       -5.0437395747931708     
  0.75789810222378162       -4.9646817793955407     
  0.76478988274685655       -4.8855958655899334     
  0.77174433216782012       -4.8065220389565040     
  0.77876202035257980       -4.7275000960642366     
  0.78584352234899413       -4.6485693770906824     
  0.79298941843399362       -4.5697687184769054     
  0.80020029416112959       -4.4911364057567216     
  0.80747674040855688       -4.4127101267044306     
  0.81481935342745127       -4.3345269249498433     
  0.82222873489086823       -4.2566231542134245     
  0.82970549194304555       -4.1790344333181224     
  0.83725023724915404       -4.1017956021373614     
  0.84486358904550118       -4.0249406786411672     
  0.85254617119019127       -3.9485028172040399     
  0.86029861321424561       -3.8725142683392666     
  0.86812155037318794       -3.7970063400244691     
  0.87601562369909924       -3.7220093607826246     
  0.88398148005314525       -3.6475526446812565     
  0.89201977217858242       -3.5736644584100481     
  0.90013115875424499       -3.5003719905937372     
  0.90831630444851896       -3.4277013234927538     
  0.91657587997380674       -3.3556774072385838     
  0.92491056214148770       -3.2843240367443904     
  0.93332103391737675       -3.2136638314238359     
  0.94180798447768921       -3.1437182178423391     
  0.95037210926551374       -3.0745074154153071     
  0.95901411004779791       -3.0060504252569653     
  0.96773469497285414       -2.9383650222715039     
  0.97653457862838622       -2.8714677505652499     
  0.98541448210004456       -2.8053739222445504     
  0.99437513303051472       -2.7400976196490241     
   1.0034172656791411       -2.6756517010539262     
   1.0125416209820957       -2.6120478098584989     
   1.0217489466130900       -2.5492963872596031     
   1.0310399970446442       -2.4874066883915709     
   1.0404155336099086       -2.4263868018943033     
   1.0498763245650495       -2.3662436728521516     
   1.0594231451522036       -2.3069831290263245     
   1.0690567776630011       -2.2486099102834780     
   1.0787780115026704       -2.1911277011029142     
   1.0885876432547241       -2.1345391660246991     
   1.0984864767462319       -2.0788459878810648     
   1.1084753231136892       -2.0240489086338047     
   1.1185550008694840       -1.9701477726213965     
   1.1287263359689670       -1.9171415720012375     
   1.1389901618781337       -1.8650284941549184     
   1.1493473196419197       -1.8138059708081913     
   1.1597986579531188       -1.7634707286021369     
   1.1703450332219272       -1.7140188408385151     
   1.1809873096461196       -1.6654457801102434     
   1.1917263592818641       -1.6177464715177914     
   1.2025630621151808       -1.5709153461640968     
   1.2134983061340499       -1.5249463946145105     
   1.2245329874011757       -1.4798332200044642     
   1.2356680101274133       -1.4355690904761291     
   1.2469042867458608       -1.3921469906263957     
   1.2582427379866272       -1.3495596716521268     
   1.2696842929522791       -1.3077996998849279     
   1.2812298891939742       -1.2668595034166161     
   1.2928804727882861       -1.2267314165282213     
   1.3046369984147288       -1.1874077216496406     
   1.3165004294339857       -1.1488806885940248     
   1.3284717379668496       -1.1111426108304348     
   1.3405519049738810       -1.0741858385802345     
   1.3527419203357904       -1.0380028085469100     
   1.3650427829345524       -1.0025860701153280     
   1.3774555007352556      -0.96792830788476758     
   1.3899810908686991      -0.93402236042998099     
   1.4026205797147373      -0.90086123521599859     
   1.4153750029863872      -0.86843811962492579     
   1.4282454058146932      -0.83674638808644353     
   1.4412328428343713      -0.80577960533759962     
   1.4543383782702273      -0.77553152587165997     
   1.4675630860243625      -0.74599608966968411     
   1.4809080497641716      -0.71716741434189890     
   1.4943743630111415      -0.68903978383841680     
   1.5079631292304581      -0.66160763392004585     
   1.5216754619214259      -0.63486553460950501     
   1.5355124847087116      -0.60880816987089204     
   1.5494753314344172      -0.58343031479052510     
   1.5635651462509896      -0.55872681055484952     
   1.5777830837149756      -0.53469253754079504     
   1.5921303088816290      -0.51132238685046338     
   1.6066079974003791      -0.48861123063514006     
   1.6212173356111654      -0.46655389156316757     
   1.6359595206416504      -0.44514511179205041     
   1.6508357605053150      -0.42437952180722560     
   1.6658472742004458      -0.40425160948814481     
   1.6809952918100244      -0.38475568975672797     
   1.6962810546025222      -0.36588587515390364     
   1.7117058151336138      -0.34763604767695483     
   1.7272708373488150      -0.32999983219391693     
   1.7429773966870532      -0.31297057173153453     
   1.7588267801851805      -0.29654130491049191     
   1.7748202865834375      -0.28070474577613580     
   1.7909592264318741      -0.26545326624499388     
   1.8072449221977414      -0.25077888135740967     
   1.8236787083738555      -0.23667323749500427     
   1.8402619315879525      -0.22312760368875642     
   1.8569959507130314      -0.21013286610975931     
   1.8738821369787075      -0.19767952580051670     
   1.8909218740835705      -0.18575769967047018     
   1.9081165583085715      -0.17435712474563783     
   1.9254675986314367      -0.16346716562927607     
   1.9429764168421226      -0.15307682509865289     
   1.9606444476593214      -0.14317475773275193     
   1.9784731388480266      -0.13374928643730091     
   1.9964639513381648      -0.12478842170724888     
