   1.2157750375245608E-006   41.385387460121933     
   1.2268304217503132E-006   41.385387460119844     
   1.2379863356930006E-006   41.385387460117713     
   1.2492436934976025E-006   41.385387460115545     
   1.2606034176216759E-006   41.385387460113336     
   1.2720664389109436E-006   41.385387460111090     
   1.2836336966755701E-006   41.385387460108802     
   1.2953061387671314E-006   41.385387460106465     
   1.3070847216562844E-006   41.385387460104091     
   1.3189704105111431E-006   41.385387460101668     
   1.3309641792763655E-006   41.385387460099210     
   1.3430670107529624E-006   41.385387460096709     
   1.3552798966788316E-006   41.385387460094151     
   1.3676038378100211E-006   41.385387460091550     
   1.3800398440027357E-006   41.385387460088907     
   1.3925889342960866E-006   41.385387460086207     
   1.4052521369955933E-006   41.385387460083464     
   1.4180304897574480E-006   41.385387460080672     
   1.4309250396735413E-006   41.385387460077830     
   1.4439368433572645E-006   41.385387460074931     
   1.4570669670300925E-006   41.385387460071982     
   1.4703164866089511E-006   41.385387460068976     
   1.4836864877943817E-006   41.385387460065914     
   1.4971780661595053E-006   41.385387460062802     
   1.5107923272397984E-006   41.385387460059626     
   1.5245303866236810E-006   41.385387460056407     
   1.5383933700439333E-006   41.385387460053103     
   1.5523824134699398E-006   41.385387460049756     
   1.5664986632007738E-006   41.385387460046346     
   1.5807432759591288E-006   41.385387460042878     
   1.5951174189861029E-006   41.385387460039340     
   1.6096222701368451E-006   41.385387460035737     
   1.6242590179770730E-006   41.385387460032071     
   1.6390288618804663E-006   41.385387460028340     
   1.6539330121269464E-006   41.385387460024539     
   1.6689726900018506E-006   41.385387460020667     
   1.6841491278960079E-006   41.385387460016723     
   1.6994635694067220E-006   41.385387460012716     
   1.7149172694396776E-006   41.385387460008623     
   1.7305114943117691E-006   41.385387460004466     
   1.7462475218548672E-006   41.385387460000224     
   1.7621266415205263E-006   41.385387459995911     
   1.7781501544856459E-006   41.385387459991513     
   1.7943193737590944E-006   41.385387459987037     
   1.8106356242892981E-006   41.385387459982489     
   1.8271002430728111E-006   41.385387459977849     
   1.8437145792638741E-006   41.385387459973124     
   1.8604799942849665E-006   41.385387459968314     
   1.8773978619383649E-006   41.385387459963411     
   1.8944695685187157E-006   41.385387459958423     
   1.9116965129266336E-006   41.385387459953343     
   1.9290801067833284E-006   41.385387459948177     
   1.9466217745462792E-006   41.385387459942905     
   1.9643229536259579E-006   41.385387459937547     
   1.9821850945036125E-006   41.385387459932083     
   2.0002096608501265E-006   41.385387459926520     
   2.0183981296459527E-006   41.385387459920864     
   2.0367519913021436E-006   41.385387459915094     
   2.0552727497824774E-006   41.385387459909232     
   2.0739619227266989E-006   41.385387459903249     
   2.0928210415748767E-006   41.385387459897160     
   2.1118516516928955E-006   41.385387459890964     
   2.1310553124990857E-006   41.385387459884655     
   2.1504335975920070E-006   41.385387459878231     
   2.1699880948793940E-006   41.385387459871680     
   2.1897204067082717E-006   41.385387459865015     
   2.2096321499962577E-006   41.385387459858229     
   2.2297249563640559E-006   41.385387459851323     
   2.2500004722691567E-006   41.385387459844281     
   2.2704603591407502E-006   41.385387459837126     
   2.2911062935158696E-006   41.385387459829829     
   2.3119399671767712E-006   41.385387459822397     
   2.3329630872895633E-006   41.385387459814837     
   2.3541773765440932E-006   41.385387459807134     
   2.3755845732951148E-006   41.385387459799297     
   2.3971864317047277E-006   41.385387459791303     
   2.4189847218861222E-006   41.385387459783175     
   2.4409812300486251E-006   41.385387459774890     
   2.4631777586440656E-006   41.385387459766463     
   2.4855761265144764E-006   41.385387459757872     
   2.5081781690411305E-006   41.385387459749133     
   2.5309857382949400E-006   41.385387459740230     
   2.5540007031882164E-006   41.385387459731163     
   2.5772249496278190E-006   41.385387459721940     
   2.6006603806696865E-006   41.385387459712533     
   2.6243089166747813E-006   41.385387459702969     
   2.6481724954664473E-006   41.385387459693220     
   2.6722530724892003E-006   41.385387459683301     
   2.6965526209689644E-006   41.385387459673183     
   2.7210731320747617E-006   41.385387459662901     
   2.7458166150818719E-006   41.385387459652421     
   2.7707850975364817E-006   41.385387459641755     
   2.7959806254218253E-006   41.385387459630891     
   2.8214052633258366E-006   41.385387459619821     
   2.8470610946103282E-006   41.385387459608559     
   2.8729502215817092E-006   41.385387459597091     
   2.8990747656632490E-006   41.385387459585402     
   2.9254368675689169E-006   41.385387459573508     
   2.9520386874787969E-006   41.385387459561400     
   2.9788824052160963E-006   41.385387459549079     
   3.0059702204257680E-006   41.385387459536517     
   3.0333043527547558E-006   41.385387459523727     
   3.0608870420338762E-006   41.385387459510710     
   3.0887205484613578E-006   41.385387459497451     
   3.1168071527880461E-006   41.385387459483944     
   3.1451491565042961E-006   41.385387459470195     
   3.1737488820285614E-006   41.385387459456211     
   3.2026086728976997E-006   41.385387459441944     
   3.2317308939590082E-006   41.385387459427434     
   3.2611179315640053E-006   41.385387459412655     
   3.2907721937639743E-006   41.385387459397606     
   3.3206961105072871E-006   41.385387459382279     
   3.3508921338385178E-006   41.385387459366669     
   3.3813627380993723E-006   41.385387459350781     
   3.4121104201314396E-006   41.385387459334609     
   3.4431376994807943E-006   41.385387459318132     
   3.4744471186044488E-006   41.385387459301349     
   3.5060412430786934E-006   41.385387459284260     
   3.5379226618093243E-006   41.385387459266880     
   3.5700939872437869E-006   41.385387459249159     
   3.6025578555852449E-006   41.385387459231119     
   3.6353169270085985E-006   41.385387459212758     
   3.6683738858784663E-006   41.385387459194057     
   3.7017314409691490E-006   41.385387459175014     
   3.7353923256865946E-006   41.385387459155623     
   3.7693592982923778E-006   41.385387459135870     
   3.8036351421297232E-006   41.385387459115762     
   3.8382226658515767E-006   41.385387459095298     
   3.8731247036507565E-006   41.385387459074444     
   3.9083441154921901E-006   41.385387459053220     
   3.9438837873472727E-006   41.385387459031605     
   3.9797466314303500E-006   41.385387459009586     
   4.0159355864373469E-006   41.385387458987182     
   4.0524536177865789E-006   41.385387458964360     
   4.0893037178617474E-006   41.385387458941118     
   4.1264889062571342E-006   41.385387458917450     
   4.1640122300250442E-006   41.385387458893355     
   4.2018767639254852E-006   41.385387458868820     
   4.2400856106781223E-006   41.385387458843830     
   4.2786419012165214E-006   41.385387458818386     
   4.3175487949447097E-006   41.385387458792486     
   4.3568094799960622E-006   41.385387458766104     
   4.3964271734945463E-006   41.385387458739245     
   4.4364051218183446E-006   41.385387458711890     
   4.4767466008658671E-006   41.385387458684036     
   4.5174549163241890E-006   41.385387458655671     
   4.5585334039399285E-006   41.385387458626795     
   4.5999854297925852E-006   41.385387458597393     
   4.6418143905703658E-006   41.385387458567450     
   4.6840237138485173E-006   41.385387458536961     
   4.7266168583701946E-006   41.385387458505903     
   4.7695973143298730E-006   41.385387458474298     
   4.8129686036593500E-006   41.385387458442096     
   4.8567342803163383E-006   41.385387458409319     
   4.9008979305756849E-006   41.385387458375931     
   4.9454631733232477E-006   41.385387458341945     
   4.9904336603524261E-006   41.385387458307335     
   5.0358130766634061E-006   41.385387458272092     
   5.0816051407651140E-006   41.385387458236210     
   5.1278136049799274E-006   41.385387458199659     
   5.1744422557511425E-006   41.385387458162455     
   5.2214949139532496E-006   41.385387458124562     
   5.2689754352050275E-006   41.385387458085980     
   5.3168877101854760E-006   41.385387458046694     
   5.3652356649526373E-006   41.385387458006690     
   5.4140232612653006E-006   41.385387457965955     
   5.4632544969076432E-006   41.385387457924466     
   5.5129334060168149E-006   41.385387457882231     
   5.5630640594135133E-006   41.385387457839229     
   5.6136505649355495E-006   41.385387457795431     
   5.6646970677744598E-006   41.385387457750838     
   5.7162077508151743E-006   41.385387457705427     
   5.7681868349787682E-006   41.385387457659185     
   5.8206385795683406E-006   41.385387457612104     
   5.8735672826180322E-006   41.385387457564157     
   5.9269772812452154E-006   41.385387457515336     
   5.9808729520058902E-006   41.385387457465626     
   6.0352587112533106E-006   41.385387457415007     
   6.0901390154998741E-006   41.385387457363457     
   6.1455183617822958E-006   41.385387457310969     
   6.2014012880301104E-006   41.385387457257529     
   6.2577923734375237E-006   41.385387457203109     
   6.3146962388386405E-006   41.385387457147687     
   6.3721175470861074E-006   41.385387457091255     
   6.4300610034332054E-006   41.385387457033801     
   6.4885313559194027E-006   41.385387456975295     
   6.5475333957594266E-006   41.385387456915709     
   6.6070719577358680E-006   41.385387456855042     
   6.6671519205953519E-006   41.385387456793268     
   6.7277782074483223E-006   41.385387456730363     
   6.7889557861724466E-006   41.385387456666308     
   6.8506896698197034E-006   41.385387456601087     
   6.9129849170271618E-006   41.385387456534673     
   6.9758466324314989E-006   41.385387456467043     
   7.0392799670872888E-006   41.385387456398178     
   7.1032901188890934E-006   41.385387456328061     
   7.1678823329973901E-006   41.385387456256659     
   7.2330619022683768E-006   41.385387456183949     
   7.2988341676876784E-006   41.385387456109910     
   7.3652045188080083E-006   41.385387456034522     
   7.4321783941907924E-006   41.385387455957762     
   7.4997612818518299E-006   41.385387455879588     
   7.5679587197109843E-006   41.385387455799986     
   7.6367762960459878E-006   41.385387455718941     
   7.7062196499503486E-006   41.385387455636412     
   7.7762944717954414E-006   41.385387455552369     
   7.8470065036967828E-006   41.385387455466798     
   7.9183615399845663E-006   41.385387455379657     
   7.9903654276784529E-006   41.385387455290925     
   8.0630240669667005E-006   41.385387455200586     
   8.1363434116896385E-006   41.385387455108578     
   8.2103294698275368E-006   41.385387455014893     
   8.2849883039929233E-006   41.385387454919510     
   8.3603260319273599E-006   41.385387454822364     
   8.4363488270027598E-006   41.385387454723457     
   8.5130629187272382E-006   41.385387454622744     
   8.5904745932555818E-006   41.385387454520185     
   8.6685901939043438E-006   41.385387454415756     
   8.7474161216716470E-006   41.385387454309409     
   8.8269588357616853E-006   41.385387454201130     
   8.9072248541140096E-006   41.385387454090861     
   8.9882207539376341E-006   41.385387453978588     
   9.0699531722499767E-006   41.385387453864261     
   9.1524288064207267E-006   41.385387453747853     
   9.2356544147206357E-006   41.385387453629313     
   9.3196368168753097E-006   41.385387453508606     
   9.4043828946240423E-006   41.385387453385697     
   9.4898995922837118E-006   41.385387453260535     
   9.5761939173178260E-006   41.385387453133092     
   9.6632729409107264E-006   41.385387453003318     
   9.7511437985470244E-006   41.385387452871171     
   9.8398136905962931E-006   41.385387452736616     
   9.9292898829030984E-006   41.385387452599602     
   1.0019579707382368E-005   41.385387452460080     
   1.0110690562620192E-005   41.385387452318014     
   1.0202629914480094E-005   41.385387452173347     
   1.0295405296714781E-005   41.385387452026038     
   1.0389024311583500E-005   41.385387451876042     
   1.0483494630474974E-005   41.385387451723311     
   1.0578823994536019E-005   41.385387451567780     
   1.0675020215305885E-005   41.385387451409414     
   1.0772091175356335E-005   41.385387451248143     
   1.0870044828937575E-005   41.385387451083936     
   1.0968889202630047E-005   41.385387450916731     
   1.1068632396002145E-005   41.385387450746464     
   1.1169282582273915E-005   41.385387450573091     
   1.1270848008986788E-005   41.385387450396543     
   1.1373336998679413E-005   41.385387450216783     
   1.1476757949569620E-005   41.385387450033718     
   1.1581119336242593E-005   41.385387449847329     
   1.1686429710345306E-005   41.385387449657529     
   1.1792697701287261E-005   41.385387449464268     
   1.1899932016947607E-005   41.385387449267462     
   1.2008141444388685E-005   41.385387449067068     
   1.2117334850576065E-005   41.385387448863014     
   1.2227521183105130E-005   41.385387448655230     
   1.2338709470934261E-005   41.385387448443652     
   1.2450908825124697E-005   41.385387448228201     
   1.2564128439587117E-005   41.385387448008828     
   1.2678377591835015E-005   41.385387447785433     
   1.2793665643744925E-005   41.385387447557960     
   1.2910002042323557E-005   41.385387447326337     
   1.3027396320481904E-005   41.385387447090473     
   1.3145858097816407E-005   41.385387446850309     
   1.3265397081397193E-005   41.385387446605755     
   1.3386023066563513E-005   41.385387446356738     
   1.3507745937726389E-005   41.385387446103167     
   1.3630575669178572E-005   41.385387445844955     
   1.3754522325911865E-005   41.385387445582033     
   1.3879596064441863E-005   41.385387445314308     
   1.4005807133640216E-005   41.385387445041701     
   1.4133165875574452E-005   41.385387444764099     
   1.4261682726355418E-005   41.385387444481438     
   1.4391368216992455E-005   41.385387444193597     
   1.4522232974256333E-005   41.385387443900505     
   1.4654287721550031E-005   41.385387443602063     
   1.4787543279787455E-005   41.385387443298164     
   1.4922010568280120E-005   41.385387442988716     
   1.5057700605631901E-005   41.385387442673611     
   1.5194624510641955E-005   41.385387442352759     
   1.5332793503215787E-005   41.385387442026030     
   1.5472218905284663E-005   41.385387441693346     
   1.5612912141733366E-005   41.385387441354574     
   1.5754884741336351E-005   41.385387441009613     
   1.5898148337702465E-005   41.385387440658363     
   1.6042714670228236E-005   41.385387440300683     
   1.6188595585059818E-005   41.385387439936473     
   1.6335803036063714E-005   41.385387439565605     
   1.6484349085806282E-005   41.385387439187966     
   1.6634245906542196E-005   41.385387438803427     
   1.6785505781211861E-005   41.385387438411861     
   1.6938141104447912E-005   41.385387438013140     
   1.7092164383590868E-005   41.385387437607143     
   1.7247588239714005E-005   41.385387437193721     
   1.7404425408657565E-005   41.385387436772746     
   1.7562688742072379E-005   41.385387436344075     
   1.7722391208472939E-005   41.385387435907589     
   1.7883545894300092E-005   41.385387435463116     
   1.8046166004993365E-005   41.385387435010529     
   1.8210264866073068E-005   41.385387434549671     
   1.8375855924232203E-005   41.385387434080386     
   1.8542952748438343E-005   41.385387433602531     
   1.8711569031045493E-005   41.385387433115959     
   1.8881718588916074E-005   41.385387432620490     
   1.9053415364553139E-005   41.385387432115969     
   1.9226673427242829E-005   41.385387431602226     
   1.9401506974207257E-005   41.385387431079096     
   1.9577930331767880E-005   41.385387430546416     
   1.9755957956519414E-005   41.385387430004002     
   1.9935604436514459E-005   41.385387429451683     
   2.0116884492458877E-005   41.385387428889267     
   2.0299812978918055E-005   41.385387428316577     
   2.0484404885534099E-005   41.385387427733420     
   2.0670675338254168E-005   41.385387427139619     
   2.0858639600569897E-005   41.385387426534962     
   2.1048313074768149E-005   41.385387425919262     
   2.1239711303193112E-005   41.385387425292315     
   2.1432849969519864E-005   41.385387424653914     
   2.1627744900039575E-005   41.385387424003845     
   2.1824412064956307E-005   41.385387423341911     
   2.2022867579695697E-005   41.385387422667868     
   2.2223127706225468E-005   41.385387421981520     
   2.2425208854387980E-005   41.385387421282630     
   2.2629127583244916E-005   41.385387420570972     
   2.2834900602434156E-005   41.385387419846325     
   2.3042544773539024E-005   41.385387419108419     
   2.3252077111469943E-005   41.385387418357041     
   2.3463514785858725E-005   41.385387417591943     
   2.3676875122465445E-005   41.385387416812847     
   2.3892175604598206E-005   41.385387416019533     
   2.4109433874545736E-005   41.385387415211724     
   2.4328667735023061E-005   41.385387414389164     
   2.4549895150630291E-005   41.385387413551562     
   2.4773134249324708E-005   41.385387412698663     
   2.4998403323906191E-005   41.385387411830187     
   2.5225720833516208E-005   41.385387410945839     
   2.5455105405150380E-005   41.385387410045340     
   2.5686575835184831E-005   41.385387409128384     
   2.5920151090916433E-005   41.385387408194688     
   2.6155850312117002E-005   41.385387407243918     
   2.6393692812601701E-005   41.385387406275782     
   2.6633698081811629E-005   41.385387405289961     
   2.6875885786410857E-005   41.385387404286135     
   2.7120275771897954E-005   41.385387403263962     
   2.7366888064232210E-005   41.385387402223117     
   2.7615742871474566E-005   41.385387401163257     
   2.7866860585443559E-005   41.385387400084042     
   2.8120261783386257E-005   41.385387398985095     
   2.8375967229664426E-005   41.385387397866083     
   2.8633997877456008E-005   41.385387396726621     
   2.8894374870472085E-005   41.385387395566347     
   2.9157119544689447E-005   41.385387394384871     
   2.9422253430098922E-005   41.385387393181816     
   2.9689798252469591E-005   41.385387391956769     
   2.9959775935129069E-005   41.385387390709361     
   3.0232208600759951E-005   41.385387389439146     
   3.0507118573212600E-005   41.385387388145737     
   3.0784528379334435E-005   41.385387386828697     
   3.1064460750815816E-005   41.385387385487590     
   3.1346938626052778E-005   41.385387384121984     
   3.1631985152026622E-005   41.385387382731430     
   3.1919623686200650E-005   41.385387381315482     
   3.2209877798434183E-005   41.385387379873649     
   3.2502771272913850E-005   41.385387378405483     
   3.2798328110102612E-005   41.385387376910487     
   3.3096572528706379E-005   41.385387375388184     
   3.3397528967658540E-005   41.385387373838071     
   3.3701222088122613E-005   41.385387372259636     
   3.4007676775512986E-005   41.385387370652367     
   3.4316918141534123E-005   41.385387369015731     
   3.4628971526238271E-005   41.385387367349196     
   3.4943862500101898E-005   41.385387365652221     
   3.5261616866121016E-005   41.385387363924238     
   3.5582260661925522E-005   41.385387362164693     
   3.5905820161912800E-005   41.385387360372988     
   3.6232321879400725E-005   41.385387358548556     
   3.6561792568800213E-005   41.385387356690799     
   3.6894259227807578E-005   41.385387354799093     
   3.7229749099616761E-005   41.385387352872833     
   3.7568289675151742E-005   41.385387350911387     
   3.7909908695319171E-005   41.385387348914101     
   3.8254634153281600E-005   41.385387346880322     
   3.8602494296751249E-005   41.385387344809388     
   3.8953517630304747E-005   41.385387342700625     
   3.9307732917718840E-005   41.385387340553336     
   3.9665169184327376E-005   41.385387338366812     
   4.0025855719399749E-005   41.385387336140347     
   4.0389822078540884E-005   41.385387333873204     
   4.0757098086113155E-005   41.385387331564644     
   4.1127713837680231E-005   41.385387329213906     
   4.1501699702473216E-005   41.385387326820222     
   4.1879086325879161E-005   41.385387324382805     
   4.2259904631952243E-005   41.385387321900865     
   4.2644185825947763E-005   41.385387319373578     
   4.3031961396879169E-005   41.385387316800120     
   4.3423263120098362E-005   41.385387314179646     
   4.3818123059899469E-005   41.385387311511302     
   4.4216573572146231E-005   41.385387308794201     
   4.4618647306923373E-005   41.385387306027468     
   4.5024377211212022E-005   41.385387303210187     
   4.5433796531589463E-005   41.385387300341428     
   4.5846938816953439E-005   41.385387297420273     
   4.6263837921271282E-005   41.385387294445742     
   4.6684528006353946E-005   41.385387291416862     
   4.7109043544655334E-005   41.385387288332666     
   4.7537419322097101E-005   41.385387285192110     
   4.7969690440919005E-005   41.385387281994184     
   4.8405892322555393E-005   41.385387278737824     
   4.8846060710537637E-005   41.385387275421984     
   4.9290231673423125E-005   41.385387272045563     
   4.9738441607750738E-005   41.385387268607452     
   5.0190727241023355E-005   41.385387265106537     
   5.0647125634717336E-005   41.385387261541666     
   5.1107674187319480E-005   41.385387257911660     
   5.1572410637391536E-005   41.385387254215338     
   5.2041373066662596E-005   41.385387250451487     
   5.2514599903149650E-005   41.385387246618876     
   5.2992129924306424E-005   41.385387242716241     
   5.3474002260200934E-005   41.385387238742311     
   5.3960256396721920E-005   41.385387234695777     
   5.4450932178814393E-005   41.385387230575319     
   5.4946069813744668E-005   41.385387226379578     
   5.5445709874395027E-005   41.385387222107191     
   5.5949893302588370E-005   41.385387217756751     
   5.6458661412443126E-005   41.385387213326830     
   5.6972055893758598E-005   41.385387208815978     
   5.7490118815431154E-005   41.385387204222710     
   5.8012892628901485E-005   41.385387199545534     
   5.8540420171633149E-005   41.385387194782908     
   5.9072744670622799E-005   41.385387189933269     
   5.9609909745942334E-005   41.385387184995032     
   6.0151959414313248E-005   41.385387179966585     
   6.0698938092713407E-005   41.385387174846265     
   6.1250890602016788E-005   41.385387169632402     
   6.1807862170666186E-005   41.385387164323276     
   6.2369898438379288E-005   41.385387158917169     
   6.2937045459888604E-005   41.385387153412289     
   6.3509349708715265E-005   41.385387147806838     
   6.4086858080977227E-005   41.385387142098992     
   6.4669617899231957E-005   41.385387136286859     
   6.5257676916354325E-005   41.385387130368542     
   6.5851083319449474E-005   41.385387124342103     
   6.6449885733801421E-005   41.385387118205557     
   6.7054133226857618E-005   41.385387111956916     
   6.7663875312249568E-005   41.385387105594113     
   6.8279161953850153E-005   41.385387099115064     
   6.8900043569867828E-005   41.385387092517647     
   6.9526571036977928E-005   41.385387085799699     
   7.0158795694491783E-005   41.385387078959027     
   7.0796769348563458E-005   41.385387071993371     
   7.1440544276434950E-005   41.385387064900456     
   7.2090173230719926E-005   41.385387057677967     
   7.2745709443726404E-005   41.385387050323530     
   7.3407206631818722E-005   41.385387042834729     
   7.4074718999819260E-005   41.385387035209114     
   7.4748301245450036E-005   41.385387027444182     
   7.5428008563814883E-005   41.385387019537397     
   7.6113896651922193E-005   41.385387011486145     
   7.6806021713248925E-005   41.385387003287825     
   7.7504440462346076E-005   41.385386994939708     
   7.8209210129485978E-005   41.385386986439087     
   7.8920388465351910E-005   41.385386977783163     
   7.9638033745770391E-005   41.385386968969108     
   8.0362204776486391E-005   41.385386959994023     
   8.1092960897982021E-005   41.385386950854972     
   8.1830361990339106E-005   41.385386941548951     
   8.2574468478145924E-005   41.385386932072919     
   8.3325341335448478E-005   41.385386922423770     
   8.4083042090746905E-005   41.385386912598335     
   8.4847632832037352E-005   41.385386902593396     
   8.5619176211899491E-005   41.385386892405677     
   8.6397735452630606E-005   41.385386882031838     
   8.7183374351426006E-005   41.385386871468469     
   8.7976157285606901E-005   41.385386860712124     
   8.8776149217895573E-005   41.385386849759257     
   8.9583415701738588E-005   41.385386838606301     
   9.0398022886678444E-005   41.385386827249583     
   9.1220037523774002E-005   41.385386815685401     
   9.2049526971070282E-005   41.385386803909931     
   9.2886559199117951E-005   41.385386791919323     
   9.3731202796543028E-005   41.385386779709684     
   9.4583526975667136E-005   41.385386767276970     
   9.5443601578179023E-005   41.385386754617116     
   9.6311497080857548E-005   41.385386741725981     
   9.7187284601346765E-005   41.385386728599336     
   9.8071035903983403E-005   41.385386715232876     
   9.8962823405677509E-005   41.385386701622217     
   9.9862720181846451E-005   41.385386687762910     
   1.0077079997240295E-004   41.385386673650395     
   1.0168713718779741E-004   41.385386659280059     
   1.0261180691511542E-004   41.385386644647191     
   1.0354488492423057E-004   41.385386629746989     
   1.0448644767401319E-004   41.385386614574571     
   1.0543657231859560E-004   41.385386599124956     
   1.0639533671369435E-004   41.385386583393100     
   1.0736281942298990E-004   41.385386567373821     
   1.0833909972456442E-004   41.385386551061899     
   1.0932425761739783E-004   41.385386534451960     
   1.1031837382792337E-004   41.385386517538571     
   1.1132152981664241E-004   41.385386500316187     
   1.1233380778479955E-004   41.385386482779168     
   1.1335529068111842E-004   41.385386464921758     
   1.1438606220859870E-004   41.385386446738103     
   1.1542620683137504E-004   41.385386428222247     
   1.1647580978163815E-004   41.385386409368124     
   1.1753495706661902E-004   41.385386390169543     
   1.1860373547563660E-004   41.385386370620232     
   1.1968223258720949E-004   41.385386350713759     
   1.2077053677623239E-004   41.385386330443609     
   1.2186873722121778E-004   41.385386309803138     
   1.2297692391160343E-004   41.385386288785590     
   1.2409518765512628E-004   41.385386267384064     
   1.2522362008526373E-004   41.385386245591548     
   1.2636231366874195E-004   41.385386223400900     
   1.2751136171311320E-004   41.385386200804838     
   1.2867085837440148E-004   41.385386177795958     
   1.2984089866481801E-004   41.385386154366742     
   1.3102157846054668E-004   41.385386130509488     
   1.3221299450960061E-004   41.385386106216366     
   1.3341524443974970E-004   41.385386081479432     
   1.3462842676652067E-004   41.385386056290585     
   1.3585264090126958E-004   41.385386030641548     
   1.3708798715932790E-004   41.385386004523916     
   1.3833456676822265E-004   41.385385977929147     
   1.3959248187597121E-004   41.385385950848502     
   1.4086183555945154E-004   41.385385923273112     
   1.4214273183284868E-004   41.385385895193949     
   1.4343527565617789E-004   41.385385866601801     
   1.4473957294388538E-004   41.385385837487291     
   1.4605573057352715E-004   41.385385807840876     
   1.4738385639452689E-004   41.385385777652857     
   1.4872405923701344E-004   41.385385746913315     
   1.5007644892073857E-004   41.385385715612188     
   1.5144113626407594E-004   41.385385683739202     
   1.5281823309310180E-004   41.385385651283940     
   1.5420785225075842E-004   41.385385618235730     
   1.5561010760610061E-004   41.385385584583759     
   1.5702511406362658E-004   41.385385550316997     
   1.5845298757269336E-004   41.385385515424204     
   1.5989384513701810E-004   41.385385479893941     
   1.6134780482426574E-004   41.385385443714576     
   1.6281498577572356E-004   41.385385406874228     
   1.6429550821606413E-004   41.385385369360847     
   1.6578949346319680E-004   41.385385331162112     
   1.6729706393820868E-004   41.385385292265525     
   1.6881834317539635E-004   41.385385252658324     
   1.7035345583238837E-004   41.385385212327527     
   1.7190252770036031E-004   41.385385171259919     
   1.7346568571434209E-004   41.385385129442035     
   1.7504305796361966E-004   41.385385086860175     
   1.7663477370223087E-004   41.385385043500371     
   1.7824096335955676E-004   41.385384999348418     
   1.7986175855100957E-004   41.385384954389835     
   1.8149729208881730E-004   41.385384908609900     
   1.8314769799290708E-004   41.385384861993600     
   1.8481311150188672E-004   41.385384814525658     
   1.8649366908412687E-004   41.385384766190505     
   1.8818950844894328E-004   41.385384716972311     
   1.8990076855788141E-004   41.385384666854932     
   1.9162758963610300E-004   41.385384615821948     
   1.9337011318387663E-004   41.385384563856626     
   1.9512848198817263E-004   41.385384510941947     
   1.9690284013436336E-004   41.385384457060546     
   1.9869333301802998E-004   41.385384402194781     
   2.0050010735687664E-004   41.385384346326660     
   2.0232331120275269E-004   41.385384289437866     
   2.0416309395378466E-004   41.385384231509754     
   2.0601960636661812E-004   41.385384172523338     
   2.0789300056877144E-004   41.385384112459285     
   2.0978343007110105E-004   41.385384051297912     
   2.1169104978038090E-004   41.385383989019161     
   2.1361601601199565E-004   41.385383925602632     
   2.1555848650274992E-004   41.385383861027528     
   2.1751862042379319E-004   41.385383795272681     
   2.1949657839366308E-004   41.385383728316540     
   2.2149252249144684E-004   41.385383660137173     
   2.2350661627006213E-004   41.385383590712209     
   2.2553902476965960E-004   41.385383520018912     
   2.2758991453114617E-004   41.385383448034091     
   2.2965945360983213E-004   41.385383374734168     
   2.3174781158920193E-004   41.385383300095114     
   2.3385515959481034E-004   41.385383224092450     
   2.3598167030830494E-004   41.385383146701287     
   2.3812751798157601E-004   41.385383067896242     
   2.4029287845103532E-004   41.385382987651482     
   2.4247792915202450E-004   41.385382905940709     
   2.4468284913335469E-004   41.385382822737149     
   2.4690781907197825E-004   41.385382738013519     
   2.4915302128779369E-004   41.385382651742056     
   2.5141863975858579E-004   41.385382563894474     
   2.5370486013510100E-004   41.385382474441982     
   2.5601186975626018E-004   41.385382383355264     
   2.5833985766450962E-004   41.385382290604461     
   2.6068901462131190E-004   41.385382196159171     
   2.6305953312277699E-004   41.385382099988426     
   2.6545160741543619E-004   41.385382002060723     
   2.6786543351215922E-004   41.385381902343958     
   2.7030120920821588E-004   41.385381800805433     
   2.7275913409748384E-004   41.385381697411880     
   2.7523940958880410E-004   41.385381592129406     
   2.7774223892248503E-004   41.385381484923499     
   2.8026782718695598E-004   41.385381375759025     
   2.8281638133557328E-004   41.385381264600198     
   2.8538811020357817E-004   41.385381151410570     
   2.8798322452520958E-004   41.385381036153063     
   2.9060193695097197E-004   41.385380918789892     
   2.9324446206506071E-004   41.385380799282579     
   2.9591101640294562E-004   41.385380677591954     
   2.9860181846911438E-004   41.385380553678139     
   3.0131708875497738E-004   41.385380427500507     
   3.0405704975693544E-004   41.385380299017712     
   3.0682192599461170E-004   41.385380168187623     
   3.0961194402924936E-004   41.385380034967376     
   3.1242733248227662E-004   41.385379899313293     
   3.1526832205404083E-004   41.385379761180914     
   3.1813514554271215E-004   41.385379620524958     
   3.2102803786336007E-004   41.385379477299317     
   3.2394723606720311E-004   41.385379331457059     
   3.2689297936103271E-004   41.385379182950373     
   3.2986550912681524E-004   41.385379031730579     
   3.3286506894147108E-004   41.385378877748117     
   3.3589190459683396E-004   41.385378720952517     
   3.3894626411979197E-004   41.385378561292363     
   3.4202839779261132E-004   41.385378398715353     
   3.4513855817344528E-004   41.385378233168176     
   3.4827700011702941E-004   41.385378064596573     
   3.5144398079556494E-004   41.385377892945300     
   3.5463975971979246E-004   41.385377718158090     
   3.5786459876025644E-004   41.385377540177650     
   3.6111876216876404E-004   41.385377358945632     
   3.6440251660003819E-004   41.385377174402656     
   3.6771613113356828E-004   41.385376986488211     
   3.7105987729565927E-004   41.385376795140715     
   3.7443402908168090E-004   41.385376600297434     
   3.7783886297852010E-004   41.385376401894518     
   3.8127465798723655E-004   41.385376199866940     
   3.8474169564592511E-004   41.385375994148461     
   3.8824026005278587E-004   41.385375784671666     
   3.9177063788940335E-004   41.385375571367881     
   3.9533311844423873E-004   41.385375354167195     
   3.9892799363633411E-004   41.385375132998433     
   4.0255555803923388E-004   41.385374907789078     
   4.0621610890512210E-004   41.385374678465311     
   4.0990994618918090E-004   41.385374444951971     
   4.1363737257416896E-004   41.385374207172532     
   4.1739869349522439E-004   41.385373965049041     
   4.2119421716489306E-004   41.385373718502123     
   4.2502425459838396E-004   41.385373467450989     
   4.2888911963905491E-004   41.385373211813338     
   4.3278912898412974E-004   41.385372951505381     
   4.3672460221064890E-004   41.385372686441798     
   4.4069586180165690E-004   41.385372416535702     
   4.4470323317262733E-004   41.385372141698625     
   4.4874704469812795E-004   41.385371861840476     
   4.5282762773872883E-004   41.385371576869538     
   4.5694531666815502E-004   41.385371286692397     
   4.6110044890068576E-004   41.385370991213939     
   4.6529336491880311E-004   41.385370690337318     
   4.6952440830109224E-004   41.385370383963895     
   4.7379392575039477E-004   41.385370071993272     
   4.7810226712221898E-004   41.385369754323186     
   4.8244978545340748E-004   41.385369430849501     
   4.8683683699106623E-004   41.385369101466203     
   4.9126378122175615E-004   41.385368766065312     
   4.9573098090095074E-004   41.385368424536914     
   5.0023880208276074E-004   41.385368076769041     
   5.0478761414993005E-004   41.385367722647715     
   5.0937778984410384E-004   41.385367362056861     
   5.1400970529637128E-004   41.385366994878289     
   5.1868374005808787E-004   41.385366620991647     
   5.2340027713197604E-004   41.385366240274372     
   5.2815970300350984E-004   41.385365852601680     
   5.3296240767258395E-004   41.385365457846511     
   5.3780878468547228E-004   41.385365055879461     
   5.4269923116707539E-004   41.385364646568782     
   5.4763414785346208E-004   41.385364229780308     
   5.5261393912470723E-004   41.385363805377423     
   5.5763901303802711E-004   41.385363373221011     
   5.6270978136121715E-004   41.385362933169446     
   5.6782665960639306E-004   41.385362485078460     
   5.7299006706403911E-004   41.385362028801204     
   5.7820042683736565E-004   41.385361564188116     
   5.8345816587697971E-004   41.385361091086885     
   5.8876371501586993E-004   41.385360609342463     
   5.9411750900471090E-004   41.385360118796939     
   5.9951998654748679E-004   41.385359619289517     
   6.0497159033744076E-004   41.385359110656481     
   6.1047276709335003E-004   41.385358592731109     
   6.1602396759613120E-004   41.385358065343624     
   6.2162564672577861E-004   41.385357528321187     
   6.2727826349863827E-004   41.385356981487746     
   6.3298228110502048E-004   41.385356424664081     
   6.3873816694715588E-004   41.385355857667690     
   6.4454639267749454E-004   41.385355280312687     
   6.5040743423735493E-004   41.385354692409862     
   6.5632177189592399E-004   41.385354093766495     
   6.6228989028961117E-004   41.385353484186368     
   6.6831227846176114E-004   41.385352863469684     
   6.7438942990272698E-004   41.385352231412988     
   6.8052184259030863E-004   41.385351587809097     
   6.8671001903055804E-004   41.385350932447061     
   6.9295446629895590E-004   41.385350265112052     
   6.9925569608196298E-004   41.385349585585345     
   7.0561422471894844E-004   41.385348893644213     
   7.1203057324450102E-004   41.385348189061844     
   7.1850526743112318E-004   41.385347471607304     
   7.2503883783231471E-004   41.385346741045410     
   7.3163181982604738E-004   41.385345997136717     
   7.3828475365863568E-004   41.385345239637381     
   7.4499818448900532E-004   41.385344468299124     
   7.5177266243336559E-004   41.385343682869106     
   7.5860874261028709E-004   41.385342883089884     
   7.6550698518618979E-004   41.385342068699316     
   7.7246795542124417E-004   41.385341239430460     
   7.7949222371569062E-004   41.385340395011497     
   7.8658036565657907E-004   41.385339535165656     
   7.9373296206493445E-004   41.385338659611094     
   8.0095059904335033E-004   41.385337768060829     
   8.0823386802401649E-004   41.385336860222623     
   8.1558336581718117E-004   41.385335935798921     
   8.2299969466005651E-004   41.385334994486719     
   8.3048346226616688E-004   41.385334035977465     
   8.3803528187514616E-004   41.385333059956992     
   8.4565577230298920E-004   41.385332066105377     
   8.5334555799275837E-004   41.385331054096866     
   8.6110526906575235E-004   41.385330023599749     
   8.6893554137314004E-004   41.385328974276241     
   8.7683701654806359E-004   41.385327905782411     
   8.8481034205821615E-004   41.385326817768039     
   8.9285617125889609E-004   41.385325709876483     
   9.0097516344654573E-004   41.385324581744612     
   9.0916798391277472E-004   41.385323433002654     
   9.1743530399887683E-004   41.385322263274077     
   9.2577780115084079E-004   41.385321072175465     
   9.3419615897486212E-004   41.385319859316418     
   9.4269106729335975E-004   41.385318624299380     
   9.5126322220150171E-004   41.385317366719555     
   9.5991332612424529E-004   41.385316086164714     
   9.6864208787389515E-004   41.385314782215147     
   9.7745022270818538E-004   41.385313454443448     
   9.8633845238889069E-004   41.385312102414396     
   9.9530750524096730E-004   41.385310725684839     
   1.0043581162122355E-003   41.385309323803511     
   1.0134910269336030E-003   41.385307896310920     
   1.0227069857798358E-003   41.385306442739157     
   1.0320067479308815E-003   41.385304962611777     
   1.0413910754337519E-003   41.385303455443648     
   1.0508607372649663E-003   41.385301920740744     
   1.0604165093935638E-003   41.385300358000038     
   1.0700591748446875E-003   41.385298766709283     
   1.0797895237637494E-003   41.385297146346915     
   1.0896083534811750E-003   41.385295496381787     
   1.0995164685777400E-003   41.385293816273119     
   1.1095146809504987E-003   41.385292105470207     
   1.1196038098793141E-003   41.385290363412274     
   1.1297846820939915E-003   41.385288589528329     
   1.1400581318420221E-003   41.385286783236950     
   1.1504250009569444E-003   41.385284943946047     
   1.1608861389273261E-003   41.385283071052775     
   1.1714424029663733E-003   41.385281163943247     
   1.1820946580821724E-003   41.385279221992334     
   1.1928437771485719E-003   41.385277244563540     
   1.2036906409767074E-003   41.385275231008720     
   1.2146361383871779E-003   41.385273180667852     
   1.2256811662828776E-003   41.385271092868912     
   1.2368266297224919E-003   41.385268966927555     
   1.2480734419946580E-003   41.385266802146973     
   1.2594225246928042E-003   41.385264597817589     
   1.2708748077906670E-003   41.385262353216888     
   1.2824312297184952E-003   41.385260067609146     
   1.2940927374399480E-003   41.385257740245194     
   1.3058602865296909E-003   41.385255370362202     
   1.3177348412516988E-003   41.385252957183354     
   1.3297173746382705E-003   41.385250499917703     
   1.3418088685697601E-003   41.385247997759812     
   1.3540103138550365E-003   41.385245449889524     
   1.3663227103126719E-003   41.385242855471724     
   1.3787470668528701E-003   41.385240213656040     
   1.3912844015601387E-003   41.385237523576542     
   1.4039357417767143E-003   41.385234784351503     
   1.4167021241867450E-003   41.385231995083060     
   1.4295845949012401E-003   41.385229154856987     
   1.4425842095437888E-003   41.385226262742307     
   1.4557020333370641E-003   41.385223317791095     
   1.4689391411901074E-003   41.385220319038055     
   1.4822966177864101E-003   41.385217265500280     
   1.4957755576727959E-003   41.385214156176900     
   1.5093770653491104E-003   41.385210990048762     
   1.5231022553587265E-003   41.385207766078103     
   1.5369522523798742E-003   41.385204483208192     
   1.5509281913177978E-003   41.385201140362973     
   1.5650312173977545E-003   41.385197736446777     
   1.5792624862588571E-003   41.385194270343888     
   1.5936231640487693E-003   41.385190740918212     
   1.6081144275192634E-003   41.385187147012900     
   1.6227374641226465E-003   41.385183487449972     
   1.6374934721090637E-003   41.385179761029917     
   1.6523836606246848E-003   41.385175966531314     
   1.6674092498107863E-003   41.385172102710456     
   1.6825714709037319E-003   41.385168168300872     
   1.6978715663358644E-003   41.385164162012977     
   1.7133107898373121E-003   41.385160082533616     
   1.7288904065387253E-003   41.385155928525670     
   1.7446116930749417E-003   41.385151698627560     
   1.7604759376895990E-003   41.385147391452840     
   1.7764844403406967E-003   41.385143005589754     
   1.7926385128071173E-003   41.385138539600746     
   1.8089394787961178E-003   41.385133992021977     
   1.8253886740517979E-003   41.385129361362900     
   1.8419874464645533E-003   41.385124646105709     
   1.8587371561815261E-003   41.385119844704882     
   1.8756391757180592E-003   41.385114955586658     
   1.8926948900701624E-003   41.385109977148531     
   1.9099056968280045E-003   41.385104907758731     
   1.9272730062904349E-003   41.385099745755632     
   1.9447982415805461E-003   41.385094489447305     
   1.9624828387622890E-003   41.385089137110889     
   1.9803282469581488E-003   41.385083686992040     
   1.9983359284678876E-003   41.385078137304376     
   2.0165073588883711E-003   41.385072486228893     
   2.0348440272344812E-003   41.385066731913319     
   2.0533474360611330E-003   41.385060872471577     
   2.0720191015863934E-003   41.385054905983125     
   2.0908605538157272E-003   41.385048830492323     
   2.1098733366673697E-003   41.385042644007818     
   2.1290590080988389E-003   41.385036344501877     
   2.1484191402345969E-003   41.385029929909720     
   2.1679553194948772E-003   41.385023398128844     
   2.1876691467256782E-003   41.385016747018327     
   2.2075622373299401E-003   41.385009974398173     
   2.2276362213999173E-003   41.385003078048513     
   2.2478927438507510E-003   41.384996055708953     
   2.2683334645552580E-003   41.384988905077797     
   2.2889600584799449E-003   41.384981623811299     
   2.3097742158222608E-003   41.384974209522902     
   2.3307776421490948E-003   41.384966659782449     
   2.3519720585365353E-003   41.384958972115371     
   2.3733592017108991E-003   41.384951144001924     
   2.3949408241910435E-003   41.384943172876305     
   2.4167186944319737E-003   41.384935056125855     
   2.4386945969697526E-003   41.384926791090166     
   2.4608703325677312E-003   41.384918375060252     
   2.4832477183641078E-003   41.384909805277616     
   2.5058285880208294E-003   41.384901078933389     
   2.5286147918738471E-003   41.384892193167374     
   2.5516081970847365E-003   41.384883145067136     
   2.5748106877936977E-003   41.384873931667016     
   2.5982241652739487E-003   41.384864549947196     
   2.6218505480875192E-003   41.384854996832672     
   2.6456917722424622E-003   41.384845269192283     
   2.6697497913514955E-003   41.384835363837652     
   2.6940265767920889E-003   41.384825277522175     
   2.7185241178680000E-003   41.384815006939917     
   2.7432444219722841E-003   41.384804548724567     
   2.7681895147517888E-003   41.384793899448312     
   2.7933614402731351E-003   41.384783055620709     
   2.8187622611902177E-003   41.384772013687559     
   2.8443940589132225E-003   41.384760770029750     
   2.8702589337791847E-003   41.384749320962023     
   2.8963590052240927E-003   41.384737662731808     
   2.9226964119565641E-003   41.384725791518022     
   2.9492733121330946E-003   41.384713703429711     
   2.9760918835349025E-003   41.384701394504887     
   3.0031543237463852E-003   41.384688860709183     
   3.0304628503351914E-003   41.384676097934516     
   3.0580197010339353E-003   41.384663101997745     
   3.0858271339235638E-003   41.384649868639357     
   3.1138874276183904E-003   41.384636393521973     
   3.1422028814528055E-003   41.384622672229028     
   3.1707758156696957E-003   41.384608700263236     
   3.1996085716105693E-003   41.384594473045183     
   3.2287035119074091E-003   41.384579985911785     
   3.2580630206762761E-003   41.384565234114774     
   3.2876895037126696E-003   41.384550212819150     
   3.3175853886886616E-003   41.384534917101583     
   3.3477531253518307E-003   41.384519341948803     
   3.3781951857259976E-003   41.384503482255965     
   3.4089140643137916E-003   41.384487332824982     
   3.4399122783010552E-003   41.384470888362763     
   3.4711923677631100E-003   41.384454143479587     
   3.5027568958728964E-003   41.384437092687236     
   3.5346084491110065E-003   41.384419730397255     
   3.5667496374776272E-003   41.384402050919078     
   3.5991830947064130E-003   41.384384048458223     
   3.6319114784802969E-003   41.384365717114321     
   3.6649374706492705E-003   41.384347050879256     
   3.6982637774501423E-003   41.384328043635115     
   3.7318931297282915E-003   41.384308689152270     
   3.7658282831614428E-003   41.384288981087273     
   3.8000720184854743E-003   41.384268912980801     
   3.8346271417222751E-003   41.384248478255529     
   3.8694964844096817E-003   41.384227670214010     
   3.9046829038334994E-003   41.384206482036419     
   3.9401892832616374E-003   41.384184906778380     
   3.9760185321803705E-003   41.384162937368657     
   4.0121735865327494E-003   41.384140566606824     
   4.0486574089591805E-003   41.384117787160960     
   4.0854729890401941E-003   41.384094591565180     
   4.1226233435414147E-003   41.384070972217245     
   4.1601115166607656E-003   41.384046921376033     
   4.1979405802779184E-003   41.384022431159003     
   4.2361136342060077E-003   41.383997493539674     
   4.2746338064456428E-003   41.383972100344891     
   4.3135042534412221E-003   41.383946243252232     
   4.3527281603395794E-003   41.383919913787267     
   4.3923087412509835E-003   41.383893103320716     
   4.4322492395125132E-003   41.383865803065738     
   4.4725529279538209E-003   41.383838004074931     
   4.5132231091653220E-003   41.383809697237488     
   4.5542631157688123E-003   41.383780873276180     
   4.5956763106905574E-003   41.383751522744291     
   4.6374660874368544E-003   41.383721636022585     
   4.6796358703721083E-003   41.383691203316090     
   4.7221891149994326E-003   41.383660214650931     
   4.7651293082438010E-003   41.383628659871057     
   4.8084599687377777E-003   41.383596528634889     
   4.8521846471098412E-003   41.383563810411957     
   4.8963069262753347E-003   41.383530494479437     
   4.9408304217300539E-003   41.383496569918663     
   4.9857587818465179E-003   41.383462025611493     
   5.0310956881729233E-003   41.383426850236752     
   5.0768448557348160E-003   41.383391032266438     
   5.1230100333395168E-003   41.383354559962001     
   5.1695950038833033E-003   41.383317421370478     
   5.2166035846613950E-003   41.383279604320578     
   5.2640396276807458E-003   41.383241096418686     
   5.3119070199756967E-003   41.383201885044841     
   5.3602096839264817E-003   41.383161957348548     
   5.4089515775806426E-003   41.383121300244611     
   5.4581366949773601E-003   41.383079900408823     
   5.5077690664747346E-003   41.383037744273615     
   5.5578527590800456E-003   41.382994818023597     
   5.6083918767830167E-003   41.382951107591069     
   5.6593905608921012E-003   41.382906598651360     
   5.7108529903738331E-003   41.382861276618172     
   5.7627833821952681E-003   41.382815126638803     
   5.8151859916695248E-003   41.382768133589252     
   5.8680651128044823E-003   41.382720282069307     
   5.9214250786546411E-003   41.382671556397483     
   5.9752702616761837E-003   41.382621940605837     
   6.0296050740852669E-003   41.382571418434864     
   6.0844339682195664E-003   41.382519973328044     
   6.1397614369031201E-003   41.382467588426458     
   6.1955920138144754E-003   41.382414246563307     
   6.2519302738581958E-003   41.382359930258261     
   6.3087808335397346E-003   41.382304621711697     
   6.3661483513437304E-003   41.382248302798956     
   6.4240375281157313E-003   41.382190955064324     
   6.4824531074473939E-003   41.382132559715032     
   6.5413998760651916E-003   41.382073097615113     
   6.6008826642226411E-003   41.382012549279096     
   6.6609063460961182E-003   41.381950894865632     
   6.7214758401842531E-003   41.381888114171048     
   6.7825961097109635E-003   41.381824186622659     
   6.8442721630321635E-003   41.381759091272087     
   6.9065090540461503E-003   41.381692806788379     
   6.9693118826077418E-003   41.381625311451032     
   7.0326857949461691E-003   41.381556583142853     
   7.0966359840867735E-003   41.381486599342750     
   7.1611676902765325E-003   41.381415337118376     
   7.2262862014134685E-003   41.381342773118540     
   7.2919968534799406E-003   41.381268883565681     
   7.3583050309798991E-003   41.381193644247951     
   7.4252161673801029E-003   41.381117030511405     
   7.4927357455553522E-003   41.381039017251858     
   7.5608692982377657E-003   41.380959578906712     
   7.6296224084701552E-003   41.380878689446533     
   7.6990007100635072E-003   41.380796322366592     
   7.7690098880586365E-003   41.380712450678153     
   7.8396556791920334E-003   41.380627046899647     
   7.9109438723659452E-003   41.380540083047677     
   7.9828803091227321E-003   41.380451530627859     
   8.0554708841235455E-003   41.380361360625493     
   8.1287215456313476E-003   41.380269543496055     
   8.2026382959983265E-003   41.380176049155594     
   8.2772271921577444E-003   41.380080846970770     
   8.3524943461202646E-003   41.379983905748936     
   8.4284459254747764E-003   41.379885193727858     
   8.5050881538937979E-003   41.379784678565379     
   8.5824273116434421E-003   41.379682327328794     
   8.6604697360980493E-003   41.379578106484075     
   8.7392218222594915E-003   41.379471981884926     
   8.8186900232811848E-003   41.379363918761584     
   8.8988808509968854E-003   41.379253881709445     
   8.9798008764542872E-003   41.379141834677519     
   9.0614567304534658E-003   41.379027740956573     
   9.1438551040902236E-003   41.378911563167165     
   9.2270027493043839E-003   41.378793263247395     
   9.3109064794330513E-003   41.378672802440455     
   9.3955731697689289E-003   41.378550141281977     
   9.4810097581236770E-003   41.378425239587088     
   9.5672232453964390E-003   41.378298056437274     
   9.6542206961474954E-003   41.378168550167018     
   9.7420092391771636E-003   41.378036678350142     
   9.8305960681099435E-003   41.377902397785967     
   9.9199884419839887E-003   41.377765664485125     
   1.0010193685845922E-002   41.377626433655244     
   1.0101219191351082E-002   41.377484659686260     
   1.0193072417369199E-002   41.377340296135486     
   1.0285760890595611E-002   41.377193295712466     
   1.0379292206168006E-002   41.377043610263485     
   1.0473674028288801E-002   41.376891190755842     
   1.0568914090853152E-002   41.376735987261810     
   1.0665020198082706E-002   41.376577948942277     
   1.0762000225165087E-002   41.376417024030204     
   1.0859862118899213E-002   41.376253159813629     
   1.0958613898346486E-002   41.376086302618475     
   1.1058263655487878E-002   41.375916397791009     
   1.1158819555887026E-002   41.375743389679918     
   1.1260289839359332E-002   41.375567221618219     
   1.1362682820647153E-002   41.375387835904654     
   1.1466006890101139E-002   41.375205173784863     
   1.1570270514367756E-002   41.375019175432207     
   1.1675482237083064E-002   41.374829779928163     
   1.1781650679572816E-002   41.374636925242477     
   1.1888784541558893E-002   41.374440548212846     
   1.1996892601872200E-002   41.374240584524351     
   1.2105983719172018E-002   41.374036968688344     
   1.2216066832671908E-002   41.373829634021149     
   1.2327150962872213E-002   41.373618512622237     
   1.2439245212299218E-002   41.373403535352033     
   1.2552358766251045E-002   41.373184631809359     
   1.2666500893550309E-002   41.372961730308454     
   1.2781680947303637E-002   41.372734757855532     
   1.2897908365668084E-002   41.372503640124940     
   1.3015192672624524E-002   41.372268301434929     
   1.3133543478758058E-002   41.372028664722905     
   1.3252970482045550E-002   41.371784651520315     
   1.3373483468650284E-002   41.371536181926956     
   1.3495092313723886E-002   41.371283174584960     
   1.3617806982215507E-002   41.371025546652220     
   1.3741637529688386E-002   41.370763213775334     
   1.3866594103143821E-002   41.370496090062105     
   1.3992686941852652E-002   41.370224088053462     
   1.4119926378194283E-002   41.369947118694988     
   1.4248322838503347E-002   41.369665091307795     
   1.4377886843924072E-002   41.369377913559020     
   1.4508629011272414E-002   41.369085491431598     
   1.4640560053906009E-002   41.368787729193684     
   1.4773690782602076E-002   41.368484529367421     
   1.4908032106443266E-002   41.368175792697073     
   1.5043595033711587E-002   41.367861418116739     
   1.5180390672790452E-002   41.367541302717356     
   1.5318430233074921E-002   41.367215341713163     
   1.5457725025890243E-002   41.366883428407526     
   1.5598286465418724E-002   41.366545454158171     
   1.5740126069635037E-002   41.366201308341743     
   1.5883255461250037E-002   41.365850878317801     
   1.6027686368663165E-002   41.365494049392055     
   1.6173430626923481E-002   41.365130704779041     
   1.6320500178699484E-002   41.364760725564025     
   1.6468907075257711E-002   41.364383990664315     
   1.6618663477450255E-002   41.364000376789761     
   1.6769781656711259E-002   41.363609758402660     
   1.6922273996062463E-002   41.363212007676808     
   1.7076152991127903E-002   41.362806994455944     
   1.7231431251157846E-002   41.362394586211309     
   1.7388121500062005E-002   41.361974647998537     
   1.7546236577452190E-002   41.361547042413733     
   1.7705789439694405E-002   41.361111629548731     
   1.7866793160970545E-002   41.360668266945588     
   1.8029260934349697E-002   41.360216809550209     
   1.8193206072869256E-002   41.359757109665146     
   1.8358642010625790E-002   41.359289016901613     
   1.8525582303875895E-002   41.358812378130501     
   1.8694040632147014E-002   41.358327037432609     
   1.8864030799358385E-002   41.357832836047962     
   1.9035566734952162E-002   41.357329612324179     
   1.9208662495034827E-002   41.356817201663908     
   1.9383332263529000E-002   41.356295436471378     
   1.9559590353335689E-002   41.355764146097897     
   1.9737451207507140E-002   41.355223156786423     
   1.9916929400430331E-002   41.354672291615124     
   2.0098039639021237E-002   41.354111370439895     
   2.0280796763929958E-002   41.353540209835877     
   2.0465215750756795E-002   41.352958623037878     
   2.0651311711279399E-002   41.352366419879772     
   2.0839099894691054E-002   41.351763406732744     
   2.1028595688850252E-002   41.351149386442493     
   2.1219814621541603E-002   41.350524158265216     
   2.1412772361748243E-002   41.349887517802514     
   2.1607484720935759E-002   41.349239256935107     
   2.1803967654347847E-002   41.348579163755332     
   2.2002237262313724E-002   41.347907022498440     
   2.2202309791567416E-002   41.347222613472653     
   2.2404201636579083E-002   41.346525712987976     
   2.2607929340898402E-002   41.345816093283730     
   2.2813509598510199E-002   41.345093522454761     
   2.3020959255202401E-002   41.344357764376284     
   2.3230295309946421E-002   41.343608578627538     
   2.3441534916290092E-002   41.342845720413848     
   2.3654695383763285E-002   41.342068940487422     
   2.3869794179296296E-002   41.341277985066768     
   2.4086848928651126E-002   41.340472595754498     
   2.4305877417865773E-002   41.339652509453821     
   2.4526897594711702E-002   41.338817458283444     
   2.4749927570164493E-002   41.337967169490994     
   2.4974985619887924E-002   41.337101365364838     
   2.5202090185731524E-002   41.336219763144413     
   2.5431259877241739E-002   41.335322074928825     
   2.5662513473186859E-002   41.334408007583946     
   2.5895869923095786E-002   41.333477262647719     
   2.6131348348810830E-002   41.332529536233849     
   2.6368968046054573E-002   41.331564518933796     
   2.6608748486011028E-002   41.330581895716925     
   2.6850709316921177E-002   41.329581345828913     
   2.7094870365692962E-002   41.328562542688424     
   2.7341251639525981E-002   41.327525153781764     
   2.7589873327550921E-002   41.326468840555819     
   2.7840755802483911E-002   41.325393258309006     
   2.8093919622295918E-002   41.324298056080302     
   2.8349385531897316E-002   41.323182876536251     
   2.8607174464837778E-002   41.322047355856050     
   2.8867307545021641E-002   41.320891123614487     
   2.9129806088438830E-002   41.319713802662861     
   2.9394691604911562E-002   41.318515009007754     
   2.9661985799856926E-002   41.317294351687686     
   2.9931710576065456E-002   41.316051432647505     
   3.0203888035495924E-002   41.314785846610633     
   3.0478540481086433E-002   41.313497180948985     
   3.0755690418581963E-002   41.312185015550575     
   3.1035360558378567E-002   41.310848922684855     
   3.1317573817384307E-002   41.309488466865545     
   3.1602353320897149E-002   41.308103204711145     
   3.1889722404499866E-002   41.306692684802911     
   3.2179704615972284E-002   41.305256447540316     
   3.2472323717220773E-002   41.303794024994055     
   3.2767603686225430E-002   41.302304940756258     
   3.3065568719004845E-002   41.300788709788279     
   3.3366243231598820E-002   41.299244838265679     
   3.3669651862069064E-002   41.297672823420406     
   3.3975819472518105E-002   41.296072153380422     
   3.4284771151126575E-002   41.294442307006193     
   3.4596532214208969E-002   41.292782753724659     
   3.4911128208288157E-002   41.291092953359943     
   3.5228584912188714E-002   41.289372355961319     
   3.5548928339149327E-002   41.287620401628061     
   3.5872184738954378E-002   41.285836520331230     
   3.6198380600084894E-002   41.284020131732362     
   3.6527542651889129E-002   41.282170644998921     
   3.6859697866772817E-002   41.280287458616627     
   3.7194873462409343E-002   41.278369960198354     
   3.7533096903970067E-002   41.276417526289848     
   3.7874395906374862E-002   41.274429522171928     
   3.8218798436563166E-002   41.272405301659290     
   3.8566332715785655E-002   41.270344206895814     
   3.8917027221916770E-002   41.268245568146263     
   3.9270910691788272E-002   41.266108703584408     
   3.9628012123544026E-002   41.263932919077419     
   3.9988360779016158E-002   41.261717507966580     
   4.0351986186122853E-002   41.259461750844132     
   4.0718918141287981E-002   41.257164915326243     
   4.1089186711882643E-002   41.254826255822145     
   4.1462822238689030E-002   41.252445013299173     
   4.1839855338386564E-002   41.250020415043792     
   4.2220316906060769E-002   41.247551674418489     
   4.2604238117734852E-002   41.245037990614478     
   4.2991650432924362E-002   41.242478548400136     
   4.3382585597215077E-002   41.239872517865166     
   4.3777075644864299E-002   41.237219054160235     
   4.4175152901425860E-002   41.234517297232330     
   4.4576849986398916E-002   41.231766371555409     
   4.4982199815900910E-002   41.228965385856512     
   4.5391235605364795E-002   41.226113432837252     
   4.5803990872260815E-002   41.223209588890420     
   4.6220499438842946E-002   41.220252913811869     
   4.6640795434920473E-002   41.217242450507428     
   4.7064913300654612E-002   41.214177224694872     
   4.7492887789380656E-002   41.211056244600798     
   4.7924753970455737E-002   41.207878500652427     
   4.8360547232132518E-002   41.204642965164084     
   4.8800303284458994E-002   41.201348592018462     
   4.9244058162204660E-002   41.197994316342502     
   4.9691848227813293E-002   41.194579054177773     
   5.0143710174382627E-002   41.191101702145339     
   5.0599681028671011E-002   41.187561137104943     
   5.1059798154131544E-002   41.183956215808621     
   5.1524099253973693E-002   41.180285774548295     
   5.1992622374252818E-002   41.176548628797704     
   5.2465405906987762E-002   41.172743572848205     
   5.2942488593306761E-002   41.168869379438590     
   5.3423909526622064E-002   41.164924799378710     
   5.3909708155833271E-002   41.160908561166941     
   5.4399924288559942E-002   41.156819370601170     
   5.4894598094403495E-002   41.152655910383515     
   5.5393770108238850E-002   41.148416839718436     
   5.5897481233535912E-002   41.144100793904258     
   5.6405772745711361E-002   41.139706383917982     
   5.6918686295510834E-002   41.135232195993353     
   5.7436263912421910E-002   41.130676791191917     
   5.7958548008118123E-002   41.126038704967236     
   5.8485581379934252E-002   41.121316446721899     
   5.9017407214373319E-002   41.116508499357394     
   5.9554069090645319E-002   41.111613318816680     
   6.0095610984238261E-002   41.106629333619416     
   6.0642077270521656E-002   41.101554944389669     
   6.1193512728382686E-002   41.096388523376028     
   6.1749962543895601E-002   41.091128413964064     
   6.2311472314024265E-002   41.085772930181037     
   6.2878088050358577E-002   41.080320356192601     
   6.3449856182884790E-002   41.074768945791689     
   6.4026823563790039E-002   41.069116921879122     
   6.4609037471301575E-002   41.063362475936188     
   6.5196545613560850E-002   41.057503767488832     
   6.5789396132532915E-002   41.051538923563463     
   6.6387637607951175E-002   41.045466038134265     
   6.6991319061298224E-002   41.039283171561905     
   6.7600489959822832E-002   41.032988350023558     
   6.8215200220593311E-002   41.026579564934011     
   6.8835500214587925E-002   41.020054772357994     
   6.9461440770822405E-002   41.013411892413409     
   7.0093073180515039E-002   41.006648808665460     
   7.0730449201289541E-002   40.999763367511484     
   7.1373621061416259E-002   40.992753377556618     
   7.2022641464091930E-002   40.985616608979839     
   7.2677563591758212E-002   40.978350792890659     
   7.3338441110459687E-002   40.970953620676013     
   7.4005328174241394E-002   40.963422743337560     
   7.4678279429586283E-002   40.955755770819067     
   7.5357350019893160E-002   40.947950271323883     
   7.6042595589995279E-002   40.940003770622432     
   7.6734072290719949E-002   40.931913751349491     
   7.7431836783489791E-002   40.923677652291367     
   7.8135946244965671E-002   40.915292867662636     
   7.8846458371731862E-002   40.906756746372615     
   7.9563431385023947E-002   40.898066591281250     
   8.0286924035499557E-002   40.889219658444439     
   8.1016995608052561E-002   40.880213156348745     
   8.1753705926671041E-002   40.871044245135288     
   8.2497115359339415E-002   40.861710035812862     
   8.3247284822985185E-002   40.852207589460136     
   8.4004275788470570E-002   40.842533916416826     
   8.4768150285629618E-002   40.832685975463882     
   8.5538970908351150E-002   40.822660672992512     
   8.6316800819707731E-002   40.812454862161978     
   8.7101703757131568E-002   40.802065342046234     
   8.7893744037637236E-002   40.791488856769121     
   8.8692986563092005E-002   40.780722094628317     
   8.9499496825534111E-002   40.769761687207762     
   9.0313340912539203E-002   40.758604208478665     
   9.1134585512635979E-002   40.747246173889046     
   9.1963297920770543E-002   40.735684039441573     
   9.2799546043820957E-002   40.723914200760049     
   9.3643398406161552E-002   40.711932992144064     
   9.4494924155278132E-002   40.699736685612194     
   9.5354193067433937E-002   40.687321489933467     
   9.6221275553387470E-002   40.674683549647185     
   9.7096242664162030E-002   40.661818944071200     
   9.7979166096867826E-002   40.648723686298382     
   9.8870118200577062E-002   40.635393722181604     
   9.9769171982252394E-002   40.621824929307060     
  0.10067640111272932        40.608013115955984     
  0.10159187993275297        40.593954020054909     
  0.10251568345906974        40.579643308114385     
  0.10344788739057439        40.565076574156272     
  0.10438856811451307        40.550249338629698     
  0.10533780271274254        40.535157047315714     
  0.10629566896804665        40.519795070220752     
  0.10726224537050993        40.504158700459044     
  0.10823761112394929        40.488243153123982     
  0.10922184615240427        40.472043564148720     
  0.11021503110668610        40.455554989155971     
  0.11121724737098661        40.438772402297339     
  0.11222857706954686        40.421690695082184     
  0.11324910307338681        40.404304675196329     
  0.11427890900709586        40.386609065310729     
  0.11531807925568530        40.368598501880371     
  0.11636669897150308        40.350267533933561     
  0.11742485408121138        40.331610621851979     
  0.11849263129282771        40.312622136141570     
  0.11957011810282989        40.293296356194809     
  0.12065740280332586        40.273627469044371     
  0.12175457448928852        40.253609568108807     
  0.12286172306585640        40.233236651930312     
  0.12397893925570072        40.212502622905220     
  0.12510631460645946        40.191401286007327     
  0.12624394149823903        40.169926347504784     
  0.12739191315118412        40.148071413670699     
  0.12855032363311636        40.125829989488167     
  0.12971926786724258        40.103195477350006     
  0.13089884163993298        40.080161175753943     
  0.13208914160857016        40.056720277993605     
  0.13329026530946952        40.032865870846024     
  0.13450231116587155        40.008590933256244     
  0.13572537849600694        39.983888335019671     
  0.13695956752123498        39.958750835462808     
  0.13820497937425597        39.933171082123117     
  0.13946171610739824        39.907141609428905     
  0.14072988070098078        39.880654837379687     
  0.14200957707175133        39.853703070228249     
  0.14330091008140206        39.826278495164949     
  0.14460398554516185        39.798373181005374     
  0.14591891024046724        39.769979076882251     
  0.14724579191571208        39.741088010942519     
  0.14858473929907656        39.711691689050767     
  0.14993586210743687        39.681781693499971     
  0.15129927105535554        39.651349481730819     
  0.15267507786415377        39.620386385060613     
  0.15406339527106611        39.588883607423227     
  0.15546433703847856        39.556832224121223     
  0.15687801796325043        39.524223180591576     
  0.15830455388612105        39.491047291186369     
  0.15974406170120239        39.457295237969944     
  0.16119665936555722        39.422957569534049     
  0.16266246590886518        39.388024699832513     
  0.16414160144317616        39.352486907037175     
  0.16563418717275277        39.316334332416730     
  0.16714034540400199        39.279556979240326     
  0.16866019955549741        39.242144711707638     
  0.17019387416809234        39.204087253907673     
  0.17174149491512519        39.165374188807775     
  0.17330318861271718        39.125994957275566     
  0.17487908323016441        39.085938857135289     
  0.17646930790042353        39.045195042261483     
  0.17807399293069368        39.003752521711654     
  0.17969326981309383        38.961600158900850     
  0.18132727123543790        38.918726670820419     
  0.18297613109210731        38.875120627303460     
  0.18463998449502275        38.830770450339834     
  0.18631896778471560        38.785664413443342     
  0.18801321854150002        38.739790641073988     
  0.18972287559674669        38.693137108118307     
  0.19144807904425887        38.645691639430822     
  0.19318897025175230        38.597441909439659     
  0.19494569187243899        38.548375441819843     
  0.19671838785671678        38.498479609237393     
  0.19850720346396486        38.447741633167851     
  0.20031228527444692        38.396148583792780     
  0.20213378120132211        38.343687379977986     
  0.20397184050276554        38.290344789337240     
  0.20582661379419892        38.236107428385452     
  0.20769825306063222        38.180961762785373     
  0.20958691166911797        38.124894107692050     
  0.21149274438131835        38.067890628199258     
  0.21341590736618682        38.009937339892367     
  0.21535655821276506        37.951020109512321     
  0.21731485594309632        37.891124655735204     
  0.21929096102525583        37.830236550072485     
  0.22128503538650021        37.768341217896612     
  0.22329724242653623        37.705423939597345     
  0.22532774703091002        37.641469851873779     
  0.22737671558451836        37.576463949167660     
  0.22944431598524273        37.510391085243327     
  0.23153071765770719        37.443235974920029     
  0.23363609156716159        37.374983195962301     
  0.23576061023349082        37.305617191134552     
  0.23790444774535158        37.235122270425549     
  0.24006777977443772        37.163482613449432     
  0.24225078358987515        37.090682272029269     
  0.24445363807274781        37.016705172969907     
  0.24667652373075558        36.941535121026519     
  0.24891962271300569        36.865155802075812     
  0.25118311882493832        36.787550786496737     
  0.25346719754338826        36.708703532767714     
  0.25577204603178322        36.628597391287585     
  0.25809785315548073        36.547215608427734     
  0.26044480949724391        36.464541330822584     
  0.26281310737285868        36.380557609906312     
  0.26520294084689244        36.295247406703311     
  0.26761450574859630        36.208593596880306     
  0.27004799968795162        36.120578976068138     
  0.27250362207186313        36.031186265461002     
  0.27498157412049845        35.940398117701733     
  0.27748205888377681        35.848197123061063     
  0.28000528125800739        35.754565815919321     
  0.28255144800267912        35.659486681559102     
  0.28512076775740325        35.562942163277320     
  0.28771345105900947        35.464914669825376     
  0.29032971035879812        35.365386583185973     
  0.29296976003994901        35.264340266695427     
  0.29563381643508840        35.161758073520126     
  0.29832209784401592        35.057622355496051     
  0.30103482455159275        34.951915472340048     
  0.30377221884579214        34.844619801241748     
  0.30653450503591445        34.735717746844912     
  0.30932190947096760        34.625191751627007     
  0.31213466055821459        34.513024306685708     
  0.31497298878188990        34.399197962941045     
  0.31783712672208592        34.283695342761831     
  0.32072730907381131        34.166499152024755     
  0.32364377266622246        34.047592192614673     
  0.32658675648202962        33.926957375374279     
  0.32955650167708023        33.804577733511238     
  0.33255325160011967        33.680436436470671     
  0.33557725181273163        33.554516804280766     
  0.33862875010946059        33.426802322378762     
  0.34170799653811640        33.297276656924730     
  0.34481524342026387        33.165923670609835     
  0.34795074537189885        33.032727438965658     
  0.35111475932431191        32.897672267180809     
  0.35430754454514224        32.760742707430566     
  0.35752936265962243        32.621923576724797     
  0.36078047767201676        32.481199975279239     
  0.36406115598725491        32.338557305414170     
  0.36737166643276103        32.193981290984603     
  0.37071228028048292        32.047457997344807     
  0.37408327126912022        31.898973851850123     
  0.37748491562655584        31.748515664897496     
  0.38091749209249021        31.596070651506231     
  0.38438128194128235        31.441626453438921     
  0.38787656900499806        31.285171161862380     
  0.39140363969666808        31.126693340546801     
  0.39496278303375698        30.966182049601194     
  0.39855429066184683        30.803626869741286     
  0.40217845687853465        30.639017927085753     
  0.40583557865754843        30.472345918475199     
  0.40952595567308175        30.303602137306918     
  0.41324989032434972        30.132778499877709     
  0.41700768776036873        29.959867572225285     
  0.42079965590496082        29.784862597457568     
  0.42462610548198609        29.607757523557886     
  0.42848735004080390        29.428547031652229     
  0.43238370598196607        29.247226564723526     
  0.43631549258314384        29.063792356755918     
  0.44028303202528968        28.878241462290589     
  0.44428664941903834        28.690571786372516     
  0.44832667283134697        28.500782114866237     
  0.45240343331237765        28.308872145116162     
  0.45651726492262473        28.114842516925343     
  0.46066850476028859        27.918694843824564     
  0.46485749298889817        27.720431744601136     
  0.46908457286518529        27.520056875054976     
  0.47335009076721141        27.317574959946995     
  0.47765439622275141        27.112991825102576     
  0.48199784193793421        26.906314429630541     
  0.48638078382614491        26.697550898215411     
  0.49080358103718896        26.486710553438463     
  0.49526659598672212        26.273803948080239     
  0.49977019438594739        26.058842897354733     
  0.50431474527158271        25.841840511022642     
  0.50890062103610068        25.622811225328540     
  0.51352819745824319        25.401770834703786     
  0.51819785373381400        25.178736523174514     
  0.52290997250675098        24.953726895410849     
  0.52766493990048058        24.726762007351084     
  0.53246314554955854        24.497863396331230     
  0.53730498263159687        24.267054110647869     
  0.54219084789948246        24.034358738479217     
  0.54712114171388737        23.799803436086425     
  0.55209626807607604        23.563415955214349     
  0.55711663466100991        23.325225669608429     
  0.56218265285075342        23.085263600561092     
  0.56729473776818395        22.843562441399097     
  0.57245330831100771        22.600156580819885     
  0.57765878718608576        22.355082124983085     
  0.58291160094407124        22.108376918260547     
  0.58821218001436237        21.860080562545942     
  0.59356095874037307        21.610234435023106     
  0.59895837541512376        21.358881704289818     
  0.60440487231715678        21.106067344732111     
  0.60990089574677753        20.851838149042536     
  0.61544689606262537        20.596242738774031     
  0.62104332771857762        20.339331572820040     
  0.62669064930098839        20.081156953710401     
  0.63238932356626654        19.821773031611563     
  0.63813981747879467        19.561235805919566     
  0.64394260224919431        19.299603124333494     
  0.64979815337293723        19.036934679297808     
  0.65570695066930962        18.773292001701872     
  0.66166947832072909        18.508738451726231     
  0.66768622491241991        18.243339206726212     
  0.67375768347244969        17.977161246044940     
  0.67988435151212834        17.710273332650324     
  0.68606673106677607        17.442745991492515     
  0.69230532873686190        17.174651484481753     
  0.69860065572951457        16.906063781989889     
  0.70495322790041370        16.637058530782593     
  0.71136356579605919        16.367713018294275     
  0.71783219469642656        16.098106133162332     
  0.72435964465801028        15.828318321943234     
  0.73094645055725704        15.558431541939234     
  0.73759315213439569        15.288529210071026     
  0.74430029403766484        15.018696147739394     
  0.75106842586794231        14.749018521626823     
  0.75789810222378162        14.479583780398631     
  0.76478988274685655        14.210480587272640     
  0.77174433216782012        13.941798748436177     
  0.77876202035257980        13.673629137299836     
  0.78584352234899413        13.406063614588639     
  0.79298941843399362        13.139194944282956     
  0.80020029416112959        12.873116705434009     
  0.80747674040855688        12.607923199891742     
  0.81481935342745127        12.343709355996515     
  0.82222873489086823        12.080570628300020     
  0.82970549194304555        11.818602893395649     
  0.83725023724915404        11.557902341953589     
  0.84486358904550118        11.298565367071413     
  0.85254617119019127        11.040688449067165     
  0.86029861321424561        10.784368036858005     
  0.86812155037318794        10.529700426084387     
  0.87601562369909924        10.276781634156483     
  0.88398148005314525        10.025707272416744     
  0.89201977217858242        9.7765724156297154     
  0.90013115875424499        9.5294714690274969     
  0.90831630444851896        9.2844980331564138     
  0.91657587997380674        9.0417447667876623     
  0.92491056214148770        8.8013032481716174     
  0.93332103391737675        8.5632638349321013     
  0.94180798447768921        8.3277155229131647     
  0.95037210926551374        8.0947458043066991     
  0.95901411004779791        7.8644405254044649     
  0.96773469497285414        7.6368837443323780     
  0.97653457862838622        7.4121575891389258     
  0.98541448210004456        7.1903421166220314     
  0.99437513303051472        6.9715151722906015     
   1.0034172656791411        6.7557522518677198     
   1.0125416209820957        6.5431263647515827     
   1.0217489466130900        6.3337078998585907     
   1.0310399970446442        6.1275644942793743     
   1.0404155336099086        5.9247609051837991     
   1.0498763245650495        5.7253588854141491     
   1.0594231451522036        5.5294170632074300     
   1.0690567776630011        5.3369908264876491     
   1.0787780115026704        5.1481322121664510     
   1.0885876432547241        4.9628898008867317     
   1.0984864767462319        4.7813086176375039     
   1.1084753231136892        4.6034300386598517     
   1.1185550008694840        4.4292917050535836     
   1.1287263359689670        4.2589274434813493     
   1.1389901618781337        4.0923671943521125     
   1.1493473196419197        3.9296369478488020     
   1.1597986579531188        3.7707586881455057     
   1.1703450332219272        3.6157503461381029     
   1.1809873096461196        3.4646257609884299     
   1.1917263592818641        3.3173946507561975     
   1.2025630621151808        3.1740625923649333     
   1.2134983061340499        3.0346310111183685     
   1.2245329874011757        2.8990971799517569     
   1.2356680101274133        2.7674542285691173     
   1.2469042867458608        2.6396911625821105     
   1.2582427379866272        2.5157928927294768     
   1.2696842929522791        2.3957402742178981     
   1.2812298891939742        2.2795101561858111     
   1.2928804727882861        2.1670754412514261     
   1.3046369984147288        2.0584051550650768     
   1.3165004294339857        1.9534645257443393     
   1.3284717379668496        1.8522150730282934     
   1.3405519049738810        1.7546147069450106     
   1.3527419203357904        1.6606178357442540     
   1.3650427829345524        1.5701754828054786     
   1.3774555007352556        1.4832354121900013     
   1.3899810908686991        1.3997422624656817     
   1.4026205797147373        1.3196376883931125     
   1.4153750029863872        1.2428605100241303     
   1.4282454058146932        1.1693468687270445     
   1.4412328428343713        1.0990303896180471     
   1.4543383782702273        1.0318423498457296     
   1.4675630860243625       0.96771185214504674     
   1.4809080497641716       0.90656600304915336     
   1.4943743630111415       0.84833009512223900     
   1.5079631292304581       0.79292779255409163     
   1.5216754619214259       0.74028131943785391     
   1.5355124847087116       0.69031165003629769     
   1.5494753314344172       0.64293870032937628     
   1.5635651462509896       0.59808152012662885     
   1.5777830837149756       0.55565848502261406     
   1.5921303088816290       0.51558748747182148     
   1.6066079974003791       0.47778612626169104     
   1.6212173356111654       0.44217189366841014     
   1.6359595206416504       0.40866235959013480     
   1.6508357605053150       0.37717535196623764     
   1.6658472742004458       0.34762913280901764     
   1.6809952918100244       0.31994256919608716     
   1.6962810546025222       0.29403529859723199     
   1.7117058151336138       0.26982788793886081     
   1.7272708373488150       0.24724198584212506     
   1.7429773966870532       0.22620046750720627     
   1.7588267801851805       0.20662757175600055     
   1.7748202865834375       0.18844902978826372     
   1.7909592264318741       0.17159218525198386     
   1.8072449221977414       0.15598610527704951     
   1.8236787083738555       0.14156168217194359     
   1.8402619315879525       0.12825172553581846     
   1.8569959507130314       0.11599104459264875     
   1.8738821369787075       0.10471652060976933     
   1.8909218740835705        9.4367169319665892E-002
   1.9081165583085715        8.4884193320918858E-002
   1.9254675986314367        7.6211024491351642E-002
   1.9429764168421226        6.8293356503193889E-002
   1.9606444476593214        6.1079167586032677E-002
   1.9784731388480266        5.4518733738005441E-002
   1.9964639513381648        4.8564632638634073E-002
