                                                  

     Z,SCF,CCSD
   1.679,   -127.0765420,   -127.8530130
   1.529,   -127.0745863,   -127.8587923
                                                  

     Z,SCF,CCSD
   1.679,   -127.07654198,   -127.85301296
   1.529,   -127.07458633,   -127.85879228
   1.379,   -127.06030939,   -127.85148766
   1.229,   -127.02219201,   -127.81741551
   1.079,   -126.93471731,   -127.72985591
   0.929,   -126.74247645,   -127.53274683
   0.779,   -126.31499760,   -127.09660252
   0.629,   -125.29890196,   -126.07273176
   0.479,   -122.61320003,   -123.38570659
   0.329,   -114.84187356,   -115.62192330
   0.179,    -90.47793616,    -91.25833008
                                                  

     Z,SCF,CCSD
   1.679,   -127.0765420,   -127.8530130
   1.629,   -127.0768614,   -127.8558535
   1.579,   -127.0762705,   -127.8578671
   1.529,   -127.0745863,   -127.8587919
   1.479,   -127.0715793,   -127.8583161
   1.429,   -127.0669519,   -127.8560423
   1.379,   -127.0603094,   -127.8514873
   1.329,   -127.0511277,   -127.8440565
   1.279,   -127.0387189,   -127.8330095
   1.229,   -127.0221920,   -127.8174152
   1.179,   -127.0004017,   -127.7960960
                                                  
