                                                  

     Z,SCF
   1.787,   -119.6249764
   1.987,   -119.5884576
                                                  

     Z,SCF
   1.787,   -119.6240238
   1.987,   -119.5902518
                                                  

     Z,SCF
   1.787,   -119.6325829
   1.987,   -119.6393542
                                                  

     Z,SCF
   1.787,   -119.6240238
   1.987,   -119.5796120
                                                  

     Z,SCF
   1.787,   -119.6240238
   1.987,   -119.5810228
   2.187,   -119.5250251
                                                  

     Z,SCF
   1.787,   -119.6054898
   1.987,   -119.5578841
   2.187,   -119.4804908
                                                  

     Z,SCF
   1.787,   -119.6557289
   1.987,   -119.6081933
   2.187,   -119.5299118
                                                  

     Z,SCF
   1.787,   -119.6054953
   1.987,   -119.5579093
   2.187,   -119.4805316
                                                  
