  3.254338256422438E-006  -78.5955719827591     
  3.283122421036535E-006  -78.5955719824527     
  3.312161177542210E-006  -78.5955719821409     
  3.341456777768969E-006  -78.5955719818236     
  3.371011493463436E-006  -78.5955719815007     
  3.400827616465516E-006  -78.5955719811720     
  3.430907458886115E-006  -78.5955719808374     
  3.461253353286435E-006  -78.5955719804969     
  3.491867652858852E-006  -78.5955719801504     
  3.522752731609401E-006  -78.5955719797977     
  3.553910984541866E-006  -78.5955719794388     
  3.585344827843503E-006  -78.5955719790734     
  3.617056699072403E-006  -78.5955719787016     
  3.649049057346518E-006  -78.5955719783232     
  3.681324383534352E-006  -78.5955719779381     
  3.713885180447342E-006  -78.5955719775461     
  3.746733973033941E-006  -78.5955719771471     
  3.779873308575416E-006  -78.5955719767410     
  3.813305756883379E-006  -78.5955719763278     
  3.847033910499064E-006  -78.5955719759072     
  3.881060384894371E-006  -78.5955719754791     
  3.915387818674676E-006  -78.5955719750434     
  3.950018873783452E-006  -78.5955719746000     
  3.984956235708689E-006  -78.5955719741487     
  4.020202613691139E-006  -78.5955719736894     
  4.055760740934410E-006  -78.5955719732219     
  4.091633374816909E-006  -78.5955719727461     
  4.127823297105670E-006  -78.5955719722618     
  4.164333314172062E-006  -78.5955719717690     
  4.201166257209418E-006  -78.5955719712674     
  4.238324982452580E-006  -78.5955719707569     
  4.275812371399380E-006  -78.5955719702372     
  4.313631331034097E-006  -78.5955719697084     
  4.351784794052878E-006  -78.5955719691702     
  4.390275719091152E-006  -78.5955719686224     
  4.429107090953068E-006  -78.5955719680649     
  4.468281920842942E-006  -78.5955719674975     
  4.507803246598776E-006  -78.5955719669200     
  4.547674132927815E-006  -78.5955719663322     
  4.587897671644215E-006  -78.5955719657340     
  4.628476981908791E-006  -78.5955719651252     
  4.669415210470897E-006  -78.5955719645055     
  4.710715531912442E-006  -78.5955719638749     
  4.752381148894069E-006  -78.5955719632330     
  4.794415292403504E-006  -78.5955719625797     
  4.836821222006102E-006  -78.5955719619148     
  4.879602226097617E-006  -78.5955719612382     
  4.922761622159205E-006  -78.5955719605494     
  4.966302757014671E-006  -78.5955719598485     
  5.010229007090012E-006  -78.5955719591351     
  5.054543778675233E-006  -78.5955719584090     
  5.099250508188500E-006  -78.5955719576700     
  5.144352662442611E-006  -78.5955719569179     
  5.189853738913838E-006  -78.5955719561524     
  5.235757266013142E-006  -78.5955719553733     
  5.282066803359778E-006  -78.5955719545804     
  5.328785942057336E-006  -78.5955719537734     
  5.375918304972213E-006  -78.5955719529520     
  5.423467547014548E-006  -78.5955719521161     
  5.471437355421650E-006  -78.5955719512653     
  5.519831450043920E-006  -78.5955719503993     
  5.568653583633316E-006  -78.5955719495180     
  5.617907542134359E-006  -78.5955719486211     
  5.667597144977717E-006  -78.5955719477082     
  5.717726245376386E-006  -78.5955719467791     
  5.768298730624489E-006  -78.5955719458334     
  5.819318522398721E-006  -78.5955719448710     
  5.870789577062451E-006  -78.5955719438915     
  5.922715885972535E-006  -78.5955719428946     
  5.975101475788813E-006  -78.5955719418799     
  6.027950408786367E-006  -78.5955719408472     
  6.081266783170531E-006  -78.5955719397962     
  6.135054733394689E-006  -78.5955719387265     
  6.189318430480887E-006  -78.5955719376378     
  6.244062082343272E-006  -78.5955719365298     
  6.299289934114403E-006  -78.5955719354020     
  6.355006268474435E-006  -78.5955719342543     
  6.411215405983235E-006  -78.5955719330861     
  6.467921705415407E-006  -78.5955719318971     
  6.525129564098307E-006  -78.5955719306871     
  6.582843418253036E-006  -78.5955719294556     
  6.641067743338446E-006  -78.5955719282021     
  6.699807054398191E-006  -78.5955719269264     
  6.759065906410858E-006  -78.5955719256281     
  6.818848894643169E-006  -78.5955719243066     
  6.879160655006347E-006  -78.5955719229617     
  6.940005864415587E-006  -78.5955719215929     
  7.001389241152751E-006  -78.5955719201998     
  7.063315545232236E-006  -78.5955719187819     
  7.125789578770097E-006  -78.5955719173388     
  7.188816186356434E-006  -78.5955719158701     
  7.252400255431064E-006  -78.5955719143753     
  7.316546716662522E-006  -78.5955719128539     
  7.381260544330415E-006  -78.5955719113055     
  7.446546756711151E-006  -78.5955719097296     
  7.512410416467093E-006  -78.5955719081256     
  7.578856631039136E-006  -78.5955719064932     
  7.645890553042773E-006  -78.5955719048318     
  7.713517380667662E-006  -78.5955719031408     
  7.781742358080712E-006  -78.5955719014198     
  7.850570775832754E-006  -78.5955718996683     
  7.920007971268796E-006  -78.5955718978856     
  7.990059328941916E-006  -78.5955718960712     
  8.060730281030808E-006  -78.5955718942246     
  8.132026307761016E-006  -78.5955718923452     
  8.203952937829916E-006  -78.5955718904324     
  8.276515748835434E-006  -78.5955718884856     
  8.349720367708563E-006  -78.5955718865042     
  8.423572471149717E-006  -78.5955718844877     
  8.498077786068918E-006  -78.5955718824352     
  8.573242090029907E-006  -78.5955718803464     
  8.649071211698168E-006  -78.5955718782203     
  8.725571031292908E-006  -78.5955718760566     
  8.802747481043046E-006  -78.5955718738543     
  8.880606545647236E-006  -78.5955718716130     
  8.959154262737944E-006  -78.5955718693318     
  9.038396723349659E-006  -78.5955718670101     
  9.118340072391200E-006  -78.5955718646472     
  9.198990509122249E-006  -78.5955718622422     
  9.280354287634070E-006  -78.5955718597945     
  9.362437717334481E-006  -78.5955718573034     
  9.445247163437126E-006  -78.5955718547680     
  9.528789047455076E-006  -78.5955718521875     
  9.613069847698772E-006  -78.5955718495612     
  9.698096099778410E-006  -78.5955718468882     
  9.783874397110733E-006  -78.5955718441677     
  9.870411391430337E-006  -78.5955718413989     
  9.957713793305465E-006  -78.5955718385809     
  1.004578837265840E-005  -78.5955718357127     
  1.013464195929044E-005  -78.5955718327937     
  1.022428144341151E-005  -78.5955718298228     
  1.031471377617447E-005  -78.5955718267991     
  1.040594597021416E-005  -78.5955718237217     
  1.049798510019118E-005  -78.5955718205896     
  1.059083830334051E-005  -78.5955718174018     
  1.068451278002499E-005  -78.5955718141574     
  1.077901579429363E-005  -78.5955718108554     
  1.087435467444495E-005  -78.5955718074947     
  1.097053681359523E-005  -78.5955718040742     
  1.106756967025183E-005  -78.5955718005930     
  1.116546076889157E-005  -78.5955717970500     
  1.126421770054420E-005  -78.5955717934440     
  1.136384812338105E-005  -78.5955717897739     
  1.146435976330891E-005  -78.5955717860386     
  1.156576041456914E-005  -78.5955717822370     
  1.166805794034206E-005  -78.5955717783678     
  1.177126027335672E-005  -78.5955717744298     
  1.187537541650602E-005  -78.5955717704219     
  1.198041144346737E-005  -78.5955717663427     
  1.208637649932867E-005  -78.5955717621912     
  1.219327880122002E-005  -78.5955717579658     
  1.230112663895086E-005  -78.5955717536653     
  1.240992837565283E-005  -78.5955717492884     
  1.251969244842831E-005  -78.5955717448338     
  1.263042736900463E-005  -78.5955717403000     
  1.274214172439420E-005  -78.5955717356857     
  1.285484417756031E-005  -78.5955717309894     
  1.296854346808895E-005  -78.5955717262096     
  1.308324841286655E-005  -78.5955717213449     
  1.319896790676362E-005  -78.5955717163938     
  1.331571092332458E-005  -78.5955717113547     
  1.343348651546357E-005  -78.5955717062261     
  1.355230381616649E-005  -78.5955717010063     
  1.367217203919923E-005  -78.5955716956938     
  1.379310047982212E-005  -78.5955716902869     
  1.391509851551077E-005  -78.5955716847839     
  1.403817560668327E-005  -78.5955716791832     
  1.416234129743374E-005  -78.5955716734829     
  1.428760521627251E-005  -78.5955716676814     
  1.441397707687268E-005  -78.5955716617768     
  1.454146667882347E-005  -78.5955716557672     
  1.467008390839008E-005  -78.5955716496509     
  1.479983873928032E-005  -78.5955716434259     
  1.493074123341805E-005  -78.5955716370904     
  1.506280154172346E-005  -78.5955716306422     
  1.519602990490015E-005  -78.5955716240795     
  1.533043665422935E-005  -78.5955716174001     
  1.546603221237100E-005  -78.5955716106021     
  1.560282709417201E-005  -78.5955716036833     
  1.574083190748164E-005  -78.5955715966416     
  1.588005735397407E-005  -78.5955715894747     
  1.602051422997828E-005  -78.5955715821805     
  1.616221342731530E-005  -78.5955715747567     
  1.630516593414274E-005  -78.5955715672010     
  1.644938283580694E-005  -78.5955715595111     
  1.659487531570259E-005  -78.5955715516845     
  1.674165465613991E-005  -78.5955715437188     
  1.688973223921957E-005  -78.5955715356117     
  1.703911954771533E-005  -78.5955715273604     
  1.718982816596447E-005  -78.5955715189626     
  1.734186978076609E-005  -78.5955715104155     
  1.749525618228742E-005  -78.5955715017166     
  1.764999926497802E-005  -78.5955714928632     
  1.780611102849222E-005  -78.5955714838524     
  1.796360357861959E-005  -78.5955714746815     
  1.812248912822371E-005  -78.5955714653477     
  1.828277999818922E-005  -78.5955714558480     
  1.844448861837725E-005  -78.5955714461795     
  1.860762752858933E-005  -78.5955714363393     
  1.877220937953974E-005  -78.5955714263242     
  1.893824693383657E-005  -78.5955714161311     
  1.910575306697138E-005  -78.5955714057570     
  1.927474076831763E-005  -78.5955713951985     
  1.944522314213799E-005  -78.5955713844524     
  1.961721340860048E-005  -78.5955713735154     
  1.979072490480364E-005  -78.5955713623840     
  1.996577108581079E-005  -78.5955713510549     
  2.014236552569337E-005  -78.5955713395245     
  2.032052191858359E-005  -78.5955713277892     
  2.050025407973635E-005  -78.5955713158454     
  2.068157594660050E-005  -78.5955713036894     
  2.086450157989971E-005  -78.5955712913173     
  2.104904516472275E-005  -78.5955712787255     
  2.123522101162350E-005  -78.5955712659099     
  2.142304355773070E-005  -78.5955712528667     
  2.161252736786745E-005  -78.5955712395916     
  2.180368713568067E-005  -78.5955712260807     
  2.199653768478052E-005  -78.5955712123298     
  2.219109396988991E-005  -78.5955711983345     
  2.238737107800418E-005  -78.5955711840905     
  2.258538422956101E-005  -78.5955711695935     
  2.278514877962072E-005  -78.5955711548389     
  2.298668021905698E-005  -78.5955711398221     
  2.318999417575807E-005  -78.5955711245385     
  2.339510641583873E-005  -78.5955711089833     
  2.360203284486278E-005  -78.5955710931518     
  2.381078950907651E-005  -78.5955710770390     
  2.402139259665300E-005  -78.5955710606398     
  2.423385843894748E-005  -78.5955710439493     
  2.444820351176368E-005  -78.5955710269623     
  2.466444443663152E-005  -78.5955710096734     
  2.488259798209601E-005  -78.5955709920773     
  2.510268106501758E-005  -78.5955709741686     
  2.532471075188393E-005  -78.5955709559417     
  2.554870426013344E-005  -78.5955709373909     
  2.577467895949030E-005  -78.5955709185105     
  2.600265237331148E-005  -78.5955708992947     
  2.623264217994558E-005  -78.5955708797374     
  2.646466621410372E-005  -78.5955708598326     
  2.669874246824250E-005  -78.5955708395742     
  2.693488909395931E-005  -78.5955708189558     
  2.717312440339986E-005  -78.5955707979710     
  2.741346687067819E-005  -78.5955707766135     
  2.765593513330930E-005  -78.5955707548764     
  2.790054799365441E-005  -78.5955707327531     
  2.814732442037894E-005  -78.5955707102367     
  2.839628354992354E-005  -78.5955706873203     
  2.864744468798794E-005  -78.5955706639966     
  2.890082731102812E-005  -78.5955706402586     
  2.915645106776653E-005  -78.5955706160988     
  2.941433578071585E-005  -78.5955705915097     
  2.967450144771607E-005  -78.5955705664837     
  2.993696824348528E-005  -78.5955705410131     
  3.020175652118410E-005  -78.5955705150898     
  3.046888681399402E-005  -78.5955704887060     
  3.073837983670963E-005  -78.5955704618534     
  3.101025648734496E-005  -78.5955704345237     
  3.128453784875401E-005  -78.5955704067084     
  3.156124519026573E-005  -78.5955703783989     
  3.184039996933323E-005  -78.5955703495864     
  3.212202383319780E-005  -78.5955703202619     
  3.240613862056756E-005  -78.5955702904164     
  3.269276636331092E-005  -78.5955702600406     
  3.298192928816504E-005  -78.5955702291251     
  3.327364981845949E-005  -78.5955701976603     
  3.356795057585503E-005  -78.5955701656364     
  3.386485438209781E-005  -78.5955701330435     
  3.416438426078914E-005  -78.5955700998715     
  3.446656343917083E-005  -78.5955700661101     
  3.477141534992641E-005  -78.5955700317489     
  3.507896363299816E-005  -78.5955699967771     
  3.538923213742037E-005  -78.5955699611839     
  3.570224492316866E-005  -78.5955699249583     
  3.601802626302577E-005  -78.5955698880891     
  3.633660064446378E-005  -78.5955698505648     
  3.665799277154303E-005  -78.5955698123737     
  3.698222756682779E-005  -78.5955697735041     
  3.730933017331893E-005  -78.5955697339438     
  3.763932595640360E-005  -78.5955696936806     
  3.797224050582227E-005  -78.5955696527021     
  3.830809963765304E-005  -78.5955696109954     
  3.864692939631361E-005  -78.5955695685477     
  3.898875605658089E-005  -78.5955695253458     
  3.933360612562849E-005  -78.5955694813762     
  3.968150634508226E-005  -78.5955694366254     
  4.003248369309398E-005  -78.5955693910795     
  4.038656538643336E-005  -78.5955693447243     
  4.074377888259866E-005  -78.5955692975455     
  4.110415188194581E-005  -78.5955692495285     
  4.146771232983652E-005  -78.5955692006582     
  4.183448841880528E-005  -78.5955691509197     
  4.220450859074563E-005  -78.5955691002974     
  4.257780153911560E-005  -78.5955690487756     
  4.295439621116287E-005  -78.5955689963384     
  4.333432181016944E-005  -78.5955689429695     
  4.371760779771625E-005  -78.5955688886523     
  4.410428389596775E-005  -78.5955688333700     
  4.449438008997680E-005  -78.5955687771055     
  4.488792663000982E-005  -78.5955687198413     
  4.528495403389258E-005  -78.5955686615596     
  4.568549308937674E-005  -78.5955686022423     
  4.608957485652730E-005  -78.5955685418711     
  4.649723067013116E-005  -78.5955684804273     
  4.690849214212702E-005  -78.5955684178917     
  4.732339116405673E-005  -78.5955683542450     
  4.774195990953834E-005  -78.5955682894674     
  4.816423083676104E-005  -78.5955682235388     
  4.859023669100215E-005  -78.5955681564388     
  4.902001050716633E-005  -78.5955680881466     
  4.945358561234739E-005  -78.5955680186410     
  4.989099562841254E-005  -78.5955679479004     
  5.033227447460973E-005  -78.5955678759029     
  5.077745637019787E-005  -78.5955678026262     
  5.122657583710040E-005  -78.5955677280475     
  5.167966770258233E-005  -78.5955676521436     
  5.213676710195095E-005  -78.5955675748911     
  5.259790948128038E-005  -78.5955674962660     
  5.306313060016030E-005  -78.5955674162439     
  5.353246653446895E-005  -78.5955673347999     
  5.400595367917060E-005  -78.5955672519089     
  5.448362875113792E-005  -78.5955671675451     
  5.496552879199912E-005  -78.5955670816822     
  5.545169117101043E-005  -78.5955669942938     
  5.594215358795389E-005  -78.5955669053527     
  5.643695407606080E-005  -78.5955668148312     
  5.693613100496106E-005  -78.5955667227014     
  5.743972308365858E-005  -78.5955666289346     
  5.794776936353295E-005  -78.5955665335018     
  5.846030924136769E-005  -78.5955664363734     
  5.897738246240540E-005  -78.5955663375191     
  5.949902912342973E-005  -78.5955662369084     
  6.002528967587474E-005  -78.5955661345101     
  6.055620492896177E-005  -78.5955660302924     
  6.109181605286394E-005  -78.5955659242229     
  6.163216458189883E-005  -78.5955658162688     
  6.217729241774918E-005  -78.5955657063966     
  6.272724183271223E-005  -78.5955655945722     
  6.328205547297776E-005  -78.5955654807609     
  6.384177636193509E-005  -78.5955653649274     
  6.440644790350943E-005  -78.5955652470357     
  6.497611388552752E-005  -78.5955651270494     
  6.555081848311334E-005  -78.5955650049312     
  6.613060626211361E-005  -78.5955648806431     
  6.671552218255372E-005  -78.5955647541467     
  6.730561160212412E-005  -78.5955646254028     
  6.790092027969774E-005  -78.5955644943713     
  6.850149437887825E-005  -78.5955643610117     
  6.910738047157992E-005  -78.5955642252825     
  6.971862554163906E-005  -78.5955640871418     
  7.033527698845739E-005  -78.5955639465465     
  7.095738263067774E-005  -78.5955638034531     
  7.158499070989206E-005  -78.5955636578173     
  7.221814989438242E-005  -78.5955635095938     
  7.285690928289499E-005  -78.5955633587367     
  7.350131840844750E-005  -78.5955632051992     
  7.415142724217021E-005  -78.5955630489336     
  7.480728619718102E-005  -78.5955628898915     
  7.546894613249478E-005  -78.5955627280236     
  7.613645835696720E-005  -78.5955625632796     
  7.680987463327356E-005  -78.5955623956084     
  7.748924718192279E-005  -78.5955622249580     
  7.817462868530682E-005  -78.5955620512756     
  7.886607229178597E-005  -78.5955618745072     
  7.956363161981038E-005  -78.5955616945979     
  8.026736076207776E-005  -78.5955615114921     
  8.097731428972817E-005  -78.5955613251328     
  8.169354725657577E-005  -78.5955611354623     
  8.241611520337792E-005  -78.5955609424217     
  8.314507416214221E-005  -78.5955607459513     
  8.388048066047144E-005  -78.5955605459899     
  8.462239172594713E-005  -78.5955603424756     
  8.537086489055172E-005  -78.5955601353453     
  8.612595819513000E-005  -78.5955599245348     
  8.688773019388986E-005  -78.5955597099785     
  8.765623995894287E-005  -78.5955594916100     
  8.843154708488520E-005  -78.5955592693616     
  8.921371169341884E-005  -78.5955590431643     
  9.000279443801376E-005  -78.5955588129479     
  9.079885650861134E-005  -78.5955585786410     
  9.160195963636945E-005  -78.5955583401710     
  9.241216609844932E-005  -78.5955580974639     
  9.322953872284496E-005  -78.5955578504443     
  9.405414089325513E-005  -78.5955575990357     
  9.488603655399850E-005  -78.5955573431602     
  9.572529021497229E-005  -78.5955570827382     
  9.657196695665467E-005  -78.5955568176890     
  9.742613243515149E-005  -78.5955565479305     
  9.828785288728764E-005  -78.5955562733789     
  9.915719513574341E-005  -78.5955559939491     
  1.000342265942363E-004  -78.5955557095545     
  1.009190152727488E-004  -78.5955554201067     
  1.018116297828018E-004  -78.5955551255160     
  1.027121393427759E-004  -78.5955548256910     
  1.036206137832782E-004  -78.5955545205388     
  1.045371235525579E-004  -78.5955542099646     
  1.054617397219689E-004  -78.5955538938722     
  1.063945339914815E-004  -78.5955535721635     
  1.073355786952418E-004  -78.5955532447387     
  1.082849468071816E-004  -78.5955529114961     
  1.092427119466768E-004  -78.5955525723326     
  1.102089483842561E-004  -78.5955522271428     
  1.111837310473608E-004  -78.5955518758197     
  1.121671355261549E-004  -78.5955515182544     
  1.131592380793867E-004  -78.5955511543358     
  1.141601156403024E-004  -78.5955507839511     
  1.151698458226122E-004  -78.5955504069855     
  1.161885069265082E-004  -78.5955500233219     
  1.172161779447371E-004  -78.5955496328415     
  1.182529385687251E-004  -78.5955492354230     
  1.192988691947581E-004  -78.5955488309432     
  1.203540509302156E-004  -78.5955484192766     
  1.214185655998607E-004  -78.5955480002955     
  1.224924957521848E-004  -78.5955475738700     
  1.235759246658094E-004  -78.5955471398679     
  1.246689363559434E-004  -78.5955466981544     
  1.257716155808986E-004  -78.5955462485925     
  1.268840478486621E-004  -78.5955457910429     
  1.280063194235272E-004  -78.5955453253635     
  1.291385173327827E-004  -78.5955448514100     
  1.302807293734615E-004  -78.5955443690353     
  1.314330441191490E-004  -78.5955438780898     
  1.325955509268514E-004  -78.5955433784212     
  1.337683399439253E-004  -78.5955428698745     
  1.349515021150677E-004  -78.5955423522920     
  1.361451291893688E-004  -78.5955418255131     
  1.373493137274268E-004  -78.5955412893744     
  1.385641491085251E-004  -78.5955407437097     
  1.397897295378738E-004  -78.5955401883496     
  1.410261500539150E-004  -78.5955396231219     
  1.422735065356923E-004  -78.5955390478513     
  1.435318957102860E-004  -78.5955384623593     
  1.448014151603140E-004  -78.5955378664643     
  1.460821633314985E-004  -78.5955372599815     
  1.473742395403004E-004  -78.5955366427228     
  1.486777439816208E-004  -78.5955360144966     
  1.499927777365705E-004  -78.5955353751082     
  1.513194427803086E-004  -78.5955347243591     
  1.526578419899501E-004  -78.5955340620475     
  1.540080791525438E-004  -78.5955333879681     
  1.553702589731199E-004  -78.5955327019116     
  1.567444870828106E-004  -78.5955320036653     
  1.581308700470399E-004  -78.5955312930127     
  1.595295153737886E-004  -78.5955305697332     
  1.609405315219300E-004  -78.5955298336025     
  1.623640279096412E-004  -78.5955290843923     
  1.638001149228875E-004  -78.5955283218701     
  1.652489039239828E-004  -78.5955275457996     
  1.667105072602249E-004  -78.5955267559398     
  1.681850382726075E-004  -78.5955259520459     
  1.696726113046097E-004  -78.5955251338684     
  1.711733417110625E-004  -78.5955243011536     
  1.726873458670942E-004  -78.5955234536432     
  1.742147411771547E-004  -78.5955225910743     
  1.757556460841198E-004  -78.5955217131793     
  1.773101800784760E-004  -78.5955208196859     
  1.788784637075861E-004  -78.5955199103170     
  1.804606185850377E-004  -78.5955189847904     
  1.820567674000733E-004  -78.5955180428192     
  1.836670339271045E-004  -78.5955170841111     
  1.852915430353103E-004  -78.5955161083687     
  1.869304206983200E-004  -78.5955151152894     
  1.885837940039819E-004  -78.5955141045652     
  1.902517911642184E-004  -78.5955130758824     
  1.919345415249686E-004  -78.5955120289221     
  1.936321755762179E-004  -78.5955109633595     
  1.953448249621176E-004  -78.5955098788640     
  1.970726224911928E-004  -78.5955087750993     
  1.988157021466416E-004  -78.5955076517230     
  2.005741990967243E-004  -78.5955065083865     
  2.023482497052457E-004  -78.5955053447354     
  2.041379915421294E-004  -78.5955041604086     
  2.059435633940855E-004  -78.5955029550387     
  2.077651052753729E-004  -78.5955017282520     
  2.096027584386571E-004  -78.5955004796677     
  2.114566653859638E-004  -78.5954992088987     
  2.133269698797286E-004  -78.5954979155508     
  2.152138169539461E-004  -78.5954965992227     
  2.171173529254160E-004  -78.5954952595063     
  2.190377254050895E-004  -78.5954938959858     
  2.209750833095161E-004  -78.5954925082384     
  2.229295768723910E-004  -78.5954910958336     
  2.249013576562054E-004  -78.5954896583333     
  2.268905785639997E-004  -78.5954881952916     
  2.288973938512199E-004  -78.5954867062547     
  2.309219591376799E-004  -78.5954851907607     
  2.329644314196289E-004  -78.5954836483395     
  2.350249690819258E-004  -78.5954820785127     
  2.371037319103216E-004  -78.5954804807933     
  2.392008811038496E-004  -78.5954788546858     
  2.413165792873260E-004  -78.5954771996857     
  2.434509905239604E-004  -78.5954755152796     
  2.456042803280788E-004  -78.5954738009452     
  2.477766156779580E-004  -78.5954720561507     
  2.499681650287740E-004  -78.5954702803547     
  2.521790983256655E-004  -78.5954684730065     
  2.544095870169118E-004  -78.5954666335456     
  2.566598040672285E-004  -78.5954647614012     
  2.589299239711793E-004  -78.5954628559927     
  2.612201227667082E-004  -78.5954609167291     
  2.635305780487899E-004  -78.5954589430088     
  2.658614689832018E-004  -78.5954569342196     
  2.682129763204172E-004  -78.5954548897384     
  2.705852824096223E-004  -78.5954528089310     
  2.729785712128560E-004  -78.5954506911520     
  2.753930283192756E-004  -78.5954485357445     
  2.778288409595482E-004  -78.5954463420398     
  2.802861980203705E-004  -78.5954441093577     
  2.827652900591148E-004  -78.5954418370054     
  2.852663093186070E-004  -78.5954395242781     
  2.877894497420336E-004  -78.5954371704586     
  2.903349069879812E-004  -78.5954347748165     
  2.929028784456097E-004  -78.5954323366089     
  2.954935632499575E-004  -78.5954298550795     
  2.981071622973852E-004  -78.5954273294585     
  3.007438782611530E-004  -78.5954247589624     
  3.034039156071380E-004  -78.5954221427940     
  3.060874806096889E-004  -78.5954194801418     
  3.087947813676222E-004  -78.5954167701798     
  3.115260278203591E-004  -78.5954140120675     
  3.142814317642057E-004  -78.5954112049492     
  3.170612068687765E-004  -78.5954083479544     
  3.198655686935636E-004  -78.5954054401968     
  3.226947347046528E-004  -78.5954024807744     
  3.255489242915866E-004  -78.5953994687692     
  3.284283587843774E-004  -78.5953964032471     
  3.313332614706704E-004  -78.5953932832571     
  3.342638576130585E-004  -78.5953901078313     
  3.372203744665508E-004  -78.5953868759850     
  3.402030412961949E-004  -78.5953835867155     
  3.432120893948555E-004  -78.5953802390027     
  3.462477521011503E-004  -78.5953768318080     
  3.493102648175442E-004  -78.5953733640746     
  3.523998650286039E-004  -78.5953698347269     
  3.555167923194136E-004  -78.5953662426702     
  3.586612883941541E-004  -78.5953625867901     
  3.618335970948455E-004  -78.5953588659528     
  3.650339644202563E-004  -78.5953550790041     
  3.682626385449800E-004  -78.5953512247692     
  3.715198698386790E-004  -78.5953473020528     
  3.748059108855002E-004  -78.5953433096379     
  3.781210165036620E-004  -78.5953392462863     
  3.814654437652142E-004  -78.5953351107376     
  3.848394520159726E-004  -78.5953309017088     
  3.882433028956302E-004  -78.5953266178946     
  3.916772603580466E-004  -78.5953222579660     
  3.951415906917159E-004  -78.5953178205708     
  3.986365625404168E-004  -78.5953133043325     
  4.021624469240443E-004  -78.5953087078502     
  4.057195172596264E-004  -78.5953040296981     
  4.093080493825261E-004  -78.5952992684253     
  4.129283215678317E-004  -78.5952944225547     
  4.165806145519353E-004  -78.5952894905833     
  4.202652115543031E-004  -78.5952844709813     
  4.239823982994377E-004  -78.5952793621917     
  4.277324630390346E-004  -78.5952741626298     
  4.315156965743352E-004  -78.5952688706827     
  4.353323922786770E-004  -78.5952634847091     
  4.391828461202434E-004  -78.5952580030382     
  4.430673566850150E-004  -78.5952524239697     
  4.469862251999230E-004  -78.5952467457731     
  4.509397555562089E-004  -78.5952409666872     
  4.549282543329895E-004  -78.5952350849192     
  4.589520308210305E-004  -78.5952290986449     
  4.630113970467313E-004  -78.5952230060073     
  4.671066677963206E-004  -78.5952168051166     
  4.712381606402675E-004  -78.5952104940494     
  4.754061959579070E-004  -78.5952040708481     
  4.796110969622845E-004  -78.5951975335204     
  4.838531897252190E-004  -78.5951908800384     
  4.881328032025892E-004  -78.5951841083385     
  4.924502692598424E-004  -78.5951772163200     
  4.968059226977289E-004  -78.5951702018453     
  5.012001012782649E-004  -78.5951630627385     
  5.056331457509239E-004  -78.5951557967852     
  5.101053998790607E-004  -78.5951484017317     
  5.146172104665687E-004  -78.5951408752841     
  5.191689273847730E-004  -78.5951332151079     
  5.237609035995613E-004  -78.5951254188271     
  5.283934951987554E-004  -78.5951174840232     
  5.330670614197233E-004  -78.5951094082352     
  5.377819646772374E-004  -78.5951011889580     
  5.425385705915776E-004  -78.5950928236422     
  5.473372480168841E-004  -78.5950843096930     
  5.521783690697597E-004  -78.5950756444696     
  5.570623091581267E-004  -78.5950668252841     
  5.619894470103375E-004  -78.5950578494010     
  5.669601647045439E-004  -78.5950487140362     
  5.719748476983247E-004  -78.5950394163560     
  5.770338848585771E-004  -78.5950299534765     
  5.821376684916713E-004  -78.5950203224624     
  5.872865943738727E-004  -78.5950105203264     
  5.924810617820315E-004  -78.5950005440282     
  5.977214735245457E-004  -78.5949903904732     
  6.030082359725973E-004  -78.5949800565120     
  6.083417590916639E-004  -78.5949695389392     
  6.137224564733104E-004  -78.5949588344924     
  6.191507453672609E-004  -78.5949479398515     
  6.246270467137547E-004  -78.5949368516370     
  6.301517851761885E-004  -78.5949255664096     
  6.357253891740466E-004  -78.5949140806689     
  6.413482909161242E-004  -78.5949023908523     
  6.470209264340419E-004  -78.5948904933339     
  6.527437356160589E-004  -78.5948783844232     
  6.585171622411843E-004  -78.5948660603643     
  6.643416540135904E-004  -78.5948535173346     
  6.702176625973297E-004  -78.5948407514435     
  6.761456436513597E-004  -78.5948277587313     
  6.821260568648777E-004  -78.5948145351680     
  6.881593659929671E-004  -78.5948010766519     
  6.942460388925600E-004  -78.5947873790085     
  7.003865475587172E-004  -78.5947734379890     
  7.065813681612295E-004  -78.5947592492693     
  7.128309810815428E-004  -78.5947448084484     
  7.191358709500090E-004  -78.5947301110471     
  7.254965266834678E-004  -78.5947151525066     
  7.319134415231594E-004  -78.5946999281871     
  7.383871130729736E-004  -78.5946844333663     
  7.449180433380363E-004  -78.5946686632383     
  7.515067387636388E-004  -78.5946526129114     
  7.581537102745095E-004  -78.5946362774072     
  7.648594733144342E-004  -78.5946196516589     
  7.716245478862267E-004  -78.5946027305096     
  7.784494585920525E-004  -78.5945855087108     
  7.853347346741097E-004  -78.5945679809206     
  7.922809100556690E-004  -78.5945501417026     
  7.992885233824779E-004  -78.5945319855233     
  8.063581180645293E-004  -78.5945135067513     
  8.134902423182015E-004  -78.5944946996549     
  8.206854492087693E-004  -78.5944755584006     
  8.279442966932927E-004  -78.5944560770513     
  8.352673476638828E-004  -78.5944362495646     
  8.426551699913529E-004  -78.5944160697904     
  8.501083365692537E-004  -78.5943955314695     
  8.576274253582988E-004  -78.5943746282316     
  8.652130194311830E-004  -78.5943533535930     
  8.728657070177974E-004  -78.5943317009550     
  8.805860815508434E-004  -78.5943096636016     
  8.883747417118517E-004  -78.5942872346974     
  8.962322914776069E-004  -78.5942644072856     
  9.041593401669835E-004  -78.5942411742860     
  9.121565024881955E-004  -78.5942175284923     
  9.202243985864651E-004  -78.5941934625702     
  9.283636540921117E-004  -78.5941689690555     
  9.365749001690664E-004  -78.5941440403509     
  9.448587735638176E-004  -78.5941186687243     
  9.532159166547860E-004  -78.5940928463063     
  9.616469775021401E-004  -78.5940665650876     
  9.701526098980489E-004  -78.5940398169166     
  9.787334734173809E-004  -78.5940125934971     
  9.873902334688524E-004  -78.5939848863851     
  9.961235613466265E-004  -78.5939566869869     
  1.004934134282368E-003  -78.5939279865560     
  1.013822635497760E-003  -78.5938987761906     
  1.022789754257488E-003  -78.5938690468307     
  1.031836185922685E-003  -78.5938387892552     
  1.040962632004854E-003  -78.5938079940793     
  1.050169800220273E-003  -78.5937766517517     
  1.059458404544866E-003  -78.5937447525509     
  1.068829165269577E-003  -78.5937122865832     
  1.078282809056222E-003  -78.5936792437788     
  1.087820068993837E-003  -78.5936456138890     
  1.097441684655529E-003  -78.5936113864833     
  1.107148402155825E-003  -78.5935765509457     
  1.116940974208529E-003  -78.5935410964716     
  1.126820160185095E-003  -78.5935050120643     
  1.136786726173508E-003  -78.5934682865322     
  1.146841445037696E-003  -78.5934309084844     
  1.156985096477459E-003  -78.5933928663278     
  1.167218467088932E-003  -78.5933541482634     
  1.177542350425582E-003  -78.5933147422825     
  1.187957547059746E-003  -78.5932746361633     
  1.198464864644710E-003  -78.5932338174664     
  1.209065117977339E-003  -78.5931922735318     
  1.219759129061264E-003  -78.5931499914745     
  1.230547727170621E-003  -78.5931069581806     
  1.241431748914360E-003  -78.5930631603031     
  1.252412038301119E-003  -78.5930185842581     
  1.263489446804674E-003  -78.5929732162202     
  1.274664833429966E-003  -78.5929270421184     
  1.285939064779717E-003  -78.5928800476319     
  1.297313015121624E-003  -78.5928322181853     
  1.308787566456163E-003  -78.5927835389444     
  1.320363608584978E-003  -78.5927339948115     
  1.332042039179883E-003  -78.5926835704204     
  1.343823763852475E-003  -78.5926322501323     
  1.355709696224357E-003  -78.5925800180303     
  1.367700757997987E-003  -78.5925268579150     
  1.379797879028153E-003  -78.5924727532990     
  1.392001997394076E-003  -78.5924176874021     
  1.404314059472156E-003  -78.5923616431460     
  1.416735020009360E-003  -78.5923046031491     
  1.429265842197259E-003  -78.5922465497208     
  1.441907497746717E-003  -78.5921874648565     
  1.454660966963242E-003  -78.5921273302315     
  1.467527238823009E-003  -78.5920661271959     
  1.480507311049549E-003  -78.5920038367683     
  1.493602190191114E-003  -78.5919404396300     
  1.506812891698738E-003  -78.5918759161194     
  1.520140440004974E-003  -78.5918102462254     
  1.533585868603338E-003  -78.5917434095817     
  1.547150220128449E-003  -78.5916753854598     
  1.560834546436886E-003  -78.5916061527634     
  1.574639908688750E-003  -78.5915356900213     
  1.588567377429953E-003  -78.5914639753807     
  1.602618032675237E-003  -78.5913909866010     
  1.616792963991921E-003  -78.5913167010463     
  1.631093270584395E-003  -78.5912410956786     
  1.645520061379357E-003  -78.5911641470506     
  1.660074455111806E-003  -78.5910858312989     
  1.674757580411795E-003  -78.5910061241357     
  1.689570575891950E-003  -78.5909250008422     
  1.704514590235767E-003  -78.5908424362602     
  1.719590782286686E-003  -78.5907584047849     
  1.734800321137954E-003  -78.5906728803564     
  1.750144386223284E-003  -78.5905858364521     
  1.765624167408314E-003  -78.5904972460784     
  1.781240865082876E-003  -78.5904070817620     
  1.796995690254082E-003  -78.5903153155417     
  1.812889864640232E-003  -78.5902219189596     
  1.828924620765553E-003  -78.5901268630525     
  1.845101202055773E-003  -78.5900301183426     
  1.861420862934550E-003  -78.5899316548285     
  1.877884868920739E-003  -78.5898314419761     
  1.894494496726535E-003  -78.5897294487087     
  1.911251034356470E-003  -78.5896256433980     
  1.928155781207296E-003  -78.5895199938535     
  1.945210048168748E-003  -78.5894124673133     
  1.962415157725196E-003  -78.5893030304336     
  1.979772444058197E-003  -78.5891916492780     
  1.997283253149957E-003  -78.5890782893078     
  2.014948942887707E-003  -78.5889629153708     
  2.032770883168998E-003  -78.5888454916902     
  2.050750456007934E-003  -78.5887259818539     
  2.068889055642337E-003  -78.5886043488034     
  2.087188088641870E-003  -78.5884805548217     
  2.105648974017103E-003  -78.5883545615219     
  2.124273143329559E-003  -78.5882263298357     
  2.143062040802720E-003  -78.5880958200007     
  2.162017123434020E-003  -78.5879629915483     
  2.181139861107834E-003  -78.5878278032913     
  2.200431736709455E-003  -78.5876902133111     
  2.219894246240090E-003  -78.5875501789444     
  2.239528898932864E-003  -78.5874076567706     
  2.259337217369860E-003  -78.5872626025978     
  2.279320737600183E-003  -78.5871149714492     
  2.299481009259078E-003  -78.5869647175495     
  2.319819595688095E-003  -78.5868117943103     
  2.340338074056321E-003  -78.5866561543161     
  2.361038035482683E-003  -78.5864977493091     
  2.381921085159330E-003  -78.5863365301749     
  2.402988842476108E-003  -78.5861724469267     
  2.424242941146143E-003  -78.5860054486899     
  2.445685029332522E-003  -78.5858354836870     
  2.467316769776102E-003  -78.5856624992206     
  2.489139839924450E-003  -78.5854864416578     
  2.511155932061921E-003  -78.5853072564132     
  2.533366753440889E-003  -78.5851248879324     
  2.555774026414132E-003  -78.5849392796743     
  2.578379488568398E-003  -78.5847503740940     
  2.601184892859148E-003  -78.5845581126247     
  2.624192007746484E-003  -78.5843624356598     
  2.647402617332290E-003  -78.5841632825344     
  2.670818521498582E-003  -78.5839605915063     
  2.694441536047078E-003  -78.5837542997372     
  2.718273492840010E-003  -78.5835443432732     
  2.742316239942169E-003  -78.5833306570247     
  2.766571641764223E-003  -78.5831131747466     
  2.791041579207290E-003  -78.5828918290177     
  2.815727949808793E-003  -78.5826665512197     
  2.840632667889608E-003  -78.5824372715162     
  2.865757664702510E-003  -78.5822039188308     
  2.891104888581933E-003  -78.5819664208256     
  2.916676305095055E-003  -78.5817247038780     
  2.942473897194220E-003  -78.5814786930589     
  2.968499665370708E-003  -78.5812283121087     
  2.994755627809861E-003  -78.5809734834142     
  3.021243820547587E-003  -78.5807141279844     
  3.047966297628248E-003  -78.5804501654260     
  3.074925131263938E-003  -78.5801815139187     
  3.102122411995176E-003  -78.5799080901899     
  3.129560248853017E-003  -78.5796298094886     
  3.157240769522603E-003  -78.5793465855598     
  3.185166120508146E-003  -78.5790583306172     
  3.213338467299393E-003  -78.5787649553164     
  3.241759994539538E-003  -78.5784663687273     
  3.270432906194642E-003  -78.5781624783057     
  3.299359425724531E-003  -78.5778531898650     
  3.328541796255224E-003  -78.5775384075468     
  3.357982280752875E-003  -78.5772180337918     
  3.387683162199253E-003  -78.5768919693086     
  3.417646743768781E-003  -78.5765601130443     
  3.447875349007138E-003  -78.5762223621523     
  3.478371322011436E-003  -78.5758786119607     
  3.509137027611996E-003  -78.5755287559405     
  3.540174851555734E-003  -78.5751726856719     
  3.571487200691158E-003  -78.5748102908113     
  3.603076503155018E-003  -78.5744414590569     
  3.634945208560588E-003  -78.5740660761145     
  3.667095788187629E-003  -78.5736840256615     
  3.699530735174024E-003  -78.5732951893116     
  3.732252564709109E-003  -78.5728994465776     
  3.765263814228720E-003  -78.5724966748349     
  3.798567043611953E-003  -78.5720867492828     
  3.832164835379675E-003  -78.5716695429069     
  3.866059794894789E-003  -78.5712449264391     
  3.900254550564265E-003  -78.5708127683178     
  3.934751754042967E-003  -78.5703729346478     
  3.969554080439268E-003  -78.5699252891583     
  4.004664228522503E-003  -78.5694696931614     
  4.040084920932241E-003  -78.5690060055086     
  4.075818904389415E-003  -78.5685340825481     
  4.111868949909320E-003  -78.5680537780797     
  4.148237853016491E-003  -78.5675649433101     
  4.184928433961485E-003  -78.5670674268067     
  4.221943537939579E-003  -78.5665610744514     
  4.259286035311402E-003  -78.5660457293924     
  4.296958821825521E-003  -78.5655212319961     
  4.334964818842990E-003  -78.5649874197979     
  4.373306973563891E-003  -78.5644441274522     
  4.411988259255881E-003  -78.5638911866811     
  4.451011675484745E-003  -78.5633284262226     
  4.490380248347011E-003  -78.5627556717780     
  4.530097030704601E-003  -78.5621727459579     
  4.570165102421580E-003  -78.5615794682277     
  4.610587570602968E-003  -78.5609756548518     
  4.651367569835696E-003  -78.5603611188371     
  4.692508262431680E-003  -78.5597356698752     
  4.734012838673037E-003  -78.5590991142842     
  4.775884517059480E-003  -78.5584512549482     
  4.818126544557901E-003  -78.5577918912576     
  4.860742196854159E-003  -78.5571208190462     
  4.903734778607093E-003  -78.5564378305295     
  4.947107623704786E-003  -78.5557427142397     
  4.990864095523090E-003  -78.5550352549611     
  5.035007587186446E-003  -78.5543152336638     
  5.079541521831005E-003  -78.5535824274361     
  5.124469352870076E-003  -78.5528366094161     
  5.169794564261919E-003  -78.5520775487217     
  5.215520670779922E-003  -78.5513050103796     
  5.261651218285145E-003  -78.5505187552533     
  5.308189784001292E-003  -78.5497185399689     
  5.355139976792110E-003  -78.5489041168408     
  5.402505437441235E-003  -78.5480752337956     
  5.450289838934527E-003  -78.5472316342939     
  5.498496886744885E-003  -78.5463730572521     
  5.547130319119600E-003  -78.5454992369621     
  5.596193907370233E-003  -78.5446099030092     
  5.645691456165065E-003  -78.5437047801893     
  5.695626803824133E-003  -78.5427835884245     
  5.746003822616878E-003  -78.5418460426767     
  5.796826419062418E-003  -78.5408918528604     
  5.848098534232484E-003  -78.5399207237534     
  5.899824144057033E-003  -78.5389323549061     
  5.952007259632566E-003  -78.5379264405498     
  6.004651927533164E-003  -78.5369026695020     
  6.057762230124290E-003  -78.5358607250717     
  6.111342285879356E-003  -78.5348002849618     
  6.165396249699095E-003  -78.5337210211705     
  6.219928313233749E-003  -78.5326225998904     
  6.274942705208118E-003  -78.5315046814065     
  6.330443691749480E-003  -78.5303669199918     
  6.386435576718409E-003  -78.5292089638017     
  6.442922702042525E-003  -78.5280304547656     
  6.499909448053179E-003  -78.5268310284779     
  6.557400233825144E-003  -78.5256103140857     
  6.615399517519286E-003  -78.5243679341761     
  6.673911796728280E-003  -78.5231035046596     
  6.732941608825372E-003  -78.5218166346536     
  6.792493531316241E-003  -78.5205069263621     
  6.852572182193959E-003  -78.5191739749543     
  6.913182220297094E-003  -78.5178173684406     
  6.974328345670995E-003  -78.5164366875468     
  7.036015299932244E-003  -78.5150315055861     
  7.098247866636358E-003  -78.5136013883283     
  7.161030871648732E-003  -78.5121458938674     
  7.224369183518859E-003  -78.5106645724865     
  7.288267713857874E-003  -78.5091569665207     
  7.352731417719414E-003  -78.5076226102172     
  7.417765293983879E-003  -78.5060610295932     
  7.483374385746052E-003  -78.5044717422914     
  7.549563780706192E-003  -78.5028542574326     
  7.616338611564546E-003  -78.5012080754666     
  7.683704056419375E-003  -78.4995326880191     
  7.751665339168490E-003  -78.4978275777378     
  7.820227729914345E-003  -78.4960922181340     
  7.889396545372712E-003  -78.4943260734225     
  7.959177149284964E-003  -78.4925285983587     
  8.029574952834014E-003  -78.4906992380727     
  8.100595415063928E-003  -78.4888374279001     
  8.172244043303247E-003  -78.4869425932106     
  8.244526393592064E-003  -78.4850141492334     
  8.317448071112860E-003  -78.4830515008793     
  8.391014730625172E-003  -78.4810540425601     
  8.465232076904090E-003  -78.4790211580045     
  8.540105865182638E-003  -78.4769522200712     
  8.615641901598064E-003  -78.4748465905588     
  8.691846043642088E-003  -78.4727036200117     
  8.768724200615120E-003  -78.4705226475238     
  8.846282334084502E-003  -78.4683030005378     
  8.924526458346805E-003  -78.4660439946418     
  9.003462640894197E-003  -78.4637449333618     
  9.083097002884974E-003  -78.4614051079510     
  9.163435719618212E-003  -78.4590237971753     
  9.244485021012640E-003  -78.4566002670956     
  9.326251192089737E-003  -78.4541337708454     
  9.408740573461130E-003  -78.4516235484055     
  9.491959561820246E-003  -78.4490688263747     
  9.575914610438378E-003  -78.4464688177358     
  9.660612229665095E-003  -78.4438227216188     
  9.746058987433090E-003  -78.4411297230589     
  9.832261509767501E-003  -78.4383889927513     
  9.919226481299726E-003  -78.4355996868012     
  1.000696064578579E-002  -78.4327609464700     
  1.009547080662928E-002  -78.4298718979165     
  1.018476382740896E-002  -78.4269316519345     
  1.027484663241096E-002  -78.4239393036854     
  1.036572620716576E-002  -78.4208939324266     
  1.045740959898985E-002  -78.4177946012346     
  1.054990391753229E-002  -78.4146403567245     
  1.064321633532594E-002  -78.4114302287639     
  1.073735408834375E-002  -78.4081632301820     
  1.083232447655979E-002  -78.4048383564745     
  1.092813486451539E-002  -78.4014545855022     
  1.102479268189024E-002  -78.3980108771860     
  1.112230542407848E-002  -78.3945061731958     
  1.122068065276995E-002  -78.3909393966343     
  1.131992599653658E-002  -78.3873094517158     
  1.142004915142396E-002  -78.3836152234389     
  1.152105788154812E-002  -78.3798555772548     
  1.162296001969758E-002  -78.3760293587291     
  1.172576346794079E-002  -78.3721353931978     
  1.182947619823891E-002  -78.3681724854189     
  1.193410625306394E-002  -78.3641394192163     
  1.203966174602242E-002  -78.3600349571192     
  1.214615086248462E-002  -78.3558578399948     
  1.225358186021925E-002  -78.3516067866750     
  1.236196307003381E-002  -78.3472804935770     
  1.247130289642064E-002  -78.3428776343174     
  1.258160981820863E-002  -78.3383968593200     
  1.269289238922071E-002  -78.3338367954169     
  1.280515923893719E-002  -78.3291960454437     
  1.291841907316490E-002  -78.3244731878268     
  1.303268067471232E-002  -78.3196667761649     
  1.314795290407065E-002  -78.3147753388031     
  1.326424470010085E-002  -78.3097973784001     
  1.338156508072690E-002  -78.3047313714887     
  1.349992314363501E-002  -78.2995757680276     
  1.361932806697916E-002  -78.2943289909483     
  1.373978911009282E-002  -78.2889894356920     
  1.386131561420695E-002  -78.2835554697407     
  1.398391700317440E-002  -78.2780254321399     
  1.410760278420066E-002  -78.2723976330136     
  1.423238254858113E-002  -78.2666703530717     
  1.435826597244486E-002  -78.2608418431088     
  1.448526281750490E-002  -78.2549103234956     
  1.461338293181529E-002  -78.2488739836612     
  1.474263625053473E-002  -78.2427309815681     
  1.487303279669698E-002  -78.2364794431778     
  1.500458268198814E-002  -78.2301174619081     
  1.513729610753075E-002  -78.2236430980821     
  1.527118336467485E-002  -78.2170543783674     
  1.540625483579602E-002  -78.2103492952076     
  1.554252099510049E-002  -78.2035258062434     
  1.567999240943738E-002  -78.1965818337256     
  1.581867973911810E-002  -78.1895152639179     
  1.595859373874303E-002  -78.1823239464908     
  1.609974525803545E-002  -78.1750056939056     
  1.624214524268295E-002  -78.1675582807889     
  1.638580473518618E-002  -78.1599794432969     
  1.653073487571513E-002  -78.1522668784701     
  1.667694690297307E-002  -78.1444182435776     
  1.682445215506800E-002  -78.1364311554512     
  1.697326207039188E-002  -78.1283031898095     
  1.712338818850766E-002  -78.1200318805706     
  1.727484215104410E-002  -78.1116147191549     
  1.742763570259852E-002  -78.1030491537773     
  1.758178069164757E-002  -78.0943325887272     
  1.773728907146599E-002  -78.0854623836394     
  1.789417290105356E-002  -78.0764358527516     
  1.805244434607025E-002  -78.0672502641525     
  1.821211567977954E-002  -78.0579028390172     
  1.837319928400021E-002  -78.0483907508317     
  1.853570765006652E-002  -78.0387111246048     
  1.869965337979679E-002  -78.0288610360693     
  1.886504918647067E-002  -78.0188375108703     
  1.903190789581496E-002  -78.0086375237414     
  1.920024244699826E-002  -77.9982579976692     
  1.937006589363424E-002  -77.9876958030444     
  1.954139140479398E-002  -77.9769477568017     
  1.971423226602715E-002  -77.9660106215454     
  1.988860188039223E-002  -77.9548811046636     
  2.006451376949586E-002  -77.9435558574282     
  2.024198157454139E-002  -77.9320314740832     
  2.042101905738672E-002  -77.9203044909179     
  2.060164010161143E-002  -77.9083713853288     
  2.078385871359342E-002  -77.8962285748664     
  2.096768902359503E-002  -77.8838724162690     
  2.115314528685878E-002  -77.8712992044830     
  2.134024188471281E-002  -77.8585051716687     
  2.152899332568610E-002  -77.8454864861926     
  2.171941424663352E-002  -77.8322392516052     
  2.191151941387085E-002  -77.8187595056052     
  2.210532372431988E-002  -77.8050432189884     
  2.230084220666358E-002  -77.7910862945825     
  2.249809002251149E-002  -77.7768845661682     
  2.269708246757547E-002  -77.7624337973839     
  2.289783497285581E-002  -77.7477296806170     
  2.310036310583781E-002  -77.7327678358799     
  2.330468257169900E-002  -77.7175438096704     
  2.351080921452700E-002  -77.7020530738180     
  2.371875901854815E-002  -77.6862910243141     
  2.392854810936705E-002  -77.6702529801278     
  2.414019275521697E-002  -77.6539341820051     
  2.435370936822145E-002  -77.6373297912542     
  2.456911450566693E-002  -77.6204348885140     
  2.478642487128676E-002  -77.6032444725079     
  2.500565731655642E-002  -77.5857534587810     
  2.522682884200034E-002  -77.5679566784230     
  2.544995659851022E-002  -77.5498488767739     
  2.567505788867496E-002  -77.5314247121147     
  2.590215016812244E-002  -77.5126787543425     
  2.613125104687312E-002  -77.4936054836291     
  2.636237829070560E-002  -77.4741992890641     
  2.659554982253430E-002  -77.4544544672821     
  2.683078372379933E-002  -77.4343652210743     
  2.706809823586856E-002  -77.4139256579835     
  2.730751176145220E-002  -77.3931297888841     
  2.754904286602986E-002  -77.3719715265457     
  2.779271027929021E-002  -77.3504446841813     
  2.803853289658336E-002  -77.3285429739796     
  2.828652978038618E-002  -77.3062600056214     
  2.853672016178043E-002  -77.2835892847810     
  2.878912344194410E-002  -77.2605242116119     
  2.904375919365586E-002  -77.2370580792164     
  2.930064716281290E-002  -77.2131840721009     
  2.955980726996205E-002  -77.1888952646159     
  2.982125961184459E-002  -77.1641846193802     
  3.008502446295466E-002  -77.1390449856912     
  3.035112227711146E-002  -77.1134690979199     
  3.061957368904532E-002  -77.0874495738921     
  3.089039951599789E-002  -77.0609789132542     
  3.116362075933637E-002  -77.0340494958266     
  3.143925860618213E-002  -77.0066535799417     
  3.171733443105363E-002  -76.9787833007694     
  3.199786979752395E-002  -76.9504306686294     
  3.228088645989294E-002  -76.9215875672898     
  3.256640636487418E-002  -76.8922457522543     
  3.285445165329685E-002  -76.8623968490363     
  3.314504466182266E-002  -76.8320323514218     
  3.343820792467792E-002  -76.8011436197202     
  3.373396417540106E-002  -76.7697218790052     
  3.403233634860541E-002  -76.7377582173446     
  3.433334758175777E-002  -76.7052435840199     
  3.463702121697256E-002  -76.6721687877371     
  3.494338080282193E-002  -76.6385244948285     
  3.525245009616184E-002  -76.6043012274455     
  3.556425306397432E-002  -76.5694893617449     
  3.587881388522596E-002  -76.5340791260675     
  3.619615695274293E-002  -76.4980605991106     
  3.651630687510251E-002  -76.4614237080946     
  3.683928847854141E-002  -76.4241582269259     
  3.716512680888089E-002  -76.3862537743542     
  3.749384713346898E-002  -76.3476998121287     
  3.782547494313989E-002  -76.3084856431500     
  3.816003595419062E-002  -76.2686004096228     
  3.849755611037525E-002  -76.2280330912066     
  3.883806158491670E-002  -76.1867725031685     
  3.918157878253637E-002  -76.1448072945371     
  3.952813434150171E-002  -76.1021259462601     
  3.987775513569191E-002  -76.0587167693651     
  4.023046827668184E-002  -76.0145679031272     
  4.058630111584443E-002  -75.9696673132423     
  4.094528124647169E-002  -75.9240027900093     
  4.130743650591439E-002  -75.8775619465213     
  4.167279497774078E-002  -75.8303322168680     
  4.204138499391429E-002  -75.7823008543517     
  4.241323513699063E-002  -75.7334549297155     
  4.278837424233417E-002  -75.6837813293898     
  4.316683140035404E-002  -75.6332667537543     
  4.354863595875995E-002  -75.5818977154216     
  4.393381752483796E-002  -75.5296605375404     
  4.432240596774643E-002  -75.4765413521231     
  4.471443142083224E-002  -75.4225260983990     
  4.510992428396747E-002  -75.3676005211945     
  4.550891522590681E-002  -75.3117501693435     
  4.591143518666576E-002  -75.2549603941299     
  4.631751537991993E-002  -75.1972163477647     
  4.672718729542550E-002  -75.1385029819002     
  4.714048270146111E-002  -75.0788050461837     
  4.755743364729135E-002  -75.0181070868537     
  4.797807246565209E-002  -74.9563934453809     
  4.840243177525767E-002  -74.8936482571577     
  4.883054448333038E-002  -74.8298554502384     
  4.926244378815230E-002  -74.7649987441334     
  4.969816318163960E-002  -74.6990616486607     
  5.013773645193979E-002  -74.6320274628586     
  5.058119768605176E-002  -74.5638792739615     
  5.102858127246913E-002  -74.4945999564442     
  5.147992190384693E-002  -74.4241721711365     
  5.193525457969182E-002  -74.3525783644142     
  5.239461460907621E-002  -74.2798007674676     
  5.285803761337626E-002  -74.2058213956545     
  5.332555952903421E-002  -74.1306220479392     
  5.379721661034510E-002  -74.0541843064239     
  5.427304543226812E-002  -73.9764895359756     
  5.475308289326277E-002  -73.8975188839542     
  5.523736621815033E-002  -73.8172532800451     
  5.572593296100032E-002  -73.7356734362031     
  5.621882100804278E-002  -73.6527598467104     
  5.671606858060611E-002  -73.5684927883565     
  5.721771423808096E-002  -73.4828523207423     
  5.772379688091044E-002  -73.3958182867169     
  5.823435575360655E-002  -73.3073703129508     
  5.874943044779352E-002  -73.2174878106514     
  5.926906090527793E-002  -73.1261499764285     
  5.979328742114600E-002  -73.0333357933137     
  6.032215064688835E-002  -72.9390240319412     
  6.085569159355234E-002  -72.8431932518971     
  6.139395163492224E-002  -72.7458218032421     
  6.193697251072765E-002  -72.6468878282158     
  6.248479632988022E-002  -72.5463692631300     
  6.303746557373897E-002  -72.4442438404562     
  6.359502309940465E-002  -72.3404890911167     
  6.415751214304297E-002  -72.2350823469862     
  6.472497632323747E-002  -72.1280007436109     
  6.529745964437192E-002  -72.0192212231539     
  6.587500650004273E-002  -71.9087205375751     
  6.645766167650140E-002  -71.7964752520526     
  6.704547035612751E-002  -71.6824617486560     
  6.763847812093249E-002  -71.5666562302780     
  6.823673095609421E-002  -71.4490347248356     
  6.884027525352300E-002  -71.3295730897471     
  6.944915781545911E-002  -71.2082470166971     
  7.006342585810206E-002  -71.0850320366960     
  7.068312701527196E-002  -70.9599035254456     
  7.130830934210342E-002  -70.8328367090195     
  7.193902131877190E-002  -70.7038066698682     
  7.257531185425330E-002  -70.5727883531592     
  7.321723029011647E-002  -70.4397565734624     
  7.386482640434948E-002  -70.3046860217906     
  7.451815041521977E-002  -70.1675512730058     
  7.517725298516829E-002  -70.0283267936025     
  7.584218522473812E-002  -69.8869869498776     
  7.651299869653796E-002  -69.7435060164986     
  7.718974541924051E-002  -69.5978581854815     
  7.787247787161632E-002  -69.4500175755880     
  7.856124899660331E-002  -69.2999582421549     
  7.925611220541226E-002  -69.1476541873656     
  7.995712138166852E-002  -68.9930793709762     
  8.066433088559068E-002  -68.8362077215066     
  8.137779555820567E-002  -68.6770131479092     
  8.209757072560171E-002  -68.5154695517256     
  8.282371220321845E-002  -68.3515508397431     
  8.355627630017526E-002  -68.1852309371636     
  8.429531982363778E-002  -68.0164838012948     
  8.504090008322300E-002  -67.8452834357758     
  8.579307489544351E-002  -67.6716039053496     
  8.655190258819073E-002  -67.4954193511915     
  8.731744200525815E-002  -67.3167040068073     
  8.808975251090433E-002  -67.1354322145098     
  8.886889399445633E-002  -66.9515784424864     
  8.965492687495392E-002  -66.7651173024683     
  9.044791210583479E-002  -66.5760235680104     
  9.124791117966120E-002  -66.3842721933944     
  9.205498613288850E-002  -66.1898383331626     
  9.286919955067577E-002  -65.9926973622946     
  9.369061457173901E-002  -65.7928248970342     
  9.451929489324733E-002  -65.5901968163765     
  9.535530477576229E-002  -65.3847892842235     
  9.619870904822116E-002  -65.1765787722157     
  9.704957311296399E-002  -64.9655420832482     
  9.790796295080537E-002  -64.7516563756772     
  9.877394512615094E-002  -64.5348991882237     
  9.964758679215910E-002  -64.3152484655802     
  0.100528955695949       -64.0926825847246     
  0.101418120183852       -63.8671803819462     
  0.102315149206715       -63.6387211805869     
  0.103220112325244       -63.4072848194998     
  0.104133079715402       -63.1728516822261     
  0.105054122173845       -62.9354027268923     
  0.105983311123418       -62.6949195168250     
  0.106920718618691       -62.4513842518835     
  0.107866417351545       -62.2047798005050     
  0.108820480656813       -61.9550897324601     
  0.109782982517960       -61.7022983523107     
  0.110753997572830       -61.4463907335656     
  0.111733601119423       -61.1873527535218     
  0.112721869121743       -60.9251711287848     
  0.113718878215683       -60.6598334514523     
  0.114724705714969       -60.3913282259498     
  0.115739429617160       -60.1196449065015     
  0.116763128609687       -59.8447739352182     
  0.117795882075964       -59.5667067807834     
  0.118837770101539       -59.2854359777147     
  0.119888873480305       -59.0009551661770     
  0.120949273720768       -58.7132591323204     
  0.122019053052361       -58.4223438491136     
  0.123098294431829       -58.1282065176427     
  0.124187081549654       -57.8308456088387     
  0.125285498836553       -57.5302609055986     
  0.126393631470016       -57.2264535452609     
  0.127511565380920       -56.9194260623901     
  0.128639387260186       -56.6091824318273     
  0.129777184565505       -56.2957281119570     
  0.130925045528119       -55.9790700881375     
  0.132083059159662       -55.6592169162402     
  0.133251315259065       -55.3361787662400     
  0.134429904419517       -55.0099674657922     
  0.135618918035490       -54.6805965437329     
  0.136818448309829       -54.3480812734320     
  0.138028588260900       -54.0124387159257     
  0.139249431729803       -53.6736877627531     
  0.140481073387648       -53.3318491784149     
  0.141723608742901       -52.9869456423699     
  0.142977134148783       -52.6390017904827     
  0.144241746810748       -52.2880442558273     
  0.145517544794019       -51.9341017087536     
  0.146804627031191       -51.5772048961139     
  0.148103093329904       -51.2173866795467     
  0.149413044380583       -50.8546820727095     
  0.150734581764245       -50.4891282773475     
  0.152067807960378       -50.1207647180836     
  0.153412826354885       -49.7496330758084     
  0.154769741248104       -49.3757773195471     
  0.156138657862896       -48.9992437366759     
  0.157519682352799       -48.6200809613569     
  0.158912921810270       -48.2383400010564     
  0.160318484274979       -47.8540742610090     
  0.161736478742194       -47.4673395664872     
  0.163167015171231       -47.0781941827307     
  0.164610204493979       -46.6866988323901     
  0.166066158623505       -46.2929167103347     
  0.167534990462733       -45.8969134956729     
  0.169016813913194       -45.4987573608321     
  0.170511743883866       -45.0985189775414     
  0.172019896300076       -44.6962715195614     
  0.173541388112499       -44.2920906620036     
  0.175076337306220       -43.8860545770802     
  0.176624862909884       -43.4782439261270     
  0.178187085004932       -43.0687418477406     
  0.179763124734903       -42.6576339418738     
  0.181353104314838       -42.2450082497327     
  0.182957147040752       -41.8309552293223     
  0.184575377299193       -41.4155677264898     
  0.186207920576895       -40.9989409413173     
  0.187854903470500       -40.5811723897203     
  0.189516453696384       -40.1623618601133     
  0.191192700100553       -39.7426113650074     
  0.192883772668639       -39.3220250874148     
  0.194589802535978       -38.9007093219359     
  0.196310921997782       -38.4787724104199     
  0.198047264519392       -38.0563246720927     
  0.199798964746634       -37.6334783280575     
  0.201566158516256       -37.2103474200860     
  0.203348982866464       -36.7870477236252     
  0.205147576047547       -36.3636966549618     
  0.206962077532598       -35.9404131724968     
  0.208792628028330       -35.5173176720977     
  0.210639369485988       -35.0945318765124     
  0.212502445112355       -34.6721787188443     
  0.214381999380858       -34.2503822201051     
  0.216278178042772       -33.8292673608817     
  0.218191128138520       -33.4089599471722     
  0.220120998009078       -32.9895864704665     
  0.222067937307478       -32.5712739621685     
  0.224032097010409       -32.1541498424788     
  0.226013629429930       -31.7383417638818     
  0.228012688225278       -31.3239774494024     
  0.230029428414786       -30.9111845258252     
  0.232064006387900       -30.5000903520919     
  0.234116579917309       -30.0908218431224     
  0.236187308171181       -29.6835052893286     
  0.238276351725502       -29.2782661721185     
  0.240383872576531       -28.8752289757180     
  0.242510034153362       -28.4745169956614     
  0.244655001330596       -28.0762521443356     
  0.246818940441124       -27.6805547539853     
  0.249002019289033       -27.2875433776199     
  0.251204407162608       -26.8973345882872     
  0.253426274847470       -26.5100427772091     
  0.255667794639813       -26.1257799512990     
  0.257929140359764       -25.7446555306096     
  0.260210487364869       -25.3667761462833     
  0.262512012563685       -24.9922454396021     
  0.264833894429498       -24.6211638627578     
  0.267176313014170       -24.2536284819828     
  0.269539449962092       -23.8897327837041     
  0.271923488524276       -23.5295664843983     
  0.274328613572564       -23.1732153448432     
  0.276755011613962       -22.8207609894734     
  0.279202870805105       -22.4722807315590     
  0.281672380966848       -22.1278474049328     
  0.284163733598982       -21.7875292029987     
  0.286677121895091       -21.4513895257537     
  0.289212740757524       -21.1194868355533     
  0.291770786812519       -20.7918745223478     
  0.294351458425441       -20.4686007791044     
  0.296954955716172       -20.1497084881187     
  0.299581480574624       -19.8352351189001     
  0.302231236676399       -19.5252126382967     
  0.304904429498580       -19.2196674334960     
  0.307601266335665       -18.9186202485090     
  0.310321956315644       -18.6220861347099     
  0.313066710416214       -18.3300744159653     
  0.315835741481141       -18.0425886688383     
  0.318629264236764       -17.7596267183116     
  0.321447495308644       -17.4811806494115     
  0.324290653238369       -17.2072368350667     
  0.327158958500492       -16.9377759804654     
  0.330052633519637       -16.6727731841160     
  0.332971902687738       -16.4121980157410     
  0.335916992381447       -16.1560146110658     
  0.338888130979685       -15.9041817834847     
  0.341885548881353       -15.6566531525088     
  0.344909478523197       -15.4133772888190     
  0.347960154397833       -15.1742978756632     
  0.351037813071933       -14.9393538862531     
  0.354142693204567       -14.7084797767299     
  0.357275035565710       -14.4816056941802     
  0.360435083054915       -14.2586576991003     
  0.363623080720146       -14.0395580016192     
  0.366839275776784       -13.8242252107081     
  0.370083917626794       -13.6125745955228     
  0.373357257878065       -13.4045183579450     
  0.376659550363925       -13.1999659153139     
  0.379991051162821       -12.9988241922702     
  0.383352018618177       -12.8009979205632     
  0.386742713358428       -12.6063899456172     
  0.390163398317235       -12.4149015385933     
  0.393614338753864       -12.2264327126382     
  0.397095802273768       -12.0408825419709     
  0.400608058849327       -11.8581494824229     
  0.404151380840794       -11.6781316920283     
  0.407726043017407       -11.5007273502409     
  0.411332322578699       -11.3258349743521     
  0.414970499175996       -11.1533537316856     
  0.418640854934099       -10.9831837461608     
  0.422343674473165       -10.8152263978361     
  0.426079244930774       -10.6493846140818     
  0.429847855984199       -10.4855631510705     
  0.433649799872868       -10.3236688643302     
  0.437485371421025       -10.1636109671628     
  0.441354868060592       -10.0053012758075     
  0.445258589854237       -9.84865444030229     
  0.449196839518639       -9.69358816009032     
  0.453169922447963       -9.54002338350854     
  0.457178146737542       -9.38788449039992     
  0.461221823207771       -9.23709945719707     
  0.465301265428206       -9.08760000393704     
  0.469416789741883       -8.93932172278295     
  0.473568715289845       -8.79220418774624     
  0.477757364035896       -8.64619104542338     
  0.481983060791563       -8.50123008668134     
  0.486246133241285       -8.35727329934571     
  0.490546911967824       -8.21427690206316     
  0.494885730477902       -8.07220135962497     
  0.499262925228058       -7.93101138014892     
  0.503678835650744       -7.79067589462257     
  0.508133804180643       -7.65116801941036     
  0.512628176281225       -7.51246500241929     
  0.517162300471537       -7.37454815370245     
  0.521736528353228       -7.23740276135535     
  0.526351214637811       -7.10101799362655     
  0.531006717174176       -6.96538678822060     
  0.535703396976335       -6.83050572981797     
  0.540441618251419       -6.69637491687256     
  0.545221748427917       -6.56299781877298     
  0.550044158184175       -6.43038112446867     
  0.554909221477135       -6.29853458366695     
  0.559817315571336       -6.16747084170146     
  0.564768821068168       -6.03720526915770     
  0.569764121935389       -5.90775578731764     
  0.574803605536895       -5.77914269045270     
  0.579887662662763       -5.65138846595518     
  0.585016687559554       -5.52451761325091     
  0.590191077960883       -5.39855646238411     
  0.595411235118262       -5.27353299310768     
  0.600677563832220       -5.14947665525125     
  0.605990472483685       -5.02641819107511     
  0.611350373065661       -4.90438946025242     
  0.616757681215170       -4.78342326805509     
  0.622212816245486       -4.66355319725220     
  0.627716201178649       -4.54481344416427     
  0.633268262778271       -4.42723865925239     
  0.638869431582626       -4.31086379256044     
  0.644520141938041       -4.19572394427014     
  0.650220832032574       -4.08185422057470     
  0.655971943929994       -3.96928959502682     
  0.661773923604064       -3.85806477547135     
  0.667627220973120       -3.74821407663266     
  0.673532289934965       -3.63977129839135     
  0.679489588402061       -3.53276960975455     
  0.685499578337045       -3.42724143849894     
  0.691562725788545       -3.32321836644505     
  0.697679500927327       -3.22073103030595     
  0.703850378082749       -3.11980902804184     
  0.710075835779547       -3.02048083064463     
  0.716356356774940       -2.92277369927335     
  0.722692428096067       -2.82671360765972     
  0.729084541077754       -2.73232516970609     
  0.735533191400615       -2.63963157220158     
  0.742038879129488       -2.54865451258852     
  0.748602108752214       -2.45941414171810     
  0.755223389218760       -2.37192901154218     
  0.761903233980684       -2.28621602769648     
  0.768642161030948       -2.20229040693800     
  0.775440692944091       -2.12016563940778     
  0.782299356916750       -2.03985345569623     
  0.789218684808544       -1.96136379869463     
  0.796199213183312       -1.88470480022052     
  0.803241483350728       -1.80988276240769     
  0.810346041408272       -1.73690214385303     
  0.817513438283580       -1.66576555051211     
  0.824744229777167       -1.59647373133316     
  0.832038976605522       -1.52902557861552     
  0.839398244444596       -1.46341813307283     
  0.846822603973664       -1.39964659357432     
  0.854312630919576       -1.33770433152851     
  0.861868906101408       -1.27758290986363     
  0.869492015475499       -1.21927210654748     
  0.877182550180887       -1.16275994257683     
  0.884941106585155       -1.10803271435272     
  0.892768286330672       -1.05507503034391     
  0.900664696381248       -1.00386985192532     
  0.908630949069204      -0.954398538263071     
  0.916667662142855      -0.906640895102258     
  0.924775458814411      -0.860575227297445     
  0.932954967808308      -0.816178394910804     
  0.941206823409962      -0.773425872687334     
  0.949531665514952      -0.732291812702048     
  0.957930139678645      -0.692749109959943     
  0.966402897166254      -0.654769470716429     
  0.974950595003341      -0.618323483273694     
  0.983573896026770      -0.583380690997363     
  0.992273468936098      -0.549909667288004     
   1.00104998834544      -0.517878092233451     
   1.00990413483578      -0.487252830660877     
   1.01883659500774      -0.458000011301938     
   1.02784806153482      -0.430085106780297     
   1.03693923321715      -0.403473014128443     
   1.04611081503562      -0.378128135539952     
   1.05536351820657      -0.354014459064277     
   1.06469806023699      -0.331095638953687     
   1.07411516498008      -0.309335075376201     
   1.08361556269143      -0.288695993214193     
   1.09319999008565      -0.269141519675719     
   1.10286919039347      -0.250634760454513     
   1.11262391341941      -0.233138874184897     
   1.12246491559988      -0.216617144949525     
   1.13239296006189      -0.201033052610748     
   1.14240881668218      -0.186350340750435     
   1.15251326214697      -0.172533082018098     
   1.16270708001212      -0.159545740703088     
   1.17299106076397      -0.147353232363334     
   1.18336600188057      -0.135920980360372     
   1.19383270789358      -0.125214969168192     
   1.20439199045060      -0.115201794341596     
   1.21504466837817      -0.105848709048060     
   1.22579156774521      -9.712366708556472E-002
   1.23663352192712      -8.899536232718187E-002
   1.24757137167037      -8.143326455145201E-002
   1.25860596515773      -7.440765163545215E-002
   1.26973815807403      -6.788963810498819E-002
   1.28096881367250      -6.185120005334022E-002
   1.29229880284173      -5.626519645640686E-002
   1.30372900417319      -5.110538692784122E-002
   1.31526030402939      -4.634644597276685E-002
   1.32689359661256      -4.196397381286443E-002
   1.33862978403405      -3.793450386895691E-002
   1.35046977638424      -3.423550699967391E-002
   1.36241449180314      -3.084539260628923E-002
   1.37446485655158      -2.774350672439655E-002
   1.38662180508303      -2.491012723268483E-002
   1.39888628011609      -2.232645631769655E-002
   1.41125923270754      -1.997461034109108E-002
   1.42374162232615      -1.783760726259503E-002
   1.43633441692705      -1.589935177750209E-002
   1.44903859302679      -1.414461833230413E-002
   1.46185513577909      -1.255903218579175E-002
   1.47478503905119      -1.112904868578147E-002
   1.48782930550096      -9.841930933509784E-003
   1.50098894665464      -8.685726008709094E-003
   1.51426498298528      -7.649239928452237E-003
   1.52765844399186      -6.722011512046258E-003
   1.54117036827914      -5.894285322585899E-003
   1.55480180363819      -5.156983853265290E-003
   1.56855380712765      -4.501679123214063E-003
   1.58242744515570      -3.920563843495949E-003
   1.59642379356273      -3.406422309011523E-003
   1.61054393770481      -2.952601166415182E-003
   1.62478897253782      -2.552980201823941E-003
   1.63916000270238      -2.201943285105438E-003
   1.65365814260947      -1.894349599929591E-003
   1.66828451652693      -1.625505280607926E-003
   1.68304025866655      -1.391135568082715E-003
   1.69792651327207      -1.187357588332597E-003
   1.71294443470793      -1.010653847001329E-003
   1.72809518754874      -8.578465243092803E-004
   1.74337994666960      -7.260726443540629E-004
   1.75879989733725      -6.127601828331288E-004
   1.77435623530190      -5.156051671148261E-004
   1.79005016689005      -4.325498125358269E-004
   1.80588290909795      -3.617617289016429E-004
   1.82185568968604      -3.016142215024739E-004
   1.83796974727411      -2.506677016147212E-004
   1.85422633143738      -2.076522125211719E-004
   1.87062670280337      -1.714510686260355E-004
   1.88717213314970      -1.410855973334334E-004
   1.90386390550265      -1.157009660598655E-004
   1.92070331423673      -9.455307011298439E-005
   1.93769166517496      -7.699645123107555E-005
   1.95483027569023      -6.247321136850443E-005
   1.97212047480738      -5.050288184978864E-005
   1.98956360330628      -4.067320430452413E-005
