  3.254338256422438E-006   193.324127975207     
  3.283122421036535E-006   193.324127974766     
  3.312161177542210E-006   193.324127974318     
  3.341456777768969E-006   193.324127973861     
  3.371011493463436E-006   193.324127973397     
  3.400827616465516E-006   193.324127972924     
  3.430907458886115E-006   193.324127972443     
  3.461253353286435E-006   193.324127971954     
  3.491867652858852E-006   193.324127971455     
  3.522752731609401E-006   193.324127970948     
  3.553910984541866E-006   193.324127970432     
  3.585344827843503E-006   193.324127969906     
  3.617056699072403E-006   193.324127969372     
  3.649049057346518E-006   193.324127968828     
  3.681324383534352E-006   193.324127968274     
  3.713885180447342E-006   193.324127967710     
  3.746733973033941E-006   193.324127967136     
  3.779873308575416E-006   193.324127966552     
  3.813305756883379E-006   193.324127965958     
  3.847033910499064E-006   193.324127965353     
  3.881060384894371E-006   193.324127964738     
  3.915387818674676E-006   193.324127964111     
  3.950018873783452E-006   193.324127963473     
  3.984956235708689E-006   193.324127962824     
  4.020202613691139E-006   193.324127962164     
  4.055760740934410E-006   193.324127961492     
  4.091633374816909E-006   193.324127960807     
  4.127823297105670E-006   193.324127960111     
  4.164333314172062E-006   193.324127959402     
  4.201166257209418E-006   193.324127958681     
  4.238324982452580E-006   193.324127957947     
  4.275812371399380E-006   193.324127957200     
  4.313631331034097E-006   193.324127956439     
  4.351784794052878E-006   193.324127955665     
  4.390275719091152E-006   193.324127954877     
  4.429107090953068E-006   193.324127954076     
  4.468281920842942E-006   193.324127953260     
  4.507803246598776E-006   193.324127952429     
  4.547674132927815E-006   193.324127951584     
  4.587897671644215E-006   193.324127950724     
  4.628476981908791E-006   193.324127949848     
  4.669415210470897E-006   193.324127948957     
  4.710715531912442E-006   193.324127948050     
  4.752381148894069E-006   193.324127947127     
  4.794415292403504E-006   193.324127946188     
  4.836821222006102E-006   193.324127945232     
  4.879602226097617E-006   193.324127944258     
  4.922761622159205E-006   193.324127943268     
  4.966302757014671E-006   193.324127942260     
  5.010229007090012E-006   193.324127941234     
  5.054543778675233E-006   193.324127940190     
  5.099250508188500E-006   193.324127939127     
  5.144352662442611E-006   193.324127938046     
  5.189853738913838E-006   193.324127936945     
  5.235757266013142E-006   193.324127935824     
  5.282066803359778E-006   193.324127934684     
  5.328785942057336E-006   193.324127933524     
  5.375918304972213E-006   193.324127932342     
  5.423467547014548E-006   193.324127931140     
  5.471437355421650E-006   193.324127929917     
  5.519831450043920E-006   193.324127928672     
  5.568653583633316E-006   193.324127927404     
  5.617907542134359E-006   193.324127926114     
  5.667597144977717E-006   193.324127924802     
  5.717726245376386E-006   193.324127923465     
  5.768298730624489E-006   193.324127922106     
  5.819318522398721E-006   193.324127920722     
  5.870789577062451E-006   193.324127919313     
  5.922715885972535E-006   193.324127917879     
  5.975101475788813E-006   193.324127916420     
  6.027950408786367E-006   193.324127914935     
  6.081266783170531E-006   193.324127913424     
  6.135054733394689E-006   193.324127911885     
  6.189318430480887E-006   193.324127910320     
  6.244062082343272E-006   193.324127908726     
  6.299289934114403E-006   193.324127907105     
  6.355006268474435E-006   193.324127905454     
  6.411215405983235E-006   193.324127903774     
  6.467921705415407E-006   193.324127902064     
  6.525129564098307E-006   193.324127900324     
  6.582843418253036E-006   193.324127898553     
  6.641067743338446E-006   193.324127896751     
  6.699807054398191E-006   193.324127894916     
  6.759065906410858E-006   193.324127893049     
  6.818848894643169E-006   193.324127891149     
  6.879160655006347E-006   193.324127889215     
  6.940005864415587E-006   193.324127887246     
  7.001389241152751E-006   193.324127885243     
  7.063315545232236E-006   193.324127883204     
  7.125789578770097E-006   193.324127881129     
  7.188816186356434E-006   193.324127879017     
  7.252400255431064E-006   193.324127876867     
  7.316546716662522E-006   193.324127874679     
  7.381260544330415E-006   193.324127872453     
  7.446546756711151E-006   193.324127870186     
  7.512410416467093E-006   193.324127867880     
  7.578856631039136E-006   193.324127865532     
  7.645890553042773E-006   193.324127863143     
  7.713517380667662E-006   193.324127860711     
  7.781742358080712E-006   193.324127858237     
  7.850570775832754E-006   193.324127855718     
  7.920007971268796E-006   193.324127853154     
  7.990059328941916E-006   193.324127850545     
  8.060730281030808E-006   193.324127847889     
  8.132026307761016E-006   193.324127845187     
  8.203952937829916E-006   193.324127842436     
  8.276515748835434E-006   193.324127839636     
  8.349720367708563E-006   193.324127836787     
  8.423572471149717E-006   193.324127833887     
  8.498077786068918E-006   193.324127830936     
  8.573242090029907E-006   193.324127827932     
  8.649071211698168E-006   193.324127824874     
  8.725571031292908E-006   193.324127821763     
  8.802747481043046E-006   193.324127818596     
  8.880606545647236E-006   193.324127815373     
  8.959154262737944E-006   193.324127812092     
  9.038396723349659E-006   193.324127808754     
  9.118340072391200E-006   193.324127805355     
  9.198990509122249E-006   193.324127801897     
  9.280354287634070E-006   193.324127798377     
  9.362437717334481E-006   193.324127794795     
  9.445247163437126E-006   193.324127791149     
  9.528789047455076E-006   193.324127787438     
  9.613069847698772E-006   193.324127783661     
  9.698096099778410E-006   193.324127779817     
  9.783874397110733E-006   193.324127775905     
  9.870411391430337E-006   193.324127771923     
  9.957713793305465E-006   193.324127767871     
  1.004578837265840E-005   193.324127763746     
  1.013464195929044E-005   193.324127759549     
  1.022428144341151E-005   193.324127755276     
  1.031471377617447E-005   193.324127750928     
  1.040594597021416E-005   193.324127746502     
  1.049798510019118E-005   193.324127741998     
  1.059083830334051E-005   193.324127737414     
  1.068451278002499E-005   193.324127732749     
  1.077901579429363E-005   193.324127728000     
  1.087435467444495E-005   193.324127723167     
  1.097053681359523E-005   193.324127718248     
  1.106756967025183E-005   193.324127713242     
  1.116546076889157E-005   193.324127708147     
  1.126421770054420E-005   193.324127702962     
  1.136384812338105E-005   193.324127697684     
  1.146435976330891E-005   193.324127692312     
  1.156576041456914E-005   193.324127686845     
  1.166805794034206E-005   193.324127681281     
  1.177126027335672E-005   193.324127675618     
  1.187537541650602E-005   193.324127669855     
  1.198041144346737E-005   193.324127663988     
  1.208637649932867E-005   193.324127658018     
  1.219327880122002E-005   193.324127651942     
  1.230112663895086E-005   193.324127645758     
  1.240992837565283E-005   193.324127639464     
  1.251969244842831E-005   193.324127633057     
  1.263042736900463E-005   193.324127626538     
  1.274214172439420E-005   193.324127619902     
  1.285484417756031E-005   193.324127613149     
  1.296854346808895E-005   193.324127606275     
  1.308324841286655E-005   193.324127599279     
  1.319896790676362E-005   193.324127592159     
  1.331571092332458E-005   193.324127584913     
  1.343348651546357E-005   193.324127577538     
  1.355230381616649E-005   193.324127570031     
  1.367217203919923E-005   193.324127562392     
  1.379310047982212E-005   193.324127554616     
  1.391509851551077E-005   193.324127546703     
  1.403817560668327E-005   193.324127538648     
  1.416234129743374E-005   193.324127530451     
  1.428760521627251E-005   193.324127522108     
  1.441397707687268E-005   193.324127513617     
  1.454146667882347E-005   193.324127504975     
  1.467008390839008E-005   193.324127496179     
  1.479983873928032E-005   193.324127487228     
  1.493074123341805E-005   193.324127478117     
  1.506280154172346E-005   193.324127468844     
  1.519602990490015E-005   193.324127459406     
  1.533043665422935E-005   193.324127449801     
  1.546603221237100E-005   193.324127440025     
  1.560282709417201E-005   193.324127430076     
  1.574083190748164E-005   193.324127419949     
  1.588005735397407E-005   193.324127409643     
  1.602051422997828E-005   193.324127399153     
  1.616221342731530E-005   193.324127388478     
  1.630516593414274E-005   193.324127377612     
  1.644938283580694E-005   193.324127366554     
  1.659487531570259E-005   193.324127355299     
  1.674165465613991E-005   193.324127343844     
  1.688973223921957E-005   193.324127332185     
  1.703911954771533E-005   193.324127320319     
  1.718982816596447E-005   193.324127308243     
  1.734186978076609E-005   193.324127295952     
  1.749525618228742E-005   193.324127283442     
  1.764999926497802E-005   193.324127270710     
  1.780611102849222E-005   193.324127257752     
  1.796360357861959E-005   193.324127244564     
  1.812248912822371E-005   193.324127231142     
  1.828277999818922E-005   193.324127217481     
  1.844448861837725E-005   193.324127203577     
  1.860762752858933E-005   193.324127189426     
  1.877220937953974E-005   193.324127175024     
  1.893824693383657E-005   193.324127160366     
  1.910575306697138E-005   193.324127145447     
  1.927474076831763E-005   193.324127130263     
  1.944522314213799E-005   193.324127114810     
  1.961721340860048E-005   193.324127099082     
  1.979072490480364E-005   193.324127083074     
  1.996577108581079E-005   193.324127066783     
  2.014236552569337E-005   193.324127050201     
  2.032052191858359E-005   193.324127033325     
  2.050025407973635E-005   193.324127016149     
  2.068157594660050E-005   193.324126998668     
  2.086450157989971E-005   193.324126980877     
  2.104904516472275E-005   193.324126962769     
  2.123522101162350E-005   193.324126944340     
  2.142304355773070E-005   193.324126925583     
  2.161252736786745E-005   193.324126906493     
  2.180368713568067E-005   193.324126887063     
  2.199653768478052E-005   193.324126867288     
  2.219109396988991E-005   193.324126847163     
  2.238737107800418E-005   193.324126826679     
  2.258538422956101E-005   193.324126805831     
  2.278514877962072E-005   193.324126784614     
  2.298668021905698E-005   193.324126763019     
  2.318999417575807E-005   193.324126741040     
  2.339510641583873E-005   193.324126718671     
  2.360203284486278E-005   193.324126695904     
  2.381078950907651E-005   193.324126672733     
  2.402139259665300E-005   193.324126649150     
  2.423385843894748E-005   193.324126625149     
  2.444820351176368E-005   193.324126600720     
  2.466444443663152E-005   193.324126575858     
  2.488259798209601E-005   193.324126550554     
  2.510268106501758E-005   193.324126524800     
  2.532471075188393E-005   193.324126498589     
  2.554870426013344E-005   193.324126471912     
  2.577467895949030E-005   193.324126444761     
  2.600265237331148E-005   193.324126417127     
  2.623264217994558E-005   193.324126389003     
  2.646466621410372E-005   193.324126360379     
  2.669874246824250E-005   193.324126331246     
  2.693488909395931E-005   193.324126301596     
  2.717312440339986E-005   193.324126271419     
  2.741346687067819E-005   193.324126240705     
  2.765593513330930E-005   193.324126209446     
  2.790054799365441E-005   193.324126177632     
  2.814732442037894E-005   193.324126145252     
  2.839628354992354E-005   193.324126112297     
  2.864744468798794E-005   193.324126078756     
  2.890082731102812E-005   193.324126044620     
  2.915645106776653E-005   193.324126009877     
  2.941433578071585E-005   193.324125974516     
  2.967450144771607E-005   193.324125938528     
  2.993696824348528E-005   193.324125901900     
  3.020175652118410E-005   193.324125864621     
  3.046888681399402E-005   193.324125826679     
  3.073837983670963E-005   193.324125788064     
  3.101025648734496E-005   193.324125748762     
  3.128453784875401E-005   193.324125708762     
  3.156124519026573E-005   193.324125668052     
  3.184039996933323E-005   193.324125626618     
  3.212202383319780E-005   193.324125584448     
  3.240613862056756E-005   193.324125541528     
  3.269276636331092E-005   193.324125497846     
  3.298192928816504E-005   193.324125453388     
  3.327364981845949E-005   193.324125408140     
  3.356795057585503E-005   193.324125362088     
  3.386485438209781E-005   193.324125315218     
  3.416438426078914E-005   193.324125267515     
  3.446656343917083E-005   193.324125218964     
  3.477141534992641E-005   193.324125169551     
  3.507896363299816E-005   193.324125119259     
  3.538923213742037E-005   193.324125068074     
  3.570224492316866E-005   193.324125015980     
  3.601802626302577E-005   193.324124962960     
  3.633660064446378E-005   193.324124908998     
  3.665799277154303E-005   193.324124854078     
  3.698222756682779E-005   193.324124798181     
  3.730933017331893E-005   193.324124741291     
  3.763932595640360E-005   193.324124683391     
  3.797224050582227E-005   193.324124624461     
  3.830809963765304E-005   193.324124564485     
  3.864692939631361E-005   193.324124503443     
  3.898875605658089E-005   193.324124441316     
  3.933360612562849E-005   193.324124378086     
  3.968150634508226E-005   193.324124313732     
  4.003248369309398E-005   193.324124248234     
  4.038656538643336E-005   193.324124181573     
  4.074377888259866E-005   193.324124113727     
  4.110415188194581E-005   193.324124044676     
  4.146771232983652E-005   193.324123974398     
  4.183448841880528E-005   193.324123902872     
  4.220450859074563E-005   193.324123830074     
  4.257780153911560E-005   193.324123755983     
  4.295439621116287E-005   193.324123680576     
  4.333432181016944E-005   193.324123603828     
  4.371760779771625E-005   193.324123525717     
  4.410428389596775E-005   193.324123446218     
  4.449438008997680E-005   193.324123365307     
  4.488792663000982E-005   193.324123282958     
  4.528495403389258E-005   193.324123199146     
  4.568549308937674E-005   193.324123113845     
  4.608957485652730E-005   193.324123027028     
  4.649723067013116E-005   193.324122938668     
  4.690849214212702E-005   193.324122848739     
  4.732339116405673E-005   193.324122757211     
  4.774195990953834E-005   193.324122664058     
  4.816423083676104E-005   193.324122569249     
  4.859023669100215E-005   193.324122472756     
  4.902001050716633E-005   193.324122374548     
  4.945358561234739E-005   193.324122274595     
  4.989099562841254E-005   193.324122172866     
  5.033227447460973E-005   193.324122069330     
  5.077745637019787E-005   193.324121963954     
  5.122657583710040E-005   193.324121856706     
  5.167966770258233E-005   193.324121747552     
  5.213676710195095E-005   193.324121636459     
  5.259790948128038E-005   193.324121523392     
  5.306313060016030E-005   193.324121408316     
  5.353246653446895E-005   193.324121291195     
  5.400595367917060E-005   193.324121171994     
  5.448362875113792E-005   193.324121050674     
  5.496552879199912E-005   193.324120927199     
  5.545169117101043E-005   193.324120801529     
  5.594215358795389E-005   193.324120673627     
  5.643695407606080E-005   193.324120543453     
  5.693613100496106E-005   193.324120410965     
  5.743972308365858E-005   193.324120276124     
  5.794776936353295E-005   193.324120138886     
  5.846030924136769E-005   193.324119999210     
  5.897738246240540E-005   193.324119857053     
  5.949902912342973E-005   193.324119712369     
  6.002528967587474E-005   193.324119565115     
  6.055620492896177E-005   193.324119415244     
  6.109181605286394E-005   193.324119262711     
  6.163216458189883E-005   193.324119107467     
  6.217729241774918E-005   193.324118949465     
  6.272724183271223E-005   193.324118788656     
  6.328205547297776E-005   193.324118624989     
  6.384177636193509E-005   193.324118458414     
  6.440644790350943E-005   193.324118288880     
  6.497611388552752E-005   193.324118116333     
  6.555081848311334E-005   193.324117940721     
  6.613060626211361E-005   193.324117761988     
  6.671552218255372E-005   193.324117580079     
  6.730561160212412E-005   193.324117394939     
  6.790092027969774E-005   193.324117206508     
  6.850149437887825E-005   193.324117014730     
  6.910738047157992E-005   193.324116819545     
  6.971862554163906E-005   193.324116620891     
  7.033527698845739E-005   193.324116418707     
  7.095738263067774E-005   193.324116212932     
  7.158499070989206E-005   193.324116003499     
  7.221814989438242E-005   193.324115790346     
  7.285690928289499E-005   193.324115573406     
  7.350131840844750E-005   193.324115352611     
  7.415142724217021E-005   193.324115127892     
  7.480728619718102E-005   193.324114899181     
  7.546894613249478E-005   193.324114666407     
  7.613645835696720E-005   193.324114429496     
  7.680987463327356E-005   193.324114188376     
  7.748924718192279E-005   193.324113942972     
  7.817462868530682E-005   193.324113693207     
  7.886607229178597E-005   193.324113439005     
  7.956363161981038E-005   193.324113180286     
  8.026736076207776E-005   193.324112916970     
  8.097731428972817E-005   193.324112648976     
  8.169354725657577E-005   193.324112376219     
  8.241611520337792E-005   193.324112098617     
  8.314507416214221E-005   193.324111816082     
  8.388048066047144E-005   193.324111528527     
  8.462239172594713E-005   193.324111235862     
  8.537086489055172E-005   193.324110937998     
  8.612595819513000E-005   193.324110634841     
  8.688773019388986E-005   193.324110326298     
  8.765623995894287E-005   193.324110012273     
  8.843154708488520E-005   193.324109692668     
  8.921371169341884E-005   193.324109367384     
  9.000279443801376E-005   193.324109036321     
  9.079885650861134E-005   193.324108699375     
  9.160195963636945E-005   193.324108356442     
  9.241216609844932E-005   193.324108007417     
  9.322953872284496E-005   193.324107652189     
  9.405414089325513E-005   193.324107290651     
  9.488603655399850E-005   193.324106922688     
  9.572529021497229E-005   193.324106548187     
  9.657196695665467E-005   193.324106167033     
  9.742613243515149E-005   193.324105779105     
  9.828785288728764E-005   193.324105384286     
  9.915719513574341E-005   193.324104982451     
  1.000342265942363E-004   193.324104573476     
  1.009190152727488E-004   193.324104157235     
  1.018116297828018E-004   193.324103733598     
  1.027121393427759E-004   193.324103302434     
  1.036206137832782E-004   193.324102863609     
  1.045371235525579E-004   193.324102416987     
  1.054617397219689E-004   193.324101962429     
  1.063945339914815E-004   193.324101499795     
  1.073355786952418E-004   193.324101028940     
  1.082849468071816E-004   193.324100549720     
  1.092427119466768E-004   193.324100061985     
  1.102089483842561E-004   193.324099565584     
  1.111837310473608E-004   193.324099060362     
  1.121671355261549E-004   193.324098546164     
  1.131592380793867E-004   193.324098022830     
  1.141601156403024E-004   193.324097490197     
  1.151698458226122E-004   193.324096948101     
  1.161885069265082E-004   193.324096396372     
  1.172161779447371E-004   193.324095834841     
  1.182529385687251E-004   193.324095263332     
  1.192988691947581E-004   193.324094681668     
  1.203540509302156E-004   193.324094089670     
  1.214185655998607E-004   193.324093487153     
  1.224924957521848E-004   193.324092873931     
  1.235759246658094E-004   193.324092249812     
  1.246689363559434E-004   193.324091614605     
  1.257716155808986E-004   193.324090968111     
  1.268840478486621E-004   193.324090310130     
  1.280063194235272E-004   193.324089640459     
  1.291385173327827E-004   193.324088958888     
  1.302807293734615E-004   193.324088265208     
  1.314330441191490E-004   193.324087559202     
  1.325955509268514E-004   193.324086840652     
  1.337683399439253E-004   193.324086109335     
  1.349515021150677E-004   193.324085365024     
  1.361451291893688E-004   193.324084607488     
  1.373493137274268E-004   193.324083836492     
  1.385641491085251E-004   193.324083051797     
  1.397897295378738E-004   193.324082253160     
  1.410261500539150E-004   193.324081440333     
  1.422735065356923E-004   193.324080613063     
  1.435318957102860E-004   193.324079771094     
  1.448014151603140E-004   193.324078914166     
  1.460821633314985E-004   193.324078042011     
  1.473742395403004E-004   193.324077154360     
  1.486777439816208E-004   193.324076250938     
  1.499927777365705E-004   193.324075331463     
  1.513194427803086E-004   193.324074395652     
  1.526578419899501E-004   193.324073443212     
  1.540080791525438E-004   193.324072473850     
  1.553702589731199E-004   193.324071487265     
  1.567444870828106E-004   193.324070483149     
  1.581308700470399E-004   193.324069461193     
  1.595295153737886E-004   193.324068421079     
  1.609405315219300E-004   193.324067362484     
  1.623640279096412E-004   193.324066285080     
  1.638001149228875E-004   193.324065188532     
  1.652489039239828E-004   193.324064072501     
  1.667105072602249E-004   193.324062936641     
  1.681850382726075E-004   193.324061780599     
  1.696726113046097E-004   193.324060604016     
  1.711733417110625E-004   193.324059406528     
  1.726873458670942E-004   193.324058187763     
  1.742147411771547E-004   193.324056947343     
  1.757556460841198E-004   193.324055684883     
  1.773101800784760E-004   193.324054399992     
  1.788784637075861E-004   193.324053092271     
  1.804606185850377E-004   193.324051761315     
  1.820567674000733E-004   193.324050406710     
  1.836670339271045E-004   193.324049028037     
  1.852915430353103E-004   193.324047624868     
  1.869304206983200E-004   193.324046196767     
  1.885837940039819E-004   193.324044743291     
  1.902517911642184E-004   193.324043263991     
  1.919345415249686E-004   193.324041758406     
  1.936321755762179E-004   193.324040226070     
  1.953448249621176E-004   193.324038666508     
  1.970726224911928E-004   193.324037079236     
  1.988157021466416E-004   193.324035463761     
  2.005741990967243E-004   193.324033819582     
  2.023482497052457E-004   193.324032146190     
  2.041379915421294E-004   193.324030443065     
  2.059435633940855E-004   193.324028709679     
  2.077651052753729E-004   193.324026945494     
  2.096027584386571E-004   193.324025149963     
  2.114566653859638E-004   193.324023322530     
  2.133269698797286E-004   193.324021462626     
  2.152138169539461E-004   193.324019569676     
  2.171173529254160E-004   193.324017643093     
  2.190377254050895E-004   193.324015682278     
  2.209750833095161E-004   193.324013686623     
  2.229295768723910E-004   193.324011655509     
  2.249013576562054E-004   193.324009588307     
  2.268905785639997E-004   193.324007484375     
  2.288973938512199E-004   193.324005343061     
  2.309219591376799E-004   193.324003163699     
  2.329644314196289E-004   193.324000945615     
  2.350249690819258E-004   193.323998688121     
  2.371037319103216E-004   193.323996390515     
  2.392008811038496E-004   193.323994052085     
  2.413165792873260E-004   193.323991672107     
  2.434509905239604E-004   193.323989249841     
  2.456042803280788E-004   193.323986784536     
  2.477766156779580E-004   193.323984275429     
  2.499681650287740E-004   193.323981721739     
  2.521790983256655E-004   193.323979122676     
  2.544095870169118E-004   193.323976477433     
  2.566598040672285E-004   193.323973785189     
  2.589299239711793E-004   193.323971045110     
  2.612201227667082E-004   193.323968256345     
  2.635305780487899E-004   193.323965418029     
  2.658614689832018E-004   193.323962529283     
  2.682129763204172E-004   193.323959589210     
  2.705852824096223E-004   193.323956596897     
  2.729785712128560E-004   193.323953551418     
  2.753930283192756E-004   193.323950451826     
  2.778288409595482E-004   193.323947297161     
  2.802861980203705E-004   193.323944086445     
  2.827652900591148E-004   193.323940818680     
  2.852663093186070E-004   193.323937492855     
  2.877894497420336E-004   193.323934107936     
  2.903349069879812E-004   193.323930662874     
  2.929028784456097E-004   193.323927156601     
  2.954935632499575E-004   193.323923588028     
  2.981071622973852E-004   193.323919956050     
  3.007438782611530E-004   193.323916259538     
  3.034039156071380E-004   193.323912497348     
  3.060874806096889E-004   193.323908668311     
  3.087947813676222E-004   193.323904771240     
  3.115260278203591E-004   193.323900804926     
  3.142814317642057E-004   193.323896768139     
  3.170612068687765E-004   193.323892659627     
  3.198655686935636E-004   193.323888478115     
  3.226947347046528E-004   193.323884222307     
  3.255489242915866E-004   193.323879890881     
  3.284283587843774E-004   193.323875482496     
  3.313332614706704E-004   193.323870995782     
  3.342638576130585E-004   193.323866429349     
  3.372203744665508E-004   193.323861781780     
  3.402030412961949E-004   193.323857051633     
  3.432120893948555E-004   193.323852237441     
  3.462477521011503E-004   193.323847337712     
  3.493102648175442E-004   193.323842350924     
  3.523998650286039E-004   193.323837275532     
  3.555167923194136E-004   193.323832109960     
  3.586612883941541E-004   193.323826852607     
  3.618335970948455E-004   193.323821501842     
  3.650339644202563E-004   193.323816056005     
  3.682626385449800E-004   193.323810513407     
  3.715198698386790E-004   193.323804872329     
  3.748059108855002E-004   193.323799131021     
  3.781210165036620E-004   193.323793287701     
  3.814654437652142E-004   193.323787340558     
  3.848394520159726E-004   193.323781287747     
  3.882433028956302E-004   193.323775127390     
  3.916772603580466E-004   193.323768857577     
  3.951415906917159E-004   193.323762476362     
  3.986365625404168E-004   193.323755981766     
  4.021624469240443E-004   193.323749371775     
  4.057195172596264E-004   193.323742644338     
  4.093080493825261E-004   193.323735797369     
  4.129283215678317E-004   193.323728828744     
  4.165806145519353E-004   193.323721736301     
  4.202652115543031E-004   193.323714517841     
  4.239823982994377E-004   193.323707171123     
  4.277324630390346E-004   193.323699693870     
  4.315156965743352E-004   193.323692083762     
  4.353323922786770E-004   193.323684338439     
  4.391828461202434E-004   193.323676455497     
  4.430673566850150E-004   193.323668432492     
  4.469862251999230E-004   193.323660266936     
  4.509397555562089E-004   193.323651956295     
  4.549282543329895E-004   193.323643497991     
  4.589520308210305E-004   193.323634889401     
  4.630113970467313E-004   193.323626127855     
  4.671066677963206E-004   193.323617210635     
  4.712381606402675E-004   193.323608134975     
  4.754061959579070E-004   193.323598898060     
  4.796110969622845E-004   193.323589497024     
  4.838531897252190E-004   193.323579928952     
  4.881328032025892E-004   193.323570190876     
  4.924502692598424E-004   193.323560279775     
  4.968059226977289E-004   193.323550192575     
  5.012001012782649E-004   193.323539926146     
  5.056331457509239E-004   193.323529477306     
  5.101053998790607E-004   193.323518842812     
  5.146172104665687E-004   193.323508019365     
  5.191689273847730E-004   193.323497003610     
  5.237609035995613E-004   193.323485792127     
  5.283934951987554E-004   193.323474381441     
  5.330670614197233E-004   193.323462768012     
  5.377819646772374E-004   193.323450948237     
  5.425385705915776E-004   193.323438918450     
  5.473372480168841E-004   193.323426674919     
  5.521783690697597E-004   193.323414213848     
  5.570623091581267E-004   193.323401531370     
  5.619894470103375E-004   193.323388623552     
  5.669601647045439E-004   193.323375486389     
  5.719748476983247E-004   193.323362115808     
  5.770338848585771E-004   193.323348507661     
  5.821376684916713E-004   193.323334657726     
  5.872865943738727E-004   193.323320561708     
  5.924810617820315E-004   193.323306215234     
  5.977214735245457E-004   193.323291613855     
  6.030082359725973E-004   193.323276753041     
  6.083417590916639E-004   193.323261628183     
  6.137224564733104E-004   193.323246234589     
  6.191507453672609E-004   193.323230567484     
  6.246270467137547E-004   193.323214622009     
  6.301517851761885E-004   193.323198393219     
  6.357253891740466E-004   193.323181876078     
  6.413482909161242E-004   193.323165065463     
  6.470209264340419E-004   193.323147956161     
  6.527437356160589E-004   193.323130542864     
  6.585171622411843E-004   193.323112820171     
  6.643416540135904E-004   193.323094782586     
  6.702176625973297E-004   193.323076424512     
  6.761456436513597E-004   193.323057740255     
  6.821260568648777E-004   193.323038724021     
  6.881593659929671E-004   193.323019369910     
  6.942460388925600E-004   193.322999671920     
  7.003865475587172E-004   193.322979623940     
  7.065813681612295E-004   193.322959219752     
  7.128309810815428E-004   193.322938453027     
  7.191358709500090E-004   193.322917317324     
  7.254965266834678E-004   193.322895806086     
  7.319134415231594E-004   193.322873912642     
  7.383871130729736E-004   193.322851630201     
  7.449180433380363E-004   193.322828951850     
  7.515067387636388E-004   193.322805870557     
  7.581537102745095E-004   193.322782379160     
  7.648594733144342E-004   193.322758470374     
  7.716245478862267E-004   193.322734136784     
  7.784494585920525E-004   193.322709370840     
  7.853347346741097E-004   193.322684164861     
  7.922809100556690E-004   193.322658511030     
  7.992885233824779E-004   193.322632401388     
  8.063581180645293E-004   193.322605827838     
  8.134902423182015E-004   193.322578782136     
  8.206854492087693E-004   193.322551255894     
  8.279442966932927E-004   193.322523240573     
  8.352673476638828E-004   193.322494727484     
  8.426551699913529E-004   193.322465707784     
  8.501083365692537E-004   193.322436172470     
  8.576274253582988E-004   193.322406112381     
  8.652130194311830E-004   193.322375518195     
  8.728657070177974E-004   193.322344380420     
  8.805860815508434E-004   193.322312689400     
  8.883747417118517E-004   193.322280435304     
  8.962322914776069E-004   193.322247608127     
  9.041593401669835E-004   193.322214197689     
  9.121565024881955E-004   193.322180193625     
  9.202243985864651E-004   193.322145585388     
  9.283636540921117E-004   193.322110362245     
  9.365749001690664E-004   193.322074513269     
  9.448587735638176E-004   193.322038027342     
  9.532159166547860E-004   193.322000893146     
  9.616469775021401E-004   193.321963099164     
  9.701526098980489E-004   193.321924633673     
  9.787334734173809E-004   193.321885484741     
  9.873902334688524E-004   193.321845640227     
  9.961235613466265E-004   193.321805087770     
  1.004934134282368E-003   193.321763814795     
  1.013822635497760E-003   193.321721808498     
  1.022789754257488E-003   193.321679055850     
  1.031836185922685E-003   193.321635543592     
  1.040962632004854E-003   193.321591258226     
  1.050169800220273E-003   193.321546186017     
  1.059458404544866E-003   193.321500312985     
  1.068829165269577E-003   193.321453624902     
  1.078282809056222E-003   193.321406107286     
  1.087820068993837E-003   193.321357745399     
  1.097441684655529E-003   193.321308524241     
  1.107148402155825E-003   193.321258428545     
  1.116940974208529E-003   193.321207442773     
  1.126820160185095E-003   193.321155551110     
  1.136786726173508E-003   193.321102737463     
  1.146841445037696E-003   193.321048985450     
  1.156985096477459E-003   193.320994278399     
  1.167218467088932E-003   193.320938599342     
  1.177542350425582E-003   193.320881931009     
  1.187957547059746E-003   193.320824255823     
  1.198464864644710E-003   193.320765555897     
  1.209065117977339E-003   193.320705813024     
  1.219759129061264E-003   193.320645008673     
  1.230547727170621E-003   193.320583123986     
  1.241431748914360E-003   193.320520139768     
  1.252412038301119E-003   193.320456036484     
  1.263489446804674E-003   193.320390794252     
  1.274664833429966E-003   193.320324392837     
  1.285939064779717E-003   193.320256811642     
  1.297313015121624E-003   193.320188029708     
  1.308787566456163E-003   193.320118025702     
  1.320363608584978E-003   193.320046777910     
  1.332042039179883E-003   193.319974264235     
  1.343823763852475E-003   193.319900462187     
  1.355709696224357E-003   193.319825348875     
  1.367700757997987E-003   193.319748901002     
  1.379797879028153E-003   193.319671094858     
  1.392001997394076E-003   193.319591906312     
  1.404314059472156E-003   193.319511310801     
  1.416735020009360E-003   193.319429283331     
  1.429265842197259E-003   193.319345798459     
  1.441907497746717E-003   193.319260830292     
  1.454660966963242E-003   193.319174352478     
  1.467527238823009E-003   193.319086338196     
  1.480507311049549E-003   193.318996760148     
  1.493602190191114E-003   193.318905590551     
  1.506812891698738E-003   193.318812801130     
  1.520140440004974E-003   193.318718363106     
  1.533585868603338E-003   193.318622247190     
  1.547150220128449E-003   193.318524423571     
  1.560834546436886E-003   193.318424861911     
  1.574639908688750E-003   193.318323531330     
  1.588567377429953E-003   193.318220400401     
  1.602618032675237E-003   193.318115437140     
  1.616792963991921E-003   193.318008608993     
  1.631093270584395E-003   193.317899882828     
  1.645520061379357E-003   193.317789224926     
  1.660074455111806E-003   193.317676600965     
  1.674757580411795E-003   193.317561976018     
  1.689570575891950E-003   193.317445314535     
  1.704514590235767E-003   193.317326580335     
  1.719590782286686E-003   193.317205736595     
  1.734800321137954E-003   193.317082745836     
  1.750144386223284E-003   193.316957569915     
  1.765624167408314E-003   193.316830170011     
  1.781240865082876E-003   193.316700506614     
  1.796995690254082E-003   193.316568539509     
  1.812889864640232E-003   193.316434227772     
  1.828924620765553E-003   193.316297529747     
  1.845101202055773E-003   193.316158403042     
  1.861420862934550E-003   193.316016804508     
  1.877884868920739E-003   193.315872690234     
  1.894494496726535E-003   193.315726015525     
  1.911251034356470E-003   193.315576734894     
  1.928155781207296E-003   193.315424802047     
  1.945210048168748E-003   193.315270169865     
  1.962415157725196E-003   193.315112790395     
  1.979772444058197E-003   193.314952614829     
  1.997283253149957E-003   193.314789593496     
  2.014948942887707E-003   193.314623675839     
  2.032770883168998E-003   193.314454810405     
  2.050750456007934E-003   193.314282944827     
  2.068889055642337E-003   193.314108025807     
  2.087188088641870E-003   193.313929999101     
  2.105648974017103E-003   193.313748809502     
  2.124273143329559E-003   193.313564400820     
  2.143062040802720E-003   193.313376715871     
  2.162017123434020E-003   193.313185696451     
  2.181139861107834E-003   193.312991283325     
  2.200431736709455E-003   193.312793416206     
  2.219894246240090E-003   193.312592033735     
  2.239528898932864E-003   193.312387073463     
  2.259337217369860E-003   193.312178471833     
  2.279320737600183E-003   193.311966164158     
  2.299481009259078E-003   193.311750084604     
  2.319819595688095E-003   193.311530166166     
  2.340338074056321E-003   193.311306340649     
  2.361038035482683E-003   193.311078538648     
  2.381921085159330E-003   193.310846689524     
  2.402988842476108E-003   193.310610721384     
  2.424242941146143E-003   193.310370561059     
  2.445685029332522E-003   193.310126134080     
  2.467316769776102E-003   193.309877364654     
  2.489139839924450E-003   193.309624175645     
  2.511155932061921E-003   193.309366488544     
  2.533366753440889E-003   193.309104223450     
  2.555774026414132E-003   193.308837299042     
  2.578379488568398E-003   193.308565632555     
  2.601184892859148E-003   193.308289139754     
  2.624192007746484E-003   193.308007734908     
  2.647402617332290E-003   193.307721330765     
  2.670818521498582E-003   193.307429838521     
  2.694441536047078E-003   193.307133167798     
  2.718273492840010E-003   193.306831226611     
  2.742316239942169E-003   193.306523921341     
  2.766571641764223E-003   193.306211156710     
  2.791041579207290E-003   193.305892835744     
  2.815727949808793E-003   193.305568859749     
  2.840632667889608E-003   193.305239128279     
  2.865757664702510E-003   193.304903539104     
  2.891104888581933E-003   193.304561988177     
  2.916676305095055E-003   193.304214369607     
  2.942473897194220E-003   193.303860575620     
  2.968499665370708E-003   193.303500496529     
  2.994755627809861E-003   193.303134020700     
  3.021243820547587E-003   193.302761034516     
  3.047966297628248E-003   193.302381422344     
  3.074925131263938E-003   193.301995066497     
  3.102122411995176E-003   193.301601847198     
  3.129560248853017E-003   193.301201642546     
  3.157240769522603E-003   193.300794328471     
  3.185166120508146E-003   193.300379778706     
  3.213338467299393E-003   193.299957864738     
  3.241759994539538E-003   193.299528455774     
  3.270432906194642E-003   193.299091418698     
  3.299359425724531E-003   193.298646618033     
  3.328541796255224E-003   193.298193915896     
  3.357982280752875E-003   193.297733171954     
  3.387683162199253E-003   193.297264243386     
  3.417646743768781E-003   193.296786984834     
  3.447875349007138E-003   193.296301248359     
  3.478371322011436E-003   193.295806883398     
  3.509137027611996E-003   193.295303736714     
  3.540174851555734E-003   193.294791652349     
  3.571487200691158E-003   193.294270471579     
  3.603076503155018E-003   193.293740032861     
  3.634945208560588E-003   193.293200171784     
  3.667095788187629E-003   193.292650721022     
  3.699530735174024E-003   193.292091510275     
  3.732252564709109E-003   193.291522366224     
  3.765263814228720E-003   193.290943112471     
  3.798567043611953E-003   193.290353569489     
  3.832164835379675E-003   193.289753554563     
  3.866059794894789E-003   193.289142881739     
  3.900254550564265E-003   193.288521361758     
  3.934751754042967E-003   193.287888802006     
  3.969554080439268E-003   193.287245006449     
  4.004664228522503E-003   193.286589775575     
  4.040084920932241E-003   193.285922906331     
  4.075818904389415E-003   193.285244192061     
  4.111868949909320E-003   193.284553422443     
  4.148237853016491E-003   193.283850383421     
  4.184928433961485E-003   193.283134857142     
  4.221943537939579E-003   193.282406621888     
  4.259286035311402E-003   193.281665452005     
  4.296958821825521E-003   193.280911117838     
  4.334964818842990E-003   193.280143385656     
  4.373306973563891E-003   193.279362017581     
  4.411988259255881E-003   193.278566771516     
  4.451011675484745E-003   193.277757401067     
  4.490380248347011E-003   193.276933655470     
  4.530097030704601E-003   193.276095279515     
  4.570165102421580E-003   193.275242013459     
  4.610587570602968E-003   193.274373592958     
  4.651367569835696E-003   193.273489748974     
  4.692508262431680E-003   193.272590207699     
  4.734012838673037E-003   193.271674690469     
  4.775884517059480E-003   193.270742913676     
  4.818126544557901E-003   193.269794588683     
  4.860742196854159E-003   193.268829421734     
  4.903734778607093E-003   193.267847113861     
  4.947107623704786E-003   193.266847360797     
  4.990864095523090E-003   193.265829852879     
  5.035007587186446E-003   193.264794274950     
  5.079541521831005E-003   193.263740306267     
  5.124469352870076E-003   193.262667620398     
  5.169794564261919E-003   193.261575885125     
  5.215520670779922E-003   193.260464762338     
  5.261651218285145E-003   193.259333907933     
  5.308189784001292E-003   193.258182971705     
  5.355139976792110E-003   193.257011597240     
  5.402505437441235E-003   193.255819421806     
  5.450289838934527E-003   193.254606076242     
  5.498496886744885E-003   193.253371184841     
  5.547130319119600E-003   193.252114365237     
  5.596193907370233E-003   193.250835228288     
  5.645691456165065E-003   193.249533377953     
  5.695626803824133E-003   193.248208411173     
  5.746003822616878E-003   193.246859917745     
  5.796826419062418E-003   193.245487480197     
  5.848098534232484E-003   193.244090673659     
  5.899824144057033E-003   193.242669065732     
  5.952007259632566E-003   193.241222216356     
  6.004651927533164E-003   193.239749677672     
  6.057762230124290E-003   193.238250993889     
  6.111342285879356E-003   193.236725701138     
  6.165396249699095E-003   193.235173327333     
  6.219928313233749E-003   193.233593392027     
  6.274942705208118E-003   193.231985406261     
  6.330443691749480E-003   193.230348872414     
  6.386435576718409E-003   193.228683284054     
  6.442922702042525E-003   193.226988125777     
  6.499909448053179E-003   193.225262873054     
  6.557400233825144E-003   193.223506992064     
  6.615399517519286E-003   193.221719939535     
  6.673911796728280E-003   193.219901162577     
  6.732941608825372E-003   193.218050098507     
  6.792493531316241E-003   193.216166174684     
  6.852572182193959E-003   193.214248808326     
  6.913182220297094E-003   193.212297406338     
  6.974328345670995E-003   193.210311365122     
  7.036015299932244E-003   193.208290070401     
  7.098247866636358E-003   193.206232897023     
  7.161030871648732E-003   193.204139208774     
  7.224369183518859E-003   193.202008358182     
  7.288267713857874E-003   193.199839686316     
  7.352731417719414E-003   193.197632522587     
  7.417765293983879E-003   193.195386184543     
  7.483374385746052E-003   193.193099977658     
  7.549563780706192E-003   193.190773195120     
  7.616338611564546E-003   193.188405117615     
  7.683704056419375E-003   193.185995013106     
  7.751665339168490E-003   193.183542136611     
  7.820227729914345E-003   193.181045729974     
  7.889396545372712E-003   193.178505021631     
  7.959177149284964E-003   193.175919226379     
  8.029574952834014E-003   193.173287545131     
  8.100595415063928E-003   193.170609164675     
  8.172244043303247E-003   193.167883257424     
  8.244526393592064E-003   193.165108981166     
  8.317448071112860E-003   193.162285478802     
  8.391014730625172E-003   193.159411878089     
  8.465232076904090E-003   193.156487291371     
  8.540105865182638E-003   193.153510815311     
  8.615641901598064E-003   193.150481530611     
  8.691846043642088E-003   193.147398501738     
  8.768724200615120E-003   193.144260776634     
  8.846282334084502E-003   193.141067386426     
  8.924526458346805E-003   193.137817345134     
  9.003462640894197E-003   193.134509649370     
  9.083097002884974E-003   193.131143278030     
  9.163435719618212E-003   193.127717191986     
  9.244485021012640E-003   193.124230333770     
  9.326251192089737E-003   193.120681627249     
  9.408740573461130E-003   193.117069977304     
  9.491959561820246E-003   193.113394269492     
  9.575914610438378E-003   193.109653369708     
  9.660612229665095E-003   193.105846123845     
  9.746058987433090E-003   193.101971357440     
  9.832261509767501E-003   193.098027875317     
  9.919226481299726E-003   193.094014461228     
  1.000696064578579E-002   193.089929877481     
  1.009547080662928E-002   193.085772864568     
  1.018476382740896E-002   193.081542140782     
  1.027484663241096E-002   193.077236401829     
  1.036572620716576E-002   193.072854320432     
  1.045740959898985E-002   193.068394545932     
  1.054990391753229E-002   193.063855703881     
  1.064321633532594E-002   193.059236395620     
  1.073735408834375E-002   193.054535197864     
  1.083232447655979E-002   193.049750662270     
  1.092813486451539E-002   193.044881314996     
  1.102479268189024E-002   193.039925656263     
  1.112230542407848E-002   193.034882159899     
  1.122068065276995E-002   193.029749272877     
  1.131992599653658E-002   193.024525414855     
  1.142004915142396E-002   193.019208977692     
  1.152105788154812E-002   193.013798324969     
  1.162296001969758E-002   193.008291791498     
  1.172576346794079E-002   193.002687682816     
  1.182947619823891E-002   192.996984274683     
  1.193410625306394E-002   192.991179812561     
  1.203966174602242E-002   192.985272511085     
  1.214615086248462E-002   192.979260553536     
  1.225358186021925E-002   192.973142091288     
  1.236196307003381E-002   192.966915243261     
  1.247130289642064E-002   192.960578095352     
  1.258160981820863E-002   192.954128699871     
  1.269289238922071E-002   192.947565074951     
  1.280515923893719E-002   192.940885203961     
  1.291841907316490E-002   192.934087034903     
  1.303268067471232E-002   192.927168479800     
  1.314795290407065E-002   192.920127414074     
  1.326424470010085E-002   192.912961675912     
  1.338156508072690E-002   192.905669065628     
  1.349992314363501E-002   192.898247345002     
  1.361932806697916E-002   192.890694236619     
  1.373978911009282E-002   192.883007423195     
  1.386131561420695E-002   192.875184546884     
  1.398391700317440E-002   192.867223208584     
  1.410760278420066E-002   192.859120967226     
  1.423238254858113E-002   192.850875339051     
  1.435826597244486E-002   192.842483796873     
  1.448526281750490E-002   192.833943769340     
  1.461338293181529E-002   192.825252640167     
  1.474263625053473E-002   192.816407747370     
  1.487303279669698E-002   192.807406382481     
  1.500458268198814E-002   192.798245789749     
  1.513729610753075E-002   192.788923165334     
  1.527118336467485E-002   192.779435656480     
  1.540625483579602E-002   192.769780360677     
  1.554252099510049E-002   192.759954324815     
  1.567999240943738E-002   192.749954544317     
  1.581867973911810E-002   192.739777962259     
  1.595859373874303E-002   192.729421468478     
  1.609974525803545E-002   192.718881898666     
  1.624214524268295E-002   192.708156033445     
  1.638580473518618E-002   192.697240597431     
  1.653073487571513E-002   192.686132258281     
  1.667694690297307E-002   192.674827625725     
  1.682445215506800E-002   192.663323250584     
  1.697326207039188E-002   192.651615623766     
  1.712338818850766E-002   192.639701175257     
  1.727484215104410E-002   192.627576273084     
  1.742763570259852E-002   192.615237222268     
  1.758178069164757E-002   192.602680263759     
  1.773728907146599E-002   192.589901573354     
  1.789417290105356E-002   192.576897260598     
  1.805244434607025E-002   192.563663367665     
  1.821211567977954E-002   192.550195868226     
  1.837319928400021E-002   192.536490666294     
  1.853570765006652E-002   192.522543595056     
  1.869965337979679E-002   192.508350415682     
  1.886504918647067E-002   192.493906816115     
  1.903190789581496E-002   192.479208409850     
  1.920024244699826E-002   192.464250734681     
  1.937006589363424E-002   192.449029251442     
  1.954139140479398E-002   192.433539342717     
  1.971423226602715E-002   192.417776311537     
  1.988860188039223E-002   192.401735380056     
  2.006451376949586E-002   192.385411688203     
  2.024198157454139E-002   192.368800292317     
  2.042101905738672E-002   192.351896163759     
  2.060164010161143E-002   192.334694187503     
  2.078385871359342E-002   192.317189160710     
  2.096768902359503E-002   192.299375791271     
  2.115314528685878E-002   192.281248696336     
  2.134024188471281E-002   192.262802400819     
  2.152899332568610E-002   192.244031335876     
  2.171941424663352E-002   192.224929837370     
  2.191151941387085E-002   192.205492144302     
  2.210532372431988E-002   192.185712397224     
  2.230084220666358E-002   192.165584636631     
  2.249809002251149E-002   192.145102801324     
  2.269708246757547E-002   192.124260726755     
  2.289783497285581E-002   192.103052143336     
  2.310036310583781E-002   192.081470674743     
  2.330468257169900E-002   192.059509836174     
  2.351080921452700E-002   192.037163032598     
  2.371875901854815E-002   192.014423556969     
  2.392854810936705E-002   191.991284588421     
  2.414019275521697E-002   191.967739190433     
  2.435370936822145E-002   191.943780308967     
  2.456911450566693E-002   191.919400770589     
  2.478642487128676E-002   191.894593280548     
  2.500565731655642E-002   191.869350420844     
  2.522682884200034E-002   191.843664648259     
  2.544995659851022E-002   191.817528292365     
  2.567505788867496E-002   191.790933553504     
  2.590215016812244E-002   191.763872500738     
  2.613125104687312E-002   191.736337069779     
  2.636237829070560E-002   191.708319060878     
  2.659554982253430E-002   191.679810136700     
  2.683078372379933E-002   191.650801820162     
  2.706809823586856E-002   191.621285492244     
  2.730751176145220E-002   191.591252389771     
  2.754904286602986E-002   191.560693603173     
  2.779271027929021E-002   191.529600074203     
  2.803853289658336E-002   191.497962593639     
  2.828652978038618E-002   191.465771798947     
  2.853672016178043E-002   191.433018171923     
  2.878912344194410E-002   191.399692036297     
  2.904375919365586E-002   191.365783555316     
  2.930064716281290E-002   191.331282729290     
  2.955980726996205E-002   191.296179393112     
  2.982125961184459E-002   191.260463213751     
  3.008502446295466E-002   191.224123687706     
  3.035112227711146E-002   191.187150138442     
  3.061957368904532E-002   191.149531713788     
  3.089039951599789E-002   191.111257383307     
  3.116362075933637E-002   191.072315935636     
  3.143925860618213E-002   191.032695975799     
  3.171733443105363E-002   190.992385922487     
  3.199786979752395E-002   190.951374005312     
  3.228088645989294E-002   190.909648262024     
  3.256640636487418E-002   190.867196535707     
  3.285445165329685E-002   190.824006471944     
  3.314504466182266E-002   190.780065515946     
  3.343820792467792E-002   190.735360909665     
  3.373396417540106E-002   190.689879688862     
  3.403233634860541E-002   190.643608680162     
  3.433334758175777E-002   190.596534498073     
  3.463702121697256E-002   190.548643541973     
  3.494338080282193E-002   190.499921993083     
  3.525245009616184E-002   190.450355811397     
  3.556425306397432E-002   190.399930732600     
  3.587881388522596E-002   190.348632264945     
  3.619615695274293E-002   190.296445686118     
  3.651630687510251E-002   190.243356040068     
  3.683928847854141E-002   190.189348133818     
  3.716512680888089E-002   190.134406534245     
  3.749384713346898E-002   190.078515564848     
  3.782547494313989E-002   190.021659302478     
  3.816003595419062E-002   189.963821574060     
  3.849755611037525E-002   189.904985953285     
  3.883806158491670E-002   189.845135757283     
  3.918157878253637E-002   189.784254043282     
  3.952813434150171E-002   189.722323605235     
  3.987775513569191E-002   189.659326970446     
  4.023046827668184E-002   189.595246396166     
  4.058630111584443E-002   189.530063866181     
  4.094528124647169E-002   189.463761087380     
  4.130743650591439E-002   189.396319486315     
  4.167279497774078E-002   189.327720205746     
  4.204138499391429E-002   189.257944101175     
  4.241323513699063E-002   189.186971737370     
  4.278837424233417E-002   189.114783384886     
  4.316683140035404E-002   189.041359016578     
  4.354863595875995E-002   188.966678304100     
  4.393381752483796E-002   188.890720614419     
  4.432240596774643E-002   188.813465006312     
  4.471443142083224E-002   188.734890226874     
  4.510992428396747E-002   188.654974708022     
  4.550891522590681E-002   188.573696563007     
  4.591143518666576E-002   188.491033582937     
  4.631751537991993E-002   188.406963233301     
  4.672718729542550E-002   188.321462650511     
  4.714048270146111E-002   188.234508638457     
  4.755743364729135E-002   188.146077665076     
  4.797807246565209E-002   188.056145858944     
  4.840243177525767E-002   187.964689005887     
  4.883054448333038E-002   187.871682545622     
  4.926244378815230E-002   187.777101568419     
  4.969816318163960E-002   187.680920811799     
  5.013773645193979E-002   187.583114657267     
  5.058119768605176E-002   187.483657127078     
  5.102858127246913E-002   187.382521881053     
  5.147992190384693E-002   187.279682213429     
  5.193525457969182E-002   187.175111049765     
  5.239461460907621E-002   187.068780943905     
  5.285803761337626E-002   186.960664074982     
  5.332555952903421E-002   186.850732244502     
  5.379721661034510E-002   186.738956873480     
  5.427304543226812E-002   186.625308999652     
  5.475308289326277E-002   186.509759274761     
  5.523736621815033E-002   186.392277961920     
  5.572593296100032E-002   186.272834933062     
  5.621882100804278E-002   186.151399666480     
  5.671606858060611E-002   186.027941244461     
  5.721771423808096E-002   185.902428351018     
  5.772379688091044E-002   185.774829269738     
  5.823435575360655E-002   185.645111881726     
  5.874943044779352E-002   185.513243663688     
  5.926906090527793E-002   185.379191686117     
  5.979328742114600E-002   185.242922611629     
  6.032215064688835E-002   185.104402693425     
  6.085569159355234E-002   184.963597773902     
  6.139395163492224E-002   184.820473283416     
  6.193697251072765E-002   184.674994239204     
  6.248479632988022E-002   184.527125244472     
  6.303746557373897E-002   184.376830487658     
  6.359502309940465E-002   184.224073741879     
  6.415751214304297E-002   184.068818364562     
  6.472497632323747E-002   183.911027297285     
  6.529745964437192E-002   183.750663065818     
  6.587500650004273E-002   183.587687780378     
  6.645766167650140E-002   183.422063136120     
  6.704547035612751E-002   183.253750413851     
  6.763847812093249E-002   183.082710480998     
  6.823673095609421E-002   182.908903792826     
  6.884027525352300E-002   182.732290393915     
  6.944915781545911E-002   182.552829919925     
  7.006342585810206E-002   182.370481599631     
  7.068312701527196E-002   182.185204257267     
  7.130830934210342E-002   181.996956315164     
  7.193902131877190E-002   181.805695796714     
  7.257531185425330E-002   181.611380329664     
  7.321723029011647E-002   181.413967149745     
  7.386482640434948E-002   181.213413104657     
  7.451815041521977E-002   181.009674658420     
  7.517725298516829E-002   180.802707896101     
  7.584218522473812E-002   180.592468528927     
  7.651299869653796E-002   180.378911899810     
  7.718974541924051E-002   180.161992989274     
  7.787247787161632E-002   179.941666421823     
  7.856124899660331E-002   179.717886472746     
  7.925611220541226E-002   179.490607075372     
  7.995712138166852E-002   179.259781828802     
  8.066433088559068E-002   179.025364006123     
  8.137779555820567E-002   178.787306563113     
  8.209757072560171E-002   178.545562147461     
  8.282371220321845E-002   178.300083108516     
  8.355627630017526E-002   178.050821507568     
  8.429531982363778E-002   177.797729128687     
  8.504090008322300E-002   177.540757490135     
  8.579307489544351E-002   177.279857856353     
  8.655190258819073E-002   177.014981250552     
  8.731744200525815E-002   176.746078467916     
  8.808975251090433E-002   176.473100089430     
  8.886889399445633E-002   176.195996496357     
  8.965492687495392E-002   175.914717885360     
  9.044791210583479E-002   175.629214284308     
  9.124791117966120E-002   175.339435568763     
  9.205498613288850E-002   175.045331479166     
  9.286919955067577E-002   174.746851638735     
  9.369061457173901E-002   174.443945572107     
  9.451929489324733E-002   174.136562724697     
  9.535530477576229E-002   173.824652482842     
  9.619870904822116E-002   173.508164194688     
  9.704957311296399E-002   173.187047191880     
  9.790796295080537E-002   172.861250812034     
  9.877394512615094E-002   172.530724422019     
  9.964758679215910E-002   172.195417442066     
  0.100528955695949        171.855279370691     
  0.101418120183852        171.510259810475     
  0.102315149206715        171.160308494680     
  0.103220112325244        170.805375314739     
  0.104133079715402        170.445410348599     
  0.105054122173845        170.080363889952     
  0.105983311123418        169.710186478340     
  0.106920718618691        169.334828930160     
  0.107866417351545        168.954242370547     
  0.108820480656813        168.568378266169     
  0.109782982517960        168.177188458915     
  0.110753997572830        167.780625200485     
  0.111733601119423        167.378641187885     
  0.112721869121743        166.971189599820     
  0.113718878215683        166.558224133991     
  0.114724705714969        166.139699045279     
  0.115739429617160        165.715569184822     
  0.116763128609687        165.285790039979     
  0.117795882075964        164.850317775152     
  0.118837770101539        164.409109273486     
  0.119888873480305        163.962122179408     
  0.120949273720768        163.509314942000     
  0.122019053052361        163.050646859192     
  0.123098294431829        162.586078122751     
  0.124187081549654        162.115569864042     
  0.125285498836553        161.639084200546     
  0.126393631470016        161.156584283098     
  0.127511565380920        160.668034343823     
  0.128639387260186        160.173399744736     
  0.129777184565505        159.672647026964     
  0.130925045528119        159.165743960573     
  0.132083059159662        158.652659594927     
  0.133251315259065        158.133364309571     
  0.134429904419517        157.607829865560     
  0.135618918035490        157.076029457207     
  0.136818448309829        156.537937764185     
  0.138028588260900        155.993531003922     
  0.139249431729803        155.442786984243     
  0.140481073387648        154.885685156186     
  0.141723608742901        154.322206666919     
  0.142977134148783        153.752334412703     
  0.144241746810748        153.176053091811     
  0.145517544794019        152.593349257331     
  0.146804627031191        152.004211369774     
  0.148103093329904        151.408629849394     
  0.149413044380583        150.806597128131     
  0.150734581764245        150.198107701098     
  0.152067807960378        149.583158177487     
  0.153412826354885        148.961747330821     
  0.154769741248104        148.333876148434     
  0.156138657862896        147.699547880065     
  0.157519682352799        147.058768085476     
  0.158912921810270        146.411544680948     
  0.160318484274979        145.757887984567     
  0.161736478742194        145.097810760161     
  0.163167015171231        144.431328259766     
  0.164610204493979        143.758458264499     
  0.166066158623505        143.079221123699     
  0.167534990462733        142.393639792215     
  0.169016813913194        141.701739865704     
  0.170511743883866        141.003549613785     
  0.172019896300076        140.299100010947     
  0.173541388112499        139.588424765035     
  0.175076337306220        138.871560343194     
  0.176624862909884        138.148545995135     
  0.178187085004932        137.419423773564     
  0.179763124734903        136.684238551652     
  0.181353104314838        135.943038037398     
  0.182957147040752        135.195872784748     
  0.184575377299193        134.442796201337     
  0.186207920576895        133.683864552721     
  0.187854903470500        132.919136962968     
  0.189516453696384        132.148675411474     
  0.191192700100553        131.372544725904     
  0.192883772668639        130.590812571114     
  0.194589802535978        129.803549433967     
  0.196310921997782        129.010828603918     
  0.198047264519392        128.212726149294     
  0.199798964746634        127.409320889157     
  0.201566158516256        126.600694360694     
  0.203348982866464        125.786930782038     
  0.205147576047547        124.968117010492     
  0.206962077532598        124.144342496080     
  0.208792628028330        123.315699230407     
  0.210639369485988        122.482281690805     
  0.212502445112355        121.644186779753     
  0.214381999380858        120.801513759579     
  0.216278178042772        119.954364182476     
  0.218191128138520        119.102841815864     
  0.220120998009078        118.247052563160     
  0.222067937307478        117.387104380037     
  0.224032097010409        116.523107186263     
  0.226013629429930        115.655172773234     
  0.228012688225278        114.783414707357     
  0.230029428414786        113.907948229414     
  0.232064006387900        113.028890150110     
  0.234116579917309        112.146358742002     
  0.236187308171181        111.260473628030     
  0.238276351725502        110.371355666908     
  0.240383872576531        109.479126835639     
  0.242510034153362        108.583910109468     
  0.244655001330596        107.685829339567     
  0.246818940441124        106.785009128826     
  0.249002019289033        105.881574706087     
  0.251204407162608        104.975651799246     
  0.253426274847470        104.067366507601     
  0.255667794639813        103.156845173901     
  0.257929140359764        102.244214256554     
  0.260210487364869        101.329600202453     
  0.262512012563685        100.413129320924     
  0.264833894429498        99.4949276593067     
  0.267176313014170        98.5751208806901     
  0.269539449962092        97.6538341443434     
  0.271923488524276        96.7311919893939     
  0.274328613572564        95.8073182223106     
  0.276755011613962        94.8823358087610     
  0.279202870805105        93.9563667704124     
  0.281672380966848        93.0295320872486     
  0.284163733598982        92.1019516059732     
  0.286677121895091        91.1737439550643     
  0.289212740757524        90.2450264670367     
  0.291770786812519        89.3159151084567     
  0.294351458425441        88.3865244182368     
  0.296954955716172        87.4569674547202     
  0.299581480574624        86.5273557520374     
  0.302231236676399        85.5977992861937     
  0.304904429498580        84.6684064513096     
  0.307601266335665        83.7392840464023     
  0.310321956315644        82.8105372730545     
  0.313066710416214        81.8822697442718     
  0.315835741481141        80.9545835047796     
  0.318629264236764        80.0275790629573     
  0.321447495308644        79.1013554345506     
  0.324290653238369        78.1760101982384     
  0.327158958500492        77.2516395630675     
  0.330052633519637        76.3283384476981     
  0.332971902687738        75.4062005713312     
  0.335916992381447        74.4853185561133     
  0.338888130979685        73.5657840407360     
  0.341885548881353        72.6476878048682     
  0.344909478523197        71.7311199039767     
  0.347960154397833        70.8161698140093     
  0.351037813071933        69.9029265853281     
  0.354142693204567        68.9914790052001     
  0.357275035565710        68.0819157680677     
  0.360435083054915        67.1743256527395     
  0.363623080720146        66.2687977055627     
  0.366839275776784        65.3654214285599     
  0.370083917626794        64.4642869714396     
  0.373357257878065        63.5654853263206     
  0.376659550363925        62.6691085239414     
  0.379991051162821        61.7752498300714     
  0.383352018618177        60.8840039407827     
  0.386742713358428        59.9954671751963     
  0.390163398317235        59.1097376642782     
  0.393614338753864        58.2269155342299     
  0.397095802273768        57.3471030829955     
  0.400608058849327        56.4704049483976     
  0.404151380840794        55.5969282664106     
  0.407726043017407        54.7267828180898     
  0.411332322578699        53.8600811636928     
  0.414970499175996        52.9969387625637     
  0.418640854934099        52.1374740773897     
  0.422343674473165        51.2818086614951     
  0.426079244930774        50.4300672279040     
  0.429847855984199        49.5823776989768     
  0.433649799872868        48.7388712355195     
  0.437485371421025        47.8996822443567     
  0.441354868060592        47.0649483634759     
  0.445258589854237        46.2348104239644     
  0.449196839518639        45.4094123880945     
  0.453169922447963        44.5889012630438     
  0.457178146737542        43.7734269898900     
  0.461221823207771        42.9631423076634     
  0.465301265428206        42.1582025924033     
  0.469416789741883        41.3587656713242     
  0.473568715289845        40.5649916123610     
  0.477757364035896        39.7770424895314     
  0.481983060791563        38.9950821247193     
  0.486246133241285        38.2192758066492     
  0.490546911967824        37.4497899879881     
  0.494885730477902        36.6867919616665     
  0.499262925228058        35.9304495176719     
  0.503678835650744        35.1809305817121     
  0.508133804180643        34.4384028372889     
  0.512628176281225        33.7030333328559     
  0.517162300471537        32.9749880758534     
  0.521736528353228        32.2544316155282     
  0.526351214637811        31.5415266165417     
  0.531006717174176        30.8364334254562     
  0.535703396976335        30.1393096322644     
  0.540441618251419        29.4503096291773     
  0.545221748427917        28.7695841689390     
  0.550044158184175        28.0972799249526     
  0.554909221477135        27.4335390555253     
  0.559817315571336        26.7784987745268     
  0.564768821068168        26.1322909307458     
  0.569764121935389        25.4950415981890     
  0.574803605536895        24.8668706795229     
  0.579887662662763        24.2478915247944     
  0.585016687559554        23.6382105674908     
  0.590191077960883        23.0379269799101     
  0.595411235118262        22.4471323497136     
  0.600677563832220        21.8659103794163     
  0.605990472483685        21.2943366104536     
  0.611350373065661        20.7324781733256     
  0.616757681215170        20.1803935651826     
  0.622212816245486        19.6381324560682     
  0.627716201178649        19.1057355248800     
  0.633268262778271        18.5832343259507     
  0.638869431582626        18.0706511869876     
  0.644520141938041        17.5679991389426     
  0.650220832032574        17.0752818782141     
  0.655971943929994        16.5924937614130     
  0.661773923604064        16.1196198327531     
  0.667627220973120        15.6566358839555     
  0.673532289934965        15.2035085463876     
  0.679489588402061        14.7601954149892     
  0.685499578337045        14.3266452033734     
  0.691562725788545        13.9027979293291     
  0.697679500927327        13.4885851297956     
  0.703850378082749        13.0839301042253     
  0.710075835779547        12.6887481851068     
  0.716356356774940        12.3029470342797     
  0.722692428096067        11.9264269635380     
  0.729084541077754        11.5590812778943     
  0.735533191400615        11.2007966397615     
  0.742038879129488        10.8514534521969     
  0.748602108752214        10.5109262592587     
  0.755223389218760        10.1790841614336     
  0.761903233980684        9.85579124402053     
  0.768642161030948        9.54090701628495     
  0.775440692944091        9.23428685915091     
  0.782299356916750        8.93578247915215     
  0.789218684808544        8.64524236633959     
  0.796199213183312        8.36251225382828     
  0.803241483350728        8.08743557666752     
  0.810346041408272        7.81985392773424     
  0.817513438283580        7.55960750837934     
  0.824744229777167        7.30653557160265     
  0.832038976605522        7.06047685559203     
  0.839398244444596        6.82127000553789     
  0.846822603973664        6.58875398172353     
  0.854312630919576        6.36276845199650     
  0.861868906101408        6.14315416684313     
  0.869492015475499        5.92975331541962     
  0.877182550180887        5.72240986103545     
  0.884941106585155        5.52096985473867     
  0.892768286330672        5.32528172581674     
  0.900664696381248        5.13519654819856     
  0.908630949069204        4.95056828192310     
  0.916667662142855        4.77125398902544     
  0.924775458814411        4.59711402338001     
  0.932954967808308        4.42801219423287     
  0.941206823409962        4.26381590334659     
  0.949531665514952        4.10439625587277     
  0.957930139678645        3.94962814525451     
  0.966402897166254        3.79939031264444     
  0.974950595003341        3.65356538150031     
  0.983573896026770        3.51203986818753     
  0.992273468936098        3.37470416957646     
   1.00104998834544        3.24145252876842     
   1.00990413483578        3.11218298021756     
   1.01883659500774        2.98679727563560     
   1.02784806153482        2.86520079217010     
   1.03693923321715        2.74730242443519     
   1.04611081503562        2.63301446204510     
   1.05536351820657        2.52225245435498     
   1.06469806023699        2.41493506415046     
   1.07411516498008        2.31098391204668     
   1.08361556269143        2.21032341336012     
   1.09319999008565        2.11288060920179     
   1.10286919039347        2.01858499351026     
   1.11262391341941        1.92736833769684     
   1.12246491559988        1.83916451451560     
   1.13239296006189        1.75390932269750     
   1.14240881668218        1.67154031380349     
   1.15251326214697        1.59199662265605     
   1.16270708001212        1.51521880260460     
   1.17299106076397        1.44114866676941     
   1.18336600188057        1.36972913629156     
   1.19383270789358        1.30090409649556     
   1.20439199045060        1.23461826174847     
   1.21504466837817        1.17081704967485     
   1.22579156774521        1.10944646526361     
   1.23663352192712        1.05045299528153     
   1.24757137167037       0.993783513289780     
   1.25860596515773       0.939385195446460     
   1.26973815807403       0.887205447169868     
   1.28096881367250       0.837191840635326     
   1.29229880284173       0.789292062983810     
   1.30372900417319       0.743453875033430     
   1.31526030402939       0.699625080205777     
   1.32689359661256       0.657753503308423     
   1.33862978403405       0.617786978752458     
   1.35046977638424       0.579673347730089     
   1.36241449180314       0.543360463831559     
   1.37446485655158       0.508796206543039     
   1.38662180508303       0.475928502037119     
   1.39888628011609       0.444705350644833     
   1.41125923270754       0.415074860382214     
   1.42374162232615       0.386985285894808     
   1.43633441692705       0.360385072179639     
   1.44903859302679       0.335222902445564     
   1.46185513577909       0.311447749478899     
   1.47478503905119       0.289008929891417     
   1.48782930550096       0.267856160641559     
   1.50098894665464       0.247939617236679     
   1.51426498298528       0.229209993043768     
   1.52765844399186       0.211618559158076     
   1.54117036827914       0.195117224303001     
   1.55480180363819       0.179658594260169     
   1.56855380712765       0.165196030355603     
   1.58242744515570       0.151683706556041     
   1.59642379356273       0.139076664758471     
   1.61054393770481       0.127330867885949     
   1.62478897253782       0.116403250433237     
   1.63916000270238       0.106251766137017     
   1.65365814260947       9.683543247693922E-002
   1.66828451652693       8.811437174579552E-002
   1.68304025866655       8.004984845931813E-002
   1.69792651327207       7.260430290856469E-002
   1.71294443470793       6.574138069041466E-002
   1.72809518754874       5.942595808427618E-002
   1.74337994666960       5.362416317557510E-002
   1.75879989733725       4.830339265886036E-002
   1.77435623530190       4.343232428525839E-002
   1.79005016689005       3.898092495041001E-002
   1.80588290909795       3.492045444974802E-002
   1.82185568968604       3.122346495786978E-002
   1.83796974727411       2.786379631762151E-002
   1.85422633143738       2.481656725216573E-002
   1.87062670280337       2.205816263955185E-002
   1.88717213314970       1.956621701395835E-002
   1.90386390550265       1.731959448064075E-002
   1.92070331423673       1.529836525250764E-002
   1.93769166517496       1.348377903501006E-002
   1.95483027569023       1.185823550248711E-002
   1.97212047480738       1.040525212315203E-002
   1.98956360330628       9.109429601400270E-003
