2     
74     0.100000001
0.     8.76766777
0.100000001     6.582726
0.200000003     4.97737551
0.300000012     3.78933311
0.400000006     2.90254807
0.5     2.23502374
0.600000024     1.72868717
0.699999988     1.34204865
0.800000012     1.04513156
0.900000036     0.816025078
1.     0.638535976
1.10000002     0.500575721
1.20000005     0.393041283
1.30000007     0.309025675
1.39999998     0.243254781
1.5     0.191679314
1.60000002     0.151176676
1.70000005     0.119329512
1.80000007     0.094260484
1.89999998     0.0745077506
2.     0.0589302927
2.10000014     0.0466359593
2.20000005     0.036925938
2.29999995     0.0292519592
2.4000001     0.0231834706
2.5     0.0183819216
2.60000014     0.014580816
2.70000005     0.0115702571
2.79999995     0.00918471348
2.9000001     0.00729360571
3.     0.00579384109
3.10000014     0.00460396381
3.20000005     0.0036595969
3.29999995     0.00290981773
3.4000001     0.00231433427
3.5     0.00184125034
3.60000014     0.0014653008
3.70000005     0.00116647163
3.79999995     0.000928894908
3.9000001     0.000739963434
4.     0.000589653209
4.0999999     0.000470020488
4.20000029     0.000374768686
4.30000019     0.000298903789
4.4000001     0.00023846027
4.5     0.000190281789
4.5999999     0.000150782449
4.70000029     0.000118014104
4.80000019     9.1337075E-05
4.9000001     6.9956317E-05
5.     5.30503712E-05
5.0999999     3.9842791E-05
5.20000029     2.96376656E-05
5.30000019     2.18338391E-05
5.4000001     1.59253632E-05
5.5     1.14953864E-05
5.5999999     8.20627065E-06
5.70000029     5.78844219E-06
5.80000019     4.02943851E-06
5.9000001     2.76371748E-06
6.     1.86368857E-06
6.0999999     1.23203404E-06
6.20000029     7.95258416E-07
6.30000019     4.98420491E-07
6.4000001     3.00850644E-07
6.5     1.72751257E-07
6.5999999     9.25079959E-08
6.70000029     4.45949553E-08
6.80000019     1.79636572E-08
6.9000001     4.82105067E-09
7.     7.48760387E-10
7.0999999     3.31261685E-09
7.20000029     7.62395813E-10
7.30000019     0.
1054     0.100000001
0.     -0.85869801
0.100000001     -0.641223967
0.200000003     -0.475790024
0.300000012     -0.348804772
0.400000006     -0.250272363
0.5     -0.172990546
0.600000024     -0.111781336
0.699999988     -0.0628972128
0.800000012     -0.0235954244
0.900000036     0.00809710473
1.     0.0336496122
1.10000002     0.0543880686
1.20000005     0.0712083131
1.30000007     0.0848130286
1.39999998     0.0957602262
1.5     0.104498073
1.60000002     0.111390211
1.70000005     0.11673452
1.80000007     0.120776974
1.89999998     0.123722188
2.     0.125741482
2.10000014     0.126979068
2.20000005     0.127556831
2.29999995     0.127578393
2.4000001     0.127131954
2.5     0.126292884
2.60000014     0.125125706
2.70000005     0.123685829
2.79999995     0.122020796
2.9000001     0.120171502
3.     0.118173122
3.10000014     0.116055921
3.20000005     0.113845952
3.29999995     0.111565605
3.4000001     0.109234095
3.5     0.106867939
3.60000014     0.104481257
3.70000005     0.102086119
3.79999995     0.0996928141
3.9000001     0.0973100588
4.     0.0949452594
4.0999999     0.0926045999
4.20000029     0.0902932659
4.30000019     0.0880155936
4.4000001     0.0857750773
4.5     0.0835745856
4.5999999     0.0814163983
4.70000029     0.079302296
4.80000019     0.0772336274
4.9000001     0.0752113536
5.     0.0732361153
5.0999999     0.071308285
5.20000029     0.0694279671
5.30000019     0.0675951168
5.4000001     0.0658094585
5.5     0.0640705973
5.5999999     0.0623780191
5.70000029     0.0607310832
5.80000019     0.0591290928
5.9000001     0.0575712547
6.     0.0560567342
6.0999999     0.0545846373
6.20000029     0.0531540513
6.30000019     0.0517640263
6.4000001     0.0504136086
6.5     0.0491018072
6.5999999     0.0478276461
6.70000029     0.0465901308
6.80000019     0.0453882925
6.9000001     0.0442211553
7.     0.0430877395
7.0999999     0.0419871025
7.20000029     0.0409182906
7.30000019     0.0398803949
7.4000001     0.038872499
7.5     0.0378937088
7.5999999     0.0369431674
7.70000029     0.0360200107
7.80000019     0.0351234227
7.9000001     0.0342525803
8.     0.0334067009
8.10000038     0.0325850174
8.19999981     0.0317867883
8.30000019     0.0310112759
8.40000057     0.0302577857
8.5     0.0295256414
8.60000038     0.0288141612
8.69999981     0.0281227194
8.80000019     0.0274506807
8.90000057     0.0267974399
9.     0.0261624251
9.10000038     0.0255450532
9.19999981     0.0249447897
9.30000019     0.0243610889
9.40000057     0.0237934422
9.5     0.0232413635
9.60000038     0.0227043498
9.69999981     0.0221819561
9.80000019     0.0216737147
9.90000057     0.0211791936
10.     0.0206979848
10.1000004     0.0202296637
10.1999998     0.0197738465
10.3000002     0.0193301439
10.4000006     0.0188981947
10.5     0.018477641
10.6000004     0.0180681329
10.6999998     0.0176693443
10.8000002     0.0172809474
10.9000006     0.0169026311
11.     0.0165341012
11.1000004     0.0161750577
11.1999998     0.015825225
11.3000002     0.0154843228
11.4000006     0.015152093
11.5     0.0148282861
11.6000004     0.0145126441
11.6999998     0.014204938
11.8000002     0.0139049301
11.9000006     0.0136124007
12.     0.0133271366
12.1000004     0.0130489236
12.1999998     0.012777565
12.3000002     0.0125128571
12.4000006     0.0122546162
12.5     0.0120026618
12.6000004     0.0117568094
12.6999998     0.0115168914
12.8000002     0.0112827402
12.9000006     0.0110541955
13.     0.0108311018
13.1000004     0.0106133055
13.1999998     0.0104006659
13.3000002     0.0101930341
13.4000006     0.00999027584
13.5     0.00979226176
13.6000004     0.00959885586
13.6999998     0.00940993987
13.8000002     0.00922538806
13.9000006     0.00904508494
14.     0.00886891875
14.1000004     0.00869677495
14.1999998     0.00852855016
14.3000002     0.00836413912
14.4000006     0.00820344128
14.5     0.00804635976
14.6000004     0.00789279863
14.6999998     0.00774266943
14.8000002     0.00759587856
14.9000006     0.00745234219
15.     0.00731197745
15.1000004     0.00717470003
15.1999998     0.00704043405
15.3000002     0.00690910034
15.4000006     0.00678062486
15.5     0.00665493729
15.6000004     0.00653196499
15.6999998     0.00641164184
15.8000002     0.00629389985
15.9000006     0.00617867569
16.     0.00606590649
16.1000004     0.00595553126
16.2000008     0.00584749319
16.3000011     0.00574173173
16.3999996     0.00563819427
16.5     0.00553682307
16.6000004     0.00543756876
16.7000008     0.00534037827
16.8000011     0.00524520362
16.8999996     0.00515199639
17.     0.00506070582
17.1000004     0.00497128954
17.2000008     0.00488370284
17.3000011     0.00479790103
17.3999996     0.00471384404
17.5     0.00463148905
17.6000004     0.00455079647
17.7000008     0.00447172811
17.8000011     0.00439424627
17.8999996     0.0043183146
18.     0.00424389541
18.1000004     0.00417095562
18.2000008     0.00409945985
18.3000011     0.00402937597
18.3999996     0.0039606737
18.5     0.00389331835
18.6000004     0.00382728036
18.7000008     0.00376253086
18.8000011     0.00369904074
18.8999996     0.00363678229
19.     0.00357572618
19.1000004     0.00351584703
19.2000008     0.00345711829
19.3000011     0.00339951459
19.3999996     0.00334301218
19.5     0.00328758522
19.6000004     0.00323321112
19.7000008     0.00317986659
19.8000011     0.00312752882
19.8999996     0.00307617756
20.     0.00302578975
20.1000004     0.00297634513
20.2000008     0.00292782346
20.3000011     0.00288020517
20.3999996     0.00283347187
20.5     0.00278760307
20.6000004     0.0027425806
20.7000008     0.00269838702
20.8000011     0.00265500532
20.8999996     0.00261241873
21.     0.00257060886
21.1000004     0.00252956082
21.2000008     0.0024892583
21.3000011     0.00244968617
21.3999996     0.00241082977
21.5     0.00237267278
21.6000004     0.00233520172
21.7000008     0.00229840213
21.8000011     0.00226226076
21.8999996     0.00222676527
22.     0.00219190004
22.1000004     0.00215765322
22.2000008     0.00212401268
22.3000011     0.00209096656
22.3999996     0.00205850299
22.5     0.00202660891
22.6000004     0.00199527387
22.7000008     0.00196448667
22.8000011     0.00193423615
22.8999996     0.00190451252
23.     0.00187530427
23.1000004     0.00184660149
23.2000008     0.00181839452
23.3000011     0.0017906737
23.3999996     0.00176342984
23.5     0.00173665257
23.6000004     0.00171033316
23.7000008     0.00168446312
23.8000011     0.0016590337
23.8999996     0.00163403677
24.     0.00160946313
24.1000004     0.00158530509
24.2000008     0.0015615545
24.3000011     0.0015382038
24.3999996     0.00151524565
24.5     0.00149267178
24.6000004     0.00147047557
24.7000008     0.00144864956
24.8000011     0.00142718689
24.8999996     0.00140608125
25.     0.0013853251
25.1000004     0.00136491202
25.2000008     0.00134483585
25.3000011     0.00132509007
25.3999996     0.0013056692
25.5     0.00128656649
25.6000004     0.00126777648
25.7000008     0.00124929321
25.8000011     0.001231111
25.8999996     0.00121322472
26.     0.00119562843
26.1000004     0.001178317
26.2000008     0.00116128521
26.3000011     0.00114452816
26.3999996     0.00112804095
26.5     0.00111181836
26.6000004     0.00109585572
26.7000008     0.00108014839
26.8000011     0.00106469181
26.8999996     0.0010494818
27.     0.00103451323
27.1000004     0.00101978227
27.2000008     0.00100528472
27.3000011     0.000991016394
27.3999996     0.00097697333
27.5     0.000963151047
27.6000004     0.000949545938
27.7000008     0.000936154276
27.8000011     0.00092297222
27.8999996     0.000909996452
28.     0.000897222781
28.1000004     0.000884647947
28.2000008     0.000872268516
28.3000011     0.000860081054
28.3999996     0.000848082535
28.5     0.000836269173
28.6000004     0.000824638002
28.7000008     0.000813185819
28.8000011     0.000801909657
28.8999996     0.000790806662
29.     0.000779873517
29.1000004     0.000769107428
29.2000008     0.000758505659
29.3000011     0.0007480653
29.3999996     0.000737783848
29.5     0.000727658276
29.6000004     0.000717686082
29.7000008     0.000707864645
29.8000011     0.000698191579
29.8999996     0.000688664441
30.     0.000679280434
30.1000004     0.000670037407
30.2000008     0.000660932972
30.3000011     0.000651964801
30.3999996     0.000643130799
30.5     0.000634428405
30.6000004     0.000625855697
30.7000008     0.000617410464
30.8000011     0.000609090552
30.8999996     0.000600893982
31.     0.0005928186
31.1000004     0.000584862428
31.2000008     0.00057702366
31.3000011     0.000569300319
31.3999996     0.000561690656
31.5     0.000554192462
31.6000004     0.000546804164
31.7000008     0.000539523899
31.8000011     0.000532350037
31.8999996     0.000525280891
32.     0.000518314482
32.1000023     0.000511449238
32.2000008     0.000504683878
32.2999992     0.000498016656
32.4000015     0.000491445651
32.5     0.000484969787
32.6000023     0.000478587055
32.7000008     0.000472296437
32.7999992     0.000466096273
32.9000015     0.000459984964
33.     0.000453961577
33.1000023     0.000448024191
33.2000008     0.000442171789
33.2999992     0.000436402945
33.4000015     0.000430716085
33.5     0.000425110455
33.6000023     0.000419584278
33.7000008     0.000414136681
33.7999992     0.000408766238
33.9000015     0.000403471582
34.     0.000398251985
34.1000023     0.000393105845
34.2000008     0.000388032378
34.2999992     0.000383030245
34.4000015     0.000378098193
34.5     0.000373235525
34.6000023     0.000368440786
34.7000008     0.000363713305
34.7999992     0.000359051832
34.9000015     0.000354455202
35.     0.000349922775
35.1000023     0.000345453242
35.2000008     0.000341046019
35.2999992     0.000336699915
35.4000015     0.000332413852
35.5     0.00032818722
35.6000023     0.000324018823
35.7000008     0.000319908111
35.7999992     0.000315854064
35.9000015     0.000311855663
36.     0.000307912356
36.1000023     0.000304023008
36.2000008     0.000300187123
36.2999992     0.000296403712
36.4000015     0.000292671844
36.5     0.000288991112
36.6000023     0.000285360438
36.7000008     0.000281779328
36.7999992     0.000278246967
36.9000015     0.000274762424
37.     0.000271325291
37.1000023     0.000267934578
37.2000008     0.000264589908
37.2999992     0.000261290406
37.4000015     0.000258035318
37.5     0.000254824205
37.6000023     0.000251656224
37.7000008     0.000248530938
37.7999992     0.00024544762
37.9000015     0.000242405556
38.     0.000239404369
38.1000023     0.000236443215
38.2000008     0.000233521743
38.2999992     0.000230639285
38.4000015     0.000227795128
38.5     0.000224988966
38.6000023     0.000222220013
38.7000008     0.000219487963
38.7999992     0.000216792148
38.9000015     0.000214131971
39.     0.000211507097
39.1000023     0.000208916812
39.2000008     0.000206360812
39.2999992     0.000203838543
39.4000015     0.000201349409
39.5     0.000198893133
39.6000023     0.000196469045
39.7000008     0.000194076885
39.7999992     0.00019171607
39.9000015     0.000189386104
40.     0.000187086713
40.1000023     0.000184817283
40.2000008     0.000182577583
40.2999992     0.000180367075
40.4000015     0.000178185292
40.5     0.000176031957
40.6000023     0.000173906534
40.7000008     0.000171808773
40.7999992     0.00016973821
40.9000015     0.000167694394
41.     0.000165677091
41.1000023     0.000163685807
41.2000008     0.000161720294
41.2999992     0.000159780131
41.4000015     0.000157864881
41.5     0.000155974354
41.6000023     0.000154108056
41.7000008     0.000152265799
41.7999992     0.000150447187
41.9000015     0.000148651801
42.     0.000146879465
42.1000023     0.000145129699
42.2000008     0.000143402358
42.2999992     0.000141697063
42.4000015     0.000140013435
42.5     0.000138351345
42.6000023     0.000136710325
42.7000008     0.000135090217
42.7999992     0.000133490656
42.9000015     0.000131911322
43.     0.000130352055
43.1000023     0.000128812448
43.2000008     0.000127292384
43.2999992     0.000125791499
43.4000015     0.000124309503
43.5     0.00012284625
43.6000023     0.000121401376
43.7000008     0.00011997472
43.7999992     0.000118565993
43.9000015     0.000117174888
44.     0.000115801282
44.1000023     0.00011444484
44.2000008     0.000113105431
44.2999992     0.000111782771
44.4000015     0.000110476591
44.5     0.00010918676
44.6000023     0.000107912951
44.7000008     0.000106655061
44.7999992     0.000105412822
44.9000015     0.000104185987
45.     0.000102974431
45.1000023     0.00010177787
45.2000008     0.000100596189
45.2999992     9.94291404E-05
45.4000015     9.82764905E-05
45.5     9.71381378E-05
45.6000023     9.60137986E-05
45.7000008     9.49033638E-05
45.7999992     9.38066223E-05
45.9000015     9.27233486E-05
46.     9.16534482E-05
46.1000023     9.0596659E-05
46.2000008     8.95528938E-05
46.2999992     8.85219342E-05
46.4000015     8.75035767E-05
46.5     8.64977192E-05
46.6000023     8.55041435E-05
46.7000008     8.45227478E-05
46.7999992     8.35533428E-05
46.9000015     8.25957322E-05
47.     8.16498432E-05
47.1000023     8.07154356E-05
47.2000008     7.97924367E-05
47.2999992     7.88806647E-05
47.4000015     7.79799375E-05
47.5     7.70901825E-05
47.6000023     7.62111886E-05
47.7000008     7.53428758E-05
47.7999992     7.44850768E-05
47.9000015     7.36376169E-05
48.     7.28004306E-05
48.1000023     7.19733289E-05
48.2000008     7.11562316E-05
48.2999992     7.03489932E-05
48.4000015     6.95514464E-05
48.5     6.87635329E-05
48.6000023     6.79850709E-05
48.7000008     6.72159804E-05
48.7999992     6.6456123E-05
48.9000015     6.57053461E-05
49.     6.49635986E-05
49.1000023     6.42307132E-05
49.2000008     6.35066244E-05
49.2999992     6.27911941E-05
49.4000015     6.20842839E-05
49.5     6.13858356E-05
49.6000023     6.06956892E-05
49.7000008     6.00137937E-05
49.7999992     5.93400146E-05
49.9000015     5.86742244E-05
50.     5.80163723E-05
50.1000023     5.73663092E-05
50.2000008     5.6723984E-05
50.2999992     5.60892804E-05
50.4000015     5.54620674E-05
50.5     5.48423086E-05
50.6000023     5.42298585E-05
50.7000008     5.36246698E-05
50.7999992     5.30266298E-05
50.9000015     5.24356219E-05
51.     5.18516099E-05
51.1000023     5.12744555E-05
51.2000008     5.07041186E-05
51.2999992     5.01404866E-05
51.4000015     4.95834611E-05
51.5     4.90330021E-05
51.6000023     4.84889788E-05
51.7000008     4.79513583E-05
51.7999992     4.74200388E-05
51.9000015     4.68949183E-05
52.     4.63759679E-05
52.1000023     4.58630675E-05
52.2000008     4.5356177E-05
52.2999992     4.48552055E-05
52.4000015     4.4360062E-05
52.5     4.38707029E-05
52.6000023     4.338703E-05
52.7000008     4.29090032E-05
52.7999992     4.24365353E-05
52.9000015     4.19695389E-05
53.     4.15079812E-05
53.1000023     4.10517678E-05
53.2000008     4.06008585E-05
53.2999992     4.0155177E-05
53.4000015     3.97146396E-05
53.5     3.92792135E-05
53.6000023     3.88488115E-05
53.7000008     3.84233972E-05
53.7999992     3.80028941E-05
53.9000015     3.7587226E-05
54.     3.71763672E-05
54.1000023     3.67702232E-05
54.2000008     3.63687686E-05
54.2999992     3.59719343E-05
54.4000015     3.55796437E-05
54.5     3.51918752E-05
54.6000023     3.4808545E-05
54.7000008     3.44296277E-05
54.7999992     3.40550578E-05
54.9000015     3.36847625E-05
55.     3.33187199E-05
55.1000023     3.29568538E-05
55.2000008     3.25991314E-05
55.2999992     3.2245498E-05
55.4000015     3.18958846E-05
55.5     3.15502766E-05
55.6000023     3.1208594E-05
55.7000008     3.08708222E-05
55.7999992     3.05368922E-05
55.9000015     3.0206751E-05
56.     2.98803734E-05
56.1000023     2.9557692E-05
56.2000008     2.92386849E-05
56.2999992     2.89232958E-05
56.4000015     2.86114719E-05
56.5     2.83031914E-05
56.6000023     2.79983906E-05
56.7000008     2.76970495E-05
56.7999992     2.73991172E-05
56.9000015     2.7104541E-05
57.     2.68133008E-05
57.1000023     2.65253384E-05
57.2000008     2.62406338E-05
57.2999992     2.59591379E-05
57.4000015     2.56808016E-05
57.5     2.54056067E-05
57.6000023     2.51334968E-05
57.7000008     2.48644556E-05
57.7999992     2.45984393E-05
57.9000015     2.43353988E-05
58.     2.40753179E-05
58.1000023     2.38181456E-05
58.2000008     2.35638636E-05
58.2999992     2.33124301E-05
58.4000015     2.30637997E-05
58.5     2.28179561E-05
58.6000023     2.25748536E-05
58.7000008     2.23344741E-05
58.7999992     2.20967777E-05
58.9000015     2.18617242E-05
59.     2.1629301E-05
59.1000023     2.13994572E-05
59.2000008     2.11721817E-05
59.2999992     2.09474347E-05
59.4000015     2.0725176E-05
59.5     2.05053966E-05
59.6000023     2.02880492E-05
59.7000008     2.00731229E-05
59.7999992     1.98605794E-05
59.9000015     1.96503861E-05
60.     1.94425302E-05
60.1000023     1.92369662E-05
60.2000008     1.90336868E-05
60.2999992     1.8832654E-05
60.4000015     1.8633833E-05
60.5     1.84372147E-05
60.6000023     1.82427611E-05
60.7000008     1.80504576E-05
60.7999992     1.78602768E-05
60.9000015     1.76721824E-05
61.     1.74861689E-05
61.1000023     1.73021945E-05
61.2000008     1.712025E-05
61.2999992     1.69403047E-05
61.4000015     1.67623311E-05
61.5     1.65863166E-05
61.6000023     1.64122266E-05
61.7000008     1.6240052E-05
61.7999992     1.60697655E-05
61.9000015     1.59013362E-05
62.     1.57347567E-05
62.1000023     1.55699927E-05
62.2000008     1.54070367E-05
62.2999992     1.52458633E-05
62.4000015     1.50864425E-05
62.5     1.4928768E-05
62.6000023     1.47728078E-05
62.7000008     1.46185539E-05
62.7999992     1.44659798E-05
62.9000015     1.4315061E-05
63.     1.41657902E-05
63.1000023     1.40181373E-05
63.2000008     1.38720952E-05
63.2999992     1.37276402E-05
63.4000015     1.35847467E-05
63.5     1.34434094E-05
63.6000023     1.33036001E-05
63.7000008     1.31653123E-05
63.7999992     1.30285225E-05
63.9000015     1.28932079E-05
64.     1.27593639E-05
64.0999985     1.2626967E-05
64.2000046     1.24959915E-05
64.3000031     1.23664404E-05
64.4000015     1.2238288E-05
64.5     1.21115181E-05
64.5999985     1.19861143E-05
64.7000046     1.18620537E-05
64.8000031     1.17393383E-05
64.9000015     1.16179444E-05
65.     1.14978557E-05
65.0999985     1.13790584E-05
65.2000046     1.12615298E-05
65.3000031     1.11452737E-05
65.4000015     1.10302653E-05
65.5     1.09164912E-05
65.5999985     1.08039376E-05
65.7000046     1.06925827E-05
65.8000031     1.05824283E-05
65.9000015     1.04734536E-05
66.     1.03656448E-05
66.0999985     1.02589875E-05
66.2000046     1.01534615E-05
66.3000031     1.00490724E-05
66.4000015     9.9457975E-06
66.5     9.84362487E-06
66.5999985     9.74254363E-06
66.7000046     9.64253195E-06
66.8000031     9.5435953E-06
66.9000015     9.44571184E-06
67.     9.34886975E-06
67.0999985     9.25305812E-06
67.2000046     9.15825694E-06
67.3000031     9.06446985E-06
67.4000015     8.97167865E-06
67.5     8.87987335E-06
67.5999985     8.7890412E-06
67.7000046     8.69916585E-06
67.8000031     8.61025001E-06
67.9000015     8.52227549E-06
68.     8.43523321E-06
68.0999985     8.34911225E-06
68.2000046     8.26389532E-06
68.3000031     8.17958608E-06
68.4000015     8.09616631E-06
68.5     8.01362876E-06
68.5999985     7.93196159E-06
68.7000046     7.85114935E-06
68.8000031     7.77119567E-06
68.9000015     7.69208327E-06
69.     7.61380397E-06
69.0999985     7.53634913E-06
69.2000046     7.45970328E-06
69.3000031     7.38387007E-06
69.4000015     7.30883357E-06
69.5     7.23458561E-06
69.5999985     7.16111754E-06
69.7000046     7.0884148E-06
69.8000031     7.01648014E-06
69.9000015     6.94529945E-06
70.     6.87486363E-06
70.0999985     6.80516541E-06
70.2000046     6.73619115E-06
70.3000031     6.66794358E-06
70.4000015     6.60040951E-06
70.5     6.5335812E-06
70.5999985     6.46745048E-06
70.7000046     6.40200551E-06
70.8000031     6.33724812E-06
70.9000015     6.27316649E-06
71.     6.20975288E-06
71.0999985     6.14700002E-06
71.2000046     6.08489563E-06
71.3000031     6.02344198E-06
71.4000015     5.96262817E-06
71.5     5.90244645E-06
71.5999985     5.84289E-06
71.7000046     5.78394702E-06
71.8000031     5.72562067E-06
71.9000015     5.66789868E-06
72.     5.61077559E-06
72.0999985     5.55424458E-06
72.2000046     5.49829429E-06
72.3000031     5.44292743E-06
72.4000015     5.38813356E-06
72.5     5.33390585E-06
72.5999985     5.28023929E-06
72.7000046     5.22712253E-06
72.8000031     5.17455874E-06
72.9000015     5.122537E-06
73.     5.07105187E-06
73.0999985     5.02009789E-06
73.2000046     4.96966459E-06
73.3000031     4.9197547E-06
73.4000015     4.87035868E-06
73.5     4.82147061E-06
73.5999985     4.77308504E-06
73.7000046     4.72519287E-06
73.8000031     4.67779637E-06
73.9000015     4.63088645E-06
74.     4.58445811E-06
74.0999985     4.53850589E-06
74.2000046     4.49302115E-06
74.3000031     4.44800571E-06
74.4000015     4.40345138E-06
74.5     4.35935272E-06
74.5999985     4.31570516E-06
74.7000046     4.27250006E-06
74.8000031     4.22973926E-06
74.9000015     4.18741547E-06
75.     4.14552369E-06
75.0999985     4.10405892E-06
75.2000046     4.06301388E-06
75.3000031     4.02238993E-06
75.4000015     3.98217981E-06
75.5     3.94237895E-06
75.5999985     3.90298328E-06
75.7000046     3.86398506E-06
75.8000031     3.82538565E-06
75.9000015     3.78717846E-06
76.     3.74935871E-06
76.0999985     3.71192255E-06
76.2000046     3.67486314E-06
76.3000031     3.63818208E-06
76.4000015     3.60187255E-06
76.5     3.56593068E-06
76.5999985     3.53035216E-06
76.7000046     3.49513061E-06
76.8000031     3.46026786E-06
76.9000015     3.42575709E-06
77.     3.39159465E-06
77.0999985     3.35777668E-06
77.2000046     3.32429681E-06
77.3000031     3.29115687E-06
77.4000015     3.25835049E-06
77.5     3.22587425E-06
77.5999985     3.19372452E-06
77.7000046     3.16189562E-06
77.8000031     3.1303889E-06
77.9000015     3.09919847E-06
78.     3.06832089E-06
78.0999985     3.037753E-06
78.2000046     3.00748934E-06
78.3000031     2.97753127E-06
78.4000015     2.94787287E-06
78.5     2.9185112E-06
78.5999985     2.88944307E-06
78.7000046     2.86066324E-06
78.8000031     2.8321731E-06
78.9000015     2.80396716E-06
79.     2.77604249E-06
79.0999985     2.7483959E-06
79.2000046     2.72102238E-06
79.3000031     2.69392331E-06
79.4000015     2.6670939E-06
79.5     2.64053119E-06
79.5999985     2.61423202E-06
79.7000046     2.58819227E-06
79.8000031     2.56241242E-06
79.9000015     2.53688813E-06
80.     2.51161691E-06
80.0999985     2.48659603E-06
80.2000046     2.46182071E-06
80.3000031     2.43729255E-06
80.4000015     2.41300677E-06
80.5     2.38896064E-06
80.5999985     2.36515211E-06
80.7000046     2.34157642E-06
80.8000031     2.31823515E-06
80.9000015     2.29512352E-06
81.     2.27223904E-06
81.0999985     2.24957967E-06
81.2000046     2.22714107E-06
81.3000031     2.20492439E-06
81.4000015     2.18292553E-06
81.5     2.16114267E-06
81.5999985     2.1395731E-06
81.7000046     2.11821293E-06
81.8000031     2.09706354E-06
81.9000015     2.07612084E-06
82.     2.05538277E-06
82.0999985     2.03484706E-06
82.2000046     2.0145103E-06
82.3000031     1.99437295E-06
82.4000015     1.97443183E-06
82.5     1.95468465E-06
82.5999985     1.93512938E-06
82.7000046     1.9157626E-06
82.8000031     1.89658522E-06
82.9000015     1.87759383E-06
83.     1.8587865E-06
83.0999985     1.84016108E-06
83.2000046     1.82171436E-06
83.3000031     1.80344728E-06
83.4000015     1.78535674E-06
83.5     1.76744072E-06
83.5999985     1.74969739E-06
83.7000046     1.73212368E-06
83.8000031     1.7147205E-06
83.9000015     1.69748444E-06
84.     1.68041402E-06
84.0999985     1.66350742E-06
84.2000046     1.64676169E-06
84.3000031     1.63017751E-06
84.4000015     1.61375192E-06
84.5     1.59748322E-06
84.5999985     1.5813697E-06
84.7000046     1.56540875E-06
84.8000031     1.54960117E-06
84.9000015     1.53394399E-06
85.     1.51843597E-06
85.0999985     1.50307517E-06
85.2000046     1.48785909E-06
85.3000031     1.47278854E-06
85.4000015     1.45786078E-06
85.5     1.44307421E-06
85.5999985     1.42842748E-06
85.7000046     1.41391797E-06
85.8000031     1.39954625E-06
85.9000015     1.38530993E-06
86.     1.37120742E-06
86.0999985     1.35723735E-06
86.2000046     1.34339746E-06
86.3000031     1.32968842E-06
86.4000015     1.31610773E-06
86.5     1.30265403E-06
86.5999985     1.28932595E-06
86.7000046     1.27612122E-06
86.8000031     1.26304064E-06
86.9000015     1.25008182E-06
87.     1.2372434E-06
87.0999985     1.22452423E-06
87.2000046     1.21192193E-06
87.3000031     1.19943729E-06
87.4000015     1.18706805E-06
87.5     1.17481295E-06
87.5999985     1.16267086E-06
87.7000046     1.15063972E-06
87.8000031     1.13872011E-06
87.9000015     1.12690986E-06
88.     1.11520797E-06
88.0999985     1.10361327E-06
88.2000046     1.09212351E-06
88.3000031     1.08073959E-06
88.4000015     1.06945947E-06
88.5     1.05828201E-06
88.5999985     1.04720607E-06
88.7000046     1.03622983E-06
88.8000031     1.02535364E-06
88.9000015     1.01457579E-06
89.     1.00389525E-06
89.0999985     9.93311005E-07
89.2000046     9.8282112E-07
89.3000031     9.72426278E-07
89.4000015     9.62124545E-07
89.5     9.51914899E-07
89.5999985     9.41796486E-07
89.7000046     9.31767488E-07
89.8000031     9.2182853E-07
89.9000015     9.11977907E-07
90.     9.02214595E-07
90.0999985     8.92537741E-07
90.2000046     8.82945585E-07
90.3000031     8.73438694E-07
90.4000015     8.64015476E-07
90.5     8.54675022E-07
90.5999985     8.45416366E-07
90.7000046     8.3623803E-07
90.8000031     8.27140354E-07
90.9000015     8.18121919E-07
91.     8.09181756E-07
91.0999985     8.00319015E-07
91.2000046     7.91532216E-07
91.3000031     7.82821928E-07
91.4000015     7.74186617E-07
91.5     7.6562543E-07
91.5999985     7.57137627E-07
91.7000046     7.48721675E-07
91.8000031     7.40378084E-07
91.9000015     7.32105434E-07
92.     7.23902929E-07
92.0999985     7.15769886E-07
92.2000046     7.07704885E-07
92.3000031     6.99708323E-07
92.4000015     6.91778894E-07
92.5     6.839158E-07
92.5999985     6.76118361E-07
92.7000046     6.68385212E-07
92.8000031     6.60716864E-07
92.9000015     6.53111954E-07
93.     6.45569855E-07
93.0999985     6.38089773E-07
93.2000046     6.30670513E-07
93.3000031     6.23312417E-07
93.4000015     6.1601429E-07
93.5     6.08775508E-07
93.5999985     6.01595389E-07
93.7000046     5.94472738E-07
93.8000031     5.87407897E-07
93.9000015     5.80399785E-07
94.     5.73447664E-07
94.0999985     5.66550852E-07
94.2000046     5.59708326E-07
94.3000031     5.52920426E-07
94.4000015     5.46186016E-07
94.5     5.3950447E-07
94.5999985     5.32875163E-07
94.7000046     5.26297015E-07
94.8000031     5.19770367E-07
94.9000015     5.1329414E-07
95.     5.06867764E-07
95.0999985     5.00490728E-07
95.2000046     4.94161895E-07
95.3000031     4.87881664E-07
95.4000015     4.81649067E-07
95.5     4.75463423E-07
95.5999985     4.69324249E-07
95.7000046     4.63230492E-07
95.8000031     4.5718258E-07
95.9000015     4.5117946E-07
96.     4.45220621E-07
96.0999985     4.39305467E-07
96.2000046     4.33433058E-07
96.3000031     4.27603737E-07
96.4000015     4.21816509E-07
96.5     4.1607089E-07
96.5999985     4.10366425E-07
96.7000046     4.04702178E-07
96.8000031     3.99078516E-07
96.9000015     3.9349456E-07
97.     3.87949768E-07
97.0999985     3.82443687E-07
97.2000046     3.76975379E-07
97.3000031     3.71545184E-07
97.4000015     3.66152108E-07
97.5     3.60795696E-07
97.5999985     3.5547535E-07
97.7000046     3.50190192E-07
97.8000031     3.44940474E-07
97.9000015     3.3972529E-07
98.     3.34544268E-07
98.0999985     3.29397153E-07
98.2000046     3.2428332E-07
98.3000031     3.19203309E-07
98.4000015     3.14156551E-07
98.5     3.09142763E-07
98.5999985     3.04161745E-07
98.7000046     2.99212871E-07
98.8000031     2.94296228E-07
98.9000015     2.89410281E-07
99.     2.84553892E-07
99.0999985     2.79725839E-07
99.2000046     2.7492456E-07
99.3000031     2.70149627E-07
99.4000015     2.65399507E-07
99.5     2.60672977E-07
99.5999985     2.55970122E-07
99.7000046     2.51292818E-07
99.8000031     2.46644248E-07
99.9000015     2.42026516E-07
100.     2.37442094E-07
100.099998     2.32893441E-07
100.200005     2.28382689E-07
100.300003     2.23912977E-07
100.400002     2.19483667E-07
100.5     2.15085635E-07
100.599998     2.10708009E-07
100.700005     2.06339564E-07
100.800003     2.01970124E-07
100.900002     1.97588449E-07
101.     1.93183681E-07
101.099998     1.88744949E-07
101.200005     1.84265303E-07
101.300003     1.79770012E-07
101.400002     1.75297032E-07
101.5     1.70884789E-07
101.599998     1.66571667E-07
101.700005     1.62395736E-07
101.800003     1.58396034E-07
101.900002     1.54610618E-07
102.     1.51074858E-07
102.099998     1.47741133E-07
102.200005     1.44470718E-07
102.300003     1.41120978E-07
102.400002     1.37548554E-07
102.5     1.33610328E-07
102.599998     1.29163197E-07
102.700005     1.24063618E-07
102.800003     1.18169275E-07
102.900002     1.11399515E-07
103.     1.03886279E-07
103.099998     9.58062714E-08
103.200005     8.73355432E-08
103.300003     7.86520928E-08
103.400002     6.99319997E-08
103.5     6.13519688E-08
103.599998     5.30886979E-08
103.700005     4.53131257E-08
103.800003     3.81131926E-08
103.900002     3.15060156E-08
104.     2.55073118E-08
104.099998     2.01328039E-08
104.200005     1.53978732E-08
104.300003     1.13189635E-08
104.400002     7.91140931E-09
104.5     5.19092946E-09
104.599998     3.15200377E-09
104.700005     1.71152481E-09
104.800003     7.69017738E-10
104.900002     2.23662838E-10
105.     2.52281217E-11
105.099998     7.83434151E-11
105.200005     3.63670205E-11
105.300003     0.
