                                                  

          SCF
   -16806.11297
   -16806.20231
   -16806.18938
   -16805.89475
   -16805.98259
   -16806.19189
   -16805.37877
   -16804.32761
   -16802.82775
   -16800.62374
   -16797.89657
   -16794.59163
   -16790.67606
   -16786.17548
   -16732.52873
                                                  

          SCF
   -16806.11301
   -16806.20236
   -16806.18940
   -16805.89476
   -16805.98260
   -16806.19691
   -16805.37877
   -16688.83265
   -16802.82775
   -16800.62374
   -16797.89657
   -16794.59164
   -16790.67606
   -16786.17549
   -16732.52874
                                                  

          SCF
        0.00000
        0.00000
        0.00000
        0.00000
        0.00000
        0.00000
        0.00000
   -16804.32761
                                                  
