  1.363600441568433E-006  -10266476.7081435     
  1.375960561541763E-006  -10174249.8099344     
  1.388432717681331E-006  -10082851.3769870     
  1.401017925519559E-006  -9992273.96727839     
  1.413717209793982E-006  -9902510.20563651     
  1.426531604530696E-006  -9813552.78313993     
  1.439462153128542E-006  -9725394.45652248     
  1.452509908444074E-006  -9638028.04758356     
  1.465675932877279E-006  -9551446.44260363     
  1.478961298458085E-006  -9465642.59176503     
  1.492367086933650E-006  -9380609.50857790     
  1.505894389856442E-006  -9296340.26931135     
  1.519544308673116E-006  -9212828.01242970     
  1.533317954814200E-006  -9130065.93803376     
  1.547216449784592E-006  -9048047.30730719     
  1.561240925254877E-006  -8966765.44196776     
  1.575392523153472E-006  -8886213.72372364     
  1.589672395759605E-006  -8806385.59373442     
  1.604081705797140E-006  -8727274.55207716     
  1.618621626529250E-006  -8648874.15721708     
  1.633293341853950E-006  -8571178.02548307     
  1.648098046400493E-006  -8494179.83054793     
  1.663036945626640E-006  -8417873.30291325     
  1.678111255916817E-006  -8342252.22939889     
  1.693322204681155E-006  -8267310.45263712     
  1.708671030455433E-006  -8193041.87057124     
  1.724158983001921E-006  -8119440.43595874     
  1.739787323411144E-006  -8046500.15587890     
  1.755557324204562E-006  -7974215.09124482     
  1.771470269438187E-006  -7902579.35631984     
  1.787527454807135E-006  -7831587.11823830     
  1.803730187751122E-006  -7761232.59653060     
  1.820079787560929E-006  -7691510.06265255     
  1.836577585485819E-006  -7622413.83951892     
  1.853224924841930E-006  -7553938.30104115     
  1.870023161121660E-006  -7486077.87166933     
  1.886973662104032E-006  -7418827.02593815     
  1.904077807966065E-006  -7352180.28801702     
  1.921336991395153E-006  -7286132.23126419     
  1.938752617702465E-006  -7220677.47778494     
  1.956326104937367E-006  -7155810.69799363     
  1.974058884002889E-006  -7091526.61017978     
  1.991952398772236E-006  -7027819.98007799     
  2.010008106206349E-006  -6964685.62044176     
  2.028227476472539E-006  -6902118.39062113     
  2.046611993064195E-006  -6840113.19614411     
  2.065163152921574E-006  -6778664.98830182     
  2.083882466553690E-006  -6717768.76373747     
  2.102771458161301E-006  -6657419.56403893     
  2.121831665761023E-006  -6597612.47533501     
  2.141064641310555E-006  -6538342.62789533     
  2.160471950835047E-006  -6479605.19573384     
  2.180055174554614E-006  -6421395.39621586     
  2.199815907013001E-006  -6363708.48966863     
  2.219755757207422E-006  -6306539.77899543     
  2.239876348719562E-006  -6249884.60929309     
  2.260179319847786E-006  -6193738.36747300     
  2.280666323740528E-006  -6138096.48188544     
  2.301339028530901E-006  -6082954.42194741     
  2.322199117472519E-006  -6028307.69777370     
  2.343248289076560E-006  -5974151.85981128     
  2.364488257250062E-006  -5920482.49847702     
  2.385920751435473E-006  -5867295.24379867     
  2.407547516751477E-006  -5814585.76505899     
  2.429370314135080E-006  -5762349.77044319     
  2.451390920485000E-006  -5710583.00668938     
  2.473611128806343E-006  -5659281.25874236     
  2.496032748356599E-006  -5608440.34941034     
  2.518657604792963E-006  -5558056.13902483     
  2.541487540320978E-006  -5508124.52510358     
  2.564524413844543E-006  -5458641.44201656     
  2.587770101117270E-006  -5409602.86065488     
  2.611226494895212E-006  -5361004.78810275     
  2.634895505090983E-006  -5312843.26731235     
  2.658779058929270E-006  -5265114.37678165     
  2.682879101103753E-006  -5217814.23023507     
  2.707197593935450E-006  -5170938.97630708     
  2.731736517532500E-006  -5124484.79822860     
  2.756497869951389E-006  -5078447.91351618     
  2.781483667359637E-006  -5032824.57366410     
  2.806695944199969E-006  -4987611.06383907     
  2.832136753355961E-006  -4942803.70257779     
  2.857808166319198E-006  -4898398.84148720     
  2.883712273357942E-006  -4854392.86494739     
  2.909851183687327E-006  -4810782.18981721     
  2.936227025641104E-006  -4767563.26514252     
  2.962841946844939E-006  -4724732.57186707     
  2.989698114391273E-006  -4682286.62254593     
  3.016797715015786E-006  -4640221.96106155     
  3.044142955275441E-006  -4598535.16234238     
  3.071736061728159E-006  -4557222.83208391     
  3.099579281114105E-006  -4516281.60647237     
  3.127674880538635E-006  -4475708.15191078     
  3.156025147656883E-006  -4435499.16474755     
  3.184632390860042E-006  -4395651.37100747     
  3.213498939463317E-006  -4356161.52612513     
  3.242627143895584E-006  -4317026.41468074     
  3.272019375890776E-006  -4278242.85013831     
  3.301678028680996E-006  -4239807.67458618     
  3.331605517191387E-006  -4201717.75847992     
  3.361804278236762E-006  -4163970.00038750     
  3.392276770720018E-006  -4126561.32673672     
  3.423025475832354E-006  -4089488.69156503     
  3.454052897255295E-006  -4052749.07627141     
  3.485361561364553E-006  -4016339.48937068     
  3.516954017435736E-006  -3980256.96624987     
  3.548832837851921E-006  -3944498.56892683     
  3.581000618313101E-006  -3909061.38581103     
  3.613459978047546E-006  -3873942.53146646     
  3.646213560025065E-006  -3839139.14637673     
  3.679264031172210E-006  -3804648.39671218     
  3.712614082589425E-006  -3770467.47409917     
  3.746266429770170E-006  -3736593.59539142     
  3.780223812822025E-006  -3703024.00244337     
  3.814488996689796E-006  -3669755.96188562     
  3.849064771380659E-006  -3636786.76490236     
  3.883953952191324E-006  -3604113.72701082     
  3.919159379937266E-006  -3571734.18784265     
  3.954683921184045E-006  -3539645.51092737     
  3.990530468480707E-006  -3507845.08347761     
  4.026701940595307E-006  -3476330.31617646     
  4.063201282752568E-006  -3445098.64296656     
  4.100031466873690E-006  -3414147.52084122     
  4.137195491818340E-006  -3383474.42963731     
  4.174696383628830E-006  -3353076.87183009     
  4.212537195776505E-006  -3322952.37232983     
  4.250721009410375E-006  -3293098.47828033     
  4.289250933607989E-006  -3263512.75885910     
  4.328130105628594E-006  -3234192.80507954     
  4.367361691168576E-006  -3205136.22959472     
  4.406948884619229E-006  -3176340.66650302     
  4.446894909326858E-006  -3147803.77115548     
  4.487203017855224E-006  -3119523.21996491     
  4.527876492250395E-006  -3091496.71021665     
  4.568918644307975E-006  -3063721.95988113     
  4.610332815842764E-006  -3036196.70742801     
  4.652122378960865E-006  -3008918.71164208     
  4.694290736334254E-006  -2981885.75144071     
  4.736841321477835E-006  -2955095.62569308     
  4.779777599029012E-006  -2928546.15304090     
  4.823103065029800E-006  -2902235.17172079     
  4.866821247211476E-006  -2876160.53938831     
  4.910935705281827E-006  -2850320.13294347     
  4.955450031214997E-006  -2824711.84835789     
  5.000367849543955E-006  -2799333.60050348     
  5.045692817655622E-006  -2774183.32298264     
  5.091428626088669E-006  -2749258.96796002     
  5.137578998834014E-006  -2724558.50599579     
  5.184147693638048E-006  -2700079.92588036     
  5.231138502308603E-006  -2675821.23447065     
  5.278555251023695E-006  -2651780.45652779     
  5.326401800643068E-006  -2627955.63455630     
  5.374682047022558E-006  -2604344.82864468     
  5.423399921331319E-006  -2580946.11630745     
  5.472559390371896E-006  -2557757.59232867     
  5.522164456903236E-006  -2534777.36860674     
  5.572219159966602E-006  -2512003.57400069     
  5.622727575214440E-006  -2489434.35417785     
  5.673693815242246E-006  -2467067.87146283     
  5.725122029923426E-006  -2444902.30468789     
  5.777016406747192E-006  -2422935.84904467     
  5.829381171159529E-006  -2401166.71593724     
  5.882220586907242E-006  -2379593.13283643     
  5.935538956385134E-006  -2358213.34313554     
  5.989340620986320E-006  -2337025.60600730     
  6.043629961455716E-006  -2316028.19626212     
  6.098411398246746E-006  -2295219.40420761     
  6.153689391881268E-006  -2274597.53550940     
  6.209468443312766E-006  -2254160.91105315     
  6.265753094292838E-006  -2233907.86680783     
  6.322547927741000E-006  -2213836.75369026     
  6.379857568117854E-006  -2193945.93743081     
  6.437686681801618E-006  -2174233.79844031     
  6.496039977468090E-006  -2154698.73167824     
  6.554922206474043E-006  -2135339.14652197     
  6.614338163244101E-006  -2116153.46663730     
  6.674292685661119E-006  -2097140.12985008     
  6.734790655460102E-006  -2078297.58801902     
  6.795836998625700E-006  -2059624.30690963     
  6.857436685793291E-006  -2041118.76606930     
  6.919594732653725E-006  -2022779.45870350     
  6.982316200361703E-006  -2004604.89155308     
  7.045606195947893E-006  -1986593.58477270     
  7.109469872734757E-006  -1968744.07181034     
  7.173912430756153E-006  -1951054.89928784     
  7.238939117180746E-006  -1933524.62688263     
  7.304555226739253E-006  -1916151.82721039     
  7.370766102155561E-006  -1898935.08570888     
  7.437577134581750E-006  -1881873.00052271     
  7.504993764037064E-006  -1864964.18238924     
  7.573021479850865E-006  -1848207.25452543     
  7.641665821109581E-006  -1831600.85251576     
  7.710932377107733E-006  -1815143.62420110     
  7.780826787803038E-006  -1798834.22956867     
  7.851354744275630E-006  -1782671.34064285     
  7.922521989191447E-006  -1766653.64137713     
  7.994334317269836E-006  -1750779.82754690     
  8.066797575755371E-006  -1735048.60664329     
  8.139917664893958E-006  -1719458.69776790     
  8.213700538413265E-006  -1704008.83152851     
  8.288152204007489E-006  -1688697.74993573     
  8.363278723826533E-006  -1673524.20630058     
  8.439086214969608E-006  -1658486.96513295     
  8.515580849983308E-006  -1643584.80204103     
  8.592768857364207E-006  -1628816.50363159     
  8.670656522066010E-006  -1614180.86741120     
  8.749250186011294E-006  -1599676.70168831     
  8.828556248607892E-006  -1585302.82547623     
  8.908581167269967E-006  -1571058.06839694     
  8.989331457943789E-006  -1556941.27058582     
  9.070813695638293E-006  -1542951.28259721     
  9.153034514960450E-006  -1529086.96531080     
  9.236000610655472E-006  -1515347.18983888     
  9.319718738151926E-006  -1501730.83743444     
  9.404195714111796E-006  -1488236.79940007     
  9.489438416985517E-006  -1474863.97699767     
  9.575453787572047E-006  -1461611.28135900     
  9.662248829584013E-006  -1448477.63339701     
  9.749830610217976E-006  -1435461.96371800     
  9.838206260729884E-006  -1422563.21253452     
  9.927382977015718E-006  -1409780.32957910     
  1.001736802019740E-005  -1397112.27401869     
  1.010816871721406E-005  -1384558.01436998     
  1.019979246141857E-005  -1372116.52841536     
  1.029224671317959E-005  -1359786.80311968     
  1.038553900048897E-005  -1347567.83454781     
  1.047967691957478E-005  -1335458.62778287     
  1.057466813551974E-005  -1323458.19684522     
  1.067052038288543E-005  -1311565.56461218     
  1.076724146634197E-005  -1299779.76273846     
  1.086483926130361E-005  -1288099.83157732     
  1.096332171456990E-005  -1276524.82010245     
  1.106269684497279E-005  -1265053.78583050     
  1.116297274402952E-005  -1253685.79474437     
  1.126415757660153E-005  -1242419.92121714     
  1.136625958155919E-005  -1231255.24793669     
  1.146928707245270E-005  -1220190.86583106     
  1.157324843818900E-005  -1209225.87399436     
  1.167815214371481E-005  -1198359.37961347     
  1.178400673070591E-005  -1187590.49789532     
  1.189082081826262E-005  -1176918.35199486     
  1.199860310361157E-005  -1166342.07294362     
  1.210736236281394E-005  -1155860.79957903     
  1.221710745147996E-005  -1145473.67847424     
  1.232784730549003E-005  -1135179.86386864     
  1.243959094172227E-005  -1124978.51759903     
  1.255234745878674E-005  -1114868.80903134     
  1.266612603776628E-005  -1104849.91499299     
  1.278093594296405E-005  -1094921.01970589     
  1.289678652265788E-005  -1085081.31472002     
  1.301368720986148E-005  -1075329.99884755     
  1.313164752309243E-005  -1065666.27809769     
  1.325067706714729E-005  -1056089.36561196     
  1.337078553388364E-005  -1046598.48160016     
  1.349198270300920E-005  -1037192.85327687     
  1.361427844287818E-005  -1027871.71479853     
  1.373768271129477E-005  -1018634.30720108     
  1.386220555632394E-005  -1009479.87833815     
  1.398785711710963E-005  -1000407.68281983     
  1.411464762470026E-005  -991416.981951983     
  1.424258740288184E-005  -982507.043676089     
  1.437168686901854E-005  -973677.142509632     
  1.450195653490092E-005  -964926.559487038     
  1.463340700760187E-005  -956254.582101132     
  1.476604899034022E-005  -947660.504245120     
  1.489989328335228E-005  -939143.626155096     
  1.503495078477126E-005  -930703.254353068     
  1.517123249151457E-005  -922338.701590488     
  1.530874950017930E-005  -914049.286792293     
  1.544751300794571E-005  -905834.335001454     
  1.558753431348897E-005  -897693.177324013     
  1.572882481789913E-005  -889625.150874624     
  1.587139602560944E-005  -881629.598722573     
  1.601525954533309E-005  -873705.869838293     
  1.616042709100845E-005  -865853.319040351     
  1.630691048275285E-005  -858071.306942916     
  1.645472164782504E-005  -850359.199903697     
  1.660387262159630E-005  -842716.369972354     
  1.675437554853050E-005  -835142.194839358     
  1.690624268317286E-005  -827636.057785331     
  1.705948639114783E-005  -820197.347630823     
  1.721411915016589E-005  -812825.458686550     
  1.737015355103959E-005  -805519.790704075     
  1.752760229870871E-005  -798279.748826937     
  1.768647821327475E-005  -791104.743542209     
  1.784679423104482E-005  -783994.190632504     
  1.800856340558492E-005  -776947.511128403     
  1.817179890878285E-005  -769964.131261311     
  1.833651403192070E-005  -763043.482416743     
  1.850272218675710E-005  -756185.001088021     
  1.867043690661921E-005  -749388.128830394     
  1.883967184750473E-005  -742652.312215564     
  1.901044078919375E-005  -735977.002786627     
  1.918275763637080E-005  -729361.657013414     
  1.935663641975704E-005  -722805.736248234     
  1.953209129725262E-005  -716308.706682017     
  1.970913655508958E-005  -709870.039300847     
  1.988778660899499E-005  -703489.209842889     
  2.006805600536481E-005  -697165.698755700     
  2.024995942244827E-005  -690898.991153929     
  2.043351167154305E-005  -684688.576777386     
  2.061872769820127E-005  -678533.949949502     
  2.080562258344643E-005  -672434.609536150     
  2.099421154500134E-005  -666390.058904842     
  2.118450993852724E-005  -660399.805884293     
  2.137653325887408E-005  -654463.362724343     
  2.157029714134221E-005  -648580.246056244     
  2.176581736295544E-005  -642749.976853305     
  2.196310984374569E-005  -636972.080391882     
  2.216219064804924E-005  -631246.086212729     
  2.236307598581476E-005  -625571.528082691     
  2.256578221392321E-005  -619947.943956738     
  2.277032583751966E-005  -614374.875940345     
  2.297672351135719E-005  -608851.870252212     
  2.318499204115301E-005  -603378.477187310     
  2.339514838495687E-005  -597954.251080268     
  2.360720965453179E-005  -592578.750269081     
  2.382119311674740E-005  -587251.537059154     
  2.403711619498591E-005  -581972.177687658     
  2.425499647056075E-005  -576740.242288215     
  2.447485168414809E-005  -571555.304855893     
  2.469669973723141E-005  -566416.943212523     
  2.492055869355909E-005  -561324.738972320     
  2.514644678061523E-005  -556278.277507817     
  2.537438239110378E-005  -551277.147916107     
  2.560438408444618E-005  -546320.942985383     
  2.583647058829253E-005  -541409.259161783     
  2.607066080004650E-005  -536541.696516530     
  2.630697378840393E-005  -531717.858713366     
  2.654542879490562E-005  -526937.352976286     
  2.678604523550396E-005  -522199.790057552     
  2.702884270214386E-005  -517504.784206001     
  2.727384096435804E-005  -512851.953135636     
  2.752105997087671E-005  -508240.917994497     
  2.777051985125192E-005  -503671.303333814     
  2.802224091749651E-005  -499142.737077439     
  2.827624366573808E-005  -494654.850491544     
  2.853254877788782E-005  -490207.278154605     
  2.879117712332450E-005  -485799.657927642     
  2.905214976059379E-005  -481431.630924735     
  2.931548793912287E-005  -477102.841483800     
  2.958121310095068E-005  -472812.937137633     
  2.984934688247383E-005  -468561.568585208     
  3.011991111620828E-005  -464348.389663234     
  3.039292783256703E-005  -460173.057317974     
  3.066841926165398E-005  -456035.231577308     
  3.094640783507392E-005  -451934.575523054     
  3.122691618775907E-005  -447870.755263530     
  3.150996715981205E-005  -443843.439906375     
  3.179558379836563E-005  -439852.301531598     
  3.208378935945933E-005  -435897.015164883     
  3.237460730993303E-005  -431977.258751126     
  3.266806132933768E-005  -428092.713128216     
  3.296417531186343E-005  -424243.062001039     
  3.326297336828519E-005  -420427.991915732     
  3.356447982792580E-005  -416647.192234159     
  3.386871924063705E-005  -412900.355108613     
  3.417571637879856E-005  -409187.175456756     
  3.448549623933496E-005  -405507.350936772     
  3.479808404575112E-005  -401860.581922755     
  3.511350525018603E-005  -398246.571480307     
  3.543178553548518E-005  -394665.025342365     
  3.575295081729174E-005  -391115.651885237     
  3.607702724615677E-005  -387598.162104859     
  3.640404120966846E-005  -384112.269593261     
  3.673401933460071E-005  -380657.690515251     
  3.706698848908121E-005  -377234.143585297     
  3.740297578477914E-005  -373841.350044630     
  3.774200857911269E-005  -370479.033638544     
  3.808411447747666E-005  -367146.920593902     
  3.842932133549013E-005  -363844.739596844     
  3.877765726126467E-005  -360572.221770695     
  3.912915061769288E-005  -357329.100654075     
  3.948383002475796E-005  -354115.112179201     
  3.984172436186395E-005  -350929.994650382     
  4.020286277018724E-005  -347773.488722717     
  4.056727465504940E-005  -344645.337380975     
  4.093498968831141E-005  -341545.285918666     
  4.130603781078971E-005  -338473.081917305     
  4.168044923469407E-005  -335428.475225856     
  4.205825444608761E-005  -332411.217940369     
  4.243948420736910E-005  -329421.064383787     
  4.282416955977773E-005  -326457.771085949     
  4.321234182592062E-005  -323521.096763761     
  4.360403261232325E-005  -320610.802301553     
  4.399927381200296E-005  -317726.650731607     
  4.439809760706583E-005  -314868.407214863     
  4.480053647132709E-005  -312035.839021797     
  4.520662317295517E-005  -309228.715513473     
  4.561639077713997E-005  -306446.808122761     
  4.602987264878502E-005  -303689.890335729     
  4.644710245522428E-005  -300957.737673194     
  4.686811416896336E-005  -298250.127672453     
  4.729294207044584E-005  -295566.839869158     
  4.772162075084440E-005  -292907.655779375     
  4.815418511487740E-005  -290272.358881789     
  4.859067038365101E-005  -287660.734600074     
  4.903111209752699E-005  -285072.570285423     
  4.947554611901656E-005  -282507.655199232     
  4.992400863570044E-005  -279965.780495943     
  5.037653616317547E-005  -277446.739206035     
  5.083316554802770E-005  -274950.326219176     
  5.129393397083275E-005  -272476.338267518     
  5.175887894918308E-005  -270024.573909151     
  5.222803834074291E-005  -267594.833511697     
  5.270145034633066E-005  -265186.919236056     
  5.317915351302945E-005  -262800.635020297     
  5.366118673732580E-005  -260435.786563695     
  5.414758926827665E-005  -258092.181310909     
  5.463840071070526E-005  -255769.628436304     
  5.513366102842588E-005  -253467.938828414     
  5.563341054749792E-005  -251186.925074542     
  5.613768995950929E-005  -248926.401445502     
  5.664654032488980E-005  -246686.183880493     
  5.716000307625439E-005  -244466.089972117     
  5.767812002177676E-005  -242265.938951523     
  5.820093334859357E-005  -240085.551673688     
  5.872848562623948E-005  -237924.750602831     
  5.926081981011327E-005  -235783.359797961     
  5.979797924497556E-005  -233661.204898545     
  6.034000766847802E-005  -231558.113110313     
  6.088694921472463E-005  -229473.913191192     
  6.143884841786541E-005  -227408.435437357     
  6.199575021572240E-005  -225361.511669419     
  6.255769995344874E-005  -223332.975218724     
  6.312474338722088E-005  -221322.660913791     
  6.369692668796422E-005  -219330.405066855     
  6.427429644511246E-005  -217356.045460543     
  6.485689967040124E-005  -215399.421334666     
  6.544478380169581E-005  -213460.373373128     
  6.603799670685384E-005  -211538.743690952     
  6.663658668762284E-005  -209634.375821428     
  6.724060248357320E-005  -207747.114703372     
  6.785009327606664E-005  -205876.806668498     
  6.846510869226082E-005  -204023.299428909     
  6.908569880915023E-005  -202186.442064693     
  6.971191415764354E-005  -200366.085011638     
  7.034380572667813E-005  -198562.080049054     
  7.098142496737175E-005  -196774.280287701     
  7.162482379721186E-005  -195002.540157833     
  7.227405460428308E-005  -193246.715397341     
  7.292917025153266E-005  -191506.663040009     
  7.359022408107492E-005  -189782.241403873     
  7.425726991853452E-005  -188073.310079684     
  7.493036207742919E-005  -186379.729919477     
  7.560955536359210E-005  -184701.363025236     
  7.629490507963441E-005  -183038.072737674     
  7.698646702944825E-005  -181389.723625098     
  7.768429752275042E-005  -179756.181472386     
  7.838845337966744E-005  -178137.313270057     
  7.909899193536195E-005  -176532.987203442     
  7.981597104470133E-005  -174943.072641948     
  8.053944908696831E-005  -173367.440128428     
  8.126948497061454E-005  -171805.961368631     
  8.200613813805713E-005  -170258.509220766     
  8.274946857051869E-005  -168724.957685140     
  8.349953679291120E-005  -167205.181893906     
  8.425640387876426E-005  -165699.058100891     
  8.502013145519786E-005  -164206.463671522     
  8.579078170794037E-005  -162727.277072840     
  8.656841738639190E-005  -161261.377863608     
  8.735310180873363E-005  -159808.646684497     
  8.814489886708348E-005  -158368.965248372     
  8.894387303269833E-005  -156942.216330662     
  8.975008936122359E-005  -155528.283759811     
  9.056361349799039E-005  -154127.052407822     
  9.138451168336051E-005  -152738.408180880     
  9.221285075812004E-005  -151362.238010064     
  9.304869816892180E-005  -149998.429842143     
  9.389212197377710E-005  -148646.872630444     
  9.474319084759731E-005  -147307.456325822     
  9.560197408778563E-005  -145980.071867686     
  9.646854161987959E-005  -144664.611175131     
  9.734296400324460E-005  -143360.967138130     
  9.822531243681926E-005  -142069.033608815     
  9.911565876491256E-005  -140788.705392833     
  1.000140754830539E-004  -139519.878240785     
  1.009206357438956E-004  -138262.448839730     
  1.018354133631698E-004  -137016.314804781     
  1.027584828256985E-004  -135781.374670762     
  1.036899192914582E-004  -134557.527883949     
  1.046297986017004E-004  -133344.674793884     
  1.055781972851262E-004  -132142.716645257     
  1.065351925641180E-004  -130951.555569869     
  1.075008623610269E-004  -129771.094578661     
  1.084752853045178E-004  -128601.237553818     
  1.094585407359717E-004  -127441.889240941     
  1.104507087159453E-004  -126292.955241292     
  1.114518700306910E-004  -125154.342004109     
  1.124621061987336E-004  -124025.956818986     
  1.134814994775087E-004  -122907.707808327     
  1.145101328700603E-004  -121799.503919861     
  1.155480901317989E-004  -120701.254919234     
  1.165954557773214E-004  -119612.871382656     
  1.176523150872928E-004  -118534.264689622     
  1.187187541153899E-004  -117465.347015700     
  1.197948596953079E-004  -116406.031325371     
  1.208807194478312E-004  -115356.231364952     
  1.219764217879676E-004  -114315.861655567     
  1.230820559321474E-004  -113284.837486187     
  1.241977119054878E-004  -112263.074906736     
  1.253234805491230E-004  -111250.490721253     
  1.264594535276010E-004  -110247.002481117     
  1.276057233363472E-004  -109252.528478336     
  1.287623833091957E-004  -108266.987738894     
  1.299295276259891E-004  -107290.300016154     
  1.311072513202467E-004  -106322.385784328     
  1.322956502869028E-004  -105363.166232002     
  1.334948212901147E-004  -104412.563255716     
  1.347048619711415E-004  -103470.499453605     
  1.359258708562949E-004  -102536.898119098     
  1.371579473649610E-004  -101611.683234672     
  1.384011918176957E-004  -100694.779465663     
  1.396557054443934E-004  -99786.1121541295     
  1.409215903925290E-004  -98885.6073127749     
  1.421989497354760E-004  -97993.1916189242     
  1.434878874808983E-004  -97108.7924085525     
  1.447885085792191E-004  -96232.3376703689     
  1.461009189321669E-004  -95363.7560399529     
  1.474252254013979E-004  -94502.9767939436     
  1.487615358171972E-004  -93649.9298442813     
  1.501099589872590E-004  -92804.5457325005     
  1.514706047055458E-004  -91966.7556240744     
  1.528435837612286E-004  -91136.4913028099     
  1.542290079477077E-004  -90313.6851652936     
  1.556269900717151E-004  -89498.2702153869     
  1.570376439625001E-004  -88690.1800587709     
  1.584610844810973E-004  -87889.3488975407     
  1.598974275296793E-004  -87095.7115248473     
  1.613467900609942E-004  -86309.2033195888     
  1.628092900878874E-004  -85529.7602411481     
  1.642850466929120E-004  -84757.3188241791     
  1.657741800380235E-004  -83991.8161734384     
  1.672768113743654E-004  -83233.1899586648     
  1.687930630521406E-004  -82481.3784095035     
  1.703230585305746E-004  -81736.3203104771     
  1.718669223879674E-004  -80997.9549960006     
  1.734247803318375E-004  -80266.2223454424     
  1.749967592091576E-004  -79541.0627782284     
  1.765829870166824E-004  -78822.4172489913     
  1.781835929113715E-004  -78110.2272427626     
  1.797987072209051E-004  -77404.4347702078     
  1.814284614542961E-004  -76704.9823629052     
  1.830729883125981E-004  -76011.8130686665     
  1.847324216997103E-004  -75324.8704468992     
  1.864068967332809E-004  -74644.0985640111     
  1.880965497557083E-004  -73969.4419888564     
  1.898015183452431E-004  -73300.8457882215     
  1.915219413271901E-004  -72638.2555223528     
  1.932579587852119E-004  -71981.6172405239     
  1.950097120727354E-004  -71330.8774766421     
  1.967773438244610E-004  -70685.9832448958     
  1.985609979679768E-004  -70046.8820354396     
  2.003608197354774E-004  -69413.5218101193     
  2.021769556755895E-004  -68785.8509982341     
  2.040095536653045E-004  -68163.8184923379     
  2.058587629220192E-004  -67547.3736440779     
  2.077247340156856E-004  -66936.4662600705     
  2.096076188810708E-004  -66331.0465978145     
  2.115075708301287E-004  -65731.0653616408     
  2.134247445644822E-004  -65136.4736986983     
  2.153592961880209E-004  -64547.2231949768     
  2.173113832196106E-004  -63963.2658713640     
  2.192811646059198E-004  -63384.5541797397     
  2.212688007343617E-004  -62811.0409991036     
  2.232744534461529E-004  -62242.6796317390     
  2.252982860494922E-004  -61679.4237994102     
  2.273404633328570E-004  -61121.2276395945     
  2.294011515784214E-004  -60568.0457017478     
  2.314805185755954E-004  -60019.8329436038     
  2.335787336346870E-004  -59476.5447275065     
  2.356959676006884E-004  -58938.1368167759     
  2.378323928671863E-004  -58404.5653721056     
  2.399881833903994E-004  -57875.7869479936     
  2.421635147033425E-004  -57351.7584892046     
  2.443585639301188E-004  -56832.4373272644     
  2.465735098003421E-004  -56317.7811769856     
  2.488085326636904E-004  -55807.7481330244     
  2.510638145045895E-004  -55302.2966664689     
  2.533395389570319E-004  -54801.3856214573     
  2.556358913195284E-004  -54304.9742118272     
  2.579530585701961E-004  -53813.0220177939     
  2.602912293819829E-004  -53325.4889826603     
  2.626505941380300E-004  -52842.3354095543     
  2.650313449471734E-004  -52363.5219581973     
  2.674336756595865E-004  -51889.0096417006     
  2.698577818825641E-004  -51418.7598233908     
  2.723038609964493E-004  -50952.7342136642     
  2.747721121707051E-004  -50490.8948668691     
  2.772627363801317E-004  -50033.2041782156     
  2.797759364212304E-004  -49579.6248807143     
  2.823119169287166E-004  -49130.1200421415     
  2.848708843921812E-004  -48684.6530620321     
  2.874530471729045E-004  -48243.1876686996     
  2.900586155208215E-004  -47805.6879162826     
  2.926878015916412E-004  -47372.1181818177     
  2.953408194641212E-004  -46942.4431623395     
  2.980178851574993E-004  -46516.6278720057     
  3.007192166490818E-004  -46094.6376392482     
  3.034450338919929E-004  -45676.4381039507     
  3.061955588330835E-004  -45261.9952146504     
  3.089710154310034E-004  -44851.2752257654     
  3.117716296744369E-004  -44444.2446948474     
  3.145976296005033E-004  -44040.8704798583     
  3.174492453133251E-004  -43641.1197364718     
  3.203267090027637E-004  -43244.9599153990     
  3.232302549633254E-004  -42852.3587597384     
  3.261601196132380E-004  -42463.2843023490     
  3.291165415137019E-004  -42077.7048632475     
  3.320997613883140E-004  -41695.5890470293     
  3.351100221426683E-004  -41316.9057403113     
  3.381475688841349E-004  -40941.6241091993     
  3.412126489418168E-004  -40569.7135967769     
  3.443055118866891E-004  -40201.1439206176     
  3.474264095519195E-004  -39835.8850703191     
  3.505755960533742E-004  -39473.9073050599     
  3.537533278103081E-004  -39115.1811511772     
  3.569598635662447E-004  -38759.6773997676     
  3.601954644100427E-004  -38407.3671043084     
  3.634603937971559E-004  -38058.2215783009     
  3.667549175710843E-004  -37712.2123929343     
  3.700793039850204E-004  -37369.3113747714     
  3.734338237236909E-004  -37029.4906034543     
  3.768187499253978E-004  -36692.7224094311     
  3.802343582042576E-004  -36358.9793717027     
  3.836809266726433E-004  -36028.2343155905     
  3.871587359638294E-004  -35700.4603105234     
  3.906680692548419E-004  -35375.6306678452     
  3.942092122895163E-004  -35053.7189386414     
  3.977824534017631E-004  -34734.6989115855     
  4.013880835390458E-004  -34418.5446108052     
  4.050263962860710E-004  -34105.2302937668     
  4.086976878886924E-004  -33794.7304491795     
  4.124022572780338E-004  -33487.0197949182     
  4.161404060948275E-004  -33182.0732759645     
  4.199124387139766E-004  -32879.8660623673     
  4.237186622693375E-004  -32580.3735472205     
  4.275593866787281E-004  -32283.5713446594     
  4.314349246691630E-004  -31989.4352878756     
  4.353455918023165E-004  -31697.9414271487     
  4.392917065002170E-004  -31409.0660278968     
  4.432735900711743E-004  -31122.7855687430     
  4.472915667359415E-004  -30839.0767396015     
  4.513459636541149E-004  -30557.9164397783     
  4.554371109507718E-004  -30279.2817760911     
  4.595653417433515E-004  -30003.1500610051     
  4.637309921687786E-004  -29729.4988107854     
  4.679344014108323E-004  -29458.3057436665     
  4.721759117277648E-004  -29189.5487780381     
  4.764558684801685E-004  -28923.2060306468     
  4.807746201590974E-004  -28659.2558148149     
  4.851325184144422E-004  -28397.6766386739     
  4.895299180835631E-004  -28138.4472034148     
  4.939671772201819E-004  -27881.5464015542     
  4.984446571235367E-004  -27626.9533152152     
  5.029627223677997E-004  -27374.6472144242     
  5.075217408317627E-004  -27124.6075554234     
  5.121220837287909E-004  -26876.8139789976     
  5.167641256370485E-004  -26631.2463088168     
  5.214482445299994E-004  -26387.8845497930     
  5.261748218071815E-004  -26146.7088864526     
  5.309442423252635E-004  -25907.6996813225     
  5.357568944293802E-004  -25670.8374733314     
  5.406131699847539E-004  -25436.1029762251     
  5.455134644086014E-004  -25203.4770769963     
  5.504581767023298E-004  -24972.9408343280     
  5.554477094840260E-004  -24744.4754770516     
  5.604824690212385E-004  -24518.0624026183     
  5.655628652640574E-004  -24293.6831755844     
  5.706893118784948E-004  -24071.3195261102     
  5.758622262801664E-004  -23850.9533484727     
  5.810820296682796E-004  -23632.5666995907     
  5.863491470599289E-004  -23416.1417975645     
  5.916640073247029E-004  -23201.6610202277     
  5.970270432196039E-004  -22989.1069037123     
  6.024386914242853E-004  -22778.4621410269     
  6.078993925766075E-004  -22569.7095806473     
  6.134095913085166E-004  -22362.8322251202     
  6.189697362822479E-004  -22157.8132296789     
  6.245802802268575E-004  -21954.6359008720     
  6.302416799750860E-004  -21753.2836952041     
  6.359543965005551E-004  -21553.7402177886     
  6.417188949553019E-004  -21355.9892210128     
  6.475356447076538E-004  -21160.0146032154     
  6.534051193804459E-004  -20965.8004073748     
  6.593277968895853E-004  -20773.3308198101     
  6.653041594829656E-004  -20582.5901688936     
  6.713346937797323E-004  -20393.5629237746     
  6.774198908099062E-004  -20206.2336931149     
  6.835602460543644E-004  -20020.5872238355     
  6.897562594851849E-004  -19836.6083998748     
  6.960084356063555E-004  -19654.2822409575     
  7.023172834948537E-004  -19473.5939013753     
  7.086833168420963E-004  -19294.5286687775     
  7.151070539957674E-004  -19117.0719629736     
  7.215890180020238E-004  -18941.2093347459     
  7.281297366480838E-004  -18766.9264646732     
  7.347297425052010E-004  -18594.2091619643     
  7.413895729720292E-004  -18423.0433633032     
  7.481097703183792E-004  -18253.4151317036     
  7.548908817293726E-004  -18085.3106553744     
  7.617334593499954E-004  -17918.7162465946     
  7.686380603300567E-004  -17753.6183405995     
  7.756052468695532E-004  -17590.0034944756     
  7.826355862644458E-004  -17427.8583860661     
  7.897296509528520E-004  -17267.1698128867     
  7.968880185616551E-004  -17107.9246910500     
  8.041112719535370E-004  -16950.1100542002     
  8.113999992744381E-004  -16793.7130524579     
  8.187547940014449E-004  -16638.7209513731     
  8.261762549911146E-004  -16485.1211308889     
  8.336649865282361E-004  -16332.9010843135     
  8.412215983750329E-004  -16182.0484173021     
  8.488467058208123E-004  -16032.5508468475     
  8.565409297320651E-004  -15884.3962002804     
  8.643048966030194E-004  -15737.5724142778     
  8.721392386066505E-004  -15592.0675338809     
  8.800445936461572E-004  -15447.8697115218     
  8.880216054069008E-004  -15304.9672060587     
  8.960709234088174E-004  -15163.3483818200     
  9.041932030593036E-004  -15023.0017076568     
  9.123891057065830E-004  -14883.9157560041     
  9.206592986935559E-004  -14746.0792019500     
  9.290044554121363E-004  -14609.4808223141     
  9.374252553580825E-004  -14474.1094947334     
  9.459223841863248E-004  -14339.9541967565     
  9.544965337667935E-004  -14207.0040049464     
  9.631484022407543E-004  -14075.2480939911     
  9.718786940776531E-004  -13944.6757358218     
  9.806881201324773E-004  -13815.2762987399     
  9.895773977036362E-004  -13687.0392465508     
  9.985472505913658E-004  -13559.9541377064     
  1.007598409156665E-003  -13434.0106244548     
  1.016731610380762E-003  -13309.1984519978     
  1.025947597925126E-003  -13185.5074576556     
  1.035247122192013E-003  -13062.9275700398     
  1.044630940385574E-003  -12941.4488082332     
  1.054099816573504E-003  -12821.0612809767     
  1.063654521749257E-003  -12701.7551858647     
  1.073295833894825E-003  -12583.5208085463     
  1.083024538044081E-003  -12466.3485219346     
  1.092841426346704E-003  -12350.2287854228     
  1.102747298132675E-003  -12235.1521441073     
  1.112742959977363E-003  -12121.1092280180     
  1.122829225767200E-003  -12008.0907513554     
  1.133006916765950E-003  -11896.0875117342     
  1.143276861681583E-003  -11785.0903894343     
  1.153639896733744E-003  -11675.0903466582     
  1.164096865721850E-003  -11566.0784267950     
  1.174648620093790E-003  -11458.0457536915     
  1.185296019015255E-003  -11350.9835309287     
  1.196039929439696E-003  -11244.8830411066     
  1.206881226178910E-003  -11139.7356451334     
  1.217820791974278E-003  -11035.5327815229     
  1.228859517568634E-003  -10932.2659656968     
  1.239998301778799E-003  -10829.9267892943     
  1.251238051568761E-003  -10728.5069194871     
  1.262579682123528E-003  -10627.9980983012     
  1.274024116923641E-003  -10528.3921419445     
  1.285572287820373E-003  -10429.6809401401     
  1.297225135111600E-003  -10331.8564554665     
  1.308983607618368E-003  -10234.9107227028     
  1.320848662762142E-003  -10138.8358481800     
  1.332821266642773E-003  -10043.6240091388     
  1.344902394117154E-003  -9949.26745309235     
  1.357093028878599E-003  -9855.75849719481     
  1.369394163536941E-003  -9763.08952761620     
  1.381806799699354E-003  -9671.25299892225     
  1.394331948051904E-003  -9580.24143346006     
  1.406970628441846E-003  -9490.04742074927     
  1.419723869960667E-003  -9400.66361687868     
  1.432592711027871E-003  -9312.08274390828     
  1.445578199475539E-003  -9224.29758927669     
  1.458681392633644E-003  -9137.30100521387     
  1.471903357416141E-003  -9051.08590815916     
  1.485245170407844E-003  -8965.64527818453     
  1.498707917952083E-003  -8880.97215842296     
  1.512292696239160E-003  -8797.05965450204     
  1.526000611395601E-003  -8713.90093398261     
  1.539832779574228E-003  -8631.48922580245     
  1.553790327045034E-003  -8549.81781972497     
  1.567874390286892E-003  -8468.88006579284     
  1.582086116080092E-003  -8388.66937378658     
  1.596426661599714E-003  -8309.17921268792     
  1.610897194509852E-003  -8230.40311014808     
  1.625498893058689E-003  -8152.33465196076     
  1.640232946174431E-003  -8074.96748153991     
  1.655100553562124E-003  -7998.29529940216     
  1.670102925801328E-003  -7922.31186265387     
  1.685241284444692E-003  -7847.01098448292     
  1.700516862117420E-003  -7772.38653365488     
  1.715930902617631E-003  -7698.43243401385     
  1.731484661017638E-003  -7625.14266398775     
  1.747179403766138E-003  -7552.51125609798     
  1.763016408791335E-003  -7480.53229647362     
  1.778996965604991E-003  -7409.19992436986     
  1.795122375407422E-003  -7338.50833169084     
  1.811393951193451E-003  -7268.45176251677     
  1.827813017859316E-003  -7199.02451263526     
  1.844380912310545E-003  -7130.22092907689     
  1.861098983570816E-003  -7062.03540965495     
  1.877968592891797E-003  -6994.46240250931     
  1.894991113863988E-003  -6927.49640565439     
  1.912167932528561E-003  -6861.13196653119     
  1.929500447490218E-003  -6795.36368156334     
  1.946990070031071E-003  -6730.18619571718     
  1.964638224225554E-003  -6665.59420206570     
  1.982446347056379E-003  -6601.58244135650     
  2.000415888531535E-003  -6538.14570158357     
  2.018548311802362E-003  -6475.27881756296     
  2.036845093282677E-003  -6412.97667051220     
  2.055307722768998E-003  -6351.23418763355     
  2.073937703561844E-003  -6290.04634170101     
  2.092736552588141E-003  -6229.40815065099     
  2.111705800524735E-003  -6169.31467717666     
  2.130846991923031E-003  -6109.76102832601     
  2.150161685334749E-003  -6050.74235510344     
  2.169651453438832E-003  -5992.25385207502     
  2.189317883169500E-003  -5934.29075697716     
  2.209162575845461E-003  -5876.84835032897     
  2.229187147300302E-003  -5819.92195504795     
  2.249393228014052E-003  -5763.50693606924     
  2.269782463245943E-003  -5707.59869996822     
  2.290356513168375E-003  -5652.19269458657     
  2.311117053002094E-003  -5597.28440866159     
  2.332065773152593E-003  -5542.86937145897     
  2.353204379347753E-003  -5488.94315240878     
  2.374534592776731E-003  -5435.50136074475     
  2.396058150230103E-003  -5382.53964514680     
  2.417776804241284E-003  -5330.05369338678     
  2.439692323229224E-003  -5278.03923197740     
  2.461806491642399E-003  -5226.49202582428     
  2.484121110104111E-003  -5175.40787788119     
  2.506637995559099E-003  -5124.78262880831     
  2.529358981421483E-003  -5074.61215663365     
  2.552285917724048E-003  -5024.89237641744     
  2.575420671268879E-003  -4975.61923991956     
  2.598765125779368E-003  -4926.78873526997     
  2.622321182053589E-003  -4878.39688664212     
  2.646090758119071E-003  -4830.43975392921     
  2.670075789388972E-003  -4782.91343242348     
  2.694278228819669E-003  -4735.81405249829     
  2.718700047069769E-003  -4689.13777929308     
  2.743343232660578E-003  -4642.88081240123     
  2.768209792138005E-003  -4597.03938556058     
  2.793301750235948E-003  -4551.60976634690     
  2.818621150041154E-003  -4506.58825587000     
  2.844170053159579E-003  -4461.97118847258     
  2.869950539884245E-003  -4417.75493143188     
  2.895964709364632E-003  -4373.93588466389     
  2.922214679777596E-003  -4330.51048043029     
  2.948702588499840E-003  -4287.47518304802     
  2.975430592281948E-003  -4244.82648860145     
  3.002400867423997E-003  -4202.56092465713     
  3.029615609952758E-003  -4160.67504998112     
  3.057077035800506E-003  -4119.16545425884     
  3.084787380985451E-003  -4078.02875781748     
  3.112748901793804E-003  -4037.26161135086     
  3.140963874963487E-003  -3996.86069564679     
  3.169434597869523E-003  -3956.82272131687     
  3.198163388711091E-003  -3917.14442852872     
  3.227152586700285E-003  -3877.82258674066     
  3.256404552252581E-003  -3838.85399443868     
  3.285921667179035E-003  -3800.23547887588     
  3.315706334880215E-003  -3761.96389581418     
  3.345760980541893E-003  -3724.03612926839     
  3.376088051332525E-003  -3686.44909125259     
  3.406690016602496E-003  -3649.19972152874     
  3.437569368085193E-003  -3612.28498735759     
  3.468728620099885E-003  -3575.70188325186     
  3.500170309756455E-003  -3539.44743073156     
  3.531896997161979E-003  -3503.51867808158     
  3.563911265629179E-003  -3467.91270011142     
  3.596215721886769E-003  -3432.62659791712     
  3.628812996291703E-003  -3397.65749864528     
  3.661705743043349E-003  -3363.00255525928     
  3.694896640399607E-003  -3328.65894630749     
  3.728388390894981E-003  -3294.62387569368     
  3.762183721560631E-003  -3260.89457244945     
  3.796285384146419E-003  -3227.46829050865     
  3.830696155344964E-003  -3194.34230848396     
  3.865418837017740E-003  -3161.51392944534     
  3.900456256423203E-003  -3128.98048070058     
  3.935811266447007E-003  -3096.73931357778     
  3.971486745834292E-003  -3064.78780320976     
  4.007485599424086E-003  -3033.12334832048     
  4.043810758385826E-003  -3001.74337101333     
  4.080465180458027E-003  -2970.64531656133     
  4.117451850189114E-003  -2939.82665319926     
  4.154773779180431E-003  -2909.28487191759     
  4.192434006331462E-003  -2879.01748625835     
  4.230435598087271E-003  -2849.02203211275     
  4.268781648688179E-003  -2819.29606752070     
  4.307475280421713E-003  -2789.83717247209     
  4.346519643876836E-003  -2760.64294870988     
  4.385917918200478E-003  -2731.71101953493     
  4.425673311356394E-003  -2703.03902961264     
  4.465789060386374E-003  -2674.62464478130     
  4.506268431673809E-003  -2646.46555186217     
  4.547114721209659E-003  -2618.55945847126     
  4.588331254860820E-003  -2590.90409283282     
  4.629921388640938E-003  -2563.49720359455     
  4.671888508983656E-003  -2536.33655964436     
  4.714236033018364E-003  -2509.41994992892     
  4.756967408848427E-003  -2482.74518327376     
  4.800086115831946E-003  -2456.31008820499     
  4.843595664865059E-003  -2430.11251277269     
  4.887499598667817E-003  -2404.15032437581     
  4.931801492072641E-003  -2378.42140958874     
  4.976504952315400E-003  -2352.92367398935     
  5.021613619329132E-003  -2327.65504198863     
  5.067131166040411E-003  -2302.61345666190     
  5.113061298668426E-003  -2277.79687958145     
  5.159407757026740E-003  -2253.20329065079     
  5.206174314827813E-003  -2228.83068794034     
  5.253364779990265E-003  -2204.67708752458     
  5.300982994948937E-003  -2180.74052332074     
  5.349032836967751E-003  -2157.01904692890     
  5.397518218455421E-003  -2133.51072747351     
  5.446443087284010E-003  -2110.21365144643     
  5.495811427110383E-003  -2087.12592255129     
  5.545627257700573E-003  -2064.24566154927     
  5.595894635257084E-003  -2041.57100610637     
  5.646617652749169E-003  -2019.10011064192     
  5.697800440246086E-003  -1996.83114617857     
  5.749447165253396E-003  -1974.76230019356     
  5.801562033052290E-003  -1952.89177647139     
  5.854149287042002E-003  -1931.21779495778     
  5.907213209085320E-003  -1909.73859161498     
  5.960758119857240E-003  -1888.45241827836     
  6.014788379196764E-003  -1867.35754251434     
  6.069308386461907E-003  -1846.45224747955     
  6.124322580887891E-003  -1825.73483178131     
  6.179835441948628E-003  -1805.20360933934     
  6.235851489721434E-003  -1784.85690924875     
  6.292375285255095E-003  -1764.69307564426     
  6.349411430941226E-003  -1744.71046756561     
  6.406964570889021E-003  -1724.90745882427     
  6.465039391303405E-003  -1705.28243787130     
  6.523640620866590E-003  -1685.83380766641     
  6.582773031123111E-003  -1666.55998554820     
  6.642441436868342E-003  -1647.45940310562     
  6.702650696540533E-003  -1628.53050605059     
  6.763405712616410E-003  -1609.77175409167     
  6.824711432010346E-003  -1591.18162080904     
  6.886572846477165E-003  -1572.75859353051     
  6.948994993018587E-003  -1554.50117320866     
  7.011982954293360E-003  -1536.40787429913     
  7.075541859031115E-003  -1518.47722463999     
  7.139676882449961E-003  -1500.70776533223     
  7.204393246677876E-003  -1483.09805062131     
  7.269696221177915E-003  -1465.64664777981     
  7.335591123177265E-003  -1448.35213699111     
  7.402083318100196E-003  -1431.21311123418     
  7.469178220004940E-003  -1414.22817616937     
  7.536881292024522E-003  -1397.39595002529     
  7.605198046811589E-003  -1380.71506348666     
  7.674134046987273E-003  -1364.18415958321     
  7.743694905594121E-003  -1347.80189357964     
  7.813886286553131E-003  -1331.56693286648     
  7.884713905124935E-003  -1315.47795685206     
  7.956183528375151E-003  -1299.53365685534     
  8.028300975643967E-003  -1283.73273599985     
  8.101072119019970E-003  -1268.07390910852     
  8.174502883818281E-003  -1252.55590259945     
  8.248599249063005E-003  -1237.17745438272     
  8.323367247974084E-003  -1221.93731375804     
  8.398812968458534E-003  -1206.83424131343     
  8.474942553606144E-003  -1191.86700882479     
  8.551762202189684E-003  -1177.03439915632     
  8.629278169169627E-003  -1162.33520616199     
  8.707496766203440E-003  -1147.76823458783     
  8.786424362159526E-003  -1133.33229997506     
  8.866067383635792E-003  -1119.02622856427     
  8.946432315482920E-003  -1104.84885720031     
  9.027525701332409E-003  -1090.79903323818     
  9.109354144129365E-003  -1076.87561444969     
  9.191924306670146E-003  -1063.07746893106     
  9.275242912144875E-003  -1049.40347501132     
  9.359316744684871E-003  -1035.85252116155     
  9.444152649915025E-003  -1022.42350590499     
  9.529757535511224E-003  -1009.11533772797     
  9.616138371762770E-003  -995.926934991637     
  9.703302192139961E-003  -982.857225844514     
  9.791256093866753E-003  -969.905148135882     
  9.880007238498670E-003  -957.069649329937     
  9.969562852505914E-003  -944.349686420758     
  1.005993022786177E-002  -931.744225848058     
  1.015111672263635E-002  -919.252243413713     
  1.024312976159573E-002  -906.872724199073     
  1.033597683680647E-002  -894.604662483033     
  1.042966550824569E-002  -882.447061660874     
  1.052420340441661E-002  -870.398934163850     
  1.061959822296969E-002  -858.459301379532     
  1.071585773132940E-002  -846.627193572890     
  1.081298976732670E-002  -834.901649808111     
  1.091100223983721E-002  -823.281717871151     
  1.100990312942517E-002  -811.766454193011     
  1.110970048899328E-002  -800.354923773726     
  1.121040244443836E-002  -789.046200107068     
  1.131201719531303E-002  -777.839365105962     
  1.141455301549333E-002  -766.733509028598     
  1.151801825385241E-002  -755.727730405231     
  1.162242133494035E-002  -744.821135965683     
  1.172777075967009E-002  -734.012840567518     
  1.183407510600962E-002  -723.301967124904     
  1.194134302968045E-002  -712.687646538136     
  1.204958326486237E-002  -702.169017623838     
  1.215880462490462E-002  -691.745227045819     
  1.226901600304354E-002  -681.415429246586     
  1.238022637312665E-002  -671.178786379509     
  1.249244479034337E-002  -661.034468241635     
  1.260568039196230E-002  -650.981652207136     
  1.271994239807524E-002  -641.019523161396     
  1.283524011234792E-002  -631.147273435731     
  1.295158292277752E-002  -621.364102742729     
  1.306898030245710E-002  -611.669218112211     
  1.318744181034694E-002  -602.061833827814     
  1.330697709205286E-002  -592.541171364178     
  1.342759588061158E-002  -583.106459324739     
  1.354930799728327E-002  -573.756933380130     
  1.367212335235120E-002  -564.491836207167     
  1.379605194592869E-002  -555.310417428440     
  1.392110386877336E-002  -546.211933552483     
  1.404728930310874E-002  -537.195647914526     
  1.417461852345336E-002  -528.260830617834     
  1.430310189745737E-002  -519.406758475609     
  1.443274988674665E-002  -510.632714953468     
  1.456357304777472E-002  -501.937990112487     
  1.469558203268220E-002  -493.321880552805     
  1.482878759016423E-002  -484.783689357780     
  1.496320056634561E-002  -476.322726038705     
  1.509883190566396E-002  -467.938306480070     
  1.523569265176088E-002  -459.629752885367     
  1.537379394838112E-002  -451.396393723437     
  1.551314704028000E-002  -443.237563675351     
  1.565376327413896E-002  -435.152603581833     
  1.579565409948947E-002  -427.140860391198     
  1.593883106964529E-002  -419.201687107825     
  1.608330584264320E-002  -411.334442741150     
  1.622909018219223E-002  -403.538492255174     
  1.637619595863152E-002  -395.813206518485     
  1.652463514989683E-002  -388.157962254795     
  1.667441984249586E-002  -380.572141993978     
  1.682556223249235E-002  -373.055134023613     
  1.697807462649915E-002  -365.606332341033     
  1.713196944268027E-002  -358.225136605861     
  1.728725921176203E-002  -350.910952093043     
  1.744395657805333E-002  -343.663189646374     
  1.760207430047522E-002  -336.481265632508     
  1.776162525359980E-002  -329.364601895448     
  1.792262242869847E-002  -322.312625711522     
  1.808507893479977E-002  -315.324769744832     
  1.824900799975677E-002  -308.400472003177     
  1.841442297132410E-002  -301.539175794452     
  1.858133731824483E-002  -294.740329683504     
  1.874976463134708E-002  -288.003387449467     
  1.891971862465070E-002  -281.327808043545     
  1.909121313648391E-002  -274.713055547266     
  1.926426213061003E-002  -268.158599131181     
  1.943887969736451E-002  -261.663913014028     
  1.961508005480219E-002  -255.228476422337     
  1.979287754985504E-002  -248.851773550490     
  1.997228665950027E-002  -242.533293521221     
  2.015332199193915E-002  -236.272530346560     
  2.033599828778649E-002  -230.068982889222     
  2.052033042127081E-002  -223.922154824428     
  2.070633340144551E-002  -217.831554602161     
  2.089402237341098E-002  -211.796695409862     
  2.108341261954770E-002  -205.817095135545     
  2.127451956076069E-002  -199.892276331348     
  2.146735875773506E-002  -194.021766177510     
  2.166194591220306E-002  -188.205096446766     
  2.185829686822258E-002  -182.441803469166     
  2.205642761346724E-002  -176.731428097315     
  2.225635428052811E-002  -171.073515672023     
  2.245809314822739E-002  -165.467615988378     
  2.266166064294382E-002  -159.913283262225     
  2.286707333995021E-002  -154.410076097059     
  2.307434796476304E-002  -148.957557451324     
  2.328350139450437E-002  -143.555294606118     
  2.349455065927598E-002  -138.202859133307     
  2.370751294354607E-002  -132.899826864036     
  2.392240558754848E-002  -127.645777857644     
  2.413924608869459E-002  -122.440296370974     
  2.435805210299802E-002  -117.282970828086     
  2.457884144651230E-002  -112.173393790360     
  2.480163209678146E-002  -107.111161926995     
  2.502644219430387E-002  -102.095875985898     
  2.525329004400931E-002  -97.1271407649652     
  2.548219411674944E-002  -92.2045650837479     
  2.571317305080172E-002  -87.3277617555128     
  2.594624565338708E-002  -82.4963475596771     
  2.618143090220122E-002  -77.7099432146368     
  2.641874794695990E-002  -72.9681733509705     
  2.665821611095814E-002  -68.2706664850272     
  2.689985489264363E-002  -63.6170549928938     
  2.714368396720436E-002  -59.0069750847376     
  2.738972318817065E-002  -54.4400667795272     
  2.763799258903172E-002  -49.9159738801281     
  2.788851238486685E-002  -45.4343439487715     
  2.814130297399145E-002  -40.9948282828958     
  2.839638493961789E-002  -36.5970818913588     
  2.865377905153151E-002  -32.2407634710198     
  2.891350626778178E-002  -27.9255353836896     
  2.917558773638878E-002  -23.6510636334490     
  2.944004479706513E-002  -19.4170178443317     
  2.970689898295362E-002  -15.2230712383719     
  2.997617202238044E-002  -11.0689006140184     
  3.024788584062446E-002  -6.95418632490669     
  3.052206256170242E-002  -2.87861225899559     
  3.079872451017040E-002   1.15813418193750     
  3.107789421294153E-002   5.15636210244168     
  3.135959440112024E-002   9.11637713317998     
  3.164384801185314E-002   13.0384814503611     
  3.193067819019661E-002   16.9229737948132     
  3.222010829100141E-002   20.7701494907055     
  3.251216188081426E-002   24.5803004639144     
  3.280686273979679E-002   28.3537152600395     
  3.310423486366179E-002   32.0906790620655     
  3.340430246562700E-002   35.7914737076763     
  3.370708997838670E-002   39.4563777062185     
  3.401262205610110E-002   43.0856662553175     
  3.432092357640377E-002   46.6796112571461     
  3.463201964242725E-002   50.2384813343471     
  3.494593558484712E-002   53.7625418456121     
  3.526269696394447E-002   57.2520549009152     
  3.558232957168710E-002   60.7072793764050     
  3.590485943382966E-002   64.1284709289549     
  3.623031281203275E-002   67.5158820103730     
  3.655871620600123E-002   70.8697618812726     
  3.689009635564194E-002   74.1903566246058     
  3.722448024324098E-002   77.4779091588589     
  3.756189509566071E-002   80.7326592509134     
  3.790236838655667E-002   83.9548435285724     
  3.824592783861459E-002   87.1446954927545     
  3.859260142580766E-002   90.3024455293549     
  3.894241737567434E-002   93.4283209207787     
  3.929540417161668E-002   96.5225458571429     
  3.965159055521964E-002   99.5853414471528     
  4.001100552859127E-002   102.616925728653     
  4.037367835672421E-002   105.617513678851     
  4.073963856987855E-002   108.587317224225     
  4.110891596598631E-002   111.526545250102     
  4.148154061307771E-002   114.435403609927     
  4.185754285172942E-002   117.314095134205     
  4.223695329753500E-002   120.162819639134     
  4.261980284359776E-002   122.981773934925     
  4.300612266304620E-002   125.771151833808     
  4.339594421157222E-002   128.531144157728     
  4.378929922999243E-002   131.261938745740     
  4.418621974683254E-002   133.963720461094     
  4.458673808093528E-002   136.636671198021     
  4.499088684409196E-002   139.280969888217     
  4.539869894369781E-002   141.896792507033     
  4.581020758543142E-002   144.484312079374     
  4.622544627595852E-002   147.043698685297     
  4.664444882566025E-002   149.575119465332     
  4.706724935138598E-002   152.078738625515     
  4.749388227923149E-002   154.554717442134     
  4.792438234734182E-002   157.003214266210     
  4.835878460873998E-002   159.424384527687     
  4.879712443418103E-002   161.818380739371     
  4.923943751503207E-002   164.185352500587     
  4.968575986617846E-002   166.525446500580     
  5.013612782895620E-002   168.838806521665     
  5.059057807411109E-002   171.125573442111     
  5.104914760478451E-002   173.385885238790     
  5.151187375952643E-002   175.619876989574     
  5.197879421533564E-002   177.827680875500     
  5.244994699072752E-002   180.009426182700     
  5.292537044882974E-002   182.165239304104     
  5.340510330050587E-002   184.295243740929     
  5.388918460750740E-002   186.399560103944     
  5.437765378565432E-002   188.478306114538     
  5.487055060804445E-002   190.531596605579     
  5.536791520829201E-002   192.559543522087     
  5.586978808379540E-002   194.562255921717     
  5.637621009903465E-002   196.539839975063     
  5.688722248889880E-002   198.492398965800     
  5.740286686204343E-002   200.420033290656     
  5.792318520427853E-002   202.322840459234     
  5.844821988198718E-002   204.200915093698     
  5.897801364557527E-002   206.054348928318     
  5.951260963295226E-002   207.883230808895     
  6.005205137304378E-002   209.687646692073     
  6.059638278933580E-002   211.467679644553     
  6.114564820345118E-002   213.223409842211     
  6.169989233875842E-002   214.954914569143     
  6.225916032401325E-002   216.662268216642     
  6.282349769703319E-002   218.345542282125     
  6.339295040840544E-002   220.004805368017     
  6.396756482522829E-002   221.640123180611     
  6.454738773488659E-002   223.251558528923     
  6.513246634886136E-002   224.839171323540     
  6.572284830657384E-002   226.403018575502     
  6.631858167926462E-002   227.943154395207     
  6.691971497390768E-002   229.459629991384     
  6.752629713716010E-002   230.952493670124     
  6.813837755934740E-002   232.421790834010     
  6.875600607848523E-002   233.867563981350     
  6.937923298433718E-002   235.289852705544     
  7.000810902250980E-002   236.688693694598     
  7.064268539858436E-002   238.064120730802     
  7.128301378228624E-002   239.416164690613     
  7.192914631169212E-002   240.744853544744     
  7.258113559747520E-002   242.050212358495     
  7.323903472718903E-002   243.332263292349     
  7.390289726959016E-002   244.591025602854     
  7.457277727899976E-002   245.826515643827     
  7.524872929970507E-002   247.038746867893     
  7.593080837040055E-002   248.227729828404     
  7.661907002866944E-002   249.393472181750     
  7.731357031550568E-002   250.535978690113     
  7.801436577987715E-002   251.655251224666     
  7.872151348333006E-002   252.751288769286     
  7.943507100463512E-002   253.824087424786     
  8.015509644447580E-002   254.873640413705     
  8.088164843017917E-002   255.899938085710     
  8.161478612048954E-002   256.902967923623     
  8.235456921038542E-002   257.882714550129     
  8.310105793594012E-002   258.839159735195     
  8.385431307922639E-002   259.772282404241     
  8.461439597326552E-002   260.682058647111     
  8.538136850702141E-002   261.568461727887     
  8.615529313043969E-002   262.431462095576     
  8.693623285953274E-002   263.271027395740     
  8.772425128151067E-002   264.087122483095     
  8.851941255995879E-002   264.879709435142     
  8.932178144006220E-002   265.648747566871     
  9.013142325387741E-002   266.394193446595     
  9.094840392565212E-002   267.116000912970     
  9.177278997719293E-002   267.814121093242     
  9.260464853328181E-002   268.488502422799     
  9.344404732714173E-002   269.139090666061     
  9.429105470595167E-002   269.765828938793     
  9.514573963641185E-002   270.368657731880     
  9.600817171035908E-002   270.947514936639     
  9.687842115043344E-002   271.502335871731     
  9.775655881579588E-002   272.033053311735     
  9.864265620789800E-002   272.539597517455     
  9.953678547630390E-002   273.021896268026     
  0.100439019424565        273.479874894898     
  0.101349431516147        273.913456317757     
  0.102268095880415        274.322561082473     
  0.103195087318663        274.707107401137     
  0.104130481310213        275.067011194275     
  0.105074354018551        275.402186135315     
  0.106026782297539        275.712543697387     
  0.106987843697663        275.997993202535     
  0.107957616472355        276.258441873444     
  0.108936179584360        276.493794887737     
  0.109923612712168        276.703955434961     
  0.110919996256501        276.888824776333     
  0.111925411346859        277.048302307342     
  0.112939939848126        277.182285623298     
  0.113963664367237        277.290670587927     
  0.114996668259901        277.373351405102     
  0.116039035637394        277.430220693811     
  0.117090851373401        277.461169566456     
  0.118152201110931        277.466087710583     
  0.119223171269290        277.444863474154     
  0.120303849051114        277.397383954444     
  0.121394322449476        277.323535090682     
  0.122494680255045        277.223201760537     
  0.123605012063317        277.096267880540     
  0.124725408281911        276.942616510572     
  0.125855960137933        276.762129962499     
  0.126996759685397        276.554689913078     
  0.128147899812728        276.320177521230     
  0.129309474250321        276.058473549796     
  0.130481577578172        275.769458491870     
  0.131664305233585        275.453012701837     
  0.132857753518934        275.109016531191     
  0.134062019609515        274.737350469275     
  0.135277201561447        274.337895289015     
  0.136503398319665        273.910532197775     
  0.137740709725972        273.455142993425     
  0.138989236527171        272.971610225723     
  0.140249080383265        272.459817363114     
  0.141520343875738        271.919648965044     
  0.142803130515906        271.350990859871     
  0.144097544753344        270.753730328492     
  0.145403691984395        270.127756293739     
  0.146721678560745        269.472959515662     
  0.148051611798089        268.789232792761     
  0.149393599984866        268.076471169248     
  0.150747752391078        267.334572148416     
  0.152114179277182        266.563435912181     
  0.153492991903077        265.762965546854     
  0.154884302537155        264.933067275204     
  0.156288224465446        264.073650694859     
  0.157704872000841        263.184629023090     
  0.159134360492401        262.265919348005     
  0.160576806334750        261.317442886188     
  0.162032326977548        260.339125246798     
  0.163501040935060        259.330896702125     
  0.164983067795800        258.292692464625     
  0.166478528232274        257.224452970390     
  0.167987544010802        256.126124169059     
  0.169510238001433        254.997657820110     
  0.171046734187952        253.839011795496     
  0.172597157677972        252.650150388559     
  0.174161634713123        251.431044629143     
  0.175740292679330        250.181672604817     
  0.177333260117186        248.902019788094     
  0.178940666732418        247.592079369525     
  0.180562643406447        246.251852596521     
  0.182199322207048        244.881349117745     
  0.183850836399100        243.480587332892     
  0.185517320455439        242.049594747648     
  0.187198910067805        240.588408333619     
  0.188895742157895        239.097074892967     
  0.190607954888508        237.575651427503     
  0.192335687674795        236.024205511927     
  0.194079081195612        234.442815670915     
  0.195838277404974        232.831571759692     
  0.197613419543613        231.190575347730     
  0.199404652150644        229.519940105177     
  0.201212121075329        227.819792191575     
  0.203035973488958        226.090270646428     
  0.204876357896826        224.331527781112     
  0.206733424150333        222.543729571633     
  0.208607323459178        220.727056051655     
  0.210498208403674        218.881701705233     
  0.212406232947174        217.007875858625     
  0.214331552448604        215.105803070526     
  0.216274323675114        213.175723520046     
  0.218234704814841        211.217893391693     
  0.220212855489795        209.232585256615     
  0.222208936768848        207.220088449289     
  0.224223111180855        205.180709438833     
  0.226255542727886        203.114772194056     
  0.228306396898578        201.022618541345     
  0.230375840681611        198.904608514431     
  0.232464042579306        196.761120695049     
  0.234571172621344        194.592552543467     
  0.236697402378611        192.399320717817     
  0.238842904977165        190.181861381132     
  0.241007855112339        187.940630494937     
  0.243192429062958        185.676104098239     
  0.245396804705699        183.388778570690     
  0.247621161529568        181.079170878683     
  0.249865680650521        178.747818803107     
  0.252130544826208        176.395281147444     
  0.254415938470851        174.022137924882     
  0.256722047670265        171.628990523060     
  0.259049060197009        169.216461845065     
  0.261397165525672        166.785196425261     
  0.263766554848302        164.335860518510     
  0.266157421089975        161.869142161335     
  0.268569958924504        159.385751203552     
  0.271004364790287        156.886419308894     
  0.273460836906306        154.371899923134     
  0.275939575288263        151.842968208228     
  0.278440781764868        149.300420940973     
  0.280964659994273        146.745076374715     
  0.283511415480653        144.177774062627     
  0.286081255590942        141.599374641096     
  0.288674389571712        139.010759571814     
  0.291291028566219        136.412830841134     
  0.293931385631586        133.806510615362     
  0.296595675756158        131.192740850633     
  0.299284115877005        128.572482856113     
  0.301996924897584        125.946716809304     
  0.304734323705564        123.316441222300     
  0.307496535190814        120.682672357912     
  0.310283784263548        118.046443594674     
  0.313096297872641        115.408804739811     
  0.315934305024105        112.770821289362     
  0.318798036799739        110.133573634771     
  0.321687726375943        107.498156215345     
  0.324603609042702        104.865676616130     
  0.327545922222748        102.237254610893     
  0.330514905490890        99.6140211500312     
  0.333510800593522        96.9971172933904     
  0.336533851468304        94.3876930881457     
  0.339584304264030        91.7869063920723     
  0.342662407360664        89.1959216427124     
  0.345768411389568        86.6159085731469     
  0.348902569253911        84.0480408752821     
  0.352065136149255        81.4934948117719     
  0.355256369584341        78.9534477779198     
  0.358476529402053        76.4290768151366     
  0.361725877800573        73.9215570777581     
  0.365004679354737        71.4320602552824     
  0.368313201037571        68.9617529523252     
  0.371651712242033        66.5117950288529     
  0.375020484802946        64.0833379035123     
  0.378419793019134        61.6775228231337     
  0.381849913675753        59.2954791017559     
  0.385311126066833        56.9383223327817     
  0.388803712018013        54.6071525781425     
  0.392327955909494        52.3030525386122     
  0.395884144699192        50.0270857096726     
  0.399472567946101        47.7802945275889     
  0.403093517833877        45.5636985106037     
  0.406747289194619        43.3782924003999     
  0.410434179532884        41.2250443092133     
  0.414154489049905        39.1048938781973     
  0.417908520668040        37.0187504528477     
  0.421696580055431        34.9674912814839     
  0.425518975650898        32.9519597429577     
  0.429376018689050        30.9729636099098     
  0.433268023225631        29.0312733540259     
  0.437195306163084        27.1276204998493     
  0.441158187276365        25.2626960337841     
  0.445156989238969        23.4371488749774     
  0.449192037649214        21.6515844147836     
  0.453263661056745        19.9065631315063     
  0.457372190989287        18.2025992870628     
  0.461517961979644        16.5401597121364     
  0.465701311592932        14.9196626862587     
  0.469922580454069        13.3414769191069     
  0.474182112275508        11.8059206390993     
  0.478480253885224        10.3132607951343     
  0.482817355254954        8.86371237703292     
  0.487193769528693        7.45743785992107     
  0.491609853051449        6.09454677742032     
  0.496065965398258        4.77509542810444     
  0.500562469403460        3.49908671922854     
  0.505099731190246        2.26647015124248     
  0.509678120200466        1.07714194606809     
  0.514298009224712      -6.905467845263047E-002
  0.518959774432671       -1.17232908613915     
  0.523663795403757       -2.23294265092798     
  0.528410455158014       -3.25120803571753     
  0.533200140187305       -4.22748832182148     
  0.538033240486782       -5.16219598997387     
  0.542910149586640       -6.05579175457552     
  0.547831264584162       -6.90878325363295     
  0.552796986176047       -7.72172359761312     
  0.557807718691044       -8.49520978121594     
  0.562863870122867       -9.22988096284379     
  0.567965852163419       -9.92641661732069     
  0.573114080236314       -10.5855345681738     
  0.578308973530700       -11.2079889065327     
  0.583550955035393       -11.7945678044209     
  0.588840451573317       -12.3460912308996     
  0.594177893836261       -12.8634085801752     
  0.599563716419942       -13.3473962213879     
  0.604998357859396       -13.7989549803523     
  0.610482260664684       -14.2190075640229     
  0.616015871356923       -14.6084959388924     
  0.621599640504643       -14.9683786749003     
  0.627234022760473       -15.2996282667255     
  0.632919476898165       -15.6032284445557     
  0.638656465849944       -15.8801714865623     
  0.644445456744203       -16.1314555453638     
  0.650286920943543       -16.3580820007241     
  0.656181334083146       -16.5610528506096     
  0.662129176109508       -16.7413681525131     
  0.668130931319519       -16.9000235266506     
  0.674187088399890       -17.0380077322427     
  0.680298140466951       -17.1563003276106     
  0.686464585106799       -17.2558694242549     
  0.692686924415814       -17.3376695444371     
  0.698965665041542       -17.4026395910647     
  0.705301318223947       -17.4517009378877     
  0.711694399837039       -17.4857556471632     
  0.718145430430880       -17.5056848210319     
  0.724654935273966       -17.5123470918936     
  0.731223444396000       -17.5065772560743     
  0.737851492631046       -17.4891850540514     
  0.744539619661080       -17.4609540994578     
  0.751288370059931       -17.4226409580381     
  0.758098293337623       -17.3749743766729     
  0.764969943985119       -17.3186546615553     
  0.771903881519469       -17.2543532035838     
  0.778900670529368       -17.1827121480579     
  0.785960880721128       -17.1043442048218     
  0.793085086965065       -17.0198325941172     
  0.800273869342307       -16.9297311225843     
  0.807527813192028       -16.8345643830911     
  0.814847509159106       -16.7348280713998     
  0.822233553242218       -16.6309894120772     
  0.829686546842367       -16.5234876855556     
  0.837207096811854       -16.4127348478286     
  0.844795815503683       -16.2991162339480     
  0.852453320821430       -16.1829913362583     
  0.860180236269549       -16.0646946481741     
  0.867977191004141       -15.9445365642661     
  0.875844819884185       -15.8228043274752     
  0.883783763523229       -15.6997630144088     
  0.891794668341552       -15.5756565499020     
  0.899878186618797       -15.4507087423168     
  0.908034976547082       -15.3251243314247     
  0.916265702284595       -15.1990900411449     
  0.924571034009670       -15.0727756298956     
  0.932951647975357       -14.9463349318397     
  0.941408226564484       -14.8199068828777     
  0.949941458345219       -14.6936165258250     
  0.958552038127139       -14.5675759898266     
  0.967240667017801       -14.4418854396777     
  0.976008052479830       -14.3166339913405     
  0.984854908388524       -14.1919005905603     
  0.993781955089978       -14.0677548520807     
   1.00278991945974       -13.9442578575353     
   1.01187953496200       -13.8214629106428     
   1.02105154170930       -13.6994162488452     
   1.03030668652281       -13.5781577110131     
   1.03964572299312       -13.4577213612747     
   1.04906941154164       -13.3381360694269     
   1.05857851948244       -13.2194260487324     
   1.06817382108483       -13.1016113522181     
   1.07785609763630       -12.9847083288459     
   1.08762613750622       -12.8687300411490     
   1.09748473620999       -12.7536866460967     
   1.10743269647382       -12.6395857410854     
   1.11747082830007       -12.5264326770507     
   1.12759994903327       -12.4142308407515     
   1.13782088342659       -12.3029819083093     
   1.14813446370905       -12.1926860720835     
   1.15854152965326       -12.0833422429378     
   1.16904292864381       -11.9749482299067     
   1.17963951574625       -11.8675008992074     
   1.19033215377674       -11.7609963144610     
   1.20112171337227       -11.6554298598972     
   1.21200907306157       -11.5507963482186     
   1.22299511933666       -11.4470901146932     
   1.23408074672500       -11.3443050989385     
   1.24526685786233       -11.2424349157482     
   1.25655436356619       -11.1414729162068     
   1.26794418291006       -11.0414122402271     
   1.27943724329821       -10.9422458615466     
   1.29103448054120       -10.8439666261156     
   1.30273683893208       -10.7465672847201     
   1.31454527132328       -10.6500405205923     
   1.32646073920421       -10.5543789726804     
   1.33848421277952       -10.4595752551725     
   1.35061667104811       -10.3656219738023     
   1.36285910188286       -10.2725117393991     
   1.37521250211104       -10.1802371790861     
   1.38767787759549       -10.0887909454822     
   1.40025624331653       -9.99816572421343     
   1.41294862345457       -9.90835423999954     
   1.42575605147356       -9.81934926154513     
   1.43867957020508       -9.73114360543097     
   1.45172023193328       -9.64373013917360     
   1.46487909848055       -9.55710178359592     
   1.47815724129401       -9.47125151462962     
   1.49155574153271       -9.38617236465140     
   1.50507569015567       -9.30185742343877     
   1.51871818801074       -9.21829983881700     
   1.53248434592419       -9.13549281705671     
   1.54637528479122       -9.05342962307146     
   1.56039213566714       -8.97210358045609     
   1.57453603985956       -8.89150807139881     
   1.58880814902125       -8.81163653649443     
   1.60320962524395       -8.73248247448055     
   1.61774164115297       -8.65403944191435     
   1.63240538000267       -8.57630105280437     
   1.64720203577284       -8.49926097820823     
   1.66213281326588       -8.42291294580544     
   1.67719892820490       -8.34725073945217     
   1.69240160733275       -8.27226819872338     
   1.70774208851185       -8.19795921844667     
   1.72322162082501       -8.12431774823089     
   1.73884146467717       -8.05133779199209     
   1.75460289189796       -7.97901340747861     
   1.77050718584528       -7.90733870579669     
   1.78655564150985       -7.83630785093767     
   1.80274956562056       -7.76591505930745     
   1.81909027675095       -7.69615459925881     
   1.83557910542652       -7.62702079062698     
   1.85221739423311       -7.55850800426858     
   1.86900649792618       -7.49061066160438     
   1.88594778354114       -7.42332323416570     
   1.90304263050467       -7.35664024314476     
   1.92029243074699       -7.29055625894884     
   1.93769858881526       -7.22506590075840     
   1.95526252198792       -7.16016383608906     
   1.97298566039005       -7.09584478035752     
   1.99086944710988       -7.03210349645128     
