  1.3636004E-06  4.1134820E-09
  1.3759606E-06  4.1507677E-09
  1.3884327E-06  4.1883919E-09
  1.4010179E-06  4.2263566E-09
  1.4137172E-06  4.2646660E-09
  1.4265316E-06  4.3033221E-09
  1.4394622E-06  4.3423287E-09
  1.4525099E-06  4.3816888E-09
  1.4656760E-06  4.4214059E-09
  1.4789613E-06  4.4614827E-09
  1.4923671E-06  4.5019228E-09
  1.5058944E-06  4.5427297E-09
  1.5195443E-06  4.5839066E-09
  1.5333179E-06  4.6254565E-09
  1.5472165E-06  4.6673829E-09
  1.5612409E-06  4.7096891E-09
  1.5753925E-06  4.7523794E-09
  1.5896724E-06  4.7954560E-09
  1.6040817E-06  4.8389235E-09
  1.6186216E-06  4.8827848E-09
  1.6332933E-06  4.9270437E-09
  1.6480981E-06  4.9717035E-09
  1.6630370E-06  5.0167683E-09
  1.6781113E-06  5.0622417E-09
  1.6933222E-06  5.1081273E-09
  1.7086710E-06  5.1544284E-09
  1.7241590E-06  5.2011493E-09
  1.7397873E-06  5.2482938E-09
  1.7555574E-06  5.2958655E-09
  1.7714702E-06  5.3438689E-09
  1.7875275E-06  5.3923066E-09
  1.8037302E-06  5.4411839E-09
  1.8200798E-06  5.4905041E-09
  1.8365776E-06  5.5402714E-09
  1.8532249E-06  5.5904894E-09
  1.8700232E-06  5.6411626E-09
  1.8869737E-06  5.6922955E-09
  1.9040779E-06  5.7438916E-09
  1.9213369E-06  5.7959557E-09
  1.9387526E-06  5.8484915E-09
  1.9563261E-06  5.9015033E-09
  1.9740589E-06  5.9549956E-09
  1.9919523E-06  6.0089729E-09
  2.0100081E-06  6.0634395E-09
  2.0282275E-06  6.1183996E-09
  2.0466121E-06  6.1738579E-09
  2.0651632E-06  6.2298189E-09
  2.0838825E-06  6.2862870E-09
  2.1027715E-06  6.3432668E-09
  2.1218316E-06  6.4007635E-09
  2.1410647E-06  6.4587811E-09
  2.1604719E-06  6.5173245E-09
  2.1800552E-06  6.5763985E-09
  2.1998160E-06  6.6360082E-09
  2.2197557E-06  6.6961579E-09
  2.2398763E-06  6.7568529E-09
  2.2601794E-06  6.8180981E-09
  2.2806664E-06  6.8798980E-09
  2.3013390E-06  6.9422583E-09
  2.3221992E-06  7.0051840E-09
  2.3432483E-06  7.0686799E-09
  2.3644882E-06  7.1327513E-09
  2.3859207E-06  7.1974036E-09
  2.4075475E-06  7.2626416E-09
  2.4293704E-06  7.3284712E-09
  2.4513909E-06  7.3948971E-09
  2.4736112E-06  7.4619253E-09
  2.4960327E-06  7.5295610E-09
  2.5186575E-06  7.5978095E-09
  2.5414874E-06  7.6666771E-09
  2.5645245E-06  7.7361682E-09
  2.5877700E-06  7.8062898E-09
  2.6112266E-06  7.8770466E-09
  2.6348955E-06  7.9484446E-09
  2.6587791E-06  8.0204900E-09
  2.6828791E-06  8.0931883E-09
  2.7071976E-06  8.1665457E-09
  2.7317365E-06  8.2405682E-09
  2.7564979E-06  8.3152614E-09
  2.7814838E-06  8.3906313E-09
  2.8066959E-06  8.4666842E-09
  2.8321367E-06  8.5434264E-09
  2.8578081E-06  8.6208649E-09
  2.8837123E-06  8.6990042E-09
  2.9098512E-06  8.7778531E-09
  2.9362270E-06  8.8574152E-09
  2.9628420E-06  8.9376995E-09
  2.9896980E-06  9.0187111E-09
  3.0167978E-06  9.1004564E-09
  3.0441429E-06  9.1829433E-09
  3.0717360E-06  9.2661780E-09
  3.0995793E-06  9.3501669E-09
  3.1276750E-06  9.4349168E-09
  3.1560251E-06  9.5204342E-09
  3.1846323E-06  9.6067279E-09
  3.2134990E-06  9.6938031E-09
  3.2426271E-06  9.7816679E-09
  3.2720193E-06  9.8703286E-09
  3.3016781E-06  9.9597930E-09
  3.3316055E-06  1.0050068E-08
  3.3618044E-06  1.0141162E-08
  3.3922768E-06  1.0233081E-08
  3.4230254E-06  1.0325834E-08
  3.4540528E-06  1.0419426E-08
  3.4853615E-06  1.0513867E-08
  3.5169539E-06  1.0609164E-08
  3.5488329E-06  1.0705326E-08
  3.5810006E-06  1.0802358E-08
  3.6134600E-06  1.0900270E-08
  3.6462136E-06  1.0999069E-08
  3.6792640E-06  1.1098764E-08
  3.7126140E-06  1.1199362E-08
  3.7462664E-06  1.1300872E-08
  3.7802238E-06  1.1403302E-08
  3.8144890E-06  1.1506661E-08
  3.8490648E-06  1.1610956E-08
  3.8839539E-06  1.1716196E-08
  3.9191596E-06  1.1822391E-08
  3.9546840E-06  1.1929547E-08
  3.9905303E-06  1.2037676E-08
  4.0267018E-06  1.2146783E-08
  4.0632012E-06  1.2256881E-08
  4.1000317E-06  1.2367975E-08
  4.1371954E-06  1.2480077E-08
  4.1746962E-06  1.2593194E-08
  4.2125371E-06  1.2707337E-08
  4.2507208E-06  1.2822515E-08
  4.2892511E-06  1.2938735E-08
  4.3281302E-06  1.3056010E-08
  4.3673617E-06  1.3174348E-08
  4.4069488E-06  1.3293757E-08
  4.4468948E-06  1.3414250E-08
  4.4872031E-06  1.3535834E-08
  4.5278766E-06  1.3658521E-08
  4.5689185E-06  1.3782318E-08
  4.6103328E-06  1.3907238E-08
  4.6521222E-06  1.4033291E-08
  4.6942905E-06  1.4160485E-08
  4.7368412E-06  1.4288832E-08
  4.7797776E-06  1.4418344E-08
  4.8231032E-06  1.4549028E-08
  4.8668212E-06  1.4680896E-08
  4.9109358E-06  1.4813961E-08
  4.9554501E-06  1.4948231E-08
  5.0003678E-06  1.5083717E-08
  5.0456929E-06  1.5220433E-08
  5.0914286E-06  1.5358387E-08
  5.1375791E-06  1.5497591E-08
  5.1841475E-06  1.5638056E-08
  5.2311384E-06  1.5779795E-08
  5.2785554E-06  1.5922819E-08
  5.3264016E-06  1.6067139E-08
  5.3746821E-06  1.6212766E-08
  5.4234001E-06  1.6359714E-08
  5.4725592E-06  1.6507991E-08
  5.5221644E-06  1.6657616E-08
  5.5722194E-06  1.6808594E-08
  5.6227277E-06  1.6960941E-08
  5.6736940E-06  1.7114669E-08
  5.7251218E-06  1.7269791E-08
  5.7770162E-06  1.7426318E-08
  5.8293813E-06  1.7584263E-08
  5.8822206E-06  1.7743641E-08
  5.9355389E-06  1.7904462E-08
  5.9893405E-06  1.8066741E-08
  6.0436300E-06  1.8230491E-08
  6.0984112E-06  1.8395724E-08
  6.1536894E-06  1.8562456E-08
  6.2094687E-06  1.8730697E-08
  6.2657532E-06  1.8900465E-08
  6.3225480E-06  1.9071770E-08
  6.3798575E-06  1.9244629E-08
  6.4376868E-06  1.9419053E-08
  6.4960400E-06  1.9595058E-08
  6.5549220E-06  1.9772658E-08
  6.6143380E-06  1.9951869E-08
  6.6742928E-06  2.0132703E-08
  6.7347905E-06  2.0315175E-08
  6.7958372E-06  2.0499302E-08
  6.8574368E-06  2.0685098E-08
  6.9195949E-06  2.0872577E-08
  6.9823163E-06  2.1061755E-08
  7.0456063E-06  2.1252648E-08
  7.1094701E-06  2.1445270E-08
  7.1739123E-06  2.1639638E-08
  7.2389389E-06  2.1835767E-08
  7.3045553E-06  2.2033674E-08
  7.3707661E-06  2.2233374E-08
  7.4375771E-06  2.2434886E-08
  7.5049938E-06  2.2638222E-08
  7.5730213E-06  2.2843402E-08
  7.6416654E-06  2.3050440E-08
  7.7109326E-06  2.3259355E-08
  7.7808272E-06  2.3470163E-08
  7.8513549E-06  2.3682881E-08
  7.9225219E-06  2.3897528E-08
  7.9943347E-06  2.4114119E-08
  8.0667978E-06  2.4332673E-08
  8.1399176E-06  2.4553207E-08
  8.2137003E-06  2.4775742E-08
  8.2881525E-06  2.5000292E-08
  8.3632785E-06  2.5226877E-08
  8.4390858E-06  2.5455515E-08
  8.5155807E-06  2.5686225E-08
  8.5927686E-06  2.5919027E-08
  8.6706568E-06  2.6153938E-08
  8.7492499E-06  2.6390977E-08
  8.8285560E-06  2.6630165E-08
  8.9085815E-06  2.6871520E-08
  8.9893310E-06  2.7115062E-08
  9.0708136E-06  2.7360811E-08
  9.1530346E-06  2.7608786E-08
  9.2360006E-06  2.7859011E-08
  9.3197186E-06  2.8111502E-08
  9.4041961E-06  2.8366280E-08
  9.4894385E-06  2.8623369E-08
  9.5754540E-06  2.8882786E-08
  9.6622489E-06  2.9144553E-08
  9.7498305E-06  2.9408694E-08
  9.8382061E-06  2.9675229E-08
  9.9273830E-06  2.9944179E-08
  1.0017368E-05  3.0215563E-08
  1.0108169E-05  3.0489410E-08
  1.0199792E-05  3.0765737E-08
  1.0292247E-05  3.1044568E-08
  1.0385539E-05  3.1325925E-08
  1.0479677E-05  3.1609833E-08
  1.0574669E-05  3.1896313E-08
  1.0670520E-05  3.2185390E-08
  1.0767241E-05  3.2477086E-08
  1.0864839E-05  3.2771425E-08
  1.0963322E-05  3.3068432E-08
  1.1062697E-05  3.3368128E-08
  1.1162972E-05  3.3670542E-08
  1.1264157E-05  3.3975695E-08
  1.1366260E-05  3.4283612E-08
  1.1469287E-05  3.4594322E-08
  1.1573248E-05  3.4907846E-08
  1.1678152E-05  3.5224211E-08
  1.1784006E-05  3.5543444E-08
  1.1890821E-05  3.5865568E-08
  1.1998603E-05  3.6190610E-08
  1.2107363E-05  3.6518600E-08
  1.2217108E-05  3.6849560E-08
  1.2327847E-05  3.7183518E-08
  1.2439591E-05  3.7520504E-08
  1.2552347E-05  3.7860545E-08
  1.2666126E-05  3.8203666E-08
  1.2780936E-05  3.8549896E-08
  1.2896787E-05  3.8899259E-08
  1.3013687E-05  3.9251791E-08
  1.3131647E-05  3.9607517E-08
  1.3250678E-05  3.9966469E-08
  1.3370785E-05  4.0328672E-08
  1.3491983E-05  4.0694154E-08
  1.3614278E-05  4.1062950E-08
  1.3737683E-05  4.1435086E-08
  1.3862205E-05  4.1810598E-08
  1.3987858E-05  4.2189509E-08
  1.4114647E-05  4.2571852E-08
  1.4242587E-05  4.2957662E-08
  1.4371687E-05  4.3346965E-08
  1.4501957E-05  4.3739799E-08
  1.4633407E-05  4.4136190E-08
  1.4766049E-05  4.4536172E-08
  1.4899893E-05  4.4939778E-08
  1.5034951E-05  4.5347043E-08
  1.5171233E-05  4.5757997E-08
  1.5308749E-05  4.6172673E-08
  1.5447513E-05  4.6591108E-08
  1.5587535E-05  4.7013334E-08
  1.5728825E-05  4.7439386E-08
  1.5871396E-05  4.7869296E-08
  1.6015259E-05  4.8303104E-08
  1.6160428E-05  4.8740841E-08
  1.6306911E-05  4.9182542E-08
  1.6454722E-05  4.9628248E-08
  1.6603874E-05  5.0077990E-08
  1.6754375E-05  5.0531806E-08
  1.6906242E-05  5.0989737E-08
  1.7059487E-05  5.1451813E-08
  1.7214119E-05  5.1918079E-08
  1.7370154E-05  5.2388568E-08
  1.7527602E-05  5.2863321E-08
  1.7686478E-05  5.3342372E-08
  1.7846794E-05  5.3825765E-08
  1.8008563E-05  5.4313535E-08
  1.8171799E-05  5.4805728E-08
  1.8336514E-05  5.5302380E-08
  1.8502722E-05  5.5803529E-08
  1.8670436E-05  5.6309219E-08
  1.8839672E-05  5.6819488E-08
  1.9010440E-05  5.7334383E-08
  1.9182758E-05  5.7853942E-08
  1.9356636E-05  5.8378209E-08
  1.9532092E-05  5.8907222E-08
  1.9709136E-05  5.9441032E-08
  1.9887786E-05  5.9979676E-08
  2.0068055E-05  6.0523199E-08
  2.0249960E-05  6.1071646E-08
  2.0433512E-05  6.1625059E-08
  2.0618727E-05  6.2183489E-08
  2.0805623E-05  6.2746977E-08
  2.0994212E-05  6.3315568E-08
  2.1184511E-05  6.3889317E-08
  2.1376532E-05  6.4468253E-08
  2.1570297E-05  6.5052440E-08
  2.1765818E-05  6.5641920E-08
  2.1963109E-05  6.6236737E-08
  2.2162190E-05  6.6836940E-08
  2.2363076E-05  6.7442585E-08
  2.2565782E-05  6.8053716E-08
  2.2770326E-05  6.8670381E-08
  2.2976723E-05  6.9292632E-08
  2.3184992E-05  6.9920517E-08
  2.3395149E-05  7.0554094E-08
  2.3607210E-05  7.1193412E-08
  2.3821192E-05  7.1838514E-08
  2.4037116E-05  7.2489463E-08
  2.4254996E-05  7.3146310E-08
  2.4474852E-05  7.3809105E-08
  2.4696699E-05  7.4477903E-08
  2.4920559E-05  7.5152762E-08
  2.5146446E-05  7.5833732E-08
  2.5374382E-05  7.6520870E-08
  2.5604384E-05  7.7214231E-08
  2.5836471E-05  7.7913874E-08
  2.6070660E-05  7.8619856E-08
  2.6306974E-05  7.9332231E-08
  2.6545429E-05  8.0051059E-08
  2.6786045E-05  8.0776395E-08
  2.7028842E-05  8.1508304E-08
  2.7273842E-05  8.2246842E-08
  2.7521060E-05  8.2992067E-08
  2.7770520E-05  8.3744041E-08
  2.8022241E-05  8.4502830E-08
  2.8276243E-05  8.5268489E-08
  2.8532550E-05  8.6041084E-08
  2.8791177E-05  8.6820670E-08
  2.9052149E-05  8.7607326E-08
  2.9315488E-05  8.8401102E-08
  2.9581213E-05  8.9202068E-08
  2.9849347E-05  9.0010282E-08
  3.0119911E-05  9.0825822E-08
  3.0392928E-05  9.1648751E-08
  3.0668420E-05  9.2479127E-08
  3.0946409E-05  9.3317027E-08
  3.1226915E-05  9.4162516E-08
  3.1509968E-05  9.5015658E-08
  3.1795586E-05  9.5876530E-08
  3.2083790E-05  9.6745197E-08
  3.2374606E-05  9.7621729E-08
  3.2668060E-05  9.8506199E-08
  3.2964177E-05  9.9398683E-08
  3.3262972E-05  1.0029925E-07
  3.3564480E-05  1.0120797E-07
  3.3868720E-05  1.0212491E-07
  3.4175715E-05  1.0305016E-07
  3.4485496E-05  1.0398379E-07
  3.4798086E-05  1.0492588E-07
  3.5113506E-05  1.0587650E-07
  3.5431785E-05  1.0683572E-07
  3.5752950E-05  1.0780363E-07
  3.6077028E-05  1.0878031E-07
  3.6404042E-05  1.0976582E-07
  3.6734018E-05  1.1076027E-07
  3.7066988E-05  1.1176371E-07
  3.7402977E-05  1.1277625E-07
  3.7742007E-05  1.1379795E-07
  3.8084116E-05  1.1482890E-07
  3.8429320E-05  1.1586919E-07
  3.8777656E-05  1.1691890E-07
  3.9129151E-05  1.1797811E-07
  3.9483832E-05  1.1904691E-07
  3.9841725E-05  1.2012539E-07
  4.0202864E-05  1.2121363E-07
  4.0567276E-05  1.2231173E-07
  4.0934989E-05  1.2341977E-07
  4.1306037E-05  1.2453783E-07
  4.1680451E-05  1.2566603E-07
  4.2058255E-05  1.2680444E-07
  4.2439486E-05  1.2795316E-07
  4.2824169E-05  1.2911228E-07
  4.3212342E-05  1.3028189E-07
  4.3604032E-05  1.3146209E-07
  4.3999273E-05  1.3265296E-07
  4.4398097E-05  1.3385463E-07
  4.4800538E-05  1.3506717E-07
  4.5206623E-05  1.3629069E-07
  4.5616391E-05  1.3752529E-07
  4.6029872E-05  1.3877106E-07
  4.6447101E-05  1.4002811E-07
  4.6868114E-05  1.4129654E-07
  4.7292942E-05  1.4257645E-07
  4.7721620E-05  1.4386795E-07
  4.8154187E-05  1.4517113E-07
  4.8590671E-05  1.4648612E-07
  4.9031110E-05  1.4781301E-07
  4.9475548E-05  1.4915190E-07
  4.9924009E-05  1.5050293E-07
  5.0376537E-05  1.5186617E-07
  5.0833165E-05  1.5324176E-07
  5.1293933E-05  1.5462979E-07
  5.1758878E-05  1.5603040E-07
  5.2228039E-05  1.5744368E-07
  5.2701449E-05  1.5886974E-07
  5.3179152E-05  1.6030872E-07
  5.3661188E-05  1.6176072E-07
  5.4147589E-05  1.6322586E-07
  5.4638400E-05  1.6470426E-07
  5.5133660E-05  1.6619605E-07
  5.5633409E-05  1.6770133E-07
  5.6137691E-05  1.6922024E-07
  5.6646539E-05  1.7075290E-07
  5.7160003E-05  1.7229942E-07
  5.7678120E-05  1.7385993E-07
  5.8200934E-05  1.7543458E-07
  5.8728485E-05  1.7702347E-07
  5.9260819E-05  1.7862673E-07
  5.9797978E-05  1.8024451E-07
  6.0340008E-05  1.8187693E-07
  6.0886949E-05  1.8352412E-07
  6.1438848E-05  1.8518621E-07
  6.1995750E-05  1.8686335E-07
  6.2557701E-05  1.8855566E-07
  6.3124746E-05  1.9026328E-07
  6.3696927E-05  1.9198636E-07
  6.4274296E-05  1.9372501E-07
  6.4856897E-05  1.9547942E-07
  6.5444787E-05  1.9724968E-07
  6.6037996E-05  1.9903597E-07
  6.6636589E-05  2.0083841E-07
  6.7240602E-05  2.0265716E-07
  6.7850095E-05  2.0449238E-07
  6.8465110E-05  2.0634418E-07
  6.9085698E-05  2.0821275E-07
  6.9711918E-05  2.1009822E-07
  7.0343805E-05  2.1200074E-07
  7.0981427E-05  2.1392049E-07
  7.1624825E-05  2.1585758E-07
  7.2274051E-05  2.1781221E-07
  7.2929171E-05  2.1978452E-07
  7.3590221E-05  2.2177467E-07
  7.4257267E-05  2.2378282E-07
  7.4930365E-05  2.2580915E-07
  7.5609554E-05  2.2785379E-07
  7.6294906E-05  2.2991692E-07
  7.6986464E-05  2.3199873E-07
  7.7684301E-05  2.3409936E-07
  7.8388453E-05  2.3621898E-07
  7.9098994E-05  2.3835779E-07
  7.9815974E-05  2.4051593E-07
  8.0539452E-05  2.4269357E-07
  8.1269485E-05  2.4489094E-07
  8.2006140E-05  2.4710818E-07
  8.2749466E-05  2.4934545E-07
  8.3499537E-05  2.5160296E-07
  8.4256404E-05  2.5388090E-07
  8.5020132E-05  2.5617942E-07
  8.5790780E-05  2.5849872E-07
  8.6568420E-05  2.6083899E-07
  8.7353103E-05  2.6320043E-07
  8.8144901E-05  2.6558325E-07
  8.8943874E-05  2.6798759E-07
  8.9750087E-05  2.7041366E-07
  9.0563612E-05  2.7286168E-07
  9.1384514E-05  2.7533181E-07
  9.2212853E-05  2.7782431E-07
  9.3048700E-05  2.8033932E-07
  9.3892122E-05  2.8287707E-07
  9.4743191E-05  2.8543778E-07
  9.5601972E-05  2.8802162E-07
  9.6468539E-05  2.9062883E-07
  9.7342963E-05  2.9325960E-07
  9.8225311E-05  2.9591413E-07
  9.9115656E-05  2.9859268E-07
  1.0001408E-04  3.0129544E-07
  1.0092064E-04  3.0402265E-07
  1.0183542E-04  3.0677450E-07
  1.0275848E-04  3.0955118E-07
  1.0368992E-04  3.1235300E-07
  1.0462980E-04  3.1518013E-07
  1.0557820E-04  3.1803282E-07
  1.0653519E-04  3.2091128E-07
  1.0750086E-04  3.2381575E-07
  1.0847529E-04  3.2674649E-07
  1.0945854E-04  3.2970368E-07
  1.1045071E-04  3.3268762E-07
  1.1145187E-04  3.3569850E-07
  1.1246210E-04  3.3873661E-07
  1.1348150E-04  3.4180215E-07
  1.1451013E-04  3.4489543E-07
  1.1554809E-04  3.4801661E-07
  1.1659545E-04  3.5116602E-07
  1.1765231E-04  3.5434385E-07
  1.1871875E-04  3.5755042E-07
  1.1979486E-04  3.6078595E-07
  1.2088072E-04  3.6405072E-07
  1.2197642E-04  3.6734497E-07
  1.2308205E-04  3.7066897E-07
  1.2419772E-04  3.7402302E-07
  1.2532348E-04  3.7740733E-07
  1.2645945E-04  3.8082226E-07
  1.2760573E-04  3.8426799E-07
  1.2876239E-04  3.8774485E-07
  1.2992953E-04  3.9125314E-07
  1.3110726E-04  3.9479309E-07
  1.3229565E-04  3.9836499E-07
  1.3349482E-04  4.0196917E-07
  1.3470487E-04  4.0560590E-07
  1.3592587E-04  4.0927549E-07
  1.3715794E-04  4.1297818E-07
  1.3840118E-04  4.1671430E-07
  1.3965571E-04  4.2048418E-07
  1.4092159E-04  4.2428809E-07
  1.4219894E-04  4.2812633E-07
  1.4348789E-04  4.3199924E-07
  1.4478852E-04  4.3590711E-07
  1.4610092E-04  4.3985025E-07
  1.4742522E-04  4.4382898E-07
  1.4876154E-04  4.4784363E-07
  1.5010996E-04  4.5189452E-07
  1.5147061E-04  4.5598199E-07
  1.5284358E-04  4.6010635E-07
  1.5422901E-04  4.6426791E-07
  1.5562699E-04  4.6846705E-07
  1.5703765E-04  4.7270407E-07
  1.5846109E-04  4.7697932E-07
  1.5989743E-04  4.8129317E-07
  1.6134679E-04  4.8564596E-07
  1.6280929E-04  4.9003802E-07
  1.6428504E-04  4.9446970E-07
  1.6577418E-04  4.9894135E-07
  1.6727681E-04  5.0345335E-07
  1.6879306E-04  5.0800611E-07
  1.7032305E-04  5.1259985E-07
  1.7186692E-04  5.1723509E-07
  1.7342478E-04  5.2191211E-07
  1.7499676E-04  5.2663137E-07
  1.7658298E-04  5.3139314E-07
  1.7818359E-04  5.3619789E-07
  1.7979871E-04  5.4104601E-07
  1.8142846E-04  5.4593778E-07
  1.8307299E-04  5.5087372E-07
  1.8473242E-04  5.5585411E-07
  1.8640689E-04  5.6087947E-07
  1.8809654E-04  5.6595013E-07
  1.8980152E-04  5.7106649E-07
  1.9152195E-04  5.7622901E-07
  1.9325796E-04  5.8143803E-07
  1.9500971E-04  5.8669406E-07
  1.9677734E-04  5.9199743E-07
  1.9856100E-04  5.9734862E-07
  2.0036082E-04  6.0274806E-07
  2.0217696E-04  6.0819616E-07
  2.0400956E-04  6.1369337E-07
  2.0585876E-04  6.1924010E-07
  2.0772473E-04  6.2483684E-07
  2.0960762E-04  6.3048401E-07
  2.1150758E-04  6.3618205E-07
  2.1342475E-04  6.4193148E-07
  2.1535929E-04  6.4773263E-07
  2.1731139E-04  6.5358614E-07
  2.1928117E-04  6.5949234E-07
  2.2126880E-04  6.6545175E-07
  2.2327446E-04  6.7146482E-07
  2.2529828E-04  6.7753211E-07
  2.2734047E-04  6.8365398E-07
  2.2940115E-04  6.8983104E-07
  2.3148052E-04  6.9606369E-07
  2.3357873E-04  7.0235251E-07
  2.3569597E-04  7.0869794E-07
  2.3783240E-04  7.1510050E-07
  2.3998818E-04  7.2156075E-07
  2.4216351E-04  7.2807910E-07
  2.4435855E-04  7.3465623E-07
  2.4657350E-04  7.4129247E-07
  2.4880853E-04  7.4798851E-07
  2.5106382E-04  7.5474480E-07
  2.5333953E-04  7.6156186E-07
  2.5563588E-04  7.6844032E-07
  2.5795307E-04  7.7538067E-07
  2.6029124E-04  7.8238349E-07
  2.6265060E-04  7.8944930E-07
  2.6503135E-04  7.9657872E-07
  2.6743367E-04  8.0377225E-07
  2.6985779E-04  8.1103053E-07
  2.7230385E-04  8.1835407E-07
  2.7477212E-04  8.2574354E-07
  2.7726273E-04  8.3319941E-07
  2.7977594E-04  8.4072241E-07
  2.8231193E-04  8.4831299E-07
  2.8487088E-04  8.5597185E-07
  2.8745303E-04  8.6369960E-07
  2.9005861E-04  8.7149687E-07
  2.9268779E-04  8.7936417E-07
  2.9534081E-04  8.8730224E-07
  2.9801790E-04  8.9531164E-07
  3.0071923E-04  9.0339307E-07
  3.0344503E-04  9.1154715E-07
  3.0619555E-04  9.1977449E-07
  3.0897101E-04  9.2807574E-07
  3.1177164E-04  9.3645161E-07
  3.1459762E-04  9.4490275E-07
  3.1744924E-04  9.5342978E-07
  3.2032671E-04  9.6203348E-07
  3.2323026E-04  9.7071438E-07
  3.2616011E-04  9.7947338E-07
  3.2911653E-04  9.8831094E-07
  3.3209976E-04  9.9722786E-07
  3.3511003E-04  1.0062249E-06
  3.3814757E-04  1.0153028E-06
  3.4121264E-04  1.0244621E-06
  3.4430550E-04  1.0337037E-06
  3.4742642E-04  1.0430282E-06
  3.5057560E-04  1.0524365E-06
  3.5375333E-04  1.0619292E-06
  3.5695988E-04  1.0715071E-06
  3.6019547E-04  1.0811708E-06
  3.6346039E-04  1.0909214E-06
  3.6675492E-04  1.1007594E-06
  3.7007930E-04  1.1106857E-06
  3.7343381E-04  1.1207011E-06
  3.7681876E-04  1.1308063E-06
  3.8023436E-04  1.1410020E-06
  3.8368092E-04  1.1512893E-06
  3.8715874E-04  1.1616688E-06
  3.9066808E-04  1.1721413E-06
  3.9420920E-04  1.1827078E-06
  3.9778245E-04  1.1933689E-06
  4.0138810E-04  1.2041256E-06
  4.0502640E-04  1.2149789E-06
  4.0869770E-04  1.2259293E-06
  4.1240227E-04  1.2369778E-06
  4.1614039E-04  1.2481253E-06
  4.1991245E-04  1.2593728E-06
  4.2371865E-04  1.2707209E-06
  4.2755940E-04  1.2821707E-06
  4.3143492E-04  1.2937230E-06
  4.3534560E-04  1.3053789E-06
  4.3929170E-04  1.3171390E-06
  4.4327360E-04  1.3290045E-06
  4.4729156E-04  1.3409762E-06
  4.5134596E-04  1.3530550E-06
  4.5543711E-04  1.3652420E-06
  4.5956534E-04  1.3775381E-06
  4.6373100E-04  1.3899441E-06
  4.6793441E-04  1.4024612E-06
  4.7217592E-04  1.4150902E-06
  4.7645587E-04  1.4278322E-06
  4.8077462E-04  1.4406883E-06
  4.8513251E-04  1.4536591E-06
  4.8952992E-04  1.4667461E-06
  4.9396715E-04  1.4799500E-06
  4.9844466E-04  1.4932720E-06
  5.0296274E-04  1.5067130E-06
  5.0752173E-04  1.5202742E-06
  5.1212206E-04  1.5339566E-06
  5.1676412E-04  1.5477613E-06
  5.2144827E-04  1.5616891E-06
  5.2617484E-04  1.5757415E-06
  5.3094426E-04  1.5899194E-06
  5.3575687E-04  1.6042238E-06
  5.4061320E-04  1.6186561E-06
  5.4551347E-04  1.6332172E-06
  5.5045815E-04  1.6479082E-06
  5.5544771E-04  1.6627304E-06
  5.6048244E-04  1.6776848E-06
  5.6556286E-04  1.6927727E-06
  5.7068933E-04  1.7079952E-06
  5.7586224E-04  1.7233535E-06
  5.8108201E-04  1.7388488E-06
  5.8634917E-04  1.7544822E-06
  5.9166399E-04  1.7702552E-06
  5.9702707E-04  1.7861686E-06
  6.0243870E-04  1.8022239E-06
  6.0789939E-04  1.8184223E-06
  6.1340962E-04  1.8347652E-06
  6.1896973E-04  1.8512535E-06
  6.2458031E-04  1.8678888E-06
  6.3024170E-04  1.8846723E-06
  6.3595438E-04  1.9016052E-06
  6.4171891E-04  1.9186889E-06
  6.4753566E-04  1.9359247E-06
  6.5340509E-04  1.9533138E-06
  6.5932778E-04  1.9708577E-06
  6.6530413E-04  1.9885579E-06
  6.7133468E-04  2.0064156E-06
  6.7741988E-04  2.0244320E-06
  6.8356027E-04  2.0426085E-06
  6.8975624E-04  2.0609468E-06
  6.9600844E-04  2.0794482E-06
  7.0231728E-04  2.0981140E-06
  7.0868334E-04  2.1169456E-06
  7.1510707E-04  2.1359447E-06
  7.2158902E-04  2.1551125E-06
  7.2812976E-04  2.1744506E-06
  7.3472975E-04  2.1939604E-06
  7.4138958E-04  2.2136435E-06
  7.4810977E-04  2.2335014E-06
  7.5489091E-04  2.2535355E-06
  7.6173345E-04  2.2737474E-06
  7.6863804E-04  2.2941388E-06
  7.7560527E-04  2.3147109E-06
  7.8263559E-04  2.3354655E-06
  7.8972965E-04  2.3564041E-06
  7.9688802E-04  2.3775285E-06
  8.0411125E-04  2.3988400E-06
  8.1140001E-04  2.4203405E-06
  8.1875478E-04  2.4420315E-06
  8.2617626E-04  2.4639146E-06
  8.3366496E-04  2.4859914E-06
  8.4122160E-04  2.5082641E-06
  8.4884668E-04  2.5307336E-06
  8.5654092E-04  2.5534021E-06
  8.6430489E-04  2.5762713E-06
  8.7213924E-04  2.5993427E-06
  8.8004459E-04  2.6226182E-06
  8.8802160E-04  2.6460998E-06
  8.9607091E-04  2.6697887E-06
  9.0419321E-04  2.6936873E-06
  9.1238908E-04  2.7177969E-06
  9.2065928E-04  2.7421197E-06
  9.2900445E-04  2.7666572E-06
  9.3742524E-04  2.7914116E-06
  9.4592239E-04  2.8163843E-06
  9.5449656E-04  2.8415777E-06
  9.6314843E-04  2.8669933E-06
  9.7187870E-04  2.8926333E-06
  9.8068814E-04  2.9184994E-06
  9.8957738E-04  2.9445937E-06
  9.9854730E-04  2.9709179E-06
  1.0075984E-03  2.9974742E-06
  1.0167316E-03  3.0242647E-06
  1.0259476E-03  3.0512911E-06
  1.0352471E-03  3.0785554E-06
  1.0446309E-03  3.1060601E-06
  1.0540998E-03  3.1338068E-06
  1.0636545E-03  3.1617976E-06
  1.0732958E-03  3.1900349E-06
  1.0830245E-03  3.2185205E-06
  1.0928414E-03  3.2472567E-06
  1.1027473E-03  3.2762455E-06
  1.1127429E-03  3.3054889E-06
  1.1228293E-03  3.3349895E-06
  1.1330069E-03  3.3647491E-06
  1.1432768E-03  3.3947701E-06
  1.1536399E-03  3.4250547E-06
  1.1640969E-03  3.4556051E-06
  1.1746486E-03  3.4864236E-06
  1.1852960E-03  3.5175124E-06
  1.1960400E-03  3.5488738E-06
  1.2068813E-03  3.5805103E-06
  1.2178208E-03  3.6124241E-06
  1.2288595E-03  3.6446172E-06
  1.2399983E-03  3.6770925E-06
  1.2512380E-03  3.7098521E-06
  1.2625797E-03  3.7428983E-06
  1.2740241E-03  3.7762341E-06
  1.2855723E-03  3.8098613E-06
  1.2972251E-03  3.8437825E-06
  1.3089837E-03  3.8780004E-06
  1.3208487E-03  3.9125171E-06
  1.3328213E-03  3.9473357E-06
  1.3449024E-03  3.9824581E-06
  1.3570930E-03  4.0178870E-06
  1.3693941E-03  4.0536256E-06
  1.3818068E-03  4.0896757E-06
  1.3943319E-03  4.1260405E-06
  1.4069707E-03  4.1627222E-06
  1.4197238E-03  4.1997237E-06
  1.4325927E-03  4.2370475E-06
  1.4455782E-03  4.2746960E-06
  1.4586814E-03  4.3126729E-06
  1.4719034E-03  4.3509804E-06
  1.4852452E-03  4.3896207E-06
  1.4987079E-03  4.4285971E-06
  1.5122927E-03  4.4679127E-06
  1.5260006E-03  4.5075699E-06
  1.5398328E-03  4.5475713E-06
  1.5537903E-03  4.5879206E-06
  1.5678743E-03  4.6286200E-06
  1.5820861E-03  4.6696723E-06
  1.5964267E-03  4.7110807E-06
  1.6108972E-03  4.7528483E-06
  1.6254989E-03  4.7949779E-06
  1.6402330E-03  4.8374727E-06
  1.6551005E-03  4.8803354E-06
  1.6701029E-03  4.9235691E-06
  1.6852412E-03  4.9671771E-06
  1.7005169E-03  5.0111621E-06
  1.7159309E-03  5.0555273E-06
  1.7314847E-03  5.1002758E-06
  1.7471794E-03  5.1454113E-06
  1.7630165E-03  5.1909365E-06
  1.7789970E-03  5.2368541E-06
  1.7951224E-03  5.2831683E-06
  1.8113940E-03  5.3298818E-06
  1.8278130E-03  5.3769982E-06
  1.8443809E-03  5.4245202E-06
  1.8610990E-03  5.4724519E-06
  1.8779685E-03  5.5207956E-06
  1.8949911E-03  5.5695559E-06
  1.9121679E-03  5.6187350E-06
  1.9295005E-03  5.6683371E-06
  1.9469900E-03  5.7183656E-06
  1.9646382E-03  5.7688235E-06
  1.9824463E-03  5.8197147E-06
  2.0004159E-03  5.8710420E-06
  2.0185483E-03  5.9228100E-06
  2.0368451E-03  5.9750218E-06
  2.0553076E-03  6.0276807E-06
  2.0739378E-03  6.0807906E-06
  2.0927365E-03  6.1343549E-06
  2.1117057E-03  6.1883775E-06
  2.1308470E-03  6.2428617E-06
  2.1501617E-03  6.2978120E-06
  2.1696514E-03  6.3532311E-06
  2.1893180E-03  6.4091237E-06
  2.2091626E-03  6.4654928E-06
  2.2291872E-03  6.5223426E-06
  2.2493931E-03  6.5796771E-06
  2.2697824E-03  6.6375001E-06
  2.2903564E-03  6.6958150E-06
  2.3111170E-03  6.7546262E-06
  2.3320657E-03  6.8139379E-06
  2.3532044E-03  6.8737531E-06
  2.3745345E-03  6.9340767E-06
  2.3960581E-03  6.9949124E-06
  2.4177767E-03  7.0562642E-06
  2.4396924E-03  7.1181362E-06
  2.4618064E-03  7.1805325E-06
  2.4841211E-03  7.2434573E-06
  2.5066379E-03  7.3069150E-06
  2.5293590E-03  7.3709089E-06
  2.5522860E-03  7.4354443E-06
  2.5754208E-03  7.5005246E-06
  2.5987651E-03  7.5661546E-06
  2.6223212E-03  7.6323386E-06
  2.6460907E-03  7.6990800E-06
  2.6700757E-03  7.7663844E-06
  2.6942783E-03  7.8342564E-06
  2.7187001E-03  7.9026986E-06
  2.7433431E-03  7.9717165E-06
  2.7682099E-03  8.0413147E-06
  2.7933018E-03  8.1114977E-06
  2.8186212E-03  8.1822700E-06
  2.8441700E-03  8.2536362E-06
  2.8699506E-03  8.3256000E-06
  2.8959648E-03  8.3981668E-06
  2.9222146E-03  8.4713411E-06
  2.9487025E-03  8.5451284E-06
  2.9754306E-03  8.6195314E-06
  3.0024010E-03  8.6945565E-06
  3.0296156E-03  8.7702083E-06
  3.0570771E-03  8.8464903E-06
  3.0847874E-03  8.9234090E-06
  3.1127490E-03  9.0009680E-06
  3.1409638E-03  9.0791727E-06
  3.1694346E-03  9.1580278E-06
  3.1981634E-03  9.2375385E-06
  3.2271526E-03  9.3177096E-06
  3.2564045E-03  9.3985454E-06
  3.2859216E-03  9.4800516E-06
  3.3157063E-03  9.5622336E-06
  3.3457610E-03  9.6450958E-06
  3.3760881E-03  9.7286438E-06
  3.4066900E-03  9.8128821E-06
  3.4375694E-03  9.8978162E-06
  3.4687286E-03  9.9834515E-06
  3.5001703E-03  1.0069793E-05
  3.5318970E-03  1.0156846E-05
  3.5639112E-03  1.0244616E-05
  3.5962157E-03  1.0333108E-05
  3.6288130E-03  1.0422326E-05
  3.6617056E-03  1.0512277E-05
  3.6948966E-03  1.0602967E-05
  3.7283883E-03  1.0694401E-05
  3.7621837E-03  1.0786583E-05
  3.7962855E-03  1.0879518E-05
  3.8306962E-03  1.0973215E-05
  3.8654187E-03  1.1067677E-05
  3.9004562E-03  1.1162910E-05
  3.9358111E-03  1.1258920E-05
  3.9714868E-03  1.1355711E-05
  4.0074857E-03  1.1453290E-05
  4.0438105E-03  1.1551664E-05
  4.0804651E-03  1.1650836E-05
  4.1174521E-03  1.1750813E-05
  4.1547739E-03  1.1851602E-05
  4.1924338E-03  1.1953207E-05
  4.2304355E-03  1.2055634E-05
  4.2687817E-03  1.2158890E-05
  4.3074754E-03  1.2262979E-05
  4.3465197E-03  1.2367909E-05
  4.3859179E-03  1.2473685E-05
  4.4256733E-03  1.2580313E-05
  4.4657891E-03  1.2687799E-05
  4.5062685E-03  1.2796148E-05
  4.5471149E-03  1.2905369E-05
  4.5883311E-03  1.3015465E-05
  4.6299212E-03  1.3126443E-05
  4.6718884E-03  1.3238310E-05
  4.7142361E-03  1.3351072E-05
  4.7569675E-03  1.3464734E-05
  4.8000859E-03  1.3579304E-05
  4.8435954E-03  1.3694787E-05
  4.8874994E-03  1.3811190E-05
  4.9318015E-03  1.3928518E-05
  4.9765049E-03  1.4046779E-05
  5.0216136E-03  1.4165979E-05
  5.0671310E-03  1.4286124E-05
  5.1130615E-03  1.4407220E-05
  5.1594079E-03  1.4529274E-05
  5.2061742E-03  1.4652293E-05
  5.2533648E-03  1.4776283E-05
  5.3009829E-03  1.4901250E-05
  5.3490330E-03  1.5027203E-05
  5.3975182E-03  1.5154144E-05
  5.4464429E-03  1.5282085E-05
  5.4958113E-03  1.5411028E-05
  5.5456273E-03  1.5540983E-05
  5.5958945E-03  1.5671954E-05
  5.6466176E-03  1.5803951E-05
  5.6978003E-03  1.5936977E-05
  5.7494473E-03  1.6071042E-05
  5.8015622E-03  1.6206151E-05
  5.8541493E-03  1.6342314E-05
  5.9072133E-03  1.6479533E-05
  5.9607583E-03  1.6617816E-05
  6.0147885E-03  1.6757172E-05
  6.0693086E-03  1.6897609E-05
  6.1243228E-03  1.7039130E-05
  6.1798356E-03  1.7181746E-05
  6.2358514E-03  1.7325461E-05
  6.2923753E-03  1.7470284E-05
  6.3494113E-03  1.7616219E-05
  6.4069647E-03  1.7763277E-05
  6.4650392E-03  1.7911465E-05
  6.5236408E-03  1.8060788E-05
  6.5827728E-03  1.8211253E-05
  6.6424413E-03  1.8362867E-05
  6.7026508E-03  1.8515640E-05
  6.7634056E-03  1.8669578E-05
  6.8247113E-03  1.8824689E-05
  6.8865730E-03  1.8980978E-05
  6.9489949E-03  1.9138453E-05
  7.0119831E-03  1.9297124E-05
  7.0755417E-03  1.9456995E-05
  7.1396767E-03  1.9618075E-05
  7.2043934E-03  1.9780373E-05
  7.2696963E-03  1.9943895E-05
  7.3355911E-03  2.0108646E-05
  7.4020834E-03  2.0274638E-05
  7.4691782E-03  2.0441876E-05
  7.5368811E-03  2.0610369E-05
  7.6051978E-03  2.0780122E-05
  7.6741339E-03  2.0951145E-05
  7.7436948E-03  2.1123447E-05
  7.8138867E-03  2.1297032E-05
  7.8847138E-03  2.1471911E-05
  7.9561835E-03  2.1648089E-05
  8.0283014E-03  2.1825575E-05
  8.1010722E-03  2.2004378E-05
  8.1745032E-03  2.2184506E-05
  8.2485992E-03  2.2365964E-05
  8.3233677E-03  2.2548762E-05
  8.3988132E-03  2.2732907E-05
  8.4749423E-03  2.2918410E-05
  8.5517624E-03  2.3105275E-05
  8.6292783E-03  2.3293511E-05
  8.7074963E-03  2.3483126E-05
  8.7864241E-03  2.3674131E-05
  8.8660670E-03  2.3866531E-05
  8.9464327E-03  2.4060333E-05
  9.0275258E-03  2.4255549E-05
  9.1093546E-03  2.4452187E-05
  9.1919247E-03  2.4650251E-05
  9.2752427E-03  2.4849754E-05
  9.3593169E-03  2.5050702E-05
  9.4441529E-03  2.5253103E-05
  9.5297573E-03  2.5456966E-05
  9.6161384E-03  2.5662301E-05
  9.7033018E-03  2.5869113E-05
  9.7912559E-03  2.6077414E-05
  9.8800072E-03  2.6287211E-05
  9.9695632E-03  2.6498512E-05
  1.0059930E-02  2.6711326E-05
  1.0151117E-02  2.6925663E-05
  1.0243130E-02  2.7141530E-05
  1.0335977E-02  2.7358938E-05
  1.0429665E-02  2.7577893E-05
  1.0524203E-02  2.7798405E-05
  1.0619598E-02  2.8020484E-05
  1.0715858E-02  2.8244138E-05
  1.0812989E-02  2.8469376E-05
  1.0911002E-02  2.8696208E-05
  1.1009903E-02  2.8924642E-05
  1.1109700E-02  2.9154688E-05
  1.1210402E-02  2.9386352E-05
  1.1312017E-02  2.9619649E-05
  1.1414553E-02  2.9854584E-05
  1.1518018E-02  3.0091169E-05
  1.1622421E-02  3.0329413E-05
  1.1727771E-02  3.0569321E-05
  1.1834075E-02  3.0810912E-05
  1.1941343E-02  3.1054187E-05
  1.2049584E-02  3.1299161E-05
  1.2158805E-02  3.1545838E-05
  1.2269016E-02  3.1794236E-05
  1.2380227E-02  3.2044361E-05
  1.2492444E-02  3.2296222E-05
  1.2605680E-02  3.2549829E-05
  1.2719942E-02  3.2805197E-05
  1.2835240E-02  3.3062330E-05
  1.2951583E-02  3.3321241E-05
  1.3068981E-02  3.3581946E-05
  1.3187442E-02  3.3844448E-05
  1.3306977E-02  3.4108758E-05
  1.3427596E-02  3.4374894E-05
  1.3549308E-02  3.4642861E-05
  1.3672124E-02  3.4912671E-05
  1.3796052E-02  3.5184334E-05
  1.3921103E-02  3.5457866E-05
  1.4047289E-02  3.5733279E-05
  1.4174619E-02  3.6010581E-05
  1.4303102E-02  3.6289781E-05
  1.4432750E-02  3.6570898E-05
  1.4563573E-02  3.6853940E-05
  1.4695582E-02  3.7138921E-05
  1.4828787E-02  3.7425852E-05
  1.4963200E-02  3.7714744E-05
  1.5098832E-02  3.8005619E-05
  1.5235692E-02  3.8298480E-05
  1.5373794E-02  3.8593342E-05
  1.5513147E-02  3.8890223E-05
  1.5653763E-02  3.9189130E-05
  1.5795654E-02  3.9490085E-05
  1.5938831E-02  3.9793096E-05
  1.6083306E-02  4.0098181E-05
  1.6229089E-02  4.0405350E-05
  1.6376195E-02  4.0714622E-05
  1.6524635E-02  4.1026011E-05
  1.6674420E-02  4.1339532E-05
  1.6825562E-02  4.1655199E-05
  1.6978074E-02  4.1973031E-05
  1.7131969E-02  4.2293042E-05
  1.7287260E-02  4.2615251E-05
  1.7443957E-02  4.2939675E-05
  1.7602075E-02  4.3266326E-05
  1.7761625E-02  4.3595224E-05
  1.7922623E-02  4.3926393E-05
  1.8085079E-02  4.4259843E-05
  1.8249009E-02  4.4595596E-05
  1.8414423E-02  4.4933669E-05
  1.8581338E-02  4.5274086E-05
  1.8749764E-02  4.5616864E-05
  1.8919719E-02  4.5962024E-05
  1.9091213E-02  4.6309582E-05
  1.9264262E-02  4.6659567E-05
  1.9438880E-02  4.7011996E-05
  1.9615080E-02  4.7366895E-05
  1.9792877E-02  4.7724279E-05
  1.9972287E-02  4.8084181E-05
  2.0153321E-02  4.8446618E-05
  2.0335998E-02  4.8811617E-05
  2.0520331E-02  4.9179202E-05
  2.0706333E-02  4.9549399E-05
  2.0894023E-02  4.9922233E-05
  2.1083413E-02  5.0297735E-05
  2.1274520E-02  5.0675924E-05
  2.1467358E-02  5.1056839E-05
  2.1661947E-02  5.1440504E-05
  2.1858297E-02  5.1826944E-05
  2.2056427E-02  5.2216197E-05
  2.2256354E-02  5.2608295E-05
  2.2458093E-02  5.3003259E-05
  2.2661660E-02  5.3401134E-05
  2.2867074E-02  5.3801949E-05
  2.3074348E-02  5.4205739E-05
  2.3283502E-02  5.4612537E-05
  2.3494551E-02  5.5022385E-05
  2.3707513E-02  5.5435317E-05
  2.3922406E-02  5.5851375E-05
  2.4139246E-02  5.6270594E-05
  2.4358053E-02  5.6693018E-05
  2.4578841E-02  5.7118690E-05
  2.4801632E-02  5.7547648E-05
  2.5026442E-02  5.7979942E-05
  2.5253290E-02  5.8415615E-05
  2.5482194E-02  5.8854715E-05
  2.5713174E-02  5.9297294E-05
  2.5946246E-02  5.9743394E-05
  2.6181431E-02  6.0193070E-05
  2.6418747E-02  6.0646373E-05
  2.6658216E-02  6.1103361E-05
  2.6899856E-02  6.1564089E-05
  2.7143683E-02  6.2028608E-05
  2.7389724E-02  6.2496983E-05
  2.7637992E-02  6.2969273E-05
  2.7888512E-02  6.3445543E-05
  2.8141303E-02  6.3925858E-05
  2.8396385E-02  6.4410277E-05
  2.8653778E-02  6.4898872E-05
  2.8913505E-02  6.5391716E-05
  2.9175587E-02  6.5888882E-05
  2.9440045E-02  6.6390443E-05
  2.9706899E-02  6.6896471E-05
  2.9976172E-02  6.7407047E-05
  3.0247886E-02  6.7922258E-05
  3.0522063E-02  6.8442183E-05
  3.0798724E-02  6.8966910E-05
  3.1077893E-02  6.9496527E-05
  3.1359594E-02  7.0031128E-05
  3.1643849E-02  7.0570808E-05
  3.1930678E-02  7.1115661E-05
  3.2220107E-02  7.1665789E-05
  3.2512162E-02  7.2221294E-05
  3.2806862E-02  7.2782284E-05
  3.3104233E-02  7.3348863E-05
  3.3404302E-02  7.3921161E-05
  3.3707090E-02  7.4499272E-05
  3.4012623E-02  7.5083335E-05
  3.4320924E-02  7.5673466E-05
  3.4632020E-02  7.6269789E-05
  3.4945935E-02  7.6872442E-05
  3.5262696E-02  7.7481556E-05
  3.5582330E-02  7.8097277E-05
  3.5904858E-02  7.8719742E-05
  3.6230315E-02  7.9349105E-05
  3.6558717E-02  7.9985519E-05
  3.6890097E-02  8.0629143E-05
  3.7224479E-02  8.1280130E-05
  3.7561893E-02  8.1938662E-05
  3.7902370E-02  8.2604900E-05
  3.8245928E-02  8.3279032E-05
  3.8592603E-02  8.3961240E-05
  3.8942419E-02  8.4651707E-05
  3.9295405E-02  8.5350635E-05
  3.9651591E-02  8.6058229E-05
  4.0011007E-02  8.6774693E-05
  4.0373679E-02  8.7500244E-05
  4.0739637E-02  8.8235094E-05
  4.1108917E-02  8.8979490E-05
  4.1481540E-02  8.9733650E-05
  4.1857544E-02  9.0497830E-05
  4.2236954E-02  9.1272268E-05
  4.2619802E-02  9.2057235E-05
  4.3006122E-02  9.2852992E-05
  4.3395944E-02  9.3659815E-05
  4.3789301E-02  9.4477997E-05
  4.4186220E-02  9.5307812E-05
  4.4586737E-02  9.6149583E-05
  4.4990886E-02  9.7003605E-05
  4.5398697E-02  9.7870216E-05
  4.5810208E-02  9.8749733E-05
  4.6225447E-02  9.9642515E-05
  4.6644449E-02  1.0054890E-04
  4.7067251E-02  1.0146927E-04
  4.7493882E-02  1.0240399E-04
  4.7924381E-02  1.0335346E-04
  4.8358783E-02  1.0431807E-04
  4.8797123E-02  1.0529823E-04
  4.9239438E-02  1.0629440E-04
  4.9685761E-02  1.0730699E-04
  5.0136127E-02  1.0833647E-04
  5.0590578E-02  1.0938332E-04
  5.1049147E-02  1.1044801E-04
  5.1511873E-02  1.1153105E-04
  5.1978793E-02  1.1263297E-04
  5.2449945E-02  1.1375429E-04
  5.2925371E-02  1.1489558E-04
  5.3405102E-02  1.1605740E-04
  5.3889185E-02  1.1724035E-04
  5.4377653E-02  1.1844504E-04
  5.4870550E-02  1.1967211E-04
  5.5367917E-02  1.2092220E-04
  5.5869788E-02  1.2219598E-04
  5.6376211E-02  1.2349417E-04
  5.6887224E-02  1.2481747E-04
  5.7402868E-02  1.2616665E-04
  5.7923187E-02  1.2754244E-04
  5.8448222E-02  1.2894568E-04
  5.8978014E-02  1.3037717E-04
  5.9512611E-02  1.3183778E-04
  6.0052052E-02  1.3332837E-04
  6.0596384E-02  1.3484986E-04
  6.1145648E-02  1.3640321E-04
  6.1699893E-02  1.3798937E-04
  6.2259160E-02  1.3960936E-04
  6.2823497E-02  1.4126422E-04
  6.3392952E-02  1.4295503E-04
  6.3967563E-02  1.4468293E-04
  6.4547390E-02  1.4644905E-04
  6.5132469E-02  1.4825461E-04
  6.5722845E-02  1.5010084E-04
  6.6318579E-02  1.5198902E-04
  6.6919714E-02  1.5392050E-04
  6.7526296E-02  1.5589665E-04
  6.8138376E-02  1.5791888E-04
  6.8756007E-02  1.5998870E-04
  6.9379233E-02  1.6210762E-04
  7.0008107E-02  1.6427724E-04
  7.0642687E-02  1.6649922E-04
  7.1283013E-02  1.6877522E-04
  7.1929149E-02  1.7110707E-04
  7.2581135E-02  1.7349655E-04
  7.3239036E-02  1.7594559E-04
  7.3902898E-02  1.7845618E-04
  7.4572779E-02  1.8103032E-04
  7.5248726E-02  1.8367016E-04
  7.5930811E-02  1.8637790E-04
  7.6619074E-02  1.8915583E-04
  7.7313572E-02  1.9200632E-04
  7.8014366E-02  1.9493182E-04
  7.8721516E-02  1.9793490E-04
  7.9435073E-02  2.0101821E-04
  8.0155097E-02  2.0418450E-04
  8.0881648E-02  2.0743663E-04
  8.1614785E-02  2.1077759E-04
  8.2354568E-02  2.1421046E-04
  8.3101057E-02  2.1773844E-04
  8.3854310E-02  2.2136488E-04
  8.4614396E-02  2.2509326E-04
  8.5381366E-02  2.2892715E-04
  8.6155295E-02  2.3287033E-04
  8.6936235E-02  2.3692667E-04
  8.7724254E-02  2.4110026E-04
  8.8519409E-02  2.4539529E-04
  8.9321785E-02  2.4981616E-04
  9.0131424E-02  2.5436745E-04
  9.0948403E-02  2.5905389E-04
  9.1772787E-02  2.6388047E-04
  9.2604652E-02  2.6885231E-04
  9.3444049E-02  2.7397479E-04
  9.4291054E-02  2.7925349E-04
  9.5145740E-02  2.8469425E-04
  9.6008174E-02  2.9030311E-04
  9.6878424E-02  2.9608642E-04
  9.7756557E-02  3.0205079E-04
  9.8642655E-02  3.0820305E-04
  9.9536784E-02  3.1455039E-04
  0.1004390      3.2110029E-04
  0.1013494      3.2786050E-04
  0.1022681      3.3483919E-04
  0.1031951      3.4204486E-04
  0.1041305      3.4948630E-04
  0.1050744      3.5717283E-04
  0.1060268      3.6511404E-04
  0.1069878      3.7332004E-04
  0.1079576      3.8180134E-04
  0.1089362      3.9056892E-04
  0.1099236      3.9963430E-04
  0.1109200      4.0900943E-04
  0.1119254      4.1870688E-04
  0.1129399      4.2873979E-04
  0.1139637      4.3912180E-04
  0.1149967      4.4986731E-04
  0.1160390      4.6099126E-04
  0.1170909      4.7250936E-04
  0.1181522      4.8443803E-04
  0.1192232      4.9679441E-04
  0.1203038      5.0959649E-04
  0.1213943      5.2286312E-04
  0.1224947      5.3661392E-04
  0.1236050      5.5086962E-04
  0.1247254      5.6565175E-04
  0.1258560      5.8098295E-04
  0.1269968      5.9688702E-04
  0.1281479      6.1338878E-04
  0.1293095      6.3051423E-04
  0.1304816      6.4829079E-04
  0.1316643      6.6674699E-04
  0.1328578      6.8591296E-04
  0.1340620      7.0582016E-04
  0.1352772      7.2650169E-04
  0.1365034      7.4799213E-04
  0.1377407      7.7032798E-04
  0.1389892      7.9354749E-04
  0.1402491      8.1769057E-04
  0.1415204      8.4279949E-04
  0.1428031      8.6891843E-04
  0.1440976      8.9609384E-04
  0.1454037      9.2437450E-04
  0.1467217      9.5381169E-04
  0.1480516      9.8445918E-04
  0.1493936      1.0163737E-03
  0.1507477      1.0496149E-03
  0.1521142      1.0842449E-03
  0.1534930      1.1203298E-03
  0.1548843      1.1579387E-03
  0.1562882      1.1971444E-03
  0.1577049      1.2380234E-03
  0.1591344      1.2806561E-03
  0.1605768      1.3251273E-03
  0.1620323      1.3715263E-03
  0.1635010      1.4199467E-03
  0.1649831      1.4704874E-03
  0.1664785      1.5232523E-03
  0.1679875      1.5783509E-03
  0.1695102      1.6358985E-03
  0.1710467      1.6960164E-03
  0.1725972      1.7588327E-03
  0.1741616      1.8244819E-03
  0.1757403      1.8931058E-03
  0.1773333      1.9648541E-03
  0.1789407      2.0398842E-03
  0.1805626      2.1183621E-03
  0.1821993      2.2004629E-03
  0.1838508      2.2863706E-03
  0.1855173      2.3762800E-03
  0.1871989      2.4703955E-03
  0.1888957      2.5689334E-03
  0.1906080      2.6721212E-03
  0.1923357      2.7801988E-03
  0.1940791      2.8934197E-03
  0.1958383      3.0120506E-03
  0.1976134      3.1363729E-03
  0.1994047      3.2666833E-03
  0.2012121      3.4032948E-03
  0.2030360      3.5465376E-03
  0.2048764      3.6967595E-03
  0.2067334      3.8543276E-03
  0.2086073      4.0196292E-03
  0.2104982      4.1930727E-03
  0.2124062      4.3750880E-03
  0.2143316      4.5661298E-03
  0.2162743      4.7666770E-03
  0.2182347      4.9772337E-03
  0.2202129      5.1983334E-03
  0.2222089      5.4305368E-03
  0.2242231      5.6744362E-03
  0.2262555      5.9306556E-03
  0.2283064      6.1998530E-03
  0.2303758      6.4827218E-03
  0.2324640      6.7799930E-03
  0.2345712      7.0924368E-03
  0.2366974      7.4208654E-03
  0.2388429      7.7661341E-03
  0.2410078      8.1291432E-03
  0.2431924      8.5108429E-03
  0.2453968      8.9122327E-03
  0.2476212      9.3343640E-03
  0.2498657      9.7783469E-03
  0.2521305      1.0245346E-02
  0.2544159      1.0736588E-02
  0.2567220      1.1253367E-02
  0.2590491      1.1797039E-02
  0.2613972      1.2369032E-02
  0.2637666      1.2970849E-02
  0.2661574      1.3604066E-02
  0.2685699      1.4270343E-02
  0.2710044      1.4971420E-02
  0.2734608      1.5709125E-02
  0.2759396      1.6485378E-02
  0.2784408      1.7302191E-02
  0.2809647      1.8161675E-02
  0.2835114      1.9066043E-02
  0.2860813      2.0017618E-02
  0.2886744      2.1018825E-02
  0.2912910      2.2072211E-02
  0.2939314      2.3180433E-02
  0.2965957      2.4346275E-02
  0.2992841      2.5572650E-02
  0.3019969      2.6862592E-02
  0.3047343      2.8219275E-02
  0.3074965      2.9646013E-02
  0.3102838      3.1146253E-02
  0.3130963      3.2723594E-02
  0.3159343      3.4381781E-02
  0.3187980      3.6124710E-02
  0.3216877      3.7956435E-02
  0.3246036      3.9881162E-02
  0.3275459      4.1903265E-02
  0.3305149      4.4027265E-02
  0.3335108      4.6257868E-02
  0.3365338      4.8599925E-02
  0.3395843      5.1058467E-02
  0.3426624      5.3638682E-02
  0.3457684      5.6345928E-02
  0.3489026      5.9185725E-02
  0.3520651      6.2163755E-02
  0.3552564      6.5285869E-02
  0.3584765      6.8558060E-02
  0.3617259      7.1986482E-02
  0.3650047      7.5577445E-02
  0.3683132      7.9337396E-02
  0.3716517      8.3272889E-02
  0.3750205      8.7390654E-02
  0.3784198      9.1697484E-02
  0.3818499      9.6200325E-02
  0.3853111      0.1009062    
  0.3888037      0.1058221    
  0.3923280      0.1109554    
  0.3958842      0.1163131    
  0.3994726      0.1219025    
  0.4030935      0.1277309    
  0.4067473      0.1338055    
  0.4104342      0.1401335    
  0.4141545      0.1467220    
  0.4179085      0.1535781    
  0.4216966      0.1607088    
  0.4255190      0.1681208    
  0.4293760      0.1758209    
  0.4332680      0.1838153    
  0.4371953      0.1921104    
  0.4411582      0.2007120    
  0.4451570      0.2096258    
  0.4491920      0.2188571    
  0.4532637      0.2284107    
  0.4573722      0.2382911    
  0.4615180      0.2485024    
  0.4657013      0.2590481    
  0.4699226      0.2699312    
  0.4741821      0.2811540    
  0.4784802      0.2927185    
  0.4828174      0.3046257    
  0.4871938      0.3168760    
  0.4916098      0.3294694    
  0.4960660      0.3424045    
  0.5005625      0.3556798    
  0.5050997      0.3692924    
  0.5096781      0.3832389    
  0.5142980      0.3975148    
  0.5189598      0.4121148    
  0.5236638      0.4270327    
  0.5284104      0.4422612    
  0.5332001      0.4577921    
  0.5380332      0.4736163    
  0.5429102      0.4897236    
  0.5478312      0.5061029    
  0.5527970      0.5227419    
  0.5578077      0.5396276    
  0.5628639      0.5567459    
  0.5679659      0.5740817    
  0.5731141      0.5916188    
  0.5783090      0.6093405    
  0.5835509      0.6272289    
  0.5888404      0.6452652    
  0.5941779      0.6634300    
  0.5995637      0.6817029    
  0.6049984      0.7000628    
  0.6104823      0.7184881    
  0.6160159      0.7369564    
  0.6215996      0.7554446    
  0.6272340      0.7739295    
  0.6329195      0.7923868    
  0.6386564      0.8107925    
  0.6444455      0.8291218    
  0.6502869      0.8473498    
  0.6561813      0.8654514    
  0.6621292      0.8834013    
  0.6681309      0.9011744    
  0.6741871      0.9187453    
  0.6802981      0.9360889    
  0.6864646      0.9531803    
  0.6926869      0.9699945    
  0.6989657      0.9865073    
  0.7053013       1.002694    
  0.7116944       1.018532    
  0.7181454       1.033998    
  0.7246549       1.049068    
  0.7312235       1.063722    
  0.7378515       1.077937    
  0.7445396       1.091693    
  0.7512884       1.104970    
  0.7580983       1.117748    
  0.7649699       1.130011    
  0.7719039       1.141740    
  0.7789007       1.152919    
  0.7859609       1.163532    
  0.7930851       1.173564    
  0.8002739       1.183003    
  0.8075278       1.191835    
  0.8148475       1.200050    
  0.8222336       1.207635    
  0.8296865       1.214582    
  0.8372071       1.220882    
  0.8447958       1.226529    
  0.8524533       1.231514    
  0.8601803       1.235834    
  0.8679772       1.239483    
  0.8758448       1.242459    
  0.8837838       1.244759    
  0.8917947       1.246382    
  0.8998782       1.247328    
  0.9080350       1.247597    
  0.9162657       1.247191    
  0.9245710       1.246113    
  0.9329516       1.244366    
  0.9414082       1.241956    
  0.9499415       1.238887    
  0.9585521       1.235166    
  0.9672407       1.230800    
  0.9760081       1.225797    
  0.9848549       1.220166    
  0.9937820       1.213917    
   1.002790       1.207059    
   1.011880       1.199606    
   1.021052       1.191567    
   1.030307       1.182956    
   1.039646       1.173787    
   1.049069       1.164072    
   1.058578       1.153827    
   1.068174       1.143067    
   1.077856       1.131807    
   1.087626       1.120064    
   1.097485       1.107854    
   1.107433       1.095194    
   1.117471       1.082102    
   1.127600       1.068596    
   1.137821       1.054694    
   1.148134       1.040415    
   1.158542       1.025778    
   1.169043       1.010801    
   1.179639      0.9955056    
   1.190332      0.9799099    
   1.201122      0.9640341    
   1.212009      0.9478980    
   1.222995      0.9315218    
   1.234081      0.9149254    
   1.245267      0.8981289    
   1.256554      0.8811526    
   1.267944      0.8640162    
   1.279437      0.8467399    
   1.291034      0.8293436    
   1.302737      0.8118467    
   1.314545      0.7942690    
   1.326461      0.7766296    
   1.338484      0.7589478    
   1.350617      0.7412422    
   1.362859      0.7235314    
   1.375213      0.7058336    
   1.387678      0.6881666    
   1.400256      0.6705477    
   1.412949      0.6529942    
   1.425756      0.6355225    
   1.438680      0.6181487    
   1.451720      0.6008887    
   1.464879      0.5837575    
   1.478157      0.5667698    
   1.491556      0.5499396    
   1.505076      0.5332807    
   1.518718      0.5168059    
   1.532484      0.5005278    
   1.546375      0.4844580    
   1.560392      0.4686079    
   1.574536      0.4529881    
   1.588808      0.4376085    
   1.603210      0.4224786    
   1.617742      0.4076070    
   1.632405      0.3930020    
   1.647202      0.3786709    
   1.662133      0.3646206    
   1.677199      0.3508573    
   1.692402      0.3373867    
   1.707742      0.3242136    
   1.723222      0.3113424    
   1.738841      0.2987770    
   1.754603      0.2865202    
   1.770507      0.2745748    
   1.786556      0.2629427    
   1.802750      0.2516253    
   1.819090      0.2406234    
   1.835579      0.2299373    
   1.852217      0.2195669    
   1.869007      0.2095114    
   1.885948      0.1997695    
   1.903043      0.1903397    
   1.920292      0.1812197    
   1.937699      0.1724070    
   1.955263      0.1638986    
   1.972986      0.1556912    
   1.990869      0.1477810    
   2.008915      0.1401639    
   2.027125      0.1328355    
   2.045499      0.1257911    
   2.064040      0.1190257    
   2.082750      0.1125340    
   2.101628      0.1063106    
   2.120678      0.1003496    
   2.139901      9.4645195E-02
   2.159297      8.9191288E-02
   2.178870      8.3981633E-02
   2.198620      7.9009853E-02
   2.218549      7.4269451E-02
   2.238659      6.9753863E-02
   2.258950      6.5456435E-02
   2.279426      6.1370455E-02
   2.300088      5.7489187E-02
   2.320937      5.3805873E-02
   2.341974      5.0313752E-02
   2.363203      4.7006078E-02
   2.384624      4.3876138E-02
   2.406239      4.0917262E-02
   2.428050      3.8122837E-02
   2.450058      3.5486322E-02
   2.472266      3.3001259E-02
   2.494676      3.0661283E-02
   2.517288      2.8460143E-02
   2.540106      2.6391691E-02
   2.563130      2.4449909E-02
   2.586363      2.2628907E-02
   2.609807      2.0922938E-02
   2.633463      1.9326396E-02
   2.657334      1.7833827E-02
   2.681421      1.6439930E-02
   2.705726      1.5139564E-02
   2.730251      1.3927752E-02
   2.754999      1.2799680E-02
   2.779971      1.1750701E-02
   2.805170      1.0776335E-02
   2.830597      9.8722745E-03
   2.856255      9.0343757E-03
   2.882144      8.2586650E-03
   2.908269      7.5413361E-03
   2.934631      6.8787485E-03
   2.961231      6.2674242E-03
   2.988073      5.7040476E-03
   3.015158      5.1854611E-03
   3.042488      4.7086622E-03
   3.070066      4.2708013E-03
   3.097894      3.8691759E-03
   3.125974      3.5012292E-03
   3.154309      3.1645440E-03
   3.182901      2.8568392E-03
   3.211752      2.5759656E-03
   3.240864      2.3199001E-03
   3.270241      2.0867430E-03
   3.299883      1.8747112E-03
   3.329794      1.6821353E-03
   3.359977      1.5074530E-03
   3.390433      1.3492057E-03
   3.421165      1.2060332E-03
   3.452175      1.0766687E-03
   3.483467      9.5993490E-04
   3.515042      8.5473829E-04
   3.546903      7.6006574E-04
   3.579054      6.7497941E-04
   3.611495      5.9861277E-04
   3.644231      5.3016620E-04
   3.677264      4.6890316E-04
   3.710596      4.1414605E-04
   3.744230      3.6527263E-04
   3.778169      3.2171237E-04
   3.812415      2.8294287E-04
   3.846972      2.4848661E-04
   3.881842      2.1790781E-04
   3.917029      1.9080935E-04
   3.952534      1.6682995E-04
   3.988361      1.4564139E-04
   4.024513      1.2694603E-04
   4.060992      1.1047434E-04
   4.097803      9.5982577E-05
   4.134946      8.3250736E-05
   4.172427      7.2080460E-05
   4.210247      6.2293191E-05
   4.248410      5.3728381E-05
   4.286919      4.6241879E-05
   4.325777      3.9704370E-05
   4.364987      3.3999931E-05
   4.404553      2.9024724E-05
   4.444477      2.4685709E-05
   4.484764      2.0899492E-05
   4.525415      1.7591216E-05
   4.566435      1.4693523E-05
   4.607826      1.2145565E-05
   4.649593      9.8920527E-06
   4.691739      7.8823314E-06
   4.734266      6.0694692E-06
   4.777179      4.4093376E-06
   4.820481      2.8596676E-06
   4.864175      1.3790539E-06
   4.908266     -7.4120862E-08
   4.952756      4.1786602E-06
   4.997649      3.7471457E-06
   5.042950      3.4304355E-06
   5.088661      3.2218661E-06
   5.134786      3.1179004E-06
   5.181329      3.1182572E-06
   5.228294     -9.1508806E-15
   5.275685      3.3164263E-28
   5.323506      0.0000000E+00
   5.371760      0.0000000E+00
   5.420452      0.0000000E+00
   5.469584      0.0000000E+00
   5.519162      0.0000000E+00
   5.569190      0.0000000E+00
   5.619671      0.0000000E+00
   5.670609      0.0000000E+00
   5.722010      0.0000000E+00
   5.773876      0.0000000E+00
   5.826212      0.0000000E+00
   5.879023      0.0000000E+00
   5.932312      0.0000000E+00
   5.986084      0.0000000E+00
   6.040344      0.0000000E+00
   6.095096      0.0000000E+00
   6.150344      0.0000000E+00
   6.206092      0.0000000E+00
   6.262347      0.0000000E+00
   6.319110      0.0000000E+00
   6.376389      0.0000000E+00
   6.434187      0.0000000E+00
   6.492508      0.0000000E+00
   6.551359      0.0000000E+00
   6.610742      0.0000000E+00
   6.670664      0.0000000E+00
   6.731129      0.0000000E+00
   6.792142      0.0000000E+00
   6.853709      0.0000000E+00
   6.915833      0.0000000E+00
   6.978520      0.0000000E+00
   7.041776      0.0000000E+00
   7.105605      0.0000000E+00
   7.170012      0.0000000E+00
   7.235003      0.0000000E+00
   7.300584      0.0000000E+00
   7.366759      0.0000000E+00
   7.433534      0.0000000E+00
   7.500914      0.0000000E+00
   7.568904      0.0000000E+00
   7.637511      0.0000000E+00
   7.706740      0.0000000E+00
   7.776597      0.0000000E+00
   7.847086      0.0000000E+00
   7.918215      0.0000000E+00
   7.989988      0.0000000E+00
   8.062412      0.0000000E+00
   8.135492      0.0000000E+00
   8.209235      0.0000000E+00
   8.283647      0.0000000E+00
   8.358732      0.0000000E+00
   8.434498      0.0000000E+00
   8.510951      0.0000000E+00
   8.588098      0.0000000E+00
   8.665942      0.0000000E+00
   8.744493      0.0000000E+00
   8.823756      0.0000000E+00
   8.903738      0.0000000E+00
   8.984445      0.0000000E+00
   9.065883      0.0000000E+00
   9.148058      0.0000000E+00
   9.230979      0.0000000E+00
   9.314651      0.0000000E+00
   9.399083      0.0000000E+00
   9.484280      0.0000000E+00
   9.570248      0.0000000E+00
   9.656996      0.0000000E+00
   9.744530      0.0000000E+00
   9.832857      0.0000000E+00
   9.921986      0.0000000E+00
   10.01192      0.0000000E+00
   10.10267      0.0000000E+00
   10.19425      0.0000000E+00
   10.28665      0.0000000E+00
   10.37989      0.0000000E+00
   10.47398      0.0000000E+00
   10.56892      0.0000000E+00
   10.66472      0.0000000E+00
   10.76139      0.0000000E+00
   10.85893      0.0000000E+00
   10.95736      0.0000000E+00
   11.05668      0.0000000E+00
   11.15690      0.0000000E+00
   11.25803      0.0000000E+00
   11.36008      0.0000000E+00
   11.46305      0.0000000E+00
   11.56696      0.0000000E+00
   11.67180      0.0000000E+00
   11.77760      0.0000000E+00
   11.88436      0.0000000E+00
   11.99208      0.0000000E+00
   12.10078      0.0000000E+00
   12.21047      0.0000000E+00
   12.32115      0.0000000E+00
   12.43283      0.0000000E+00
   12.54552      0.0000000E+00
   12.65924      0.0000000E+00
   12.77399      0.0000000E+00
   12.88978      0.0000000E+00
   13.00661      0.0000000E+00
   13.12451      0.0000000E+00
   13.24347      0.0000000E+00
   13.36352      0.0000000E+00
   13.48465      0.0000000E+00
   13.60688      0.0000000E+00
   13.73021      0.0000000E+00
   13.85467      0.0000000E+00
   13.98025      0.0000000E+00
   14.10697      0.0000000E+00
   14.23484      0.0000000E+00
   14.36387      0.0000000E+00
   14.49407      0.0000000E+00
   14.62545      0.0000000E+00
   14.75802      0.0000000E+00
   14.89179      0.0000000E+00
   15.02678      0.0000000E+00
   15.16298      0.0000000E+00
   15.30043      0.0000000E+00
   15.43911      0.0000000E+00
   15.57906      0.0000000E+00
   15.72027      0.0000000E+00
   15.86277      0.0000000E+00
   16.00655      0.0000000E+00
   16.15164      0.0000000E+00
   16.29804      0.0000000E+00
   16.44578      0.0000000E+00
   16.59484      0.0000000E+00
   16.74527      0.0000000E+00
   16.89705      0.0000000E+00
   17.05021      0.0000000E+00
   17.20476      0.0000000E+00
   17.36071      0.0000000E+00
   17.51807      0.0000000E+00
   17.67686      0.0000000E+00
   17.83709      0.0000000E+00
   17.99877      0.0000000E+00
   18.16192      0.0000000E+00
   18.32655      0.0000000E+00
   18.49266      0.0000000E+00
   18.66029      0.0000000E+00
   18.82943      0.0000000E+00
   19.00010      0.0000000E+00
   19.17233      0.0000000E+00
   19.34611      0.0000000E+00
   19.52147      0.0000000E+00
   19.69842      0.0000000E+00
   19.87697      0.0000000E+00
   20.05715      0.0000000E+00
   20.23895      0.0000000E+00
   20.42240      0.0000000E+00
   20.60752      0.0000000E+00
   20.79431      0.0000000E+00
   20.98280      0.0000000E+00
   21.17299      0.0000000E+00
   21.36491      0.0000000E+00
   21.55857      0.0000000E+00
   21.75398      0.0000000E+00
   21.95117      0.0000000E+00
   22.15014      0.0000000E+00
   22.35092      0.0000000E+00
   22.55351      0.0000000E+00
   22.75795      0.0000000E+00
   22.96423      0.0000000E+00
   23.17239      0.0000000E+00
   23.38243      0.0000000E+00
   23.59438      0.0000000E+00
   23.80824      0.0000000E+00
   24.02405      0.0000000E+00
   24.24181      0.0000000E+00
   24.46155      0.0000000E+00
   24.68327      0.0000000E+00
   24.90701      0.0000000E+00
   25.13278      0.0000000E+00
   25.36059      0.0000000E+00
   25.59046      0.0000000E+00
   25.82242      0.0000000E+00
   26.05649      0.0000000E+00
   26.29267      0.0000000E+00
   26.53100      0.0000000E+00
   26.77148      0.0000000E+00
   27.01415      0.0000000E+00
   27.25901      0.0000000E+00
   27.50610      0.0000000E+00
   27.75542      0.0000000E+00
   28.00701      0.0000000E+00
   28.26087      0.0000000E+00
   28.51704      0.0000000E+00
   28.77552      0.0000000E+00
   29.03636      0.0000000E+00
   29.29955      0.0000000E+00
   29.56513      0.0000000E+00
   29.83312      0.0000000E+00
   30.10354      0.0000000E+00
   30.37640      0.0000000E+00
   30.65175      0.0000000E+00
   30.92958      0.0000000E+00
   31.20994      0.0000000E+00
   31.49284      0.0000000E+00
   31.77830      0.0000000E+00
   32.06635      0.0000000E+00
   32.35701      0.0000000E+00
   32.65030      0.0000000E+00
   32.94625      0.0000000E+00
   33.24489      0.0000000E+00
   33.54623      0.0000000E+00
   33.85031      0.0000000E+00
   34.15714      0.0000000E+00
   34.46675      0.0000000E+00
   34.77917      0.0000000E+00
   35.09441      0.0000000E+00
   35.41252      0.0000000E+00
   35.73351      0.0000000E+00
   36.05742      0.0000000E+00
   36.38425      0.0000000E+00
   36.71405      0.0000000E+00
   37.04684      0.0000000E+00
   37.38264      0.0000000E+00
   37.72149      0.0000000E+00
   38.06341      0.0000000E+00
   38.40843      0.0000000E+00
   38.75658      0.0000000E+00
   39.10788      0.0000000E+00
   39.46236      0.0000000E+00
   39.82006      0.0000000E+00
   40.18101      0.0000000E+00
   40.54522      0.0000000E+00
   40.91273      0.0000000E+00
   41.28358      0.0000000E+00
   41.65779      0.0000000E+00
   42.03539      0.0000000E+00
   42.41641      0.0000000E+00
   42.80089      0.0000000E+00
   43.18885      0.0000000E+00
   43.58033      0.0000000E+00
   43.97535      0.0000000E+00
   44.37396      0.0000000E+00
   44.77618      0.0000000E+00
   45.18204      0.0000000E+00
   45.59159      0.0000000E+00
   46.00485      0.0000000E+00
   46.42185      0.0000000E+00
   46.84263      0.0000000E+00
   47.26723      0.0000000E+00
   47.69567      0.0000000E+00
   48.12801      0.0000000E+00
   48.56425      0.0000000E+00
   49.00446      0.0000000E+00
   49.44865      0.0000000E+00
   49.89687      0.0000000E+00
   50.34915      0.0000000E+00
   50.80553      0.0000000E+00
   51.26605      0.0000000E+00
   51.73074      0.0000000E+00
   52.19964      0.0000000E+00
   52.67280      0.0000000E+00
   53.15024      0.0000000E+00
   53.63201      0.0000000E+00
   54.11815      0.0000000E+00
   54.60870      0.0000000E+00
   55.10369      0.0000000E+00
   55.60316      0.0000000E+00
   56.10717      0.0000000E+00
   56.61575      0.0000000E+00
   57.12893      0.0000000E+00
   57.64676      0.0000000E+00
   58.16929      0.0000000E+00
   58.69656      0.0000000E+00
   59.22860      0.0000000E+00
   59.76547      0.0000000E+00
   60.30720      0.0000000E+00
   60.85385      0.0000000E+00
   61.40545      0.0000000E+00
   61.96204      0.0000000E+00
   62.52369      0.0000000E+00
   63.09042      0.0000000E+00
   63.66230      0.0000000E+00
   64.23935      0.0000000E+00
   64.82164      0.0000000E+00
   65.40920      0.0000000E+00
   66.00209      0.0000000E+00
   66.60036      0.0000000E+00
   67.20405      0.0000000E+00
   67.81320      0.0000000E+00
   68.42789      0.0000000E+00
   69.04814      0.0000000E+00
   69.67401      0.0000000E+00
   70.30556      0.0000000E+00
   70.94283      0.0000000E+00
   71.58588      0.0000000E+00
   72.23476      0.0000000E+00
   72.88952      0.0000000E+00
   73.55022      0.0000000E+00
   74.21690      0.0000000E+00
   74.88963      0.0000000E+00
   75.56845      0.0000000E+00
   76.25343      0.0000000E+00
   76.94461      0.0000000E+00
   77.64207      0.0000000E+00
   78.34583      0.0000000E+00
   79.05599      0.0000000E+00
   79.77258      0.0000000E+00
   80.49567      0.0000000E+00
   81.22530      0.0000000E+00
   81.96156      0.0000000E+00
   82.70448      0.0000000E+00
   83.45414      0.0000000E+00
   84.21059      0.0000000E+00
   84.97391      0.0000000E+00
   85.74414      0.0000000E+00
   86.52135      0.0000000E+00
   87.30561      0.0000000E+00
   88.09698      0.0000000E+00
   88.89552      0.0000000E+00
   89.70129      0.0000000E+00
   90.51437      0.0000000E+00
   91.33483      0.0000000E+00
   92.16272      0.0000000E+00
   92.99811      0.0000000E+00
  20. 0.
  20. -100000.
  0. -100000.
