  1.363600441568433E-006   142.722714998260     
  1.375960561541763E-006   142.722714998229     
  1.388432717681331E-006   142.722714998196     
  1.401017925519559E-006   142.722714998163     
  1.413717209793982E-006   142.722714998130     
  1.426531604530696E-006   142.722714998096     
  1.439462153128542E-006   142.722714998061     
  1.452509908444074E-006   142.722714998026     
  1.465675932877279E-006   142.722714997990     
  1.478961298458085E-006   142.722714997953     
  1.492367086933650E-006   142.722714997916     
  1.505894389856442E-006   142.722714997878     
  1.519544308673116E-006   142.722714997840     
  1.533317954814200E-006   142.722714997800     
  1.547216449784592E-006   142.722714997760     
  1.561240925254877E-006   142.722714997719     
  1.575392523153472E-006   142.722714997678     
  1.589672395759605E-006   142.722714997636     
  1.604081705797140E-006   142.722714997592     
  1.618621626529250E-006   142.722714997549     
  1.633293341853950E-006   142.722714997504     
  1.648098046400493E-006   142.722714997459     
  1.663036945626640E-006   142.722714997412     
  1.678111255916817E-006   142.722714997365     
  1.693322204681155E-006   142.722714997317     
  1.708671030455433E-006   142.722714997268     
  1.724158983001921E-006   142.722714997219     
  1.739787323411144E-006   142.722714997168     
  1.755557324204562E-006   142.722714997116     
  1.771470269438187E-006   142.722714997064     
  1.787527454807135E-006   142.722714997010     
  1.803730187751122E-006   142.722714996956     
  1.820079787560929E-006   142.722714996900     
  1.836577585485819E-006   142.722714996844     
  1.853224924841930E-006   142.722714996786     
  1.870023161121660E-006   142.722714996728     
  1.886973662104032E-006   142.722714996668     
  1.904077807966065E-006   142.722714996608     
  1.921336991395153E-006   142.722714996546     
  1.938752617702465E-006   142.722714996483     
  1.956326104937367E-006   142.722714996419     
  1.974058884002889E-006   142.722714996354     
  1.991952398772236E-006   142.722714996287     
  2.010008106206349E-006   142.722714996220     
  2.028227476472539E-006   142.722714996151     
  2.046611993064195E-006   142.722714996081     
  2.065163152921574E-006   142.722714996009     
  2.083882466553690E-006   142.722714995937     
  2.102771458161301E-006   142.722714995863     
  2.121831665761023E-006   142.722714995787     
  2.141064641310555E-006   142.722714995711     
  2.160471950835047E-006   142.722714995633     
  2.180055174554614E-006   142.722714995553     
  2.199815907013001E-006   142.722714995472     
  2.219755757207422E-006   142.722714995390     
  2.239876348719562E-006   142.722714995306     
  2.260179319847786E-006   142.722714995220     
  2.280666323740528E-006   142.722714995133     
  2.301339028530901E-006   142.722714995045     
  2.322199117472519E-006   142.722714994954     
  2.343248289076560E-006   142.722714994862     
  2.364488257250062E-006   142.722714994769     
  2.385920751435473E-006   142.722714994674     
  2.407547516751477E-006   142.722714994577     
  2.429370314135080E-006   142.722714994478     
  2.451390920485000E-006   142.722714994377     
  2.473611128806343E-006   142.722714994275     
  2.496032748356599E-006   142.722714994171     
  2.518657604792963E-006   142.722714994064     
  2.541487540320978E-006   142.722714993956     
  2.564524413844543E-006   142.722714993846     
  2.587770101117270E-006   142.722714993734     
  2.611226494895212E-006   142.722714993620     
  2.634895505090983E-006   142.722714993504     
  2.658779058929270E-006   142.722714993386     
  2.682879101103753E-006   142.722714993265     
  2.707197593935450E-006   142.722714993143     
  2.731736517532500E-006   142.722714993018     
  2.756497869951389E-006   142.722714992890     
  2.781483667359637E-006   142.722714992761     
  2.806695944199969E-006   142.722714992629     
  2.832136753355961E-006   142.722714992495     
  2.857808166319198E-006   142.722714992358     
  2.883712273357942E-006   142.722714992219     
  2.909851183687327E-006   142.722714992077     
  2.936227025641104E-006   142.722714991933     
  2.962841946844939E-006   142.722714991786     
  2.989698114391273E-006   142.722714991637     
  3.016797715015786E-006   142.722714991484     
  3.044142955275441E-006   142.722714991329     
  3.071736061728159E-006   142.722714991171     
  3.099579281114105E-006   142.722714991011     
  3.127674880538635E-006   142.722714990847     
  3.156025147656883E-006   142.722714990680     
  3.184632390860042E-006   142.722714990511     
  3.213498939463317E-006   142.722714990338     
  3.242627143895584E-006   142.722714990162     
  3.272019375890776E-006   142.722714989983     
  3.301678028680996E-006   142.722714989800     
  3.331605517191387E-006   142.722714989614     
  3.361804278236762E-006   142.722714989425     
  3.392276770720018E-006   142.722714989233     
  3.423025475832354E-006   142.722714989037     
  3.454052897255295E-006   142.722714988837     
  3.485361561364553E-006   142.722714988634     
  3.516954017435736E-006   142.722714988427     
  3.548832837851921E-006   142.722714988216     
  3.581000618313101E-006   142.722714988001     
  3.613459978047546E-006   142.722714987783     
  3.646213560025065E-006   142.722714987560     
  3.679264031172210E-006   142.722714987334     
  3.712614082589425E-006   142.722714987103     
  3.746266429770170E-006   142.722714986868     
  3.780223812822025E-006   142.722714986629     
  3.814488996689796E-006   142.722714986386     
  3.849064771380659E-006   142.722714986138     
  3.883953952191324E-006   142.722714985885     
  3.919159379937266E-006   142.722714985628     
  3.954683921184045E-006   142.722714985367     
  3.990530468480707E-006   142.722714985100     
  4.026701940595307E-006   142.722714984829     
  4.063201282752568E-006   142.722714984552     
  4.100031466873690E-006   142.722714984271     
  4.137195491818340E-006   142.722714983985     
  4.174696383628830E-006   142.722714983693     
  4.212537195776505E-006   142.722714983396     
  4.250721009410375E-006   142.722714983094     
  4.289250933607989E-006   142.722714982786     
  4.328130105628594E-006   142.722714982472     
  4.367361691168576E-006   142.722714982153     
  4.406948884619229E-006   142.722714981828     
  4.446894909326858E-006   142.722714981497     
  4.487203017855224E-006   142.722714981160     
  4.527876492250395E-006   142.722714980817     
  4.568918644307975E-006   142.722714980468     
  4.610332815842764E-006   142.722714980112     
  4.652122378960865E-006   142.722714979750     
  4.694290736334254E-006   142.722714979381     
  4.736841321477835E-006   142.722714979006     
  4.779777599029012E-006   142.722714978623     
  4.823103065029800E-006   142.722714978234     
  4.866821247211476E-006   142.722714977838     
  4.910935705281827E-006   142.722714977434     
  4.955450031214997E-006   142.722714977023     
  5.000367849543955E-006   142.722714976605     
  5.045692817655622E-006   142.722714976179     
  5.091428626088669E-006   142.722714975745     
  5.137578998834014E-006   142.722714975303     
  5.184147693638048E-006   142.722714974853     
  5.231138502308603E-006   142.722714974396     
  5.278555251023695E-006   142.722714973929     
  5.326401800643068E-006   142.722714973454     
  5.374682047022558E-006   142.722714972971     
  5.423399921331319E-006   142.722714972479     
  5.472559390371896E-006   142.722714971978     
  5.522164456903236E-006   142.722714971467     
  5.572219159966602E-006   142.722714970948     
  5.622727575214440E-006   142.722714970419     
  5.673693815242246E-006   142.722714969880     
  5.725122029923426E-006   142.722714969331     
  5.777016406747192E-006   142.722714968773     
  5.829381171159529E-006   142.722714968204     
  5.882220586907242E-006   142.722714967625     
  5.935538956385134E-006   142.722714967036     
  5.989340620986320E-006   142.722714966435     
  6.043629961455716E-006   142.722714965824     
  6.098411398246746E-006   142.722714965202     
  6.153689391881268E-006   142.722714964568     
  6.209468443312766E-006   142.722714963923     
  6.265753094292838E-006   142.722714963266     
  6.322547927741000E-006   142.722714962597     
  6.379857568117854E-006   142.722714961916     
  6.437686681801618E-006   142.722714961222     
  6.496039977468090E-006   142.722714960516     
  6.554922206474043E-006   142.722714959797     
  6.614338163244101E-006   142.722714959065     
  6.674292685661119E-006   142.722714958319     
  6.734790655460102E-006   142.722714957560     
  6.795836998625700E-006   142.722714956787     
  6.857436685793291E-006   142.722714956001     
  6.919594732653725E-006   142.722714955199     
  6.982316200361703E-006   142.722714954383     
  7.045606195947893E-006   142.722714953553     
  7.109469872734757E-006   142.722714952707     
  7.173912430756153E-006   142.722714951846     
  7.238939117180746E-006   142.722714950969     
  7.304555226739253E-006   142.722714950076     
  7.370766102155561E-006   142.722714949167     
  7.437577134581750E-006   142.722714948241     
  7.504993764037064E-006   142.722714947298     
  7.573021479850865E-006   142.722714946339     
  7.641665821109581E-006   142.722714945361     
  7.710932377107733E-006   142.722714944366     
  7.780826787803038E-006   142.722714943353     
  7.851354744275630E-006   142.722714942322     
  7.922521989191447E-006   142.722714941271     
  7.994334317269836E-006   142.722714940202     
  8.066797575755371E-006   142.722714939113     
  8.139917664893958E-006   142.722714938004     
  8.213700538413265E-006   142.722714936875     
  8.288152204007489E-006   142.722714935725     
  8.363278723826533E-006   142.722714934555     
  8.439086214969608E-006   142.722714933363     
  8.515580849983308E-006   142.722714932150     
  8.592768857364207E-006   142.722714930914     
  8.670656522066010E-006   142.722714929656     
  8.749250186011294E-006   142.722714928375     
  8.828556248607892E-006   142.722714927070     
  8.908581167269967E-006   142.722714925742     
  8.989331457943789E-006   142.722714924390     
  9.070813695638293E-006   142.722714923013     
  9.153034514960450E-006   142.722714921611     
  9.236000610655472E-006   142.722714920184     
  9.319718738151926E-006   142.722714918730     
  9.404195714111796E-006   142.722714917250     
  9.489438416985517E-006   142.722714915743     
  9.575453787572047E-006   142.722714914209     
  9.662248829584013E-006   142.722714912646     
  9.749830610217976E-006   142.722714911056     
  9.838206260729884E-006   142.722714909436     
  9.927382977015718E-006   142.722714907787     
  1.001736802019740E-005   142.722714906107     
  1.010816871721406E-005   142.722714904398     
  1.019979246141857E-005   142.722714902657     
  1.029224671317959E-005   142.722714900884     
  1.038553900048897E-005   142.722714899079     
  1.047967691957478E-005   142.722714897241     
  1.057466813551974E-005   142.722714895370     
  1.067052038288543E-005   142.722714893464     
  1.076724146634197E-005   142.722714891524     
  1.086483926130361E-005   142.722714889549     
  1.096332171456990E-005   142.722714887537     
  1.106269684497279E-005   142.722714885489     
  1.116297274402952E-005   142.722714883404     
  1.126415757660153E-005   142.722714881281     
  1.136625958155919E-005   142.722714879119     
  1.146928707245270E-005   142.722714876917     
  1.157324843818900E-005   142.722714874676     
  1.167815214371481E-005   142.722714872394     
  1.178400673070591E-005   142.722714870070     
  1.189082081826262E-005   142.722714867704     
  1.199860310361157E-005   142.722714865295     
  1.210736236281394E-005   142.722714862841     
  1.221710745147996E-005   142.722714860344     
  1.232784730549003E-005   142.722714857800     
  1.243959094172227E-005   142.722714855211     
  1.255234745878674E-005   142.722714852574     
  1.266612603776628E-005   142.722714849889     
  1.278093594296405E-005   142.722714847156     
  1.289678652265788E-005   142.722714844372     
  1.301368720986148E-005   142.722714841538     
  1.313164752309243E-005   142.722714838652     
  1.325067706714729E-005   142.722714835714     
  1.337078553388364E-005   142.722714832722     
  1.349198270300920E-005   142.722714829676     
  1.361427844287818E-005   142.722714826574     
  1.373768271129477E-005   142.722714823416     
  1.386220555632394E-005   142.722714820200     
  1.398785711710963E-005   142.722714816926     
  1.411464762470026E-005   142.722714813592     
  1.424258740288184E-005   142.722714810198     
  1.437168686901854E-005   142.722714806741     
  1.450195653490092E-005   142.722714803222     
  1.463340700760187E-005   142.722714799638     
  1.476604899034022E-005   142.722714795990     
  1.489989328335228E-005   142.722714792274     
  1.503495078477126E-005   142.722714788491     
  1.517123249151457E-005   142.722714784640     
  1.530874950017930E-005   142.722714780718     
  1.544751300794571E-005   142.722714776725     
  1.558753431348897E-005   142.722714772658     
  1.572882481789913E-005   142.722714768518     
  1.587139602560944E-005   142.722714764303     
  1.601525954533309E-005   142.722714760011     
  1.616042709100845E-005   142.722714755640     
  1.630691048275285E-005   142.722714751190     
  1.645472164782504E-005   142.722714746659     
  1.660387262159630E-005   142.722714742046     
  1.675437554853050E-005   142.722714737348     
  1.690624268317286E-005   142.722714732565     
  1.705948639114783E-005   142.722714727695     
  1.721411915016589E-005   142.722714722736     
  1.737015355103959E-005   142.722714717687     
  1.752760229870871E-005   142.722714712546     
  1.768647821327475E-005   142.722714707311     
  1.784679423104482E-005   142.722714701981     
  1.800856340558492E-005   142.722714696554     
  1.817179890878285E-005   142.722714691028     
  1.833651403192070E-005   142.722714685401     
  1.850272218675710E-005   142.722714679672     
  1.867043690661921E-005   142.722714673838     
  1.883967184750473E-005   142.722714667899     
  1.901044078919375E-005   142.722714661851     
  1.918275763637080E-005   142.722714655693     
  1.935663641975704E-005   142.722714649423     
  1.953209129725262E-005   142.722714643039     
  1.970913655508958E-005   142.722714636538     
  1.988778660899499E-005   142.722714629919     
  2.006805600536481E-005   142.722714623180     
  2.024995942244827E-005   142.722714616317     
  2.043351167154305E-005   142.722714609330     
  2.061872769820127E-005   142.722714602216     
  2.080562258344643E-005   142.722714594972     
  2.099421154500134E-005   142.722714587596     
  2.118450993852724E-005   142.722714580086     
  2.137653325887408E-005   142.722714572439     
  2.157029714134221E-005   142.722714564652     
  2.176581736295544E-005   142.722714556724     
  2.196310984374569E-005   142.722714548652     
  2.216219064804924E-005   142.722714540433     
  2.236307598581476E-005   142.722714532063     
  2.256578221392321E-005   142.722714523542     
  2.277032583751966E-005   142.722714514865     
  2.297672351135719E-005   142.722714506031     
  2.318499204115301E-005   142.722714497035     
  2.339514838495687E-005   142.722714487876     
  2.360720965453179E-005   142.722714478549     
  2.382119311674740E-005   142.722714469053     
  2.403711619498591E-005   142.722714459384     
  2.425499647056075E-005   142.722714449539     
  2.447485168414809E-005   142.722714439515     
  2.469669973723141E-005   142.722714429308     
  2.492055869355909E-005   142.722714418915     
  2.514644678061523E-005   142.722714408333     
  2.537438239110378E-005   142.722714397559     
  2.560438408444618E-005   142.722714386588     
  2.583647058829253E-005   142.722714375417     
  2.607066080004650E-005   142.722714364043     
  2.630697378840393E-005   142.722714352461     
  2.654542879490562E-005   142.722714340669     
  2.678604523550396E-005   142.722714328662     
  2.702884270214386E-005   142.722714316437     
  2.727384096435804E-005   142.722714303988     
  2.752105997087671E-005   142.722714291313     
  2.777051985125192E-005   142.722714278408     
  2.802224091749651E-005   142.722714265267     
  2.827624366573808E-005   142.722714251887     
  2.853254877788782E-005   142.722714238263     
  2.879117712332450E-005   142.722714224391     
  2.905214976059379E-005   142.722714210267     
  2.931548793912287E-005   142.722714195885     
  2.958121310095068E-005   142.722714181241     
  2.984934688247383E-005   142.722714166331     
  3.011991111620828E-005   142.722714151149     
  3.039292783256703E-005   142.722714135691     
  3.066841926165398E-005   142.722714119951     
  3.094640783507392E-005   142.722714103925     
  3.122691618775907E-005   142.722714087607     
  3.150996715981205E-005   142.722714070991     
  3.179558379836563E-005   142.722714054073     
  3.208378935945933E-005   142.722714036847     
  3.237460730993303E-005   142.722714019307     
  3.266806132933768E-005   142.722714001448     
  3.296417531186343E-005   142.722713983264     
  3.326297336828519E-005   142.722713964748     
  3.356447982792580E-005   142.722713945895     
  3.386871924063705E-005   142.722713926699     
  3.417571637879856E-005   142.722713907154     
  3.448549623933496E-005   142.722713887252     
  3.479808404575112E-005   142.722713866988     
  3.511350525018603E-005   142.722713846355     
  3.543178553548518E-005   142.722713825346     
  3.575295081729174E-005   142.722713803955     
  3.607702724615677E-005   142.722713782174     
  3.640404120966846E-005   142.722713759996     
  3.673401933460071E-005   142.722713737415     
  3.706698848908121E-005   142.722713714422     
  3.740297578477914E-005   142.722713691010     
  3.774200857911269E-005   142.722713667173     
  3.808411447747666E-005   142.722713642901     
  3.842932133549013E-005   142.722713618187     
  3.877765726126467E-005   142.722713593023     
  3.912915061769288E-005   142.722713567401     
  3.948383002475796E-005   142.722713541312     
  3.984172436186395E-005   142.722713514748     
  4.020286277018724E-005   142.722713487700     
  4.056727465504940E-005   142.722713460160     
  4.093498968831141E-005   142.722713432118     
  4.130603781078971E-005   142.722713403566     
  4.168044923469407E-005   142.722713374494     
  4.205825444608761E-005   142.722713344892     
  4.243948420736910E-005   142.722713314751     
  4.282416955977773E-005   142.722713284061     
  4.321234182592062E-005   142.722713252813     
  4.360403261232325E-005   142.722713220995     
  4.399927381200296E-005   142.722713188598     
  4.439809760706583E-005   142.722713155611     
  4.480053647132709E-005   142.722713122023     
  4.520662317295517E-005   142.722713087823     
  4.561639077713997E-005   142.722713053001     
  4.602987264878502E-005   142.722713017545     
  4.644710245522428E-005   142.722712981442     
  4.686811416896336E-005   142.722712944683     
  4.729294207044584E-005   142.722712907254     
  4.772162075084440E-005   142.722712869143     
  4.815418511487740E-005   142.722712830339     
  4.859067038365101E-005   142.722712790827     
  4.903111209752699E-005   142.722712750597     
  4.947554611901656E-005   142.722712709633     
  4.992400863570044E-005   142.722712667924     
  5.037653616317547E-005   142.722712625455     
  5.083316554802770E-005   142.722712582212     
  5.129393397083275E-005   142.722712538182     
  5.175887894918308E-005   142.722712493351     
  5.222803834074291E-005   142.722712447702     
  5.270145034633066E-005   142.722712401223     
  5.317915351302945E-005   142.722712353897     
  5.366118673732580E-005   142.722712305710     
  5.414758926827665E-005   142.722712256644     
  5.463840071070526E-005   142.722712206686     
  5.513366102842588E-005   142.722712155817     
  5.563341054749792E-005   142.722712104022     
  5.613768995950929E-005   142.722712051284     
  5.664654032488980E-005   142.722711997585     
  5.716000307625439E-005   142.722711942909     
  5.767812002177676E-005   142.722711887237     
  5.820093334859357E-005   142.722711830551     
  5.872848562623948E-005   142.722711772833     
  5.926081981011327E-005   142.722711714063     
  5.979797924497556E-005   142.722711654224     
  6.034000766847802E-005   142.722711593294     
  6.088694921472463E-005   142.722711531256     
  6.143884841786541E-005   142.722711468087     
  6.199575021572240E-005   142.722711403768     
  6.255769995344874E-005   142.722711338278     
  6.312474338722088E-005   142.722711271595     
  6.369692668796422E-005   142.722711203697     
  6.427429644511246E-005   142.722711134564     
  6.485689967040124E-005   142.722711064171     
  6.544478380169581E-005   142.722710992496     
  6.603799670685384E-005   142.722710919516     
  6.663658668762284E-005   142.722710845207     
  6.724060248357320E-005   142.722710769545     
  6.785009327606664E-005   142.722710692505     
  6.846510869226082E-005   142.722710614062     
  6.908569880915023E-005   142.722710534191     
  6.971191415764354E-005   142.722710452865     
  7.034380572667813E-005   142.722710370058     
  7.098142496737175E-005   142.722710285743     
  7.162482379721186E-005   142.722710199892     
  7.227405460428308E-005   142.722710112478     
  7.292917025153266E-005   142.722710023472     
  7.359022408107492E-005   142.722709932846     
  7.425726991853452E-005   142.722709840569     
  7.493036207742919E-005   142.722709746611     
  7.560955536359210E-005   142.722709650943     
  7.629490507963441E-005   142.722709553532     
  7.698646702944825E-005   142.722709454348     
  7.768429752275042E-005   142.722709353357     
  7.838845337966744E-005   142.722709250527     
  7.909899193536195E-005   142.722709145824     
  7.981597104470133E-005   142.722709039215     
  8.053944908696831E-005   142.722708930664     
  8.126948497061454E-005   142.722708820137     
  8.200613813805713E-005   142.722708707596     
  8.274946857051869E-005   142.722708593006     
  8.349953679291120E-005   142.722708476330     
  8.425640387876426E-005   142.722708357528     
  8.502013145519786E-005   142.722708236564     
  8.579078170794037E-005   142.722708113396     
  8.656841738639190E-005   142.722707987985     
  8.735310180873363E-005   142.722707860291     
  8.814489886708348E-005   142.722707730271     
  8.894387303269833E-005   142.722707597883     
  8.975008936122359E-005   142.722707463085     
  9.056361349799039E-005   142.722707325831     
  9.138451168336051E-005   142.722707186078     
  9.221285075812004E-005   142.722707043780     
  9.304869816892180E-005   142.722706898891     
  9.389212197377710E-005   142.722706751363     
  9.474319084759731E-005   142.722706601149     
  9.560197408778563E-005   142.722706448199     
  9.646854161987959E-005   142.722706292464     
  9.734296400324460E-005   142.722706133892     
  9.822531243681926E-005   142.722705972433     
  9.911565876491256E-005   142.722705808034     
  1.000140754830539E-004   142.722705640641     
  1.009206357438956E-004   142.722705470199     
  1.018354133631698E-004   142.722705296654     
  1.027584828256985E-004   142.722705119948     
  1.036899192914582E-004   142.722704940024     
  1.046297986017004E-004   142.722704756824     
  1.055781972851262E-004   142.722704570287     
  1.065351925641180E-004   142.722704380354     
  1.075008623610269E-004   142.722704186961     
  1.084752853045178E-004   142.722703990047     
  1.094585407359717E-004   142.722703789547     
  1.104507087159453E-004   142.722703585395     
  1.114518700306910E-004   142.722703377526     
  1.124621061987336E-004   142.722703165871     
  1.134814994775087E-004   142.722702950362     
  1.145101328700603E-004   142.722702730929     
  1.155480901317989E-004   142.722702507499     
  1.165954557773214E-004   142.722702280000     
  1.176523150872928E-004   142.722702048359     
  1.187187541153899E-004   142.722701812499     
  1.197948596953079E-004   142.722701572344     
  1.208807194478312E-004   142.722701327815     
  1.219764217879676E-004   142.722701078833     
  1.230820559321474E-004   142.722700825318     
  1.241977119054878E-004   142.722700567185     
  1.253234805491230E-004   142.722700304352     
  1.264594535276010E-004   142.722700036732     
  1.276057233363472E-004   142.722699764239     
  1.287623833091957E-004   142.722699486783     
  1.299295276259891E-004   142.722699204275     
  1.311072513202467E-004   142.722698916622     
  1.322956502869028E-004   142.722698623730     
  1.334948212901147E-004   142.722698325505     
  1.347048619711415E-004   142.722698021849     
  1.359258708562949E-004   142.722697712663     
  1.371579473649610E-004   142.722697397847     
  1.384011918176957E-004   142.722697077297     
  1.396557054443934E-004   142.722696750910     
  1.409215903925290E-004   142.722696418579     
  1.421989497354760E-004   142.722696080196     
  1.434878874808983E-004   142.722695735651     
  1.447885085792191E-004   142.722695384832     
  1.461009189321669E-004   142.722695027624     
  1.474252254013979E-004   142.722694663910     
  1.487615358171972E-004   142.722694293574     
  1.501099589872590E-004   142.722693916493     
  1.514706047055458E-004   142.722693532545     
  1.528435837612286E-004   142.722693141605     
  1.542290079477077E-004   142.722692743546     
  1.556269900717151E-004   142.722692338238     
  1.570376439625001E-004   142.722691925549     
  1.584610844810973E-004   142.722691505344     
  1.598974275296793E-004   142.722691077487     
  1.613467900609942E-004   142.722690641839     
  1.628092900878874E-004   142.722690198257     
  1.642850466929120E-004   142.722689746597     
  1.657741800380235E-004   142.722689286712     
  1.672768113743654E-004   142.722688818452     
  1.687930630521406E-004   142.722688341665     
  1.703230585305746E-004   142.722687856195     
  1.718669223879674E-004   142.722687361884     
  1.734247803318375E-004   142.722686858572     
  1.749967592091576E-004   142.722686346093     
  1.765829870166824E-004   142.722685824282     
  1.781835929113715E-004   142.722685292969     
  1.797987072209051E-004   142.722684751980     
  1.814284614542961E-004   142.722684201138     
  1.830729883125981E-004   142.722683640266     
  1.847324216997103E-004   142.722683069180     
  1.864068967332809E-004   142.722682487694     
  1.880965497557083E-004   142.722681895618     
  1.898015183452431E-004   142.722681292760     
  1.915219413271901E-004   142.722680678924     
  1.932579587852119E-004   142.722680053909     
  1.950097120727354E-004   142.722679417513     
  1.967773438244610E-004   142.722678769527     
  1.985609979679768E-004   142.722678109740     
  2.003608197354774E-004   142.722677437939     
  2.021769556755895E-004   142.722676753903     
  2.040095536653045E-004   142.722676057410     
  2.058587629220192E-004   142.722675348234     
  2.077247340156856E-004   142.722674626143     
  2.096076188810708E-004   142.722673890902     
  2.115075708301287E-004   142.722673142272     
  2.134247445644822E-004   142.722672380009     
  2.153592961880209E-004   142.722671603864     
  2.173113832196106E-004   142.722670813586     
  2.192811646059198E-004   142.722670008915     
  2.212688007343617E-004   142.722669189591     
  2.232744534461529E-004   142.722668355346     
  2.252982860494922E-004   142.722667505909     
  2.273404633328570E-004   142.722666641003     
  2.294011515784214E-004   142.722665760346     
  2.314805185755954E-004   142.722664863652     
  2.335787336346870E-004   142.722663950629     
  2.356959676006884E-004   142.722663020978     
  2.378323928671863E-004   142.722662074398     
  2.399881833903994E-004   142.722661110580     
  2.421635147033425E-004   142.722660129210     
  2.443585639301188E-004   142.722659129968     
  2.465735098003421E-004   142.722658112529     
  2.488085326636904E-004   142.722657076562     
  2.510638145045895E-004   142.722656021729     
  2.533395389570319E-004   142.722654947687     
  2.556358913195284E-004   142.722653854086     
  2.579530585701961E-004   142.722652740569     
  2.602912293819829E-004   142.722651606774     
  2.626505941380300E-004   142.722650452332     
  2.650313449471734E-004   142.722649276867     
  2.674336756595865E-004   142.722648079995     
  2.698577818825641E-004   142.722646861328     
  2.723038609964493E-004   142.722645620467     
  2.747721121707051E-004   142.722644357010     
  2.772627363801317E-004   142.722643070543     
  2.797759364212304E-004   142.722641760650     
  2.823119169287166E-004   142.722640426902     
  2.848708843921812E-004   142.722639068865     
  2.874530471729045E-004   142.722637686098     
  2.900586155208215E-004   142.722636278149     
  2.926878015916412E-004   142.722634844560     
  2.953408194641212E-004   142.722633384865     
  2.980178851574993E-004   142.722631898587     
  3.007192166490818E-004   142.722630385243     
  3.034450338919929E-004   142.722628844339     
  3.061955588330835E-004   142.722627275375     
  3.089710154310034E-004   142.722625677839     
  3.117716296744369E-004   142.722624051210     
  3.145976296005033E-004   142.722622394959     
  3.174492453133251E-004   142.722620708546     
  3.203267090027637E-004   142.722618991422     
  3.232302549633254E-004   142.722617243028     
  3.261601196132380E-004   142.722615462795     
  3.291165415137019E-004   142.722613650141     
  3.320997613883140E-004   142.722611804479     
  3.351100221426683E-004   142.722609925205     
  3.381475688841349E-004   142.722608011708     
  3.412126489418168E-004   142.722606063364     
  3.443055118866891E-004   142.722604079540     
  3.474264095519195E-004   142.722602059589     
  3.505755960533742E-004   142.722600002852     
  3.537533278103081E-004   142.722597908661     
  3.569598635662447E-004   142.722595776334     
  3.601954644100427E-004   142.722593605174     
  3.634603937971559E-004   142.722591394476     
  3.667549175710843E-004   142.722589143520     
  3.700793039850204E-004   142.722586851572     
  3.734338237236909E-004   142.722584517885     
  3.768187499253978E-004   142.722582141701     
  3.802343582042576E-004   142.722579722244     
  3.836809266726433E-004   142.722577258727     
  3.871587359638294E-004   142.722574750347     
  3.906680692548419E-004   142.722572196288     
  3.942092122895163E-004   142.722569595717     
  3.977824534017631E-004   142.722566947788     
  4.013880835390458E-004   142.722564251637     
  4.050263962860710E-004   142.722561506388     
  4.086976878886924E-004   142.722558711146     
  4.124022572780338E-004   142.722555865000     
  4.161404060948275E-004   142.722552967023     
  4.199124387139766E-004   142.722550016272     
  4.237186622693375E-004   142.722547011786     
  4.275593866787281E-004   142.722543952585     
  4.314349246691630E-004   142.722540837674     
  4.353455918023165E-004   142.722537666038     
  4.392917065002170E-004   142.722534436644     
  4.432735900711743E-004   142.722531148440     
  4.472915667359415E-004   142.722527800355     
  4.513459636541149E-004   142.722524391299     
  4.554371109507718E-004   142.722520920162     
  4.595653417433515E-004   142.722517385812     
  4.637309921687786E-004   142.722513787099     
  4.679344014108323E-004   142.722510122850     
  4.721759117277648E-004   142.722506391873     
  4.764558684801685E-004   142.722502592951     
  4.807746201590974E-004   142.722498724849     
  4.851325184144422E-004   142.722494786305     
  4.895299180835631E-004   142.722490776037     
  4.939671772201819E-004   142.722486692739     
  4.984446571235367E-004   142.722482535080     
  5.029627223677997E-004   142.722478301708     
  5.075217408317627E-004   142.722473991243     
  5.121220837287909E-004   142.722469602280     
  5.167641256370485E-004   142.722465133391     
  5.214482445299994E-004   142.722460583120     
  5.261748218071815E-004   142.722455949986     
  5.309442423252635E-004   142.722451232478     
  5.357568944293802E-004   142.722446429060     
  5.406131699847539E-004   142.722441538169     
  5.455134644086014E-004   142.722436558211     
  5.504581767023298E-004   142.722431487564     
  5.554477094840260E-004   142.722426324576     
  5.604824690212385E-004   142.722421067566     
  5.655628652640574E-004   142.722415714822     
  5.706893118784948E-004   142.722410264601     
  5.758622262801664E-004   142.722404715126     
  5.810820296682796E-004   142.722399064592     
  5.863491470599289E-004   142.722393311157     
  5.916640073247029E-004   142.722387452947     
  5.970270432196039E-004   142.722381488055     
  6.024386914242853E-004   142.722375414537     
  6.078993925766075E-004   142.722369230416     
  6.134095913085166E-004   142.722362933677     
  6.189697362822479E-004   142.722356522270     
  6.245802802268575E-004   142.722349994106     
  6.302416799750860E-004   142.722343347060     
  6.359543965005551E-004   142.722336578965     
  6.417188949553019E-004   142.722329687618     
  6.475356447076538E-004   142.722322670775     
  6.534051193804459E-004   142.722315526149     
  6.593277968895853E-004   142.722308251415     
  6.653041594829656E-004   142.722300844202     
  6.713346937797323E-004   142.722293302097     
  6.774198908099062E-004   142.722285622646     
  6.835602460543644E-004   142.722277803345     
  6.897562594851849E-004   142.722269841650     
  6.960084356063555E-004   142.722261734966     
  7.023172834948537E-004   142.722253480652     
  7.086833168420963E-004   142.722245076022     
  7.151070539957674E-004   142.722236518337     
  7.215890180020238E-004   142.722227804810     
  7.281297366480838E-004   142.722218932603     
  7.347297425052010E-004   142.722209898826     
  7.413895729720292E-004   142.722200700538     
  7.481097703183792E-004   142.722191334742     
  7.548908817293726E-004   142.722181798388     
  7.617334593499954E-004   142.722172088369     
  7.686380603300567E-004   142.722162201524     
  7.756052468695532E-004   142.722152134632     
  7.826355862644458E-004   142.722141884414     
  7.897296509528520E-004   142.722131447532     
  7.968880185616551E-004   142.722120820587     
  8.041112719535370E-004   142.722110000118     
  8.113999992744381E-004   142.722098982599     
  8.187547940014449E-004   142.722087764444     
  8.261762549911146E-004   142.722076341997     
  8.336649865282361E-004   142.722064711540     
  8.412215983750329E-004   142.722052869283     
  8.488467058208123E-004   142.722040811370     
  8.565409297320651E-004   142.722028533873     
  8.643048966030194E-004   142.722016032795     
  8.721392386066505E-004   142.722003304062     
  8.800445936461572E-004   142.721990343530     
  8.880216054069008E-004   142.721977146978     
  8.960709234088174E-004   142.721963710106     
  9.041932030593036E-004   142.721950028540     
  9.123891057065830E-004   142.721936097822     
  9.206592986935559E-004   142.721921913416     
  9.290044554121363E-004   142.721907470702     
  9.374252553580825E-004   142.721892764976     
  9.459223841863248E-004   142.721877791447     
  9.544965337667935E-004   142.721862545241     
  9.631484022407543E-004   142.721847021389     
  9.718786940776531E-004   142.721831214838     
  9.806881201324773E-004   142.721815120438     
  9.895773977036362E-004   142.721798732948     
  9.985472505913658E-004   142.721782047030     
  1.007598409156665E-003   142.721765057250     
  1.016731610380762E-003   142.721747758074     
  1.025947597925126E-003   142.721730143868     
  1.035247122192013E-003   142.721712208895     
  1.044630940385574E-003   142.721693947314     
  1.054099816573504E-003   142.721675353177     
  1.063654521749257E-003   142.721656420428     
  1.073295833894825E-003   142.721637142900     
  1.083024538044081E-003   142.721617514316     
  1.092841426346704E-003   142.721597528282     
  1.102747298132675E-003   142.721577178288     
  1.112742959977363E-003   142.721556457708     
  1.122829225767200E-003   142.721535359791     
  1.133006916765950E-003   142.721513877668     
  1.143276861681583E-003   142.721492004341     
  1.153639896733744E-003   142.721469732686     
  1.164096865721850E-003   142.721447055449     
  1.174648620093790E-003   142.721423965245     
  1.185296019015255E-003   142.721400454553     
  1.196039929439696E-003   142.721376515716     
  1.206881226178910E-003   142.721352140937     
  1.217820791974278E-003   142.721327322278     
  1.228859517568634E-003   142.721302051655     
  1.239998301778799E-003   142.721276320838     
  1.251238051568761E-003   142.721250121446     
  1.262579682123528E-003   142.721223444947     
  1.274024116923641E-003   142.721196282652     
  1.285572287820373E-003   142.721168625714     
  1.297225135111600E-003   142.721140465126     
  1.308983607618368E-003   142.721111791717     
  1.320848662762142E-003   142.721082596147     
  1.332821266642773E-003   142.721052868908     
  1.344902394117154E-003   142.721022600317     
  1.357093028878599E-003   142.720991780517     
  1.369394163536941E-003   142.720960399470     
  1.381806799699354E-003   142.720928446956     
  1.394331948051904E-003   142.720895912567     
  1.406970628441846E-003   142.720862785707     
  1.419723869960667E-003   142.720829055589     
  1.432592711027871E-003   142.720794711225     
  1.445578199475539E-003   142.720759741430     
  1.458681392633644E-003   142.720724134815     
  1.471903357416141E-003   142.720687879784     
  1.485245170407844E-003   142.720650964527     
  1.498707917952083E-003   142.720613377024     
  1.512292696239160E-003   142.720575105031     
  1.526000611395601E-003   142.720536136084     
  1.539832779574228E-003   142.720496457491     
  1.553790327045034E-003   142.720456056330     
  1.567874390286892E-003   142.720414919441     
  1.582086116080092E-003   142.720373033428     
  1.596426661599714E-003   142.720330384649     
  1.610897194509852E-003   142.720286959214     
  1.625498893058689E-003   142.720242742978     
  1.640232946174431E-003   142.720197721543     
  1.655100553562124E-003   142.720151880244     
  1.670102925801328E-003   142.720105204153     
  1.685241284444692E-003   142.720057678067     
  1.700516862117420E-003   142.720009286508     
  1.715930902617631E-003   142.719960013715     
  1.731484661017638E-003   142.719909843641     
  1.747179403766138E-003   142.719858759947     
  1.763016408791335E-003   142.719806745995     
  1.778996965604991E-003   142.719753784845     
  1.795122375407422E-003   142.719699859249     
  1.811393951193451E-003   142.719644951644     
  1.827813017859316E-003   142.719589044147     
  1.844380912310545E-003   142.719532118551     
  1.861098983570816E-003   142.719474156316     
  1.877968592891797E-003   142.719415138564     
  1.894991113863988E-003   142.719355046075     
  1.912167932528561E-003   142.719293859278     
  1.929500447490218E-003   142.719231558245     
  1.946990070031071E-003   142.719168122687     
  1.964638224225554E-003   142.719103531943     
  1.982446347056379E-003   142.719037764977     
  2.000415888531535E-003   142.718970800372     
  2.018548311802362E-003   142.718902616317     
  2.036845093282677E-003   142.718833190608     
  2.055307722768998E-003   142.718762500632     
  2.073937703561844E-003   142.718690523370     
  2.092736552588141E-003   142.718617235378     
  2.111705800524735E-003   142.718542612790     
  2.130846991923031E-003   142.718466631301     
  2.150161685334749E-003   142.718389266168     
  2.169651453438832E-003   142.718310492194     
  2.189317883169500E-003   142.718230283725     
  2.209162575845461E-003   142.718148614638     
  2.229187147300302E-003   142.718065458337     
  2.249393228014052E-003   142.717980787739     
  2.269782463245943E-003   142.717894575271     
  2.290356513168375E-003   142.717806792854     
  2.311117053002094E-003   142.717717411901     
  2.332065773152593E-003   142.717626403304     
  2.353204379347753E-003   142.717533737423     
  2.374534592776731E-003   142.717439384080     
  2.396058150230103E-003   142.717343312547     
  2.417776804241284E-003   142.717245491537     
  2.439692323229224E-003   142.717145889193     
  2.461806491642399E-003   142.717044473077     
  2.484121110104111E-003   142.716941210162     
  2.506637995559099E-003   142.716836066819     
  2.529358981421483E-003   142.716729008807     
  2.552285917724048E-003   142.716620001260     
  2.575420671268879E-003   142.716509008679     
  2.598765125779368E-003   142.716395994917     
  2.622321182053589E-003   142.716280923171     
  2.646090758119071E-003   142.716163755966     
  2.670075789388972E-003   142.716044455146     
  2.694278228819669E-003   142.715922981859     
  2.718700047069769E-003   142.715799296546     
  2.743343232660578E-003   142.715673358929     
  2.768209792138005E-003   142.715545127994     
  2.793301750235948E-003   142.715414561983     
  2.818621150041154E-003   142.715281618376     
  2.844170053159579E-003   142.715146253880     
  2.869950539884245E-003   142.715008424413     
  2.895964709364632E-003   142.714868085090     
  2.922214679777596E-003   142.714725190210     
  2.948702588499840E-003   142.714579693239     
  2.975430592281948E-003   142.714431546795     
  3.002400867423997E-003   142.714280702635     
  3.029615609952758E-003   142.714127111638     
  3.057077035800506E-003   142.713970723786     
  3.084787380985451E-003   142.713811488153     
  3.112748901793804E-003   142.713649352884     
  3.140963874963487E-003   142.713484265182     
  3.169434597869523E-003   142.713316171286     
  3.198163388711091E-003   142.713145016459     
  3.227152586700285E-003   142.712970744965     
  3.256404552252581E-003   142.712793300055     
  3.285921667179035E-003   142.712612623946     
  3.315706334880215E-003   142.712428657804     
  3.345760980541893E-003   142.712241341722     
  3.376088051332525E-003   142.712050614703     
  3.406690016602496E-003   142.711856414642     
  3.437569368085193E-003   142.711658678300     
  3.468728620099885E-003   142.711457341287     
  3.500170309756455E-003   142.711252338044     
  3.531896997161979E-003   142.711043601815     
  3.563911265629179E-003   142.710831064631     
  3.596215721886769E-003   142.710614657283     
  3.628812996291703E-003   142.710394309304     
  3.661705743043349E-003   142.710169948945     
  3.694896640399607E-003   142.709941503148     
  3.728388390894981E-003   142.709708897528     
  3.762183721560631E-003   142.709472056343     
  3.796285384146419E-003   142.709230902475     
  3.830696155344964E-003   142.708985357401     
  3.865418837017740E-003   142.708735341167     
  3.900456256423203E-003   142.708480772366     
  3.935811266447007E-003   142.708221568107     
  3.971486745834292E-003   142.707957643991     
  4.007485599424086E-003   142.707688914084     
  4.043810758385826E-003   142.707415290885     
  4.080465180458027E-003   142.707136685302     
  4.117451850189114E-003   142.706853006620     
  4.154773779180431E-003   142.706564162474     
  4.192434006331462E-003   142.706270058818     
  4.230435598087271E-003   142.705970599892     
  4.268781648688179E-003   142.705665688194     
  4.307475280421713E-003   142.705355224449     
  4.346519643876836E-003   142.705039107571     
  4.385917918200478E-003   142.704717234638     
  4.425673311356394E-003   142.704389500853     
  4.465789060386374E-003   142.704055799510     
  4.506268431673809E-003   142.703716021964     
  4.547114721209659E-003   142.703370057589     
  4.588331254860820E-003   142.703017793748     
  4.629921388640938E-003   142.702659115753     
  4.671888508983656E-003   142.702293906828     
  4.714236033018364E-003   142.701922048073     
  4.756967408848427E-003   142.701543418422     
  4.800086115831946E-003   142.701157894608     
  4.843595664865059E-003   142.700765351117     
  4.887499598667817E-003   142.700365660155     
  4.931801492072641E-003   142.699958691599     
  4.976504952315400E-003   142.699544312957     
  5.021613619329132E-003   142.699122389330     
  5.067131166040411E-003   142.698692783360     
  5.113061298668426E-003   142.698255355190     
  5.159407757026740E-003   142.697809962420     
  5.206174314827813E-003   142.697356460054     
  5.253364779990265E-003   142.696894700463     
  5.300982994948937E-003   142.696424533326     
  5.349032836967751E-003   142.695945805591     
  5.397518218455421E-003   142.695458361417     
  5.446443087284010E-003   142.694962042129     
  5.495811427110383E-003   142.694456686165     
  5.545627257700573E-003   142.693942129023     
  5.595894635257084E-003   142.693418203205     
  5.646617652749169E-003   142.692884738167     
  5.697800440246086E-003   142.692341560264     
  5.749447165253396E-003   142.691788492688     
  5.801562033052290E-003   142.691225355414     
  5.854149287042002E-003   142.690651965143     
  5.907213209085320E-003   142.690068135240     
  5.960758119857240E-003   142.689473675675     
  6.014788379196764E-003   142.688868392959     
  6.069308386461907E-003   142.688252090083     
  6.124322580887891E-003   142.687624566455     
  6.179835441948628E-003   142.686985617832     
  6.235851489721434E-003   142.686335036256     
  6.292375285255095E-003   142.685672609984     
  6.349411430941226E-003   142.684998123423     
  6.406964570889021E-003   142.684311357056     
  6.465039391303405E-003   142.683612087374     
  6.523640620866590E-003   142.682900086801     
  6.582773031123111E-003   142.682175123621     
  6.642441436868342E-003   142.681436961903     
  6.702650696540533E-003   142.680685361425     
  6.763405712616410E-003   142.679920077595     
  6.824711432010346E-003   142.679140861370     
  6.886572846477165E-003   142.678347459180     
  6.948994993018587E-003   142.677539612840     
  7.011982954293360E-003   142.676717059471     
  7.075541859031115E-003   142.675879531412     
  7.139676882449961E-003   142.675026756133     
  7.204393246677876E-003   142.674158456147     
  7.269696221177915E-003   142.673274348923     
  7.335591123177265E-003   142.672374146789     
  7.402083318100196E-003   142.671457556842     
  7.469178220004940E-003   142.670524280853     
  7.536881292024522E-003   142.669574015168     
  7.605198046811589E-003   142.668606450612     
  7.674134046987273E-003   142.667621272390     
  7.743694905594121E-003   142.666618159978     
  7.813886286553131E-003   142.665596787027     
  7.884713905124935E-003   142.664556821255     
  7.956183528375151E-003   142.663497924334     
  8.028300975643967E-003   142.662419751789     
  8.101072119019970E-003   142.661321952879     
  8.174502883818281E-003   142.660204170488     
  8.248599249063005E-003   142.659066041007     
  8.323367247974084E-003   142.657907194214     
  8.398812968458534E-003   142.656727253162     
  8.474942553606144E-003   142.655525834046     
  8.551762202189684E-003   142.654302546088     
  8.629278169169627E-003   142.653056991405     
  8.707496766203440E-003   142.651788764882     
  8.786424362159526E-003   142.650497454040     
  8.866067383635792E-003   142.649182638903     
  8.946432315482920E-003   142.647843891864     
  9.027525701332409E-003   142.646480777541     
  9.109354144129365E-003   142.645092852642     
  9.191924306670146E-003   142.643679665818     
  9.275242912144875E-003   142.642240757519     
  9.359316744684871E-003   142.640775659842     
  9.444152649915025E-003   142.639283896384     
  9.529757535511224E-003   142.637764982084     
  9.616138371762770E-003   142.636218423069     
  9.703302192139961E-003   142.634643716492     
  9.791256093866753E-003   142.633040350370     
  9.880007238498670E-003   142.631407803421     
  9.969562852505914E-003   142.629745544891     
  1.005993022786177E-002   142.628053034384     
  1.015111672263635E-002   142.626329721690     
  1.024312976159573E-002   142.624575046603     
  1.033597683680647E-002   142.622788438743     
  1.042966550824569E-002   142.620969317371     
  1.052420340441661E-002   142.619117091200     
  1.061959822296969E-002   142.617231158205     
  1.071585773132940E-002   142.615310905430     
  1.081298976732670E-002   142.613355708787     
  1.091100223983721E-002   142.611364932856     
  1.100990312942517E-002   142.609337930681     
  1.110970048899328E-002   142.607274043559     
  1.121040244443836E-002   142.605172600830     
  1.131201719531303E-002   142.603032919658     
  1.141455301549333E-002   142.600854304811     
  1.151801825385241E-002   142.598636048438     
  1.162242133494035E-002   142.596377429842     
  1.172777075967009E-002   142.594077715244     
  1.183407510600962E-002   142.591736157548     
  1.194134302968045E-002   142.589351996101     
  1.204958326486237E-002   142.586924456447     
  1.215880462490462E-002   142.584452750078     
  1.226901600304354E-002   142.581936074180     
  1.238022637312665E-002   142.579373611374     
  1.249244479034337E-002   142.576764529451     
  1.260568039196230E-002   142.574107981108     
  1.271994239807524E-002   142.571403103673     
  1.283524011234792E-002   142.568649018827     
  1.295158292277752E-002   142.565844832323     
  1.306898030245710E-002   142.562989633695     
  1.318744181034694E-002   142.560082495970     
  1.330697709205286E-002   142.557122475366     
  1.342759588061158E-002   142.554108610990     
  1.354930799728327E-002   142.551039924530     
  1.367212335235120E-002   142.547915419940     
  1.379605194592869E-002   142.544734083119     
  1.392110386877336E-002   142.541494881587     
  1.404728930310874E-002   142.538196764152     
  1.417461852345336E-002   142.534838660575     
  1.430310189745737E-002   142.531419481223     
  1.443274988674665E-002   142.527938116723     
  1.456357304777472E-002   142.524393437603     
  1.469558203268220E-002   142.520784293934     
  1.482878759016423E-002   142.517109514956     
  1.496320056634561E-002   142.513367908708     
  1.509883190566396E-002   142.509558261643     
  1.523569265176088E-002   142.505679338241     
  1.537379394838112E-002   142.501729880611     
  1.551314704028000E-002   142.497708608093     
  1.565376327413896E-002   142.493614216843     
  1.579565409948947E-002   142.489445379421     
  1.593883106964529E-002   142.485200744360     
  1.608330584264320E-002   142.480878935744     
  1.622909018219223E-002   142.476478552757     
  1.637619595863152E-002   142.471998169244     
  1.652463514989683E-002   142.467436333253     
  1.667441984249586E-002   142.462791566570     
  1.682556223249235E-002   142.458062364251     
  1.697807462649915E-002   142.453247194137     
  1.713196944268027E-002   142.448344496371     
  1.728725921176203E-002   142.443352682896     
  1.744395657805333E-002   142.438270136955     
  1.760207430047522E-002   142.433095212569     
  1.776162525359980E-002   142.427826234019     
  1.792262242869847E-002   142.422461495311     
  1.808507893479977E-002   142.416999259631     
  1.824900799975677E-002   142.411437758799     
  1.841442297132410E-002   142.405775192700     
  1.858133731824483E-002   142.400009728718     
  1.874976463134708E-002   142.394139501152     
  1.891971862465070E-002   142.388162610622     
  1.909121313648391E-002   142.382077123471     
  1.926426213061003E-002   142.375881071149     
  1.943887969736451E-002   142.369572449592     
  1.961508005480219E-002   142.363149218584     
  1.979287754985504E-002   142.356609301114     
  1.997228665950027E-002   142.349950582718     
  2.015332199193915E-002   142.343170910811     
  2.033599828778649E-002   142.336268094006     
  2.052033042127081E-002   142.329239901423     
  2.070633340144551E-002   142.322084061986     
  2.089402237341098E-002   142.314798263703     
  2.108341261954770E-002   142.307380152941     
  2.127451956076069E-002   142.299827333682     
  2.146735875773506E-002   142.292137366771     
  2.166194591220306E-002   142.284307769148     
  2.185829686822258E-002   142.276336013063     
  2.205642761346724E-002   142.268219525289     
  2.225635428052811E-002   142.259955686308     
  2.245809314822739E-002   142.251541829492     
  2.266166064294382E-002   142.242975240266     
  2.286707333995021E-002   142.234253155258     
  2.307434796476304E-002   142.225372761430     
  2.328350139450437E-002   142.216331195205     
  2.349455065927598E-002   142.207125541565     
  2.370751294354607E-002   142.197752833142     
  2.392240558754848E-002   142.188210049295     
  2.413924608869459E-002   142.178494115161     
  2.435805210299802E-002   142.168601900705     
  2.457884144651230E-002   142.158530219736     
  2.480163209678146E-002   142.148275828925     
  2.502644219430387E-002   142.137835426789     
  2.525329004400931E-002   142.127205652668     
  2.548219411674944E-002   142.116383085684     
  2.571317305080172E-002   142.105364243676     
  2.594624565338708E-002   142.094145582126     
  2.618143090220122E-002   142.082723493059     
  2.641874794695990E-002   142.071094303927     
  2.665821611095814E-002   142.059254276476     
  2.689985489264363E-002   142.047199605593     
  2.714368396720436E-002   142.034926418128     
  2.738972318817065E-002   142.022430771710     
  2.763799258903172E-002   142.009708653524     
  2.788851238486685E-002   141.996755979086     
  2.814130297399145E-002   141.983568590986     
  2.839638493961789E-002   141.970142257610     
  2.865377905153151E-002   141.956472671849     
  2.891350626778178E-002   141.942555449781     
  2.917558773638878E-002   141.928386129325     
  2.944004479706513E-002   141.913960168889     
  2.970689898295362E-002   141.899272945975     
  2.997617202238044E-002   141.884319755782     
  3.024788584062446E-002   141.869095809767     
  3.052206256170242E-002   141.853596234195     
  3.079872451017040E-002   141.837816068662     
  3.107789421294153E-002   141.821750264589     
  3.135959440112024E-002   141.805393683698     
  3.164384801185314E-002   141.788741096460     
  3.193067819019661E-002   141.771787180516     
  3.222010829100141E-002   141.754526519077     
  3.251216188081426E-002   141.736953599295     
  3.280686273979679E-002   141.719062810603     
  3.310423486366179E-002   141.700848443041     
  3.340430246562700E-002   141.682304685542     
  3.370708997838670E-002   141.663425624198     
  3.401262205610110E-002   141.644205240491     
  3.432092357640377E-002   141.624637409511     
  3.463201964242725E-002   141.604715898123     
  3.494593558484712E-002   141.584434363128     
  3.526269696394447E-002   141.563786349374     
  3.558232957168710E-002   141.542765287857     
  3.590485943382966E-002   141.521364493776     
  3.623031281203275E-002   141.499577164564     
  3.655871620600123E-002   141.477396377892     
  3.689009635564194E-002   141.454815089634     
  3.722448024324098E-002   141.431826131806     
  3.756189509566071E-002   141.408422210471     
  3.790236838655667E-002   141.384595903611     
  3.824592783861459E-002   141.360339658971     
  3.859260142580766E-002   141.335645791862     
  3.894241737567434E-002   141.310506482937     
  3.929540417161668E-002   141.284913775930     
  3.965159055521964E-002   141.258859575362     
  4.001100552859127E-002   141.232335644214     
  4.037367835672421E-002   141.205333601561     
  4.073963856987855E-002   141.177844920173     
  4.110891596598631E-002   141.149860924083     
  4.148154061307771E-002   141.121372786111     
  4.185754285172942E-002   141.092371525363     
  4.223695329753500E-002   141.062848004682     
  4.261980284359776E-002   141.032792928071     
  4.300612266304620E-002   141.002196838069     
  4.339594421157222E-002   140.971050113101     
  4.378929922999243E-002   140.939342964779     
  4.418621974683254E-002   140.907065435172     
  4.458673808093528E-002   140.874207394031     
  4.499088684409196E-002   140.840758535980     
  4.539869894369781E-002   140.806708377666     
  4.581020758543142E-002   140.772046254870     
  4.622544627595852E-002   140.736761319572     
  4.664444882566025E-002   140.700842536988     
  4.706724935138598E-002   140.664278682554     
  4.749388227923149E-002   140.627058338873     
  4.792438234734182E-002   140.589169892629     
  4.835878460873998E-002   140.550601531447     
  4.879712443418103E-002   140.511341240719     
  4.923943751503207E-002   140.471376800387     
  4.968575986617846E-002   140.430695781684     
  5.013612782895620E-002   140.389285543834     
  5.059057807411109E-002   140.347133230704     
  5.104914760478451E-002   140.304225767424     
  5.151187375952643E-002   140.260549856955     
  5.197879421533564E-002   140.216091976617     
  5.244994699072752E-002   140.170838374578     
  5.292537044882974E-002   140.124775066298     
  5.340510330050587E-002   140.077887830927     
  5.388918460750740E-002   140.030162207665     
  5.437765378565432E-002   139.981583492076     
  5.487055060804445E-002   139.932136732361     
  5.536791520829201E-002   139.881806725590     
  5.586978808379540E-002   139.830578013887     
  5.637621009903465E-002   139.778434880575     
  5.688722248889880E-002   139.725361346281     
  5.740286686204343E-002   139.671341164993     
  5.792318520427853E-002   139.616357820084     
  5.844821988198718E-002   139.560394520287     
  5.897801364557527E-002   139.503434195629     
  5.951260963295226E-002   139.445459493331     
  6.005205137304378E-002   139.386452773663     
  6.059638278933580E-002   139.326396105754     
  6.114564820345118E-002   139.265271263374     
  6.169989233875842E-002   139.203059720670     
  6.225916032401325E-002   139.139742647860     
  6.282349769703319E-002   139.075300906900     
  6.339295040840544E-002   139.009715047106     
  6.396756482522829E-002   138.942965300742     
  6.454738773488659E-002   138.875031578571     
  6.513246634886136E-002   138.805893465378     
  6.572284830657384E-002   138.735530215451     
  6.631858167926462E-002   138.663920748037     
  6.691971497390768E-002   138.591043642761     
  6.752629713716010E-002   138.516877135018     
  6.813837755934740E-002   138.441399111336     
  6.875600607848523E-002   138.364587104713     
  6.937923298433718E-002   138.286418289924     
  7.000810902250980E-002   138.206869478804     
  7.064268539858436E-002   138.125917115516     
  7.128301378228624E-002   138.043537271786     
  7.192914631169212E-002   137.959705642125     
  7.258113559747520E-002   137.874397539038     
  7.323903472718903E-002   137.787587888207     
  7.390289726959016E-002   137.699251223668     
  7.457277727899976E-002   137.609361682977     
  7.524872929970507E-002   137.517893002364     
  7.593080837040055E-002   137.424818511883     
  7.661907002866944E-002   137.330111130557     
  7.731357031550568E-002   137.233743361525     
  7.801436577987715E-002   137.135687287188     
  7.872151348333006E-002   137.035914564362     
  7.943507100463512E-002   136.934396419439     
  8.015509644447580E-002   136.831103643556     
  8.088164843017917E-002   136.726006587789     
  8.161478612048954E-002   136.619075158352     
  8.235456921038542E-002   136.510278811833     
  8.310105793594012E-002   136.399586550441     
  8.385431307922639E-002   136.286966917303     
  8.461439597326552E-002   136.172387991773     
  8.538136850702141E-002   136.055817384805     
  8.615529313043969E-002   135.937222234350     
  8.693623285953274E-002   135.816569200814     
  8.772425128151067E-002   135.693824462568     
  8.851941255995879E-002   135.568953711517     
  8.932178144006220E-002   135.441922148736     
  9.013142325387741E-002   135.312694480173     
  9.094840392565212E-002   135.181234912437     
  9.177278997719293E-002   135.047507148664     
  9.260464853328181E-002   134.911474384477     
  9.344404732714173E-002   134.773099304039     
  9.429105470595167E-002   134.632344076213     
  9.514573963641185E-002   134.489170350838     
  9.600817171035908E-002   134.343539255115     
  9.687842115043344E-002   134.195411390128     
  9.775655881579588E-002   134.044746827502     
  9.864265620789800E-002   133.891505106194     
  9.953678547630390E-002   133.735645229451     
  0.100439019424565        133.577125661923     
  0.101349431516147        133.415904326950     
  0.102268095880415        133.251938604029     
  0.103195087318663        133.085185326474     
  0.104130481310213        132.915600779282     
  0.105074354018551        132.743140697210     
  0.106026782297539        132.567760263074     
  0.106987843697663        132.389414106291     
  0.107957616472355        132.208056301669     
  0.108936179584360        132.023640368453     
  0.109923612712168        131.836119269653     
  0.110919996256501        131.645445411657     
  0.111925411346859        131.451570644143     
  0.112939939848126        131.254446260315     
  0.113963664367237        131.054022997458     
  0.114996668259901        130.850251037854     
  0.116039035637394        130.643080010047     
  0.117090851373401        130.432458990493     
  0.118152201110931        130.218336505604     
  0.119223171269290        130.000660534199     
  0.120303849051114        129.779378510392     
  0.121394322449476        129.554437326924     
  0.122494680255045        129.325783338956     
  0.123605012063317        129.093362368360     
  0.124725408281911        128.857119708502     
  0.125855960137933        128.617000129560     
  0.126996759685397        128.372947884383     
  0.128147899812728        128.124906714922     
  0.129309474250321        127.872819859246     
  0.130481577578172        127.616630059175     
  0.131664305233585        127.356279568543     
  0.132857753518934        127.091710162127     
  0.134062019609515        126.822863145254     
  0.135277201561447        126.549679364114     
  0.136503398319665        126.272099216816     
  0.137740709725972        125.990062665189     
  0.138989236527171        125.703509247386     
  0.140249080383265        125.412378091284     
  0.141520343875738        125.116607928737     
  0.142803130515906        124.816137110690     
  0.144097544753344        124.510903623196     
  0.145403691984395        124.200845104361     
  0.146721678560745        123.885898862233     
  0.148051611798089        123.566001893701     
  0.149393599984866        123.241090904386     
  0.150747752391078        122.911102329607     
  0.152114179277182        122.575972356407     
  0.153492991903077        122.235636946710     
  0.154884302537155        121.890031861611     
  0.156288224465446        121.539092686857     
  0.157704872000841        121.182754859538     
  0.159134360492401        120.820953696022     
  0.160576806334750        120.453624421179     
  0.162032326977548        120.080702198919     
  0.163501040935060        119.702122164083     
  0.164983067795800        119.317819455721     
  0.166478528232274        118.927729251790     
  0.167987544010802        118.531786805320     
  0.169510238001433        118.129927482064     
  0.171046734187952        117.722086799686     
  0.172597157677972        117.308200468510     
  0.174161634713123        116.888204433873     
  0.175740292679330        116.462034920116     
  0.177333260117186        116.029628476247     
  0.178940666732418        115.590922023314     
  0.180562643406447        115.145852903521     
  0.182199322207048        114.694358931113     
  0.183850836399100        114.236378445090     
  0.185517320455439        113.771850363748     
  0.187198910067805        113.300714241105     
  0.188895742157895        112.822910325238     
  0.190607954888508        112.338379618556     
  0.192335687674795        111.847063940043     
  0.194079081195612        111.348905989501     
  0.195838277404974        110.843849413818     
  0.197613419543613        110.331838875285     
  0.199404652150644        109.812820121993     
  0.201212121075329        109.286740060324     
  0.203035973488958        108.753546829565     
  0.204876357896826        108.213189878660     
  0.206733424150333        107.665620045109     
  0.208607323459178        107.110789636044     
  0.210498208403674        106.548652511481     
  0.212406232947174        105.979164169762     
  0.214331552448604        105.402281835187     
  0.216274323675114        104.817964547844     
  0.218234704814841        104.226173255643     
  0.220212855489795        103.626870908527     
  0.222208936768848        103.020022554876     
  0.224223111180855        102.405595440077     
  0.226255542727886        101.783559107250     
  0.228306396898578        101.153885500100     
  0.230375840681611        100.516549067884     
  0.232464042579306        99.8715268724384     
  0.234571172621344        99.2187986972570     
  0.236697402378611        98.5583471585522     
  0.238842904977165        97.8901578182663     
  0.241007855112339        97.2142192989714     
  0.243192429062958        96.5305234005975     
  0.245396804705699        95.8390652189203     
  0.247621161529568        95.1398432657318     
  0.249865680650521        94.4328595906118     
  0.252130544826208        93.7181199042066     
  0.254415938470851        92.9956337029182     
  0.256722047670265        92.2654143948923     
  0.259049060197009        91.5274794271909     
  0.261397165525672        90.7818504140224     
  0.263766554848302        90.0285532658913     
  0.266157421089975        89.2676183195257     
  0.268569958924504        88.4990804684228     
  0.271004364790287        87.7229792938481     
  0.273460836906306        86.9393591961111     
  0.275939575288263        86.1482695259278     
  0.278440781764868        85.3497647156720     
  0.280964659994273        84.5439044103022     
  0.283511415480653        83.7307535977420     
  0.286081255590942        82.9103827384782     
  0.288674389571712        82.0828678941276     
  0.291291028566219        81.2482908547129     
  0.293931385631586        80.4067392643745     
  0.296595675756158        79.5583067452297     
  0.299284115877005        78.7030930190819     
  0.301996924897584        77.8412040266664     
  0.304734323705564        76.9727520441055     
  0.307496535190814        76.0978557962347     
  0.310283784263548        75.2166405664468     
  0.313096297872641        74.3292383026885     
  0.315934305024105        73.4357877192285     
  0.318798036799739        72.5364343938077     
  0.321687726375943        71.6313308597640     
  0.324603609042702        70.7206366927164     
  0.327545922222748        69.8045185913768     
  0.330514905490890        68.8831504520506     
  0.333510800593522        67.9567134363705     
  0.336533851468304        67.0253960318032     
  0.339584304264030        66.0893941044532     
  0.342662407360664        65.1489109436816     
  0.345768411389568        64.2041572980494     
  0.348902569253911        63.2553514020839     
  0.352065136149255        62.3027189933651     
  0.355256369584341        61.3464933194176     
  0.358476529402053        60.3869151338945     
  0.361725877800573        59.4242326815328     
  0.365004679354737        58.4587016713598     
  0.368313201037571        57.4905852376289     
  0.371651712242033        56.5201538879664     
  0.375020484802946        55.5476854382111     
  0.378419793019134        54.5734649334360     
  0.381849913675753        53.5977845546476     
  0.385311126066833        52.6209435106676     
  0.388803712018013        51.6432479147114     
  0.392327955909494        50.6650106451956     
  0.395884144699192        49.6865511903176     
  0.399472567946101        48.7081954759741     
  0.403093517833877        47.7302756766028     
  0.406747289194619        46.7531300085591     
  0.410434179532884        45.7771025056639     
  0.414154489049905        44.8025427765918     
  0.417908520668040        43.8298057437995     
  0.421696580055431        42.8592513637329     
  0.425518975650898        41.8912443280909     
  0.429376018689050        40.9261537459655     
  0.433268023225631        39.9643528067269     
  0.437195306163084        39.0062184235706     
  0.441158187276365        38.0521308576979     
  0.445156989238969        37.1024733231582     
  0.449192037649214        36.1576315724412     
  0.453263661056745        35.2179934629736     
  0.457372190989287        34.2839485047381     
  0.461517961979644        33.3558873893089     
  0.465701311592932        32.4342015006666     
  0.469922580454069        31.5192824082359     
  0.474182112275508        30.6115213426699     
  0.478480253885224        29.7113086549844     
  0.482817355254954        28.8190332597370     
  0.487193769528693        27.9350820630276     
  0.491609853051449        27.0598393761926     
  0.496065965398258        26.1936863161530     
  0.500562469403460        25.3370001934739     
  0.505099731190246        24.4901538892833     
  0.509678120200466        23.6535152222981     
  0.514298009224712        22.8274463072972     
  0.518959774432671        22.0123029064801     
  0.523663795403757        21.2084337752405     
  0.528410455158014        20.4161800039834     
  0.533200140187305        19.6358743576995     
  0.538033240486782        18.8678406151064     
  0.542910149586640        18.1123929092472     
  0.547831264584162        17.3698350715226     
  0.552796986176047        16.6404599812103     
  0.557807718691044        15.9245489225968     
  0.562863870122867        15.2223709519158     
  0.567965852163419        14.5341822763466     
  0.573114080236314        13.8602256473787     
  0.578308973530700        13.2007297708938     
  0.583550955035393        12.5559087363532     
  0.588840451573317        11.9259614675022     
  0.594177893836261        11.3110711970210     
  0.599563716419942        10.7114049675549     
  0.604998357859396        10.1271131615489     
  0.610482260664684        9.55832906229206     
  0.616015871356923        9.00516844854324     
  0.621599640504643        8.46772922506282     
  0.627234022760473        7.94609109131370     
  0.632919476898165        7.44031525051800     
  0.638656465849944        6.95044416116561     
  0.644445456744203        6.47650133296276     
  0.650286920943543        6.01849116908784     
  0.656181334083146        5.57639885648283     
  0.662129176109508        5.15019030575564     
  0.668130931319519        4.73981214210019     
  0.674187088399890        4.34519174845637     
  0.680298140466951        3.96623736193422     
  0.686464585106799        3.60283822431369     
  0.692686924415814        3.25486478720532     
  0.698965665041542        2.92216897221910     
  0.705301318223947        2.60458448623872     
  0.711694399837039        2.30192719163862     
  0.718145430430880        2.01399553101237     
  0.724654935273966        1.74057100570474     
  0.731223444396000        1.48141870715797     
  0.737851492631046        1.23628789979702     
  0.744539619661080        1.00491265389083     
  0.751288370059931       0.787012526538913     
  0.758098293337623       0.582293288647197     
  0.764969943985119       0.390447695475985     
  0.771903881519469       0.211156298068685     
  0.778900670529368       4.408829260485803E-002
  0.785960880721128      -0.111097595532393     
  0.793085086965065      -0.254752196424270     
  0.800273869342307      -0.387234952692209     
  0.807527813192028      -0.508912952859077     
  0.814847509159106      -0.620159945056609     
  0.822233553242218      -0.721355335300120     
  0.829686546842367      -0.812883174686810     
  0.837207096811854      -0.895131139981867     
  0.844795815503683      -0.968489512135711     
  0.852453320821430       -1.03335015732461     
  0.860180236269549       -1.09010551512404     
  0.867977191004141       -1.13914759840908     
  0.875844819884185       -1.18086700952748     
  0.883783763523229       -1.21565197720914     
  0.891794668341552       -1.24388741856023     
  0.899878186618797       -1.26595403034116     
  0.908034976547082       -1.28222741354656     
  0.916265702284595       -1.29307723509230     
  0.924571034009670       -1.29886643017190     
  0.932951647975357       -1.29995044857343     
  0.941408226564484       -1.29667654795081     
  0.949941458345219       -1.28938313672230     
  0.958552038127139       -1.27839916892749     
  0.967240667017801       -1.26404359301415     
  0.976008052479830       -1.24662485615278     
  0.984854908388524       -1.22644046529131     
  0.993781955089978       -1.20377660577096     
   1.00278991945974       -1.17890781792848     
   1.01187953496200       -1.15209673171581     
   1.02105154170930       -1.12359385897802     
   1.03030668652281       -1.09363744264923     
   1.03964572299312       -1.06245336175711     
   1.04906941154164       -1.03025509077433     
   1.05857851948244      -0.997243711521896     
   1.06817382108483      -0.963607975519765     
   1.07785609763630      -0.929524414396053     
   1.08762613750622      -0.895157495710879     
   1.09748473620999      -0.860659821326507     
   1.10743269647382      -0.826172365263718     
   1.11747082830007      -0.791824747826783     
   1.12759994903327      -0.757735542656772     
   1.13782088342659      -0.724012613285765     
   1.14813446370905      -0.690753475712678     
   1.15854152965326      -0.658045683504424     
   1.16904292864381      -0.625967231942855     
   1.17963951574625      -0.594586977786997     
   1.19033215377674      -0.563965071299645     
   1.20112171337227      -0.534153397295015     
   1.21200907306157      -0.505196022097431     
   1.22299511933666      -0.477129643457002     
   1.23408074672500      -0.449984040643776     
   1.24526685786233      -0.423782522133798     
   1.25655436356619      -0.398542368505343     
   1.26794418291006      -0.374275268378058     
   1.27943724329821      -0.350987745448357     
   1.29103448054120      -0.328681574897923     
   1.30273683893208      -0.307354187675409     
   1.31454527132328      -0.286999061371451     
   1.32646073920421      -0.267606096621129     
   1.33848421277952      -0.249161978173728     
   1.35061667104811      -0.231650519964767     
   1.36285910188286      -0.215052993708153     
   1.37521250211104      -0.199348440695433     
   1.38767787759549      -0.184513966643467     
   1.40025624331653      -0.170525019570640     
   1.41294862345457      -0.157355650804689     
   1.42575605147356      -0.144978759332242     
   1.43867957020508      -0.133366319791553     
   1.45172023193328      -0.122489594486208     
   1.46487909848055      -0.112319329859576     
   1.47815724129401      -0.102825937918444     
   1.49155574153271      -9.397966313079012E-002
   1.50507569015567      -8.575073534827141E-002
   1.51871818801074      -7.810950932004809E-002
   1.53248434592419      -7.102659137246745E-002
   1.54637528479122      -6.447295383021202E-002
   1.56039213566714      -5.842003775013982E-002
   1.57453603985956      -5.283984453047656E-002
   1.58880814902125      -4.770501694641208E-002
   1.60320962524395      -4.298891014958454E-002
   1.61774164115297      -3.866565315430141E-002
   1.63240538000267      -3.471020131843710E-002
   1.64720203577284      -3.109838031238518E-002
   1.66213281326588      -2.780692205570091E-002
   1.67719892820490      -2.481349308849303E-002
   1.69240160733275      -2.209671583339194E-002
   1.70774208851185      -1.963618319412529E-002
   1.72322162082501      -1.741246692831223E-002
   1.73884146467717      -1.540712022493329E-002
   1.75460289189796      -1.360267491081789E-002
   1.77050718584528      -1.198263370516066E-002
   1.78655564150985      -1.053145793621834E-002
   1.80274956562056      -9.234551129628191E-003
   1.81909027675095      -8.078238872890171E-003
   1.83557910542652      -7.049745355142412E-003
   1.85221739423311      -6.137166975138042E-003
   1.86900649792618      -5.329443403025075E-003
   1.88594778354114      -4.616326472920521E-003
   1.90304263050467      -3.988347273175774E-003
   1.92029243074699      -3.436781789529606E-003
   1.93769858881526      -2.953615442971236E-003
   1.95526252198792      -2.531506849075600E-003
   1.97298566039005      -2.163751108868150E-003
   1.99086944710988      -1.844242923020219E-003
