   2.1933573926405111E-006 -0.90561799989058045     
   2.2129756598513593E-006 -0.90561799626067341     
   2.2327694007035066E-006 -0.90561799822037869     
   2.2527401847034970E-006 -0.90561799831917256     
   2.2728895953961725E-006 -0.90561799841975699     
   2.2932192304902313E-006 -0.90561799665948683     
   2.3137307019849213E-006 -0.90561800048899954     
   2.3344256362978556E-006 -0.90561799780113006     
   2.3553056743939781E-006 -0.90561799697783840     
   2.3763724719156807E-006 -0.90561799895041872     
   2.3976276993140852E-006 -0.90561799906231499     
   2.4190730419814962E-006 -0.90561799824493505     
   2.4407102003850425E-006 -0.90561799742957305     
   2.4625408902015130E-006 -0.90561799754769368     
   2.4845668424533952E-006 -0.90561799859918324     
   2.5067898036461373E-006 -0.90561799872153870     
   2.5292115359066309E-006 -0.90561799884605421     
   2.5518338171229363E-006 -0.90561799711019830     
   2.5746584410852573E-006 -0.90561799723928971     
   2.5976872176281760E-006 -0.90561799643933227     
   2.6209219727741587E-006 -0.90561799657305642     
   2.6443645488783509E-006 -0.90561799764054740     
   2.6680168047746575E-006 -0.90561799777916008     
   2.6918806159231402E-006 -0.90561799885151117     
   2.7159578745587277E-006 -0.90561799713248092     
   2.7402504898412538E-006 -0.90561799727871062     
   2.7647603880068441E-006 -0.90561799742749827     
   2.7894895125206515E-006 -0.90561799757904282     
   2.8144398242309589E-006 -0.90561799773323060     
   2.8396133015246638E-006 -0.90561799602761539     
   2.8650119404841473E-006 -0.90561799618743066     
   2.8906377550455502E-006 -0.90561799728141068     
   2.9164927771584675E-006 -0.90561799837831813     
   2.9425790569470623E-006 -0.90561799668424214     
   2.9688986628726321E-006 -0.90561799685585243     
   2.9954536818976190E-006 -0.90561799703058909     
   3.0222462196510953E-006 -0.90561799720839531     
   3.0492784005957210E-006 -0.90561799738944160     
   3.0765523681962028E-006 -0.90561799757372796     
   3.1040702850892537E-006 -0.90561799682998867     
   3.1318343332550765E-006 -0.90561799795227671     
   3.1598467141903788E-006 -0.90561799721535863     
   3.1881096490829357E-006 -0.90561799741323057     
   3.2166253789877168E-006 -0.90561799575206692     
   3.2453961650045857E-006 -0.90561799688842370     
   3.2744242884575871E-006 -0.90561799709720958     
   3.3037120510758433E-006 -0.90561799637836771     
   3.3332617751760633E-006 -0.90561799659468534     
   3.3630758038466874E-006 -0.90561799588357417     
   3.3931565011336784E-006 -0.90561799610773619     
   3.4235062522279714E-006 -0.90561799540458310     
   3.4541274636546064E-006 -0.90561799656819630     
   3.4850225634635467E-006 -0.90561799587337077     
   3.5161940014222070E-006 -0.90561799611407423     
   3.5476442492097042E-006 -0.90561799635909779     
   3.5793758006128418E-006 -0.90561799567726098     
   3.6113911717238533E-006 -0.90561799593115211     
   3.6436929011399077E-006 -0.90561799525832498     
   3.6762835501644054E-006 -0.90561799459013059     
   3.7091657030100689E-006 -0.90561799392668263     
   3.7423419670038553E-006 -0.90561799513065466     
   3.7758149727936991E-006 -0.90561799354560435     
   3.8095873745571034E-006 -0.90561799475946714     
   3.8436618502115986E-006 -0.90561799318444969     
   3.8780411016270804E-006 -0.90561799440860113     
   3.9127278548400537E-006 -0.90561799377536545     
   3.9477248602697845E-006 -0.90561799501008977     
   3.9830348929363921E-006 -0.90561799438762591     
   4.0186607526808850E-006 -0.90561799377076113     
   4.0546052643871742E-006 -0.90561799409081800     
   4.0908712782060614E-006 -0.90561799255402775     
   4.1274616697812401E-006 -0.90561799474832583     
   4.1643793404773144E-006 -0.90561799322330216     
   4.2016272176098541E-006 -0.90561799263571174     
   4.2392082546775108E-006 -0.90561799298558299     
   4.2771254315962143E-006 -0.90561799427308642     
   4.3153817549354546E-006 -0.90561799277301702     
   4.3539802581566845E-006 -0.90561799314212976     
   4.3929240018538499E-006 -0.90561799258651376     
   4.4322160739960767E-006 -0.90561799296895629     
   4.4718595901725233E-006 -0.90561799242698271     
   4.5118576938394246E-006 -0.90561799375467444     
   4.5522135565693474E-006 -0.90561799229547546     
   4.5929303783026758E-006 -0.90561799317183045     
   4.6340113876013425E-006 -0.90561799219295835     
   4.6754598419048301E-006 -0.90561799215288374     
   4.7172790277884657E-006 -0.90561799258614428     
   4.7594722612240216E-006 -0.90561799163020851     
   4.8020428878426523E-006 -0.90561799114783526     
   4.8449942832001767E-006 -0.90561799160485634     
   4.8883298530447352E-006 -0.90561799160445844     
   4.9320530335868481E-006 -0.90561799068106552     
   4.9761672917718756E-006 -0.90561799116318298     
   5.0206761255549258E-006 -0.90561799118827935     
   5.0655830641782232E-006 -0.90561799029089229     
   5.1108916684509446E-006 -0.90561799079947036     
   5.1566055310315703E-006 -0.90561799085148209     
   5.2027282767127603E-006 -0.90561799044721170     
   5.2492635627087688E-006 -0.90561799098367146     
   5.2962150789454430E-006 -0.90561799013278232     
   5.3435865483528018E-006 -0.90561798975741681     
   5.3913817271602443E-006 -0.90561798939199889     
   5.4396044051943892E-006 -0.90561798857109466     
   5.4882584061795817E-006 -0.90561798915751979     
   5.5373475880410902E-006 -0.90561798835756235     
   5.5868758432110124E-006 -0.90561798803392435     
   5.6368470989369196E-006 -0.90561798958390227     
   5.6872653175932551E-006 -0.90561798835096852     
   5.7381344969955288E-006 -0.90561798806072602     
   5.7894586707173145E-006 -0.90561798778199432     
   5.8412419084100826E-006 -0.90561798844626651     
   5.8934883161258987E-006 -0.90561798819121009     
   5.9462020366429989E-006 -0.90561798748260003     
   5.9993872497942936E-006 -0.90561798725207154     
   6.0530481727987878E-006 -0.90561798703407703     
   6.1071890605959845E-006 -0.90561798682892913     
   6.1618142061832718E-006 -0.90561798617113709     
   6.2169279409563246E-006 -0.90561798599233612     
   6.2725346350525567E-006 -0.90561798582703545     
   6.3286386976976400E-006 -0.90561798567549090     
   6.3852445775551298E-006 -0.90561798507229696     
   6.4423567630792098E-006 -0.90561798494906043     
   6.4999797828705942E-006 -0.90561798484031897     
   6.5581182060356179E-006 -0.90561798474638522     
   6.6167766425485314E-006 -0.90561798466742971     
   6.6759597436170460E-006 -0.90561798367255619     
   6.7356722020511340E-006 -0.90561798315886222     
   6.7959187526351399E-006 -0.90561798405806826     
   6.8567041725032200E-006 -0.90561798357640555     
   6.9180332815181288E-006 -0.90561798264556614     
   6.9799109426534054E-006 -0.90561798266278970     
   7.0423420623789725E-006 -0.90561798176574371     
   7.1053315910501853E-006 -0.90561798181735753     
   7.1688845233003612E-006 -0.90561798142095995     
   7.2330058984368166E-006 -0.90561798104255331     
   7.2977008008404540E-006 -0.90561798021681739     
   7.3629743603689148E-006 -0.90561798080665312     
   7.4288317527633409E-006 -0.90561798048412356     
   7.4952782000587779E-006 -0.90561798018094919     
   7.5623189709982440E-006 -0.90561797896603480     
   7.6299593814505078E-006 -0.90561797916819842     
   7.6982047948315937E-006 -0.90561797845936098     
   7.7670606225300726E-006 -0.90561797823690426     
   7.8365323243361385E-006 -0.90561797803556487     
   7.9066254088745383E-006 -0.90561797785571230     
   7.9773454340413650E-006 -0.90561797723205473     
   8.0486980074447615E-006 -0.90561797616504691     
   8.1206887868495628E-006 -0.90561797651764664     
   8.1933234806259197E-006 -0.90561797596203064     
   8.2666078482019346E-006 -0.90561797542986255     
   8.3405477005203398E-006 -0.90561797492159712     
   8.4151489004992658E-006 -0.90561797443771752     
   8.4904173634971377E-006 -0.90561797444419767     
   8.5663590577817105E-006 -0.90561797401031185     
   8.6429800050033173E-006 -0.90561797267068300     
   8.7202862806723463E-006 -0.90561797228858154     
   8.7982840146409879E-006 -0.90561797193311122     
   8.8769793915892768E-006 -0.90561797160466995     
   8.9563786515155094E-006 -0.90561797130379773     
   9.0364880902310312E-006 -0.90561797056537330     
   9.1173140598594354E-006 -0.90561797032111713     
   9.1988629693402633E-006 -0.90561796940747286     
   9.2811412849371744E-006 -0.90561796922193594     
   9.3641555307506816E-006 -0.90561796860086474     
   9.4479122892354673E-006 -0.90561796754479928     
   9.5324182017223224E-006 -0.90561796675279993     
   9.6176799689447666E-006 -0.90561796645826576     
   9.7037043515703583E-006 -0.90561796573038578     
   9.7904981707367819E-006 -0.90561796550116469     
   9.8780683085927038E-006 -0.90561796483979151     
   9.9664217088434868E-006 -0.90561796444538345     
   1.0055565377301780E-005 -0.90561796362007385     
   1.0145506382443020E-005 -0.90561796306300835     
   1.0236251855965929E-005 -0.90561796230906566     
   1.0327808993357990E-005 -0.90561796182461762     
   1.0420185054466014E-005 -0.90561796091179758     
   1.0513387364071792E-005 -0.90561796050266707     
   1.0607423312472893E-005 -0.90561795966652880     
   1.0702300356068669E-005 -0.90561795840409332     
   1.0798026017951500E-005 -0.90561795811305501     
   1.0894607888503311E-005 -0.90561795669867706     
   1.0992053625997447E-005 -0.90561795672280709     
   1.1090370957205922E-005 -0.90561795585782079     
   1.1189567678012085E-005 -0.90561795526872402     
   1.1289651654028798E-005 -0.90561795379213095     
   1.1390630821222108E-005 -0.90561795329142569     
   1.1492513186540529E-005 -0.90561795260333611     
   1.1595306828549925E-005 -0.90561795172854431     
   1.1699019898074088E-005 -0.90561795113370636     
   1.1803660618841051E-005 -0.90561795012101243     
   1.1909237288135156E-005 -0.90561794938992080     
   1.2015758277454988E-005 -0.90561794777707405     
   1.2123232033177163E-005 -0.90561794691336672     
   1.2231667077226076E-005 -0.90561794610093216     
   1.2341072007749628E-005 -0.90561794510807658     
   1.2451455499800999E-005 -0.90561794416845487     
   1.2562826306026519E-005 -0.90561794328314704     
   1.2675193257359698E-005 -0.90561794222017511     
   1.2788565263721446E-005 -0.90561794144625196     
   1.2902951314726577E-005 -0.90561793979821914     
   1.3018360480396623E-005 -0.90561793913974498     
   1.3134801911879024E-005 -0.90561793807492563     
   1.3252284842172743E-005 -0.90561793660475587     
   1.3370818586860394E-005 -0.90561793566175197     
   1.3490412544846882E-005 -0.90561793478121899     
   1.3611076199104690E-005 -0.90561793326591555     
   1.3732819117425808E-005 -0.90561793204824426     
   1.3855650953180384E-005 -0.90561793089656817     
   1.3979581446082181E-005 -0.90561792981199574     
   1.4104620422960857E-005 -0.90561792856303214     
   1.4230777798541185E-005 -0.90561792715081424     
   1.4358063576229192E-005 -0.90561792580942324     
   1.4486487848905385E-005 -0.90561792454013812     
   1.4616060799725039E-005 -0.90561792264583119     
   1.4746792702925644E-005 -0.90561792152476528     
   1.4878693924641587E-005 -0.90561792001406616     
   1.5011774923726119E-005 -0.90561791881364684     
   1.5146046252580657E-005 -0.90561791745923870     
   1.5281518557991531E-005 -0.90561791618512189     
   1.5418202581974190E-005 -0.90561791452702778     
   1.5556109162624965E-005 -0.90561791318489782     
   1.5695249234980481E-005 -0.90561791122897262     
   1.5835633831884690E-005 -0.90561790982485491     
   1.5977274084863736E-005 -0.90561790827564437     
   1.6120181225008583E-005 -0.90561790635010198     
   1.6264366583865581E-005 -0.90561790474831128     
   1.6409841594334957E-005 -0.90561790300620260     
   1.6556617791577392E-005 -0.90561790135828346     
   1.6704706813928653E-005 -0.90561789957345695     
   1.6854120403822456E-005 -0.90561789765342837     
   1.7004870408721541E-005 -0.90561789583281893     
   1.7156968782057098E-005 -0.90561789411327709     
   1.7310427584176604E-005 -0.90561789203113108     
   1.7465258983300113E-005 -0.90561789051943720     
   1.7621475256485102E-005 -0.90561788841597490     
   1.7779088790599985E-005 -0.90561788642114038     
   1.7938112083306276E-005 -0.90561788430409251     
   1.8098557744049593E-005 -0.90561788206679239     
   1.8260438495059481E-005 -0.90561787994406018     
   1.8423767172358199E-005 -0.90561787782155534     
   1.8588556726778531E-005 -0.90561787570135266     
   1.8754820224990708E-005 -0.90561787346925371     
   1.8922570850538487E-005 -0.90561787112739012     
   1.9091821904884518E-005 -0.90561786891075258     
   1.9262586808465070E-005 -0.90561786658884103     
   1.9434879101754168E-005 -0.90561786393104171     
   1.9608712446337256E-005 -0.90561786163823399     
   1.9784100625994478E-005 -0.90561785913070025     
   1.9961057547793625E-005 -0.90561785676007389     
   2.0139597243192878E-005 -0.90561785406322315     
   2.0319733869153397E-005 -0.90561785162464048     
   2.0501481709261874E-005 -0.90561784886489249     
   2.0684855174863124E-005 -0.90561784601931095     
   2.0869868806202806E-005 -0.90561784343984186     
   2.1056537273580361E-005 -0.90561784043066496     
   2.1244875378512257E-005 -0.90561783757664216     
   2.1434898054905670E-005 -0.90561783453125599     
   2.1626620370242606E-005 -0.90561783164656617     
   2.1820057526774686E-005 -0.90561782869269791     
   2.2015224862728544E-005 -0.90561782555619175     
   2.2212137853522061E-005 -0.90561782270560798     
   2.2410812112991463E-005 -0.90561781932916574     
   2.2611263394629374E-005 -0.90561781601195435     
   2.2813507592833976E-005 -0.90561781275727071     
   2.3017560744169302E-005 -0.90561780921899526     
   2.3223439028636848E-005 -0.90561780598244468     
   2.3431158770958528E-005 -0.90561780246895296     
   2.3640736441871102E-005 -0.90561779879826076     
   2.3852188659432201E-005 -0.90561779520672303     
   2.4065532190338016E-005 -0.90561779146489130     
   2.4280783951252796E-005 -0.90561778769290413     
   2.4497961010150204E-005 -0.90561778401072957     
   2.4717080587666698E-005 -0.90561778007287330     
   2.4938160058467007E-005 -0.90561777611594607     
   2.5161216952621827E-005 -0.90561777226008644     
   2.5386268956997828E-005 -0.90561776804369742     
   2.5613333916660090E-005 -0.90561776393633409     
   2.5842429836287116E-005 -0.90561775982564541     
   2.6073574881598471E-005 -0.90561775525011967     
   2.6306787380795169E-005 -0.90561775102884212     
   2.6542085826013032E-005 -0.90561774646758408     
   2.6779488874788920E-005 -0.90561774180355314     
   2.7019015351540196E-005 -0.90561773727398531     
   2.7260684249057344E-005 -0.90561773241776677     
   2.7504514730009988E-005 -0.90561772782152161     
   2.7750526128466329E-005 -0.90561772314063660     
   2.7998737951426229E-005 -0.90561771791431056     
   2.8249169880367972E-005 -0.90561771284583870     
   2.8501841772808867E-005 -0.90561770770725047     
   2.8756773663879808E-005 -0.90561770238721806     
   2.9013985767913937E-005 -0.90561769700724426     
   2.9273498480049483E-005 -0.90561769145611493     
   2.9535332377846957E-005 -0.90561768608833404     
   2.9799508222920820E-005 -0.90561768032731038     
   3.0066046962585737E-005 -0.90561767487690759     
   3.0334969731517537E-005 -0.90561766881145900     
   3.0606297853429060E-005 -0.90561766283508405     
   3.0880052842760972E-005 -0.90561765683719386     
   3.1156256406387731E-005 -0.90561765070722799     
   3.1434930445338748E-005 -0.90561764433476810     
   3.1716097056535049E-005 -0.90561763795881234     
   3.1999778534541349E-005 -0.90561763158549979     
   3.2285997373333885E-005 -0.90561762487195097     
   3.2574776268084044E-005 -0.90561761805739138     
   3.2866138116957894E-005 -0.90561761126480178     
   3.3160106022931890E-005 -0.90561760438447436     
   3.3456703295624767E-005 -0.90561759730670133     
   3.3755953453145820E-005 -0.90561758992208752     
   3.4057880223959729E-005 -0.90561758281970128     
   3.4362507548768083E-005 -0.90561757519179764     
   3.4669859582407684E-005 -0.90561756751128542     
   3.4979960695765885E-005 -0.90561755955278045     
   3.5292835477713000E-005 -0.90561755190600479     
   3.5608508737052080E-005 -0.90561754364716762     
   3.5927005504486004E-005 -0.90561753571557801     
   3.6248351034602329E-005 -0.90561752718772937     
   3.6572570807875733E-005 -0.90561751865394058     
   3.6899690532688478E-005 -0.90561751000603863     
   3.7229736147368898E-005 -0.90561750125235108     
   3.7562733822248135E-005 -0.90561749228510280     
   3.7898709961735223E-005 -0.90561748311301926     
   3.8237691206410847E-005 -0.90561747386126967     
   3.8579704435139687E-005 -0.90561746448079816     
   3.8924776767201798E-005 -0.90561745486431278     
   3.9272935564442885E-005 -0.90561744502116426     
   3.9624208433444019E-005 -0.90561743501916681     
   3.9978623227710544E-005 -0.90561742486795538     
   4.0336208049880737E-005 -0.90561741446097699     
   4.0696991253954141E-005 -0.90561740398291590     
   4.1061001447539807E-005 -0.90561739338576785     
   4.1428267494124714E-005 -0.90561738238898215     
   4.1798818515362431E-005 -0.90561737135229237     
   4.2172683893382262E-005 -0.90561735999551729     
   4.2549893273119036E-005 -0.90561734850430753     
   4.2930476564663780E-005 -0.90561733671512457     
   4.3314463945635340E-005 -0.90561732493043223     
   4.3701885863573266E-005 -0.90561731281255220     
   4.4092773038352126E-005 -0.90561730031510024     
   4.4487156464617327E-005 -0.90561728785755236     
   4.4885067414242816E-005 -0.90561727504459100     
   4.5286537438810706E-005 -0.90561726200516546     
   4.5691598372113096E-005 -0.90561724869374416     
   4.6100282332676290E-005 -0.90561723518126769     
   4.6512621726307533E-005 -0.90561722159745273     
   4.6928649248664598E-005 -0.90561720748993935     
   4.7348397887848349E-005 -0.90561719327973833     
   4.7771900927018413E-005 -0.90561717874791725     
   4.8199191947032322E-005 -0.90561716408316784     
   4.8630304829108265E-005 -0.90561714895059708     
   4.9065273757511640E-005 -0.90561713371405972     
   4.9504133222265568E-005 -0.90561711821376889     
   4.9946918021885777E-005 -0.90561710240672255     
   5.0393663266139850E-005 -0.90561708613361702     
   5.0844404378831232E-005 -0.90561706975944389     
   5.1299177100608007E-005 -0.90561705306728868     
   5.1758017491796953E-005 -0.90561703601520094     
   5.2220961935262874E-005 -0.90561701879440193     
   5.2688047139293480E-005 -0.90561700107244292     
   5.3159310140510100E-005 -0.90561698315747208     
   5.3634788306804452E-005 -0.90561696489243104     
   5.4114519340301657E-005 -0.90561694623673361     
   5.4598541280349733E-005 -0.90561692738319266     
   5.5086892506535874E-005 -0.90561690805910189     
   5.5579611741729665E-005 -0.90561688845787103     
   5.6076738055153577E-005 -0.90561686842397648     
   5.6578310865480817E-005 -0.90561684809318876     
   5.7084369943961042E-005 -0.90561682754352546     
   5.7594955417573863E-005 -0.90561680638765552     
   5.8110107772210695E-005 -0.90561678499526010     
   5.8629867855884959E-005 -0.90561676315445538     
   5.9154276881971116E-005 -0.90561674082815102     
   5.9683376432472512E-005 -0.90561671827089185     
   6.0217208461318618E-005 -0.90561669527173194     
   6.0755815297691647E-005 -0.90561667173676597     
   6.1299239649382977E-005 -0.90561664792156193     
   6.1847524606179575E-005 -0.90561662355830208     
   6.2400713643280753E-005 -0.90561659878696332     
   6.2958850624745381E-005 -0.90561657386444949     
   6.3521979806970073E-005 -0.90561654800040969     
   6.4090145842198362E-005 -0.90561652191814801     
   6.4663393782061376E-005 -0.90561649541027123     
   6.5241769081150037E-005 -0.90561646838614251     
   6.5825317600619348E-005 -0.90561644087208037     
   6.6414085611824885E-005 -0.90561641289480121     
   6.7008119799991724E-005 -0.90561638436514613     
   6.7607467267916300E-005 -0.90561635536909080     
   6.8212175539701376E-005 -0.90561632581838580     
   6.8822292564524283E-005 -0.90561629580000158     
   6.9437866720439010E-005 -0.90561626511035342     
   7.0058946818212252E-005 -0.90561623383746337     
   7.0685582105193764E-005 -0.90561620218619510     
   7.1317822269221294E-005 -0.90561616989637628     
   7.1955717442560559E-005 -0.90561613699946975     
   7.2599318205880293E-005 -0.90561610352733624     
   7.3248675592263056E-005 -0.90561606945448148     
   7.3903841091251701E-005 -0.90561603475569541     
   7.4564866652932185E-005 -0.90561599940656379     
   7.5231804692052858E-005 -0.90561596352870311     
   7.5904708092180563E-005 -0.90561592692424142     
   7.6583630209893963E-005 -0.90561588971610263     
   7.7268624879014329E-005 -0.90561585176584458     
   7.7959746414874180E-005 -0.90561581319764173     
   7.8657049618624181E-005 -0.90561577393262382     
   7.9360589781578378E-005 -0.90561573389257433     
   8.0070422689598530E-005 -0.90561569314553481     
   8.0786604627517468E-005 -0.90561565170190761     
   8.1509192383602113E-005 -0.90561560951479692     
   8.2238243254056419E-005 -0.90561556656689390     
   8.2973815047564508E-005 -0.90561552284185609     
   8.3715966089874570E-005 -0.90561547832399469     
   8.4464755228423605E-005 -0.90561543302735004     
   8.5220241837003725E-005 -0.90561538696704247     
   8.5982485820469971E-005 -0.90561533998413779     
   8.6751547619490441E-005 -0.90561529224066817     
   8.7527488215338752E-005 -0.90561524357934786     
   8.8310369134729497E-005 -0.90561519398940504     
   8.9100252454696807E-005 -0.90561514360621231     
   8.9897200807516743E-005 -0.90561509224599490     
   9.0701277385673470E-005 -0.90561504004594440     
   9.1512545946870083E-005 -0.90561498685318043     
   9.2331070819084098E-005 -0.90561493271937366     
   9.3156916905668213E-005 -0.90561487760993487     
   9.3990149690496787E-005 -0.90561482152014605     
   9.4830835243158110E-005 -0.90561476444642608     
   9.5679040224193364E-005 -0.90561470629873497     
   9.6534831890382339E-005 -0.90561464713363193     
   9.7398278100076379E-005 -0.90561458683404794     
   9.8269447318579086E-005 -0.90561452554590005     
   9.9148408623575250E-005 -0.90561446306685411     
   1.0003523171060803E-004 -0.90561439957403422     
   1.0092998689860556E-004 -0.90561433489637011     
   1.0183274513545656E-004 -0.90561426903866504     
   1.0274357800363613E-004 -0.90561420203570719     
   1.0366255772588164E-004 -0.90561413372000743     
   1.0458975717091967E-004 -0.90561406430333591     
   1.0552524985924379E-004 -0.90561399359137340     
   1.0646910996894431E-004 -0.90561392162373977     
   1.0742141234159018E-004 -0.90561384835402237     
   1.0838223248816328E-004 -0.90561377373708751     
   1.0935164659504593E-004 -0.90561369784546741     
   1.1032973153006202E-004 -0.90561362057837869     
   1.1131656484857204E-004 -0.90561354189458143     
   1.1231222479962266E-004 -0.90561346175417157     
   1.1331679033215145E-004 -0.90561338023508142     
   1.1433034110124681E-004 -0.90561329718374850     
   1.1535295747446425E-004 -0.90561321273901285     
   1.1638472053819882E-004 -0.90561312666309846     
   1.1742571210411481E-004 -0.90561303918497060     
   1.1847601471563283E-004 -0.90561295006978071     
   1.1953571165447485E-004 -0.90561285928771440     
   1.2060488694726796E-004 -0.90561276695618176     
   1.2168362537220711E-004 -0.90561267296124015     
   1.2277201246577729E-004 -0.90561257724874622     
   1.2387013452953618E-004 -0.90561247979545101     
   1.2497807863695709E-004 -0.90561238066698024     
   1.2609593264033340E-004 -0.90561227966875890     
   1.2722378517774458E-004 -0.90561217692805940     
   1.2836172568008461E-004 -0.90561207228293483     
   1.2950984437815318E-004 -0.90561196580594583     
   1.3066823230981043E-004 -0.90561185736794414     
   1.3183698132719559E-004 -0.90561174704524205     
   1.3301618410401018E-004 -0.90561163468316863     
   1.3420593414286650E-004 -0.90561152033282610     
   1.3540632578270165E-004 -0.90561140390178707     
   1.3661745420625790E-004 -0.90561128544487701     
   1.3783941544763024E-004 -0.90561116478650661     
   1.3907230639988098E-004 -0.90561104204391540     
   1.4031622482272278E-004 -0.90561091695818163     
   1.4157126935027044E-004 -0.90561078973826170     
   1.4283753949886167E-004 -0.90561066021683700     
   1.4411513567494822E-004 -0.90561052837441025     
   1.4540415918305746E-004 -0.90561039410636113     
   1.4670471223382489E-004 -0.90561025748505131     
   1.4801689795209896E-004 -0.90561011839605499     
   1.4934082038511810E-004 -0.90560997677090427     
   1.5067658451076087E-004 -0.90560983266004769     
   1.5202429624587002E-004 -0.90560968592714630     
   1.5338406245465105E-004 -0.90560953656941479     
   1.5475599095714565E-004 -0.90560938451389461     
   1.5614019053778122E-004 -0.90560922971926061     
   1.5753677095399658E-004 -0.90560907216149644     
   1.5894584294494515E-004 -0.90560891180462022     
   1.6036751824027561E-004 -0.90560874849910533     
   1.6180190956899141E-004 -0.90560858231643238     
   1.6324913066838943E-004 -0.90560841312725415     
   1.6470929629307842E-004 -0.90560824087782521     
   1.6618252222407834E-004 -0.90560806556109696     
   1.6766892527800102E-004 -0.90560788710018869     
   1.6916862331631277E-004 -0.90560770543592639     
   1.7068173525468014E-004 -0.90560752048304494     
   1.7220838107239909E-004 -0.90560733221775536     
   1.7374868182190838E-004 -0.90560714057582459     
   1.7530275963838831E-004 -0.90560694548165088     
   1.7687073774944514E-004 -0.90560674692144971     
   1.7845274048488221E-004 -0.90560654473895852     
   1.8004889328655853E-004 -0.90560633897089815     
   1.8165932271833519E-004 -0.90560612945364483     
   1.8328415647611123E-004 -0.90560591623085429     
   1.8492352339794906E-004 -0.90560569916078748     
   1.8657755347429016E-004 -0.90560547816352255     
   1.8824637785826270E-004 -0.90560525323584784     
   1.8993012887608100E-004 -0.90560502424722245     
   1.9162894003753794E-004 -0.90560479112949110     
   1.9334294604659154E-004 -0.90560455386196281     
   1.9507228281204602E-004 -0.90560431229715732     
   1.9681708745832835E-004 -0.90560406643720626     
   1.9857749833636132E-004 -0.90560381612851870     
   2.0035365503453376E-004 -0.90560356130885111     
   2.0214569838976904E-004 -0.90560330194978178     
   2.0395377049869232E-004 -0.90560303791065166     
   2.0577801472889800E-004 -0.90560276912816562     
   2.0761857573031752E-004 -0.90560249552919458     
   2.0947559944668945E-004 -0.90560221698703458     
   2.1134923312713145E-004 -0.90560193348153462     
   2.1323962533781641E-004 -0.90560164486660710     
   2.1514692597375253E-004 -0.90560135107375572     
   2.1707128627066900E-004 -0.90560105198139240     
   2.1901285881700805E-004 -0.90560074753125264     
   2.2097179756602384E-004 -0.90560043762667419     
   2.2294825784799043E-004 -0.90560012214717744     
   2.2494239638251782E-004 -0.90559980100667303     
   2.2695437129097908E-004 -0.90559947408127073     
   2.2898434210904826E-004 -0.90559914132512631     
   2.3103246979935024E-004 -0.90559880253820779     
   2.3309891676422418E-004 -0.90559845770090419     
   2.3518384685860088E-004 -0.90559810665394025     
   2.3728742540299520E-004 -0.90559774930238746     
   2.3940981919661495E-004 -0.90559738552815361     
   2.4155119653058681E-004 -0.90559701521971192     
   2.4371172720130083E-004 -0.90559663828611292     
   2.4589158252387395E-004 -0.90559625455580317     
   2.4809093534573404E-004 -0.90559586393646896     
   2.5030996006032583E-004 -0.90559546632800902     
   2.5254883262093868E-004 -0.90559506157890723     
   2.5480773055465878E-004 -0.90559464953000202     
   2.5708683297644564E-004 -0.90559423005845474     
   2.5938632060333475E-004 -0.90559380312120652     
   2.6170637576876713E-004 -0.90559336846447991     
   2.6404718243704724E-004 -0.90559292605999531     
   2.6640892621792981E-004 -0.90559247563987810     
   2.6879179438133772E-004 -0.90559201717670135     
   2.7119597587221106E-004 -0.90559155046187811     
   2.7362166132548904E-004 -0.90559107535287353     
   2.7606904308122618E-004 -0.90559059174455570     
   2.7853831519984365E-004 -0.90559009943808633     
   2.8102967347751651E-004 -0.90558959827242802     
   2.8354331546169955E-004 -0.90558908812397476     
   2.8607944046679082E-004 -0.90558856880534222     
   2.8863824958993642E-004 -0.90558804016706063     
   2.9121994572697585E-004 -0.90558750203240379     
   2.9382473358853024E-004 -0.90558695423391100     
   2.9645281971623445E-004 -0.90558639660613949     
   2.9910441249911463E-004 -0.90558582893515904     
   3.0177972219011182E-004 -0.90558525110407118     
   3.0447896092275349E-004 -0.90558466289670037     
   3.0720234272797438E-004 -0.90558406409974168     
   3.0995008355108779E-004 -0.90558345456838651     
   3.1272240126890838E-004 -0.90558283408822149     
   3.1551951570702813E-004 -0.90558220245566190     
   3.1834164865724747E-004 -0.90558155949224783     
   3.2118902389516129E-004 -0.90558090499442301     
   3.2406186719790322E-004 -0.90558023871878390     
   3.2696040636204791E-004 -0.90557956049170230     
   3.2988487122167392E-004 -0.90557887007838644     
   3.3283549366658794E-004 -0.90557816727053364     
   3.3581250766071170E-004 -0.90557745184261762     
   3.3881614926063432E-004 -0.90557672356703733     
   3.4184665663432946E-004 -0.90557598221414537     
   3.4490427008004052E-004 -0.90557522755966602     
   3.4798923204533465E-004 -0.90557445934138059     
   3.5110178714632732E-004 -0.90557367733217120     
   3.5424218218707847E-004 -0.90557288129639346     
   3.5741066617916224E-004 -0.90557207095403669     
   3.6060749036141227E-004 -0.90557124604620753     
   3.6383290821984289E-004 -0.90557040633541419     
   3.6708717550774890E-004 -0.90556955156961294     
   3.7037055026598509E-004 -0.90556868143124802     
   3.7368329284342690E-004 -0.90556779566881573     
   3.7702566591761452E-004 -0.90556689400230539     
   3.8039793451558122E-004 -0.90556597616716772     
   3.8380036603486827E-004 -0.90556504184192477     
   3.8723323026472776E-004 -0.90556409072110000     
   3.9069679940751474E-004 -0.90556312254469162     
   3.9419134810027127E-004 -0.90556213699659338     
   3.9771715343650310E-004 -0.90556113371948754     
   4.0127449498815151E-004 -0.90556011245317336     
   4.0486365482776091E-004 -0.90555907283138026     
   4.0848491755084577E-004 -0.90555801455678875     
   4.1213857029845672E-004 -0.90555693729180575     
   4.1582490277994902E-004 -0.90555584066657957     
   4.1954420729595459E-004 -0.90555472438100537     
   4.2329677876155913E-004 -0.90555358800864383     
   4.2708291472968708E-004 -0.90555243127354856     
   4.3090291541469542E-004 -0.90555125374504541     
   4.3475708371617865E-004 -0.90555005510728392     
   4.3864572524298658E-004 -0.90554883493405214     
   4.4256914833745698E-004 -0.90554759283457997     
   4.4652766409986511E-004 -0.90554632846144045     
   4.5052158641309148E-004 -0.90554504138700054     
   4.5455123196751115E-004 -0.90554373119834963     
   4.5861692028610444E-004 -0.90554239748345822     
   4.6271897374979356E-004 -0.90554103983131995     
   4.6685771762300452E-004 -0.90553965781791135     
   4.7103348007945887E-004 -0.90553825097740059     
   4.7524659222819527E-004 -0.90553681889738868     
   4.7949738813982438E-004 -0.90553536110988375     
   4.8378620487301812E-004 -0.90553387712844824     
   4.8811338250123634E-004 -0.90553236653570934     
   4.9247926413969198E-004 -0.90553082880208535     
   4.9688419597255812E-004 -0.90552926347544371     
   5.0132852728041746E-004 -0.90552767005755186     
   5.0581261046795853E-004 -0.90552604803417580     
   5.1033680109191829E-004 -0.90552439688974573     
   5.1490145788927577E-004 -0.90552271610792445     
   5.1950694280569710E-004 -0.90552100514321410     
   5.2415362102423558E-004 -0.90551926348672396     
   5.2884186099428807E-004 -0.90551749056490394     
   5.3357203446081013E-004 -0.90551568581295783     
   5.3834451649379343E-004 -0.90551384866054718     
   5.4315968551800595E-004 -0.90551197854003362     
   5.4801792334299823E-004 -0.90551007485038326     
   5.5291961519337836E-004 -0.90550813700144772     
   5.5786514973935779E-004 -0.90550616435632492     
   5.6285491912757006E-004 -0.90550415631207670     
   5.6788931901216512E-004 -0.90550211222034704     
   5.7296874858618217E-004 -0.90550003144596758     
   5.7809361061320313E-004 -0.90549791333143048     
   5.8326431145928838E-004 -0.90549575719015252     
   5.8848126112519955E-004 -0.90549356236169842     
   5.9374487327890904E-004 -0.90549132812878952     
   5.9905556528840141E-004 -0.90548905380538258     
   6.0441375825476750E-004 -0.90548673866803142     
   6.0981987704559538E-004 -0.90548438197140513     
   6.1527435032865862E-004 -0.90548198298870375     
   6.2077761060590751E-004 -0.90547954093995031     
   6.2633009424776273E-004 -0.90547705507617593     
   6.3193224152771686E-004 -0.90547452460032218     
   6.3758449665724502E-004 -0.90547194870779890     
   6.4328730782102798E-004 -0.90546932660569723     
   6.4904112721248929E-004 -0.90546665742238019     
   6.5484641106965222E-004 -0.90546394035055755     
   6.6070361971131515E-004 -0.90546117452751673     
   6.6661321757355264E-004 -0.90545835906203820     
   6.7257567324654143E-004 -0.90545549308197337     
   6.7859145951171631E-004 -0.90545257566998316     
   6.8466105337925906E-004 -0.90544960590449364     
   6.9078493612592120E-004 -0.90544658284935053     
   6.9696359333318650E-004 -0.90544350555137498     
   7.0319751492577414E-004 -0.90544037304118774     
   7.0948719521048609E-004 -0.90543718431604248     
   7.1583313291540245E-004 -0.90543393838066777     
   7.2223583122942719E-004 -0.90543063419761438     
   7.2869579784218719E-004 -0.90542727073150786     
   7.3521354498428879E-004 -0.90542384691767097     
   7.4178958946793439E-004 -0.90542036167391871     
   7.4842445272790120E-004 -0.90541681389791506     
   7.5511866086288865E-004 -0.90541320246853729     
   7.6187274467723310E-004 -0.90540952624294846     
   7.6868723972299785E-004 -0.90540578406174177     
   7.7556268634243833E-004 -0.90540197474962270     
   7.8249962971084768E-004 -0.90539809708070607     
   7.8949861987978522E-004 -0.90539414985198619     
   7.9656021182069150E-004 -0.90539013181219730     
   8.0368496546889422E-004 -0.90538604168807524     
   8.1087344576800729E-004 -0.90538187818953020     
   8.1812622271472597E-004 -0.90537764000001175     
   8.2544387140402449E-004 -0.90537332577386564     
   8.3282697207475744E-004 -0.90536893416347652     
   8.4027611015566762E-004 -0.90536446377308266     
   8.4779187631180716E-004 -0.90535991318563447     
   8.5537486649137301E-004 -0.90535528097879592     
   8.6302568197296184E-004 -0.90535056566804428     
   8.7074492941324679E-004 -0.90534576579557324     
   8.7853322089508090E-004 -0.90534087980421418     
   8.8639117397603219E-004 -0.90533590618454696     
   8.9431941173735057E-004 -0.90533084335646663     
   9.0231856283337424E-004 -0.90532568971414662     
   9.1038926154137769E-004 -0.90532044363874320     
   9.1853214781186562E-004 -0.90531510347074118     
   9.2674786731931620E-004 -0.90530966752248787     
   9.3503707151337877E-004 -0.90530413408725963     
   9.4340041767052962E-004 -0.90529850140435997     
   9.5183856894618887E-004 -0.90529276770109846     
   9.6035219442730459E-004 -0.90528693117610715     
   9.6894196918540627E-004 -0.90528098996847461     
   9.7760857433013405E-004 -0.90527494221782945     
   9.8635269706324503E-004 -0.90526878601147587     
   9.9517503073310448E-004 -0.90526251940821112     
   1.0040762748896631E-003 -0.90525614042917368     
   1.0130571353399267E-003 -0.90524964705272737     
   1.0221183242039218E-003 -0.90524303723802291     
   1.0312605599711610E-003 -0.90523630890521645     
   1.0404845675576161E-003 -0.90522945992691461     
   1.0497910783631966E-003 -0.90522248812987982     
   1.0591808303297469E-003 -0.90521539132626572     
   1.0686545679995580E-003 -0.90520816727618580     
   1.0782130425744058E-003 -0.90520081370380012     
   1.0878570119751158E-003 -0.90519332828202437     
   1.0975872409016612E-003 -0.90518570865253878     
   1.1074045008937976E-003 -0.90517795240648979     
   1.1173095703922418E-003 -0.90517005710853482     
   1.1273032348003958E-003 -0.90516202026674364     
   1.1373862865466245E-003 -0.90515383933109206     
   1.1475595251470895E-003 -0.90514551173617974     
   1.1578237572691457E-003 -0.90513703486007557     
   1.1681797967953028E-003 -0.90512840601235212     
   1.1786284648877630E-003 -0.90511962248024247     
   1.1891705900535317E-003 -0.90511068150237861     
   1.1998070082101123E-003 -0.90510158024960674     
   1.2105385627517904E-003 -0.90509231585679117     
   1.2213661046165069E-003 -0.90508288540215176     
   1.2322904923533333E-003 -0.90507328591544933     
   1.2433125921905474E-003 -0.90506351436823707     
   1.2544332781043201E-003 -0.90505356767675949     
   1.2656534318880150E-003 -0.90504344271604964     
   1.2769739432221092E-003 -0.90503313628650517     
   1.2883957097447381E-003 -0.90502264514245212     
   1.2999196371228721E-003 -0.90501196597546141     
   1.3115466391241302E-003 -0.90500109542847440     
   1.3232776376892346E-003 -0.90499003006445378     
   1.3351135630051152E-003 -0.90497876640802133     
   1.3470553535786657E-003 -0.90496730090359279     
   1.3591039563111622E-003 -0.90495562994203738     
   1.3712603265733446E-003 -0.90494374984291426     
   1.3835254282811718E-003 -0.90493165686879706     
   1.3959002339722535E-003 -0.90491934721248413     
   1.4083857248829640E-003 -0.90490681699176889     
   1.4209828910262505E-003 -0.90489406226598135     
   1.4336927312701316E-003 -0.90488107900901582     
   1.4465162534169020E-003 -0.90486786314031065     
   1.4594544742830438E-003 -0.90485441050012128     
   1.4725084197798530E-003 -0.90484071684426226     
   1.4856791249947875E-003 -0.90482677787204580     
   1.4989676342735412E-003 -0.90481258918680396     
   1.5123750013028554E-003 -0.90479814632575994     
   1.5259022891940676E-003 -0.90478344474612982     
   1.5395505705674080E-003 -0.90476847981335595     
   1.5533209276370529E-003 -0.90475324681830216     
   1.5672144522969353E-003 -0.90473774097461046     
   1.5812322462073251E-003 -0.90472195739985750     
   1.5953754208821828E-003 -0.90470589112405264     
   1.6096450977772950E-003 -0.90468953709427069     
   1.6240424083791985E-003 -0.90467289016896757     
   1.6385684942948990E-003 -0.90465594510487790     
   1.6532245073423919E-003 -0.90463869657466489     
   1.6680116096419949E-003 -0.90462113915612008     
   1.6829309737084954E-003 -0.90460326732633689     
   1.6979837825441219E-003 -0.90458507545827160     
   1.7131712297323498E-003 -0.90456655783518158     
   1.7284945195325432E-003 -0.90454770864371881     
   1.7439548669754433E-003 -0.90452852194320599     
   1.7595534979595144E-003 -0.90450899170966181     
   1.7752916493481467E-003 -0.90448911179640845     
   1.7911705690677327E-003 -0.90446887596539227     
   1.8071915162066188E-003 -0.90444827784810400     
   1.8233557611149404E-003 -0.90442731097351725     
   1.8396645855053553E-003 -0.90440596875271240     
   1.8561192825546718E-003 -0.90438424447637544     
   1.8727211570063898E-003 -0.90436213133040155     
   1.8894715252741579E-003 -0.90433962235164245     
   1.9063717155461556E-003 -0.90431671047693385     
   1.9234230678904097E-003 -0.90429338850782415     
   1.9406269343610518E-003 -0.90426964911989671     
   1.9579846791055282E-003 -0.90424548485873402     
   1.9754976784727655E-003 -0.90422088812758261     
   1.9931673211223077E-003 -0.90419585121293267     
   2.0109950081344248E-003 -0.90417036625569835     
   2.0289821531212101E-003 -0.90414442523919547     
   2.0471301823386714E-003 -0.90411802004229003     
   2.0654405347998194E-003 -0.90409114235660581     
   2.0839146623887750E-003 -0.90406378375845975     
   2.1025540299758924E-003 -0.90403593565909546     
   2.1213601155339124E-003 -0.90400758931454561     
   2.1403344102551560E-003 -0.90397873583665955     
   2.1594784186697667E-003 -0.90394936617437338     
   2.1787936587650079E-003 -0.90391947111172044     
   2.1982816621056284E-003 -0.90388904126791658     
   2.2179439739553075E-003 -0.90385806710671091     
   2.2377821533991794E-003 -0.90382653891310838     
   2.2577977734674621E-003 -0.90379444679001608     
   2.2779924212601864E-003 -0.90376178069027446     
   2.2983676980730403E-003 -0.90372853036274137     
   2.3189252195243422E-003 -0.90369468538870024     
   2.3396666156831479E-003 -0.90366023516156702     
   2.3605935311985060E-003 -0.90362516888092159     
   2.3817076254298614E-003 -0.90358947555677105     
   2.4030105725786374E-003 -0.90355314401057285     
   2.4245040618209846E-003 -0.90351616285707337     
   2.4461897974417213E-003 -0.90347852051044697     
   2.4680694989694732E-003 -0.90344020518000434     
   2.4901449013130178E-003 -0.90340120487124409     
   2.5124177548988525E-003 -0.90336150736391119     
   2.5348898258099896E-003 -0.90332110023075529     
   2.5575628959259968E-003 -0.90327997082508205     
   2.5804387630642854E-003 -0.90323810626802015     
   2.6035192411226656E-003 -0.90319549345394989     
   2.6268061602231774E-003 -0.90315211905360115     
   2.6503013668572051E-003 -0.90310796948722327     
   2.6740067240318905E-003 -0.90306303094646978     
   2.6979241114178597E-003 -0.90301728936873360     
   2.7220554254982644E-003 -0.90297073044774834     
   2.7464025797191618E-003 -0.90292333962312910     
   2.7709675046412373E-003 -0.90287510207048172     
   2.7957521480928842E-003 -0.90282600271049773     
   2.8207584753246538E-003 -0.90277602619318031     
   2.8459884691650846E-003 -0.90272515689309785     
   2.8714441301779291E-003 -0.90267337891600619     
   2.8971274768207832E-003 -0.90262067607613972     
   2.9230405456051344E-003 -0.90256703190732424     
   2.9491853912578486E-003 -0.90251242964811240     
   2.9755640868840880E-003 -0.90245685224505223     
   3.0021787241317002E-003 -0.90240028233793623     
   3.0290314133570684E-003 -0.90234270226144986     
   3.0561242837924482E-003 -0.90228409403374599     
   3.0834594837148028E-003 -0.90222443936099239     
   3.1110391806161435E-003 -0.90216371962000608     
   3.1388655613754004E-003 -0.90210191586209021     
   3.1669408324318236E-003 -0.90203900879964749     
   3.1952672199599399E-003 -0.90197497880330957     
   3.2238469700460728E-003 -0.90190980590168124     
   3.2526823488664425E-003 -0.90184346976312213     
   3.2817756428668559E-003 -0.90177594970322161     
   3.3111291589440085E-003 -0.90170722466760367     
   3.3407452246284036E-003 -0.90163727322698151     
   3.3706261882689090E-003 -0.90156607358196084     
   3.4007744192189665E-003 -0.90149360354072883     
   3.4311923080244640E-003 -0.90141984051879831     
   3.4618822666132891E-003 -0.90134476153508558     
   3.4928467284865796E-003 -0.90126834320517446     
   3.5240881489116806E-003 -0.90119056172449064     
   3.5556090051168348E-003 -0.90111139287577657     
   3.5874117964876037E-003 -0.90103081200811630     
   3.6194990447650567E-003 -0.90094879403795858     
   3.6518732942457245E-003 -0.90086531343956722     
   3.6845371119833452E-003 -0.90078034423527242     
   3.7174930879924151E-003 -0.90069385998796747     
   3.7507438354535561E-003 -0.90060583379846548     
   3.7842919909207252E-003 -0.90051623828617267     
   3.8181402145302753E-003 -0.90042504559465897     
   3.8522911902118830E-003 -0.90033222737164920     
   3.8867476259013675E-003 -0.90023775476831247     
   3.9215122537554110E-003 -0.90014159842004915     
   3.9565878303682005E-003 -0.90004372845612579     
   3.9919771369900025E-003 -0.89994411447139555     
   4.0276829797477060E-003 -0.89984272552607081     
   4.0637081898673164E-003 -0.89973953013407026     
   4.1000556238984633E-003 -0.89963449626125680     
   4.1367281639408992E-003 -0.89952759130184745     
   4.1737287178730299E-003 -0.89941878208182402     
   4.2110602195824937E-003 -0.89930803484091371     
   4.2487256291987930E-003 -0.89919531522230045     
   4.2867279333280144E-003 -0.89908058826742376     
   4.3250701452896461E-003 -0.89896381840461004     
   4.3637553053555147E-003 -0.89884496943321324     
   4.4027864809908536E-003 -0.89872400451565682     
   4.4421667670975357E-003 -0.89860088617206202     
   4.4818992862594746E-003 -0.89847557625489571     
   4.5219871889902261E-003 -0.89834803595942958     
   4.5624336539828022E-003 -0.89821822578576871     
   4.6032418883617176E-003 -0.89808610554848656     
   4.6444151279372943E-003 -0.89795163435229597     
   4.6859566374622373E-003 -0.89781477058733117     
   4.7278697108905079E-003 -0.89767547191198105     
   4.7701576716385119E-003 -0.89753369524188997     
   4.8128238728486214E-003 -0.89738939673597429     
   4.8558716976550590E-003 -0.89724253178411573     
   4.8993045594521532E-003 -0.89709305499670222     
   4.9431259021650029E-003 -0.89694092018632432     
   4.9873392005225451E-003 -0.89678608035544016     
   5.0319479603330936E-003 -0.89662848768486469     
   5.0769557187623077E-003 -0.89646809351759771     
   5.1223660446136805E-003 -0.89630484834299295     
   5.1681825386115099E-003 -0.89613870178536104     
   5.2144088336864118E-003 -0.89596960258640479     
   5.2610485952633958E-003 -0.89579749859075264     
   5.3081055215524952E-003 -0.89562233673055403     
   5.3555833438420171E-003 -0.89544406301200752     
   5.4034858267944068E-003 -0.89526262249421507     
   5.4518167687447588E-003 -0.89507795927750067     
   5.5005800020019972E-003 -0.89489001648723843     
   5.5497793931527538E-003 -0.89469873625085938     
   5.5994188433679580E-003 -0.89450405968858604     
   5.6495022887121773E-003 -0.89430592689191712     
   5.7000337004557170E-003 -0.89410427690586403     
   5.7510170853895138E-003 -0.89389904771422835     
   5.8024564861428483E-003 -0.89369017621532976     
   5.8543559815038976E-003 -0.89347759821038153     
   5.9067196867431540E-003 -0.89326124838046894     
   5.9595517539397366E-003 -0.89304106026830254     
   6.0128563723106246E-003 -0.89281696625843665     
   6.0666377685428324E-003 -0.89258889755726045     
   6.1209002071285551E-003 -0.89235678417469444     
   6.1756479907033156E-003 -0.89212055490256148     
   6.2308854603871323E-003 -0.89188013729432214     
   6.2866169961287403E-003 -0.89163545764088781     
   6.3428470170528890E-003 -0.89138644095234554     
   6.3995799818107541E-003 -0.89113301093888708     
   6.4568203889334682E-003 -0.89087508998014187     
   6.5145727771888330E-003 -0.89061259911127877     
   6.5728417259412050E-003 -0.89034545799287912     
   6.6316318555146130E-003 -0.89007358489584476     
   6.6909478275591116E-003 -0.88979689666788886     
   6.7507943454204232E-003 -0.88951530871861451     
   6.8111761545128768E-003 -0.88922873498893296     
   6.8720980426956891E-003 -0.88893708792943471     
   6.9335648406526089E-003 -0.88864027847301941     
   6.9955814222749544E-003 -0.88833821601107843     
   7.0581527050480796E-003 -0.88803080836333947     
   7.1212836504413006E-003 -0.88771796176050088     
   7.1849792643012989E-003 -0.88739958080560655     
   7.2492445972490551E-003 -0.88707556845406543     
   7.3140847450803301E-003 -0.88674582598653728     
   7.3795048491697192E-003 -0.88641025297363285     
   7.4455100968783359E-003 -0.88606874725689977     
   7.5121057219651255E-003 -0.88572120490937323     
   7.5792970050018744E-003 -0.88536752021360599     
   7.6470892737919155E-003 -0.88500758563074555     
   7.7154879037925894E-003 -0.88464129176230699     
   7.7844983185414813E-003 -0.88426852733022088     
   7.8541259900864694E-003 -0.88388917913891873     
   7.9243764394196208E-003 -0.88350313204117015     
   7.9952552369149648E-003 -0.88311026891116740     
   8.0667680027701905E-003 -0.88271047060754881     
   8.1389204074522863E-003 -0.88230361593923590     
   8.2117181721471696E-003 -0.88188958163783582     
   8.2851670692133325E-003 -0.88146824230980769     
   8.3592729226395594E-003 -0.88103947041622632     
   8.4340416085067187E-003 -0.88060313622497688     
   8.5094790554537045E-003 -0.88015910778327111     
   8.5855912451475291E-003 -0.87970725087154733     
   8.6623842127576314E-003 -0.87924742897664032     
   8.7398640474344261E-003 -0.87877950324244125     
   8.8180368927921263E-003 -0.87830333244065173     
   8.8969089473958912E-003 -0.87781877292351851     
   8.9764864652533312E-003 -0.87732567859092114     
   9.0567757563104062E-003 -0.87682390084458461     
   9.1377831869517614E-003 -0.87631328854871526     
   9.2195151805055352E-003 -0.87579368798873247     
   9.3019782177526864E-003 -0.87526494282874978     
   9.3851788374408746E-003 -0.87472689406544646     
   9.4691236368029414E-003 -0.87417937998793604     
   9.5538192720800164E-003 -0.87362223613172318     
   9.6392724590493219E-003 -0.87305529523433734     
   9.7254899735566783E-003 -0.87247838718766957     
   9.8124786520537854E-003 -0.87189133899201465     
   9.9002453921403100E-003 -0.87129397470940262     
   9.9887971531108077E-003 -0.87068611541732821     
   1.0078140956506557E-002 -0.87006757915548860     
   1.0168283886672314E-002 -0.86943818087991076     
   1.0259233091318048E-002 -0.86879773241008706     
   1.0350995782085719E-002 -0.86814604238236370     
   1.0443579235121092E-002 -0.86748291619292672     
   1.0536990791650698E-002 -0.86680815594857563     
   1.0631237858563942E-002 -0.86612156041184107     
   1.0726327909000414E-002 -0.86542292494937101     
   1.0822268482942456E-002 -0.86471204147210301     
   1.0919067187813032E-002 -0.86398869838652104     
   1.1016731699078949E-002 -0.86325268053107607     
   1.1115269760859461E-002 -0.86250376912303750     
   1.1214689186540326E-002 -0.86174174169883599     
   1.1314997859393359E-002 -0.86096637205710635     
   1.1416203733201511E-002 -0.86017743019411341     
   1.1518314832889558E-002 -0.85937468224921076     
   1.1621339255160415E-002 -0.85855789043733921     
   1.1725285169137156E-002 -0.85772681298988118     
   1.1830160817010757E-002 -0.85688120409011503     
   1.1935974514693659E-002 -0.85602081380940831     
   1.2042734652479155E-002 -0.85514538804093831     
   1.2150449695706677E-002 -0.85425466843409481     
   1.2259128185433048E-002 -0.85334839232845638     
   1.2368778739109727E-002 -0.85242629268344672     
   1.2479410051266106E-002 -0.85148809801052039     
   1.2591030894198933E-002 -0.85053353230301809     
   1.2703650118667895E-002 -0.84956231496542500     
   1.2817276654597417E-002 -0.84857416074135017     
   1.2931919511784745E-002 -0.84756877963960164     
   1.3047587780614364E-002 -0.84654587686088689     
   1.3164290632778797E-002 -0.84550515272371740     
   1.3282037322005858E-002 -0.84444630258724374     
   1.3400837184792413E-002 -0.84336901677446008     
   1.3520699641144697E-002 -0.84227298049319188     
   1.3641634195325247E-002 -0.84115787375918671     
   1.3763650436606540E-002 -0.84002337131337868     
   1.3886758040031347E-002 -0.83886914254435396     
   1.4010966767179892E-002 -0.83769485140058464     
   1.4136286466943888E-002 -0.83650015631172892     
   1.4262727076307479E-002 -0.83528471010234284     
   1.4390298621135176E-002 -0.83404815990581938     
   1.4519011216966840E-002 -0.83279014707844112     
   1.4648875069819770E-002 -0.83151030711155727     
   1.4779900476997980E-002 -0.83020826954188465     
   1.4912097827908685E-002 -0.82888365786195095     
   1.5045477604886131E-002 -0.82753608942994106     
   1.5180050384022752E-002 -0.82616517537499590     
   1.5315826836007799E-002 -0.82477052050640509     
   1.5452817726973430E-002 -0.82335172321617733     
   1.5591033919348414E-002 -0.82190837538561823     
   1.5730486372719430E-002 -0.82044006228824173     
   1.5871186144700091E-002 -0.81894636248890151     
   1.6013144391807736E-002 -0.81742684774769714     
   1.6156372370348060E-002 -0.81588108291830963     
   1.6300881437307676E-002 -0.81430862584636543     
   1.6446683051254622E-002 -0.81270902726609506     
   1.6593788773246972E-002 -0.81108183069702022     
   1.6742210267749528E-002 -0.80942657233839554     
   1.6891959303558739E-002 -0.80774278096322405     
   1.7043047754735880E-002 -0.80602997781033991     
   1.7195487601548595E-002 -0.80428767647632071     
   1.7349290931420836E-002 -0.80251538280379009     
   1.7504469939891319E-002 -0.80071259477196577     
   1.7661036931580543E-002 -0.79887880238456432     
   1.7819004321166468E-002 -0.79701348755369850     
   1.7978384634368891E-002 -0.79511612398937359     
   1.8139190508942690E-002 -0.79318617707912153     
   1.8301434695679859E-002 -0.79122310377496774     
   1.8465130059420597E-002 -0.78922635247192829     
   1.8630289580073400E-002 -0.78719536289077041     
   1.8796926353644237E-002 -0.78512956595659489     
   1.8965053593275022E-002 -0.78302838367704908     
   1.9134684630291297E-002 -0.78089122902076724     
   1.9305832915259325E-002 -0.77871750579117816     
   1.9478512019052614E-002 -0.77650660850378017     
   1.9652735633928001E-002 -0.77425792225844248     
   1.9828517574611369E-002 -0.77197082261301375     
   2.0005871779393027E-002 -0.76964467545391813     
   2.0184812311232942E-002 -0.76727883686822906     
   2.0365353358875828E-002 -0.76487265301159368     
   2.0547509237976214E-002 -0.76242545997811817     
   2.0731294392233590E-002 -0.75993658366772365     
   2.0916723394537668E-002 -0.75740533965151258     
   2.1103810948123920E-002 -0.75483103303892563     
   2.1292571887739462E-002 -0.75221295834046487     
   2.1483021180819323E-002 -0.74955039933391276     
   2.1675173928673259E-002 -0.74684262892481001     
   2.1869045367683207E-002 -0.74408890900988922     
   2.2064650870511397E-002 -0.74128849033715483     
   2.2262005947319304E-002 -0.73844061236775360     
   2.2461126246997521E-002 -0.73554450313318398     
   2.2662027558406562E-002 -0.73259937909742234     
   2.2864725811628850E-002 -0.72960444501148913     
   2.3069237079231843E-002 -0.72655889377378458     
   2.3275577577542488E-002 -0.72346190628601903     
   2.3483763667933043E-002 -0.72031265130920019     
   2.3693811858118450E-002 -0.71711028532044452     
   2.3905738803465255E-002 -0.71385395236782756     
   2.4119561308312273E-002 -0.71054278392483639     
   2.4335296327303069E-002 -0.70717589874701048     
   2.4552960966730326E-002 -0.70375240272392148     
   2.4772572485892260E-002 -0.70027138873510353     
   2.4994148298461170E-002 -0.69673193650382359     
   2.5217705973864205E-002 -0.69313311245036857     
   2.5443263238676524E-002 -0.68947396954638407     
   2.5670837978026863E-002 -0.68575354716915626     
   2.5900448237015726E-002 -0.68197087095518327     
   2.6132112222146210E-002 -0.67812495265471284     
   2.6365848302767690E-002 -0.67421478998693374     
   2.6601675012532338E-002 -0.67023936649371763     
   2.6839611050864756E-002 -0.66619765139731157     
   2.7079675284444681E-002 -0.66208859945371046     
   2.7321886748702985E-002 -0.65791115081171370     
   2.7566264649331072E-002 -0.65366423086931036     
   2.7812828363803742E-002 -0.64934675013299170     
   2.8061597442915687E-002 -0.64495760407629632     
   2.8312591612331746E-002 -0.64049567300145327     
   2.8565830774151001E-002 -0.63595982190042832     
   2.8821335008484876E-002 -0.63134890031901136     
   2.9079124575049374E-002 -0.62666174222044901     
   2.9339219914771494E-002 -0.62189716585425003     
   2.9601641651410094E-002 -0.61705397362135272     
   2.9866410593191173E-002 -0.61213095194759148     
   3.0133547734457852E-002 -0.60712687115346853     
   3.0403074257335076E-002 -0.60204048533074683     
   3.0675011533409176E-002 -0.59687053221864517     
   3.0949381125422538E-002 -0.59161573308418269     
   3.1226204788983344E-002 -0.58627479260394466     
   3.1505504474290652E-002 -0.58084639875136190     
   3.1787302327874883E-002 -0.57532922268421771     
   3.2071620694353917E-002 -0.56972191863735588     
   3.2358482118204843E-002 -0.56402312381865727     
   3.2647909345551569E-002 -0.55823145830953536     
   3.2939925325968469E-002 -0.55234552496787614     
   3.3234553214300099E-002 -0.54636390933686130     
   3.3531816372497206E-002 -0.54028517955768507     
   3.3831738371469203E-002 -0.53410788628744399     
   3.4134342992953148E-002 -0.52783056262194350     
   3.4439654231399476E-002 -0.52145172402376261     
   3.4747696295874632E-002 -0.51496986825594604     
   3.5058493611980601E-002 -0.50838347532263128     
   3.5372070823791783E-002 -0.50169100741450734     
   3.5688452795809025E-002 -0.49489090886177678     
   3.6007664614931233E-002 -0.48798160609402430     
   3.6329731592444590E-002 -0.48096150760670753     
   3.6654679266029583E-002 -0.47382900393623117     
   3.6982533401785908E-002 -0.46658246764232558     
   3.7313319996275608E-002 -0.45922025329866756     
   3.7647065278584371E-002 -0.45174069749302248     
   3.7983795712401347E-002 -0.44414211883611188     
   3.8323537998117524E-002 -0.43642281797954752     
   3.8666319074942876E-002 -0.42858107764465103     
   3.9012166123042473E-002 -0.42061516266110743     
   3.9361106565691660E-002 -0.41252332001712944     
   3.9713168071450554E-002 -0.40430377892025149     
   4.0068378556357941E-002 -0.39595475087054410     
   4.0426766186144859E-002 -0.38747442974624846     
   4.0788359378467920E-002 -0.37886099190154710     
   4.1153186805162646E-002 -0.37011259627931281     
   4.1521277394516935E-002 -0.36122738453605052     
   4.1892660333564889E-002 -0.35220348118298261     
   4.2267365070401117E-002 -0.34303899374128832     
   4.2645421316515823E-002 -0.33373201291340138     
   4.3026859049150643E-002 -0.32428061277119014     
   4.3411708513675686E-002 -0.31468285096090653     
   4.3800000225987762E-002 -0.30493676892493227     
   4.4191764974930103E-002 -0.29504039214455702     
   4.4587033824733675E-002 -0.28499173039830339     
   4.4985838117480373E-002 -0.27478877804367130     
   4.5388209475588248E-002 -0.26442951431670281     
   4.5794179804318880E-002 -0.25391190365525063     
   4.6203781294307342E-002 -0.24323389604305135     
   4.6617046424114607E-002 -0.23239342737696234     
   4.7034007962802930E-002 -0.22138841985878344     
   4.7454698972534175E-002 -0.21021678241160657     
   4.7879152811191442E-002 -0.19887641112165966     
   4.8307403135024060E-002 -0.18736518970658267     
   4.8739483901316397E-002 -0.17568099001269388     
   4.9175429371080326E-002 -0.16382167253840407     
   4.9615274111771961E-002 -0.15178508698980409     
   5.0059053000032584E-002 -0.13956907286473097     
   5.0506801224454126E-002 -0.12717146007057067     
   5.0958554288369387E-002 -0.11459006957298357     
   5.1414348012667192E-002 -0.10182271407973076     
   5.1874218538632756E-002  -8.8867198759231769E-002
   5.2338202330813412E-002  -7.5721321995530388E-002
   5.2806336179910041E-002  -6.2382876180805624E-002
   5.3278657205694253E-002  -4.8849648546593016E-002
   5.3755202859951799E-002  -3.5119422034938452E-002
   5.4236010929452183E-002  -2.1189976211672956E-002
   5.4721119538944936E-002  -7.0590882214673911E-003
   5.5210567154182592E-002   7.2754662123202252E-003
   5.5704392584970806E-002   2.1815911742066874E-002
   5.6202634988245695E-002   3.6564472303410867E-002
   5.6705333871178674E-002   5.1523369974745492E-002
   5.7212529094309135E-002   6.6694823784871460E-002
   5.7724260874705099E-002   8.2081048471451368E-002
   5.8240569789152173E-002   9.7684253183444980E-002
   5.8761496777370956E-002  0.11350664013005485     
   5.9287083145263354E-002  0.12955040317325484     
   5.9817370568187769E-002  0.14581772636023516     
   6.0352401094263722E-002  0.16231078239698604     
   6.0892217147705957E-002  0.17903173105949577     
   6.1436861532188386E-002  0.19598271753991980     
   6.1986377434238148E-002  0.21316587072874427     
   6.2540808426659947E-002  0.23058330142708883     
   6.3100198471991151E-002  0.24823710049093961     
   6.3664591925987613E-002  0.26612933690182672     
   6.4234033541140906E-002  0.28426205576499797     
   6.4808568470226785E-002  0.30263727623017189     
   6.5388242269885502E-002  0.32125698933512581     
   6.5973100904234167E-002  0.34012315576785568     
   6.6563190748511386E-002  0.35923770354654039     
   6.7158558592754436E-002  0.37860252561409879     
   6.7759251645509486E-002  0.39821947734489527     
   6.8365317537574785E-002  0.41809037396319582     
   6.8976804325777602E-002  0.43821698786700836     
   6.9593760496784646E-002  0.45860104585872818     
   7.0216234970946853E-002  0.47924422627818331     
   7.0844277106178341E-002  0.50014815603535112     
   7.1477936701870221E-002  0.52131440754092750     
   7.2117264002839285E-002  0.54274449553162185     
   7.2762309703312086E-002  0.56443987378759175     
   7.3413124950944667E-002  0.58640193173894772     
   7.4069761350878172E-002  0.60863199095948062     
   7.4732270969830844E-002  0.63113130154343366     
   7.5400706340226470E-002  0.65390103836384128     
   7.6075120464359908E-002  0.67694229720839871     
   7.6755566818599769E-002  0.70025609079061724     
   7.7442099357628719E-002  0.72384334463316691     
   7.8134772518721723E-002  0.74770489282033736     
   7.8833641226062540E-002  0.77184147361626287     
   7.9538760895098856E-002  0.79625372494686530     
   8.0250187436936293E-002  0.82094217974122330     
   8.0967977262771815E-002  0.84590726112980974     
   8.1692187288366719E-002  0.87114927749718163     
   8.2422874938559654E-002  0.89666841738457492     
   8.3160098151820100E-002  0.92246474424024427     
   8.3903915384842348E-002  0.94853819101419390     
   8.4654385617180833E-002  0.97488855459411639     
   8.5411568355926698E-002   1.0015154900794414     
   8.6175523640426396E-002   1.0284185048898280     
   8.6946312047042326E-002   1.0555969527059403     
   8.7723994693956156E-002   1.0830500272383574     
   8.8508633246015003E-002   1.1107767558221440     
   8.9300289919621176E-002   1.1387759928337289     
   9.0099027487665323E-002   1.1670464129270499     
   9.0904909284504024E-002   1.1955865040860658     
   9.1717999210981685E-002   1.2243945604903388     
   9.2538361739497491E-002   1.2534686751909021     
   9.3366061919117588E-002   1.2828067325939969     
   9.4201165380732990E-002   1.3124064007487277     
   9.5043738342263762E-002   1.3422651234374712     
   9.5893847613909525E-002   1.3723801120642918     
   9.6751560603447098E-002   1.4027483373413361     
   9.7616945321575471E-002   1.4333665207683168     
   9.8490070387308573E-002   1.4642311259043765     
   9.9371005033416268E-002   1.4953383494293746     
  0.10025981911191406        1.5266841119925516     
  0.10115658309960186        1.5582640488468940     
  0.10206136810365234        1.5900735002672945     
  0.10297424586724914        1.6221075017503495     
  0.10389528877527575        1.6543607739956769     
  0.10482456986005502        1.6868277126660871     
  0.10576216280714014        1.7195023779263181     
  0.10670814196115745        1.7523784837599976     
  0.10766258233170141        1.7854493870630961     
  0.10862555959928229        1.8187080765147812     
  0.10959715012132719        1.8521471612258438     
  0.11057743093823463        1.8857588591630758     
  0.11156647977948335        1.9195349853531241     
  0.11256437506979564        1.9534669398649669     
  0.11357119593535592        1.9875456955728339     
  0.11458702221008496        2.0217617857017558     
  0.11561193444197006        2.0561052911576212     
  0.11664601389945196        2.0905658276444115     
  0.11768934257786895        2.1251325325721382     
  0.11874200320595844        2.1597940517587517     
  0.11980407925241682        2.1945385259305397     
  0.12087565493251792        2.2293535770250230     
  0.12195681521479075        2.2642262943032279     
  0.12304764582775686        2.2991432202752833     
  0.12414823326672807        2.3340903364475878     
  0.12525866480066483        2.3690530488977117     
  0.12637902847909627        2.4040161736860171     
  0.12750941313910169        2.4389639221118387     
  0.12864990841235482        2.4738798858243456     
  0.12980060473223104        2.5087470217982286     
  0.13096159334097801        2.5435476371854406     
  0.13213296629695065        2.5782633740552114     
  0.13331481648191065        2.6128751940356381     
  0.13450723760839142        2.6473633628700100     
  0.13571032422712878        2.6817074349044105     
  0.13692417173455823        2.7158862375213175     
  0.13814887638037923        2.7498778555379602     
  0.13938453527518704        2.7836596155859752     
  0.14063124639817304        2.8172080704942175     
  0.14188910860489376        2.8504989836938535     
  0.14315822163510938        2.8835073136690994     
  0.14443868612069252        2.9162071984763429     
  0.14573060359360754        2.9485719403573256     
  0.14703407649396133        2.9805739904721236     
  0.14834920817812622        3.0121849337809863     
  0.14967610292693528        3.0433754741022625     
  0.15101486595395117        3.0741154193805329     
  0.15236560341380870        3.1043736671949063     
  0.15372842241063242        3.1341181905433757     
  0.15510343100652899        3.1633160239387479     
  0.15649073823015577        3.1919332498549409     
  0.15789045408536626        3.2199349855617356     
  0.15930268955993243        3.2472853703917082     
  0.16072755663434532        3.2739475534810936     
  0.16216516829069438        3.2998836820315489     
  0.16361563852162606        3.3250548901392278     
  0.16507908233938279        3.3494212882419987     
  0.16655561578492256        3.3729419532352409     
  0.16804535593712014        3.3955749193111302     
  0.16954842092205069        3.4172771695770905     
  0.17106492992235631        3.4380046285112797     
  0.17259500318669632        3.4577121553164574     
  0.17413876203928236        3.4763535382337665     
  0.17569632888949832        3.4938814898822272     
  0.17726782724160667        3.5102476436913150     
  0.17885338170454151        3.5254025514950200     
  0.18045311800178918        3.5392956823607022     
  0.18206716298135719        3.5518754227255585     
  0.18369564462583252        3.5630890779178372     
  0.18533869206252959        3.5728828751410333     
  0.18699643557372936        3.5812019680023184     
  0.18866900660700958        3.5879904426672624     
  0.19035653778566794        3.5931913257277444     
  0.19205916291923786        3.5967465938683034     
  0.19377701701409900        3.5985971854219514     
  0.19551023628418204        3.5986830139056138     
  0.19725895816176972        3.5969429836288356     
  0.19902332130839415        3.5933150074706077     
  0.20080346562583165        3.5877360269207799     
  0.20259953226719621        3.5801420344838846     
  0.20441166364813168        3.5704680985454758     
  0.20624000345810461        3.5586483908010962     
  0.20808469667179763        3.5446162163498514     
  0.20994588956060500        3.5283040465551494     
  0.21182372970423100        3.5096435547757636     
  0.21371836600239180        3.4885656550710991     
  0.21562994868662241        3.4650005439842317     
  0.21755862933218875        3.4388777455063746     
  0.21950456087010675        3.4101261593266088     
  0.22146789759926858        3.3786741124685875     
  0.22344879519867741        3.3444494144167010     
  0.22544741073979191        3.3073794158310221     
  0.22746390269898079        3.2673910709498273     
  0.22949843097008887        3.2244110037756570     
  0.23155115687711550        3.1783655781381555     
  0.23362224318700667        3.1291809717244519     
  0.23571185412256093        3.0767832541628195     
  0.23782015537545154        3.0210984692436540     
  0.23994731411936435        2.9620527213538281     
  0.24209349902325364        2.8995722661987031     
  0.24425888026471637        2.8335836058771804     
  0.24644362954348617        2.7640135883706307     
  0.24864792009504783        2.6907895114986218     
  0.25087192670437369        2.6138392313868053     
  0.25311582571978303        2.5330912754827324     
  0.25537979506692488        2.4484749601481610     
  0.25766401426288688        2.3599205128436580     
  0.25996866443042921        2.2673591989128141     
  0.26229392831234655        2.1707234529601749     
  0.26463999028595858        2.0699470148046828     
  0.26700703637772938        1.9649650699777652     
  0.26939525427801819        1.8557143947200387     
  0.27180483335596228        1.7421335054157936     
  0.27423596467449213        1.6241628123880218     
  0.27668884100548169        1.5017447779609086     
  0.27916365684503380        1.3748240786762409     
  0.28166060842890228        1.2433477715344168     
  0.28417989374805230        1.1072654641090196     
  0.28672171256435930       0.96652948836215558     
  0.28928626642644917       0.82109507797024150     
  0.29187375868567939       0.67092054894200714     
  0.29448439451226344       0.51596748329103548     
  0.29711838091153936       0.35620091549961330     
  0.29977592674038389       0.19158952148477226     
  0.30245724272377339        2.2105809752758887E-002
  0.30516254147149274      -0.15227368559907006     
  0.30789203749499394      -0.33156821040115858     
  0.31064594722440547      -0.51579259484755369     
  0.31342448902569331      -0.70495705727284985     
  0.31622788321797640      -0.89906700772407078     
  0.31905635209099603       -1.0981228518095350     
  0.32191011992274199       -1.3021197953372621     
  0.32478941299723618       -1.5110476502843255     
  0.32769445962247568       -1.7248906426684556     
  0.33062549014853543       -1.9436272229233111     
  0.33358273698583402       -2.1672298794068183     
  0.33656643462356173       -2.3956649557022018     
  0.33957681964827424       -2.6288924723987179     
  0.34261413076265212       -2.8668659540671229     
  0.34567860880442830       -3.1095322621708732     
  0.34877049676548477       -3.3568314346802595     
  0.35189003981112060       -3.6086965331798453     
  0.35503748529949114       -3.8650534982824567     
  0.35821308280122238       -4.1258210141837139     
  0.36141708411919993       -4.3909103832090892     
  0.36464974330853539       -4.6602254112217665     
  0.36791131669671073       -4.9336623047737547     
  0.37120206290390401       -5.2111095808925683     
  0.37452224286349550       -5.4924479904037398     
  0.37787211984275826       -5.7775504556935928     
  0.38125195946373325       -6.0662820238175641     
  0.38466202972429153       -6.3584998358545306     
  0.38810260101938426       -6.6540531134014955     
  0.39157394616248353       -6.9527831630894639     
  0.39507634040721434       -7.2545233999844640     
  0.39861006146918038       -7.5590993907159074     
  0.40217538954798510       -7.8663289171458928     
  0.40577260734944914       -8.1760220613609036     
  0.40940200010802769       -8.4879813127278823     
  0.41306385560942677       -8.8020016977112832     
  0.41675846421342322       -9.1178709330969241     
  0.42048611887688814       -9.4353696032113419     
  0.42424711517701613       -9.7542713616591783     
  0.42804175133476252       -10.074343158033102     
  0.43187032823849070       -10.395345489971056     
  0.43573314946782971       -10.717032680852796     
  0.43963052131774666       -11.039153183336147     
  0.44356275282283342       -11.361449908836533     
  0.44753015578181127       -11.683660582948967     
  0.45153304478225376       -12.005518126701730     
  0.45557173722553224       -12.326751063414740     
  0.45964655335198268       -12.647083950813219     
  0.46375781626629903       -12.966237837920382     
  0.46790585196315310       -13.283930746119978     
  0.47209098935304372       -13.599878173642821     
  0.47631356028837679       -13.913793622590745     
  0.48057389958977920       -14.225389147467386     
  0.48487234507264759       -14.534375924038475     
  0.48920923757393492       -14.840464837196532     
  0.49358492097917633       -15.143367086355028     
  0.49799974224975713       -15.442794806748942     
  0.50245405145042399       -15.738461704869778     
  0.50694820177704303       -16.030083706118042     
  0.51148254958460571       -16.317379612613244     
  0.51605745441548545       -16.600071768963737     
  0.52067327902794625       -16.877886733665910     
  0.52533038942490795       -17.150555953677827     
  0.53002915488296654       -17.417816439594169     
  0.53476994798167632       -17.679411438743102     
  0.53955314463309190       -17.935091103428203     
  0.54437912411157641       -18.184613151455391     
  0.54924826908387459       -18.427743516013457     
  0.55416096563945560       -18.664256981921749     
  0.55911760332112792       -18.893937805219014     
  0.56411857515592667       -19.116580313045333     
  0.56916427768627842       -19.331989480765522     
  0.57425511100144400       -19.539981483298540     
  0.57939147876924257       -19.740384217653684     
  0.58457378826806061       -19.933037793732289     
  0.58980245041914492       -20.117794990532630     
  0.59507787981918725       -20.294521674998609     
  0.60040049477319768       -20.463097180876026     
  0.60577071732767429       -20.623414645089031     
  0.61118897330406796       -20.775381299318003     
  0.61665569233254702       -20.918918714653508     
  0.62217130788606445       -21.053962997414516     
  0.62773625731472893       -21.180464934454502     
  0.63335098188048344       -21.298390086534113     
  0.63901592679209496       -21.407718828613106     
  0.64473154124045584       -21.508446336204884     
  0.65049827843420160       -21.600582517243666     
  0.65631659563564748       -21.684151889233643     
  0.66218695419704621       -21.759193401780266     
  0.66810981959716964       -21.825760204942988     
  0.67408566147821825       -21.883919364193510     
  0.68011495368306074       -21.933751523111788     
  0.68619817429280594       -21.975350515299560     
  0.69233580566471209       -22.008822927335562     
  0.69852833447043339       -22.034287614934449     
  0.70477625173461078       -22.051875174799253     
  0.71108005287380605       -22.061727374971372     
  0.71744023773578525       -22.063996546780146     
  0.72385731063915304       -22.058844941771284     
  0.73033178041334201       -22.046444057248117     
  0.73686416043895875       -22.026973934287348     
  0.74345496868849148       -22.000622432290154     
  0.75010472776738246       -21.967584484296115     
  0.75681396495546560       -21.928061337420633     
  0.76358321224877779       -21.882259782872982     
  0.77041300640174071       -21.830391380071013     
  0.77730388896972324       -21.772671679388495     
  0.78425640635198235       -21.709319448050859     
  0.79127110983498838       -21.640555903634930     
  0.79834855563613949       -21.566603959528187     
  0.80548930494786442       -21.487687486563054     
  0.81269392398212215       -21.404030594864221     
  0.81996298401529810       -21.315856939732239     
  0.82729706143350246       -21.223389055137801     
  0.83469673777827402       -21.126847718120217     
  0.84216259979269192       -21.026451347074090     
  0.84969523946790038       -20.922415436573235     
  0.85729525409004959       -20.814952031024355     
  0.86496324628765642       -20.704269239069401     
  0.87269982407938840       -20.590570790268618     
  0.88050560092227603       -20.474055635201431     
  0.88838119576035490       -20.354917589723499     
  0.89632723307374407       -20.233345023720972     
  0.90434434292816301       -20.109520594311252     
  0.91243316102489147       -19.983621023058884     
  0.92059432875117597       -19.855816916409292     
  0.92882849323108752       -19.726272628196764     
  0.93713630737683418       -19.595146162759949     
  0.94551842994053248       -19.462589116902134     
  0.95397552556644138       -19.328746658667328     
  0.96250826484366458       -19.193757540669782     
  0.97111732435932374       -19.057754145516050     
  0.97980338675220602       -18.920862560696445     
  0.98856714076689400       -18.783202680197665     
  0.99740928130837736       -18.644888330001617     
   1.0063305094971549       -18.506027414585486     
   1.0153315327248271       -18.366722081525616     
   1.0244130647101894       -18.227068901330085     
   1.0335758255558236       -18.087159059681429     
   1.0428205418051970       -17.947078559358221     
   1.0521479465002737       -17.806908429220389     
   1.0615587792396375       -17.666724937784654     
   1.0710537862371399       -17.526599809080022     
   1.0806337203810665       -17.386600438655307     
   1.0902993412938384       -17.246790107807200     
   1.1000514153922432       -17.107228194305197     
   1.1098907159482079       -16.967970378104020     
   1.1198180231501127       -16.829068840752281     
   1.1298341241646561       -16.690572457423354     
   1.1399398131992702       -16.552526980708645     
   1.1501358915650965       -16.414975215519991     
   1.1604231677405255       -16.277957184645516     
   1.1708024574353004       -16.141510284688223     
   1.1812745836552012       -16.005669432287512     
   1.1918403767672994       -15.870467200678780     
   1.2025006745658040       -15.735933946783765     
   1.2132563223384893       -15.602097929144252     
   1.2241081729337235       -15.468985417112251     
   1.2350570868280917       -15.336620791792559     
   1.2461039321946266       -15.205026639297298     
   1.2572495849716474       -15.074223836918264     
   1.2684949289322174       -14.944231632852167     
   1.2798408557542200       -14.815067720127448     
   1.2912882650910633       -14.686748305380434     
   1.3028380646430149       -14.559288173114938     
   1.3144911702291777       -14.432700746054484     
   1.3262485058601081       -14.306998142161904     
   1.3381110038110822       -14.182191228858914     
   1.3500796046960200       -14.058289674930043     
   1.3621552575420695       -13.935302000542716     
   1.3743389198648570       -13.813235625760100     
   1.3866315577444130       -13.692096917866706     
   1.3990341459017748       -13.571891237770490     
   1.4115476677762737       -13.452622985690098     
   1.4241731156035189       -13.334295646283334     
   1.4369114904940696       -13.216911833323850     
   1.4497638025128210       -13.100473333987569     
   1.4627310707590924       -12.984981152770121     
   1.4758143234474359       -12.870435555020771     
   1.4890145979891665       -12.756836110048104     
   1.5023329410746211       -12.644181733727848     
   1.5157704087561557       -12.532470730523412     
   1.5293280665318800       -12.421700834815443     
   1.5430069894301464       -12.311869251426948     
   1.5568082620947914       -12.202972695225732     
   1.5707329788711413       -12.095007429684976     
   1.5847822438927837       -11.987969304285810     
   1.5989571711691213       -11.881853790651805     
   1.6132588846737015       -11.776656017314426     
   1.6276885184333423       -11.672370803019426     
   1.6422472166180522       -11.568992688497222     
   1.6569361336317532       -11.466515966634402     
   1.6717564342038203       -11.364934710998318     
   1.6867092934814332       -11.264242802682164     
   1.7017958971227591       -11.164433955453037     
   1.7170174413909673       -11.065501739200419     
   1.7323751332490838       -10.967439601696666     
   1.7478701904556957       -10.870240888694386     
   1.7635038416615096       -10.773898862397681     
   1.7792773265067783       -10.678406718355106     
   1.7951918957195918       -10.583757600831712     
   1.8112488112150542       -10.489944616725456     
   1.8274493461953429       -10.396960848099944     
   1.8437947852506671       -10.304799363410398     
   1.8602864244611241       -10.213453227503560     
   1.8769255714994715       -10.122915510474423     
   1.8937135457348160       -10.033179295463761     
   1.9106516783372292       -9.9442376854803829     
   1.9277413123833020       -9.8560838093307641     
   1.9449838029626407       -9.7687108267367933     
   1.9623805172853150       -9.6821119327194918     
   1.9799328347902698       -9.5962803613230783     
   1.9976421472547041       -9.5112093887499150     
