   2.1933573926405111E-006   321.94053497632012     
   2.2129756598513593E-006   321.94053497952251     
   2.2327694007035066E-006   321.94053497712770     
   2.2527401847034970E-006   321.94053497658592     
   2.2728895953961725E-006   321.94053497603437     
   2.2932192304902313E-006   321.94053497733569     
   2.3137307019849213E-006   321.94053497303889     
   2.3344256362978556E-006   321.94053497525096     
   2.3553056743939781E-006   321.94053497559014     
   2.3763724719156807E-006   321.94053497312461     
   2.3976276993140852E-006   321.94053497251087     
   2.4190730419814962E-006   321.94053497281755     
   2.4407102003850425E-006   321.94053497311290     
   2.4625408902015130E-006   321.94053497246546     
   2.4845668424533952E-006   321.94053497087521     
   2.5067898036461373E-006   321.94053497020434     
   2.5292115359066309E-006   321.94053496952142     
   2.5518338171229363E-006   321.94053497068887     
   2.5746584410852573E-006   321.94053496998117     
   2.5976872176281760E-006   321.94053497019218     
   2.6209219727741587E-006   321.94053496945878     
   2.6443645488783509E-006   321.94053496778088     
   2.6680168047746575E-006   321.94053496702099     
   2.6918806159231402E-006   321.94053496531615     
   2.7159578745587277E-006   321.94053496639134     
   2.7402504898412538E-006   321.94053496558962     
   2.7647603880068441E-006   321.94053496477369     
   2.7894895125206515E-006   321.94053496394292     
   2.8144398242309589E-006   321.94053496309732     
   2.8396133015246638E-006   321.94053496409913     
   2.8650119404841473E-006   321.94053496322283     
   2.8906377550455502E-006   321.94053496139946     
   2.9164927771584675E-006   321.94053495956013     
   2.9425790569470623E-006   321.94053496049833     
   2.9688986628726321E-006   321.94053495955734     
   2.9954536818976190E-006   321.94053495859947     
   3.0222462196510953E-006   321.94053495762432     
   3.0492784005957210E-006   321.94053495663167     
   3.0765523681962028E-006   321.94053495562139     
   3.1040702850892537E-006   321.94053495552396     
   3.1318343332550765E-006   321.94053495354564     
   3.1598467141903788E-006   321.94053495341097     
   3.1881096490829357E-006   321.94053495232583     
   3.2166253789877168E-006   321.94053495308390     
   3.2453961650045857E-006   321.94053495102816     
   3.2744242884575871E-006   321.94053494988356     
   3.3037120510758433E-006   321.94053494964970     
   3.3332617751760633E-006   321.94053494846355     
   3.3630758038466874E-006   321.94053494818752     
   3.3931565011336784E-006   321.94053494695828     
   3.4235062522279714E-006   321.94053494663842     
   3.4541274636546064E-006   321.94053494443335     
   3.4850225634635467E-006   321.94053494406813     
   3.5161940014222070E-006   321.94053494274817     
   3.5476442492097042E-006   321.94053494140451     
   3.5793758006128418E-006   321.94053494096818     
   3.6113911717238533E-006   321.94053493957585     
   3.6436929011399077E-006   321.94053493908984     
   3.6762835501644054E-006   321.94053493857825     
   3.7091657030100689E-006   321.94053493804091     
   3.7423419670038553E-006   321.94053493561438     
   3.7758149727936991E-006   321.94053493595510     
   3.8095873745571034E-006   321.94053493347440     
   3.8436618502115986E-006   321.94053493375986     
   3.8780411016270804E-006   321.94053493122300     
   3.9127278548400537E-006   321.94053493051996     
   3.9477248602697845E-006   321.94053492792494     
   3.9830348929363921E-006   321.94053492716245     
   4.0186607526808850E-006   321.94053492636971     
   4.0546052643871742E-006   321.94053492461478     
   4.0908712782060614E-006   321.94053492469084     
   4.1274616697812401E-006   321.94053492100954     
   4.1643793404773144E-006   321.94053492102069     
   4.2016272176098541E-006   321.94053492006736     
   4.2392082546775108E-006   321.94053491814896     
   4.2771254315962143E-006   321.94053491526461     
   4.3153817549354546E-006   321.94053491513921     
   4.3539802581566845E-006   321.94053491311541     
   4.3929240018538499E-006   321.94053491198662     
   4.4322160739960767E-006   321.94053490988938     
   4.4718595901725233E-006   321.94053490868589     
   4.5118576938394246E-006   321.94053490558127     
   4.5522135565693474E-006   321.94053490523163     
   4.5929303783026758E-006   321.94053490251395     
   4.6340113876013425E-006   321.94053490161861     
   4.6754598419048301E-006   321.94053489975050     
   4.7172790277884657E-006   321.94053489737485     
   4.7594722612240216E-006   321.94053489635354     
   4.8020428878426523E-006   321.94053489482309     
   4.8449942832001767E-006   321.94053489231709     
   4.8883298530447352E-006   321.94053489023173     
   4.9320530335868481E-006   321.94053488903182     
   4.9761672917718756E-006   321.94053488638832     
   5.0206761255549258E-006   321.94053488416296     
   5.0655830641782232E-006   321.94053488282060     
   5.1108916684509446E-006   321.94053488003198     
   5.1566055310315703E-006   321.94053487765888     
   5.2027282767127603E-006   321.94053487570045     
   5.2492635627087688E-006   321.94053487275892     
   5.2962150789454430E-006   321.94053487116139     
   5.3435865483528018E-006   321.94053486904431     
   5.3913817271602443E-006   321.94053486687261     
   5.4396044051943892E-006   321.94053486511069     
   5.4882584061795817E-006   321.94053486189512     
   5.5373475880410902E-006   321.94053486001872     
   5.5868758432110124E-006   321.94053485761788     
   5.6368470989369196E-006   321.94053485329448     
   5.6872653175932551E-006   321.94053485170394     
   5.7381344969955288E-006   321.94053484912024     
   5.7894586707173145E-006   321.94053484647338     
   5.8412419084100826E-006   321.94053484283080     
   5.8934883161258987E-006   321.94053484005417     
   5.9462020366429989E-006   321.94053483767658     
   5.9993872497942936E-006   321.94053483476540     
   6.0530481727987878E-006   321.94053483178527     
   6.1071890605959845E-006   321.94053482873477     
   6.1618142061832718E-006   321.94053482607842     
   6.2169279409563246E-006   321.94053482288359     
   6.2725346350525567E-006   321.94053481961464     
   6.3286386976976400E-006   321.94053481627031     
   6.3852445775551298E-006   321.94053481331457     
   6.4423567630792098E-006   321.94053480981512     
   6.4999797828705942E-006   321.94053480623597     
   6.5581182060356179E-006   321.94053480257594     
   6.6167766425485314E-006   321.94053479883326     
   6.6759597436170460E-006   321.94053479593794     
   6.7356722020511340E-006   321.94053479249146     
   6.7959187526351399E-006   321.94053478756092     
   6.8567041725032200E-006   321.94053478393892     
   6.9180332815181288E-006   321.94053478069225     
   6.9799109426534054E-006   321.94053477642245     
   7.0423420623789725E-006   321.94053477299059     
   7.1053315910501853E-006   321.94053476853225     
   7.1688845233003612E-006   321.94053476444276     
   7.2330058984368166E-006   321.94053476025459     
   7.2977008008404540E-006   321.94053475643182     
   7.3629743603689148E-006   321.94053475110979     
   7.4288317527633409E-006   321.94053474661513     
   7.4952782000587779E-006   321.94053474201468     
   7.5623189709982440E-006   321.94053473823777     
   7.6299593814505078E-006   321.94053473295406     
   7.6982047948315937E-006   321.94053472849015     
   7.7670606225300726E-006   321.94053472344677     
   7.8365323243361385E-006   321.94053471828778     
   7.9066254088745383E-006   321.94053471301089     
   7.9773454340413650E-006   321.94053470807984     
   8.0486980074447615E-006   321.94053470349223     
   8.1206887868495628E-006   321.94053469738344     
   8.1933234806259197E-006   321.94053469207955     
   8.2666078482019346E-006   321.94053468664674     
   8.3405477005203398E-006   321.94053468108291     
   8.4151489004992658E-006   321.94053467538566     
   8.4904173634971377E-006   321.94053466908690     
   8.5663590577817105E-006   321.94053466311550     
   8.6429800050033173E-006   321.94053465793462     
   8.7202862806723463E-006   321.94053465167917     
   8.7982840146409879E-006   321.94053464527786     
   8.8769793915892768E-006   321.94053463872808     
   8.9563786515155094E-006   321.94053463202692     
   9.0364880902310312E-006   321.94053462563784     
   9.1173140598594354E-006   321.94053461862626     
   9.1988629693402633E-006   321.94053461215378     
   9.2811412849371744E-006   321.94053460482053     
   9.3641555307506816E-006   321.94053459778758     
   9.4479122892354673E-006   321.94053459105214     
   9.5324182017223224E-006   321.94053458391267     
   9.6176799689447666E-006   321.94053457613325     
   9.7037043515703583E-006   321.94053456864202     
   9.7904981707367819E-006   321.94053456050449     
   9.8780683085927038E-006   321.94053455264873     
   9.9664217088434868E-006   321.94053454437307     
   1.0055565377301780E-005   321.94053453637235     
   1.0145506382443020E-005   321.94053452794492     
   1.0236251855965929E-005   321.94053451955295     
   1.0327808993357990E-005   321.94053451072710     
   1.0420185054466014E-005   321.94053450216217     
   1.0513387364071792E-005   321.94053449292346     
   1.0607423312472893E-005   321.94053448393828     
   1.0702300356068669E-005   321.94053447520298     
   1.0798026017951500E-005   321.94053446531660     
   1.0894607888503311E-005   321.94053445637076     
   1.0992053625997447E-005   321.94053444580021     
   1.1090370957205922E-005   321.94053443592912     
   1.1189567678012085E-005   321.94053442558936     
   1.1289651654028798E-005   321.94053441594070     
   1.1390630821222108E-005   321.94053440511630     
   1.1492513186540529E-005   321.94053439427580     
   1.1595306828549925E-005   321.94053438341473     
   1.1699019898074088E-005   321.94053437206293     
   1.1803660618841051E-005   321.94053436091428     
   1.1909237288135156E-005   321.94053434926548     
   1.2015758277454988E-005   321.94053433827594     
   1.2123232033177163E-005   321.94053432631102     
   1.2231667077226076E-005   321.94053431406405     
   1.2341072007749628E-005   321.94053430176297     
   1.2451455499800999E-005   321.94053428916976     
   1.2562826306026519E-005   321.94053427627915     
   1.2675193257359698E-005   321.94053426331857     
   1.2788565263721446E-005   321.94053424981689     
   1.2902951314726577E-005   321.94053423693299     
   1.3018360480396623E-005   321.94053422279819     
   1.3134801911879024E-005   321.94053420880414     
   1.3252284842172743E-005   321.94053419494463     
   1.3370818586860394E-005   321.94053418028267     
   1.3490412544846882E-005   321.94053416527782     
   1.3611076199104690E-005   321.94053415062228     
   1.3732819117425808E-005   321.94053413537847     
   1.3855650953180384E-005   321.94053411977296     
   1.3979581446082181E-005   321.94053410379911     
   1.4104620422960857E-005   321.94053408768332     
   1.4230777798541185E-005   321.94053407141871     
   1.4358063576229192E-005   321.94053405476546     
   1.4486487848905385E-005   321.94053403771687     
   1.4616060799725039E-005   321.94053402096421     
   1.4746792702925644E-005   321.94053400310332     
   1.4878693924641587E-005   321.94053398529081     
   1.5011774923726119E-005   321.94053396682085     
   1.5146046252580657E-005   321.94053394815143     
   1.5281518557991531E-005   321.94053392904198     
   1.5418202581974190E-005   321.94053390995020     
   1.5556109162624965E-005   321.94053389016960     
   1.5695249234980481E-005   321.94053387062320     
   1.5835633831884690E-005   321.94053385013871     
   1.5977274084863736E-005   321.94053382940587     
   1.6120181225008583E-005   321.94053380864909     
   1.6264366583865581E-005   321.94053378716103     
   1.6409841594334957E-005   321.94053376539824     
   1.6556617791577392E-005   321.94053374311903     
   1.6704706813928653E-005   321.94053372054668     
   1.6854120403822456E-005   321.94053369767192     
   1.7004870408721541E-005   321.94053367425226     
   1.7156968782057098E-005   321.94053365027787     
   1.7310427584176604E-005   321.94053362620451     
   1.7465258983300113E-005   321.94053360109064     
   1.7621475256485102E-005   321.94053357609016     
   1.7779088790599985E-005   321.94053355049391     
   1.7938112083306276E-005   321.94053352452426     
   1.8098557744049593E-005   321.94053349817011     
   1.8260438495059481E-005   321.94053347118768     
   1.8423767172358199E-005   321.94053344368189     
   1.8588556726778531E-005   321.94053341564165     
   1.8754820224990708E-005   321.94053338717123     
   1.8922570850538487E-005   321.94053335825879     
   1.9091821904884518E-005   321.94053332865968     
   1.9262586808465070E-005   321.94053329859406     
   1.9434879101754168E-005   321.94053326828237     
   1.9608712446337256E-005   321.94053323701331     
   1.9784100625994478E-005   321.94053320535585     
   1.9961057547793625E-005   321.94053317294765     
   2.0139597243192878E-005   321.94053314024069     
   2.0319733869153397E-005   321.94053310663935     
   2.0501481709261874E-005   321.94053307271162     
   2.0684855174863124E-005   321.94053303821033     
   2.0869868806202806E-005   321.94053300277187     
   2.1056537273580361E-005   321.94053296708017     
   2.1244875378512257E-005   321.94053293053776     
   2.1434898054905670E-005   321.94053289347886     
   2.1626620370242606E-005   321.94053285553849     
   2.1820057526774686E-005   321.94053281693385     
   2.2015224862728544E-005   321.94053277776521     
   2.2212137853522061E-005   321.94053273755031     
   2.2410812112991463E-005   321.94053269708746     
   2.2611263394629374E-005   321.94053265577759     
   2.2813507592833976E-005   321.94053261360335     
   2.3017560744169302E-005   321.94053257089649     
   2.3223439028636848E-005   321.94053252705686     
   2.3431158770958528E-005   321.94053248264817     
   2.3640736441871102E-005   321.94053243753564     
   2.3852188659432201E-005   321.94053239146746     
   2.4065532190338016E-005   321.94053234465719     
   2.4280783951252796E-005   321.94053229696880     
   2.4497961010150204E-005   321.94053224826581     
   2.4717080587666698E-005   321.94053219887724     
   2.4938160058467007E-005   321.94053214854949     
   2.5161216952621827E-005   321.94053209714525     
   2.5386268956997828E-005   321.94053204510863     
   2.5613333916660090E-005   321.94053199195218     
   2.5842429836287116E-005   321.94053193777006     
   2.6073574881598471E-005   321.94053188300524     
   2.6306787380795169E-005   321.94053182682006     
   2.6542085826013032E-005   321.94053176988928     
   2.6779488874788920E-005   321.94053171195645     
   2.7019015351540196E-005   321.94053165276432     
   2.7260684249057344E-005   321.94053159275393     
   2.7504514730009988E-005   321.94053153131784     
   2.7750526128466329E-005   321.94053146877991     
   2.7998737951426229E-005   321.94053140557963     
   2.8249169880367972E-005   321.94053134099198     
   2.8501841772808867E-005   321.94053127522267     
   2.8756773663879808E-005   321.94053120836077     
   2.9013985767913937E-005   321.94053114026178     
   2.9273498480049483E-005   321.94053107101365     
   2.9535332377846957E-005   321.94053100023802     
   2.9799508222920820E-005   321.94053092848753     
   3.0066046962585737E-005   321.94053085503356     
   3.0334969731517537E-005   321.94053078077690     
   3.0606297853429060E-005   321.94053070498774     
   3.0880052842760972E-005   321.94053062775106     
   3.1156256406387731E-005   321.94053054915065     
   3.1434930445338748E-005   321.94053046927030     
   3.1716097056535049E-005   321.94053038784358     
   3.1999778534541349E-005   321.94053030483656     
   3.2285997373333885E-005   321.94053022056363     
   3.2574776268084044E-005   321.94053013475684     
   3.2866138116957894E-005   321.94053004726385     
   3.3160106022931890E-005   321.94052995816429     
   3.3456703295624767E-005   321.94052986753746     
   3.3755953453145820E-005   321.94052977546204     
   3.4057880223959729E-005   321.94052968131712     
   3.4362507548768083E-005   321.94052958587844     
   3.4669859582407684E-005   321.94052948864044     
   3.4979960695765885E-005   321.94052938979496     
   3.5292835477713000E-005   321.94052928871884     
   3.5608508737052080E-005   321.94052918630103     
   3.5927005504486004E-005   321.94052908156749     
   3.6248351034602329E-005   321.94052897540541     
   3.6572570807875733E-005   321.94052886718850     
   3.6899690532688478E-005   321.94052875698793     
   3.7229736147368898E-005   321.94052864475759     
   3.7562733822248135E-005   321.94052853056684     
   3.7898709961735223E-005   321.94052841436798     
   3.8237691206410847E-005   321.94052829599582     
   3.8579704435139687E-005   321.94052817545935     
   3.8924776767201798E-005   321.94052805282433     
   3.9272935564442885E-005   321.94052792803961     
   3.9624208433444019E-005   321.94052780099469     
   3.9978623227710544E-005   321.94052767163635     
   4.0336208049880737E-005   321.94052754002701     
   4.0696991253954141E-005   321.94052740593679     
   4.1061001447539807E-005   321.94052726936809     
   4.1428267494124714E-005   321.94052713055447     
   4.1798818515362431E-005   321.94052698908888     
   4.2172683893382262E-005   321.94052684520312     
   4.2549893273119036E-005   321.94052669866232     
   4.2930476564663780E-005   321.94052654957977     
   4.3314463945635340E-005   321.94052639760213     
   4.3701885863573266E-005   321.94052624301492     
   4.4092773038352126E-005   321.94052608581194     
   4.4487156464617327E-005   321.94052592551981     
   4.4885067414242816E-005   321.94052576247884     
   4.5286537438810706E-005   321.94052559650441     
   4.5691598372113096E-005   321.94052542758544     
   4.6100282332676290E-005   321.94052525559306     
   4.6512621726307533E-005   321.94052508033855     
   4.6928649248664598E-005   321.94052490221475     
   4.7348397887848349E-005   321.94052472073929     
   4.7771900927018413E-005   321.94052453606929     
   4.8199191947032322E-005   321.94052434795282     
   4.8630304829108265E-005   321.94052415666044     
   4.9065273757511640E-005   321.94052396176278     
   4.9504133222265568E-005   321.94052376335310     
   4.9946918021885777E-005   321.94052356140645     
   5.0393663266139850E-005   321.94052335601299     
   5.0844404378831232E-005   321.94052314673763     
   5.1299177100608007E-005   321.94052293372550     
   5.1758017491796953E-005   321.94052271694574     
   5.2220961935262874E-005   321.94052249613321     
   5.2688047139293480E-005   321.94052227154452     
   5.3159310140510100E-005   321.94052204279478     
   5.3634788306804452E-005   321.94052180996300     
   5.4114519340301657E-005   321.94052157300979     
   5.4598541280349733E-005   321.94052133166156     
   5.5086892506535874E-005   321.94052108610833     
   5.5579611741729665E-005   321.94052083607272     
   5.6076738055153577E-005   321.94052058162475     
   5.6578310865480817E-005   321.94052032254149     
   5.7084369943961042E-005   321.94052005865638     
   5.7594955417573863E-005   321.94051979026659     
   5.8110107772210695E-005   321.94051951691046     
   5.8629867855884959E-005   321.94051923870654     
   5.9154276881971116E-005   321.94051895559664     
   5.9683376432472512E-005   321.94051866722936     
   6.0217208461318618E-005   321.94051837371705     
   6.0755815297691647E-005   321.94051807505315     
   6.1299239649382977E-005   321.94051777088004     
   6.1847524606179575E-005   321.94051746136148     
   6.2400713643280753E-005   321.94051714625141     
   6.2958850624745381E-005   321.94051682518523     
   6.3521979806970073E-005   321.94051649884369     
   6.4090145842198362E-005   321.94051616639160     
   6.4663393782061376E-005   321.94051582792275     
   6.5241769081150037E-005   321.94051548341190     
   6.5825317600619348E-005   321.94051513271501     
   6.6414085611824885E-005   321.94051477568530     
   6.7008119799991724E-005   321.94051441228982     
   6.7607467267916300E-005   321.94051404231840     
   6.8212175539701376E-005   321.94051366573251     
   6.8822292564524283E-005   321.94051328231666     
   6.9437866720439010E-005   321.94051289214315     
   7.0058946818212252E-005   321.94051249499046     
   7.0685582105193764E-005   321.94051209051776     
   7.1317822269221294E-005   321.94051167884703     
   7.1955717442560559E-005   321.94051125980593     
   7.2599318205880293E-005   321.94051083321938     
   7.3248675592263056E-005   321.94051039896681     
   7.3903841091251701E-005   321.94050995692481     
   7.4564866652932185E-005   321.94050950696681     
   7.5231804692052858E-005   321.94050904881703     
   7.5904708092180563E-005   321.94050858251700     
   7.6583630209893963E-005   321.94050810778378     
   7.7268624879014329E-005   321.94050762459386     
   7.7959746414874180E-005   321.94050713265767     
   7.8657049618624181E-005   321.94050663188568     
   7.9360589781578378E-005   321.94050612218484     
   8.0070422689598530E-005   321.94050560331294     
   8.0786604627517468E-005   321.94050507508183     
   8.1509192383602113E-005   321.94050453735792     
   8.2238243254056419E-005   321.94050398997450     
   8.2973815047564508E-005   321.94050343276052     
   8.3715966089874570E-005   321.94050286554148     
   8.4464755228423605E-005   321.94050228810875     
   8.5220241837003725E-005   321.94050170025019     
   8.5982485820469971E-005   321.94050110192342     
   8.6751547619490441E-005   321.94050049276171     
   8.7527488215338752E-005   321.94049987271404     
   8.8310369134729497E-005   321.94049924157918     
   8.9100252454696807E-005   321.94049859900576     
   8.9897200807516743E-005   321.94049794495771     
   9.0701277385673470E-005   321.94049727907418     
   9.1512545946870083E-005   321.94049660128019     
   9.2331070819084098E-005   321.94049591129237     
   9.3156916905668213E-005   321.94049520890917     
   9.3990149690496787E-005   321.94049449389507     
   9.4830835243158110E-005   321.94049376600918     
   9.5679040224193364E-005   321.94049302509245     
   9.6534831890382339E-005   321.94049227083485     
   9.7398278100076379E-005   321.94049150309553     
   9.8269447318579086E-005   321.94049072146584     
   9.9148408623575250E-005   321.94048992588085     
   1.0003523171060803E-004   321.94048911589130     
   1.0092998689860556E-004   321.94048829139115     
   1.0183274513545656E-004   321.94048745209363     
   1.0274357800363613E-004   321.94048659767668     
   1.0366255772588164E-004   321.94048572801580     
   1.0458975717091967E-004   321.94048484260151     
   1.0552524985924379E-004   321.94048394132540     
   1.0646910996894431E-004   321.94048302383948     
   1.0742141234159018E-004   321.94048208987618     
   1.0838223248816328E-004   321.94048113916148     
   1.0935164659504593E-004   321.94048017129757     
   1.1032973153006202E-004   321.94047918605395     
   1.1131656484857204E-004   321.94047818313499     
   1.1231222479962266E-004   321.94047716223770     
   1.1331679033215145E-004   321.94047612293463     
   1.1433034110124681E-004   321.94047506502403     
   1.1535295747446425E-004   321.94047398800512     
   1.1638472053819882E-004   321.94047289174722     
   1.1742571210411481E-004   321.94047177564642     
   1.1847601471563283E-004   321.94047063955577     
   1.1953571165447485E-004   321.94046948311654     
   1.2060488694726796E-004   321.94046830581590     
   1.2168362537220711E-004   321.94046710736478     
   1.2277201246577729E-004   321.94046588740741     
   1.2387013452953618E-004   321.94046464554987     
   1.2497807863695709E-004   321.94046338130175     
   1.2609593264033340E-004   321.94046209442507     
   1.2722378517774458E-004   321.94046078435252     
   1.2836172568008461E-004   321.94045945079785     
   1.2950984437815318E-004   321.94045809323217     
   1.3066823230981043E-004   321.94045671132056     
   1.3183698132719559E-004   321.94045530451388     
   1.3301618410401018E-004   321.94045387248542     
   1.3420593414286650E-004   321.94045241469433     
   1.3540632578270165E-004   321.94045093073476     
   1.3661745420625790E-004   321.94044942004371     
   1.3783941544763024E-004   321.94044788228041     
   1.3907230639988098E-004   321.94044631680140     
   1.4031622482272278E-004   321.94044472333030     
   1.4157126935027044E-004   321.94044310111298     
   1.4283753949886167E-004   321.94044144976181     
   1.4411513567494822E-004   321.94043976873155     
   1.4540415918305746E-004   321.94043805755183     
   1.4670471223382489E-004   321.94043631556474     
   1.4801689795209896E-004   321.94043454228910     
   1.4934082038511810E-004   321.94043273718671     
   1.5067658451076087E-004   321.94043089958967     
   1.5202429624587002E-004   321.94042902900571     
   1.5338406245465105E-004   321.94042712479791     
   1.5475599095714565E-004   321.94042518638770     
   1.5614019053778122E-004   321.94042321315351     
   1.5753677095399658E-004   321.94042120444431     
   1.5894584294494515E-004   321.94041915960906     
   1.6036751824027561E-004   321.94041707809782     
   1.6180190956899141E-004   321.94041495912700     
   1.6324913066838943E-004   321.94041280210126     
   1.6470929629307842E-004   321.94041060633651     
   1.6618252222407834E-004   321.94040837108861     
   1.6766892527800102E-004   321.94040609566991     
   1.6916862331631277E-004   321.94040377936147     
   1.7068173525468014E-004   321.94040142145604     
   1.7220838107239909E-004   321.94039902117089     
   1.7374868182190838E-004   321.94039657774931     
   1.7530275963838831E-004   321.94039409043091     
   1.7687073774944514E-004   321.94039155837896     
   1.7845274048488221E-004   321.94038898088337     
   1.8004889328655853E-004   321.94038635702600     
   1.8165932271833519E-004   321.94038368607272     
   1.8328415647611123E-004   321.94038096706657     
   1.8492352339794906E-004   321.94037819921891     
   1.8657755347429016E-004   321.94037538166322     
   1.8824637785826270E-004   321.94037251343872     
   1.8993012887608100E-004   321.94036959369487     
   1.9162894003753794E-004   321.94036662150131     
   1.9334294604659154E-004   321.94036359586210     
   1.9507228281204602E-004   321.94036051588938     
   1.9681708745832835E-004   321.94035738052798     
   1.9857749833636132E-004   321.94035418885875     
   2.0035365503453376E-004   321.94035093985241     
   2.0214569838976904E-004   321.94034763242587     
   2.0395377049869232E-004   321.94034426558858     
   2.0577801472889800E-004   321.94034083825227     
   2.0761857573031752E-004   321.94033734931747     
   2.0947559944668945E-004   321.94033379771781     
   2.1134923312713145E-004   321.94033018225844     
   2.1323962533781641E-004   321.94032650184874     
   2.1514692597375253E-004   321.94032275529850     
   2.1707128627066900E-004   321.94031894144763     
   2.1901285881700805E-004   321.94031505904996     
   2.2097179756602384E-004   321.94031110687405     
   2.2294825784799043E-004   321.94030708368877     
   2.2494239638251782E-004   321.94030298820377     
   2.2695437129097908E-004   321.94029881914230     
   2.2898434210904826E-004   321.94029457512414     
   2.3103246979935024E-004   321.94029025489766     
   2.3309891676422418E-004   321.94028585700477     
   2.3518384685860088E-004   321.94028138010043     
   2.3728742540299520E-004   321.94027682274827     
   2.3940981919661495E-004   321.94027218350737     
   2.4155119653058681E-004   321.94026746090259     
   2.4371172720130083E-004   321.94026265340960     
   2.4589158252387395E-004   321.94025775955527     
   2.4809093534573404E-004   321.94025277775836     
   2.5030996006032583E-004   321.94024770641477     
   2.5254883262093868E-004   321.94024254394128     
   2.5480773055465878E-004   321.94023728873140     
   2.5708683297644564E-004   321.94023193911039     
   2.5938632060333475E-004   321.94022649329145     
   2.6170637576876713E-004   321.94022094966579     
   2.6404718243704724E-004   321.94021530636530     
   2.6640892621792981E-004   321.94020956172778     
   2.6879179438133772E-004   321.94020371381561     
   2.7119597587221106E-004   321.94019776083729     
   2.7362166132548904E-004   321.94019170089911     
   2.7606904308122618E-004   321.94018553203330     
   2.7853831519984365E-004   321.94017925232862     
   2.8102967347751651E-004   321.94017285979857     
   2.8354331546169955E-004   321.94016635237989     
   2.8607944046679082E-004   321.94015972803425     
   2.8863824958993642E-004   321.94015298464529     
   2.9121994572697585E-004   321.94014612008334     
   2.9382473358853024E-004   321.94013913216764     
   2.9645281971623445E-004   321.94013201867369     
   2.9910441249911463E-004   321.94012477738227     
   3.0177972219011182E-004   321.94011740593345     
   3.0447896092275349E-004   321.94010990202196     
   3.0720234272797438E-004   321.94010226329459     
   3.0995008355108779E-004   321.94009448728349     
   3.1272240126890838E-004   321.94008657154308     
   3.1551951570702813E-004   321.94007851356969     
   3.1834164865724747E-004   321.94007031078547     
   3.2118902389516129E-004   321.94006196058859     
   3.2406186719790322E-004   321.94005346036602     
   3.2696040636204791E-004   321.94004480738414     
   3.2988487122167392E-004   321.94003599891818     
   3.3283549366658794E-004   321.94002703216353     
   3.3581250766071170E-004   321.94001790427865     
   3.3881614926063432E-004   321.94000861236918     
   3.4184665663432946E-004   321.93999915348661     
   3.4490427008004052E-004   321.93998952461993     
   3.4798923204533465E-004   321.93997972273792     
   3.5110178714632732E-004   321.93996974471520     
   3.5424218218707847E-004   321.93995958737446     
   3.5741066617916224E-004   321.93994924752150     
   3.6060749036141227E-004   321.93993872187878     
   3.6383290821984289E-004   321.93992800708361     
   3.6708717550774890E-004   321.93991709972312     
   3.7037055026598509E-004   321.93990599638437     
   3.7368329284342690E-004   321.93989469352096     
   3.7702566591761452E-004   321.93988318754708     
   3.8039793451558122E-004   321.93987147479186     
   3.8380036603486827E-004   321.93985955157063     
   3.8723323026472776E-004   321.93984741411083     
   3.9069679940751474E-004   321.93983505852083     
   3.9419134810027127E-004   321.93982248089094     
   3.9771715343650310E-004   321.93980967727663     
   4.0127449498815151E-004   321.93979664355874     
   4.0486365482776091E-004   321.93978337564556     
   4.0848491755084577E-004   321.93976986929670     
   4.1213857029845672E-004   321.93975612023002     
   4.1582490277994902E-004   321.93974212411263     
   4.1954420729595459E-004   321.93972787645777     
   4.2329677876155913E-004   321.93971337281880     
   4.2708291472968708E-004   321.93969860851104     
   4.3090291541469542E-004   321.93968357891538     
   4.3475708371617865E-004   321.93966827920701     
   4.3864572524298658E-004   321.93965270457949     
   4.4256914833745698E-004   321.93963685009658     
   4.4652766409986511E-004   321.93962071068307     
   4.5052158641309148E-004   321.93960428124643     
   4.5455123196751115E-004   321.93958755658059     
   4.5861692028610444E-004   321.93957053137717     
   4.6271897374979356E-004   321.93955320022405     
   4.6685771762300452E-004   321.93953555761806     
   4.7103348007945887E-004   321.93951759799046     
   4.7524659222819527E-004   321.93949931561127     
   4.7949738813982438E-004   321.93948070469537     
   4.8378620487301812E-004   321.93946175936418     
   4.8811338250123634E-004   321.93944247355518     
   4.9247926413969198E-004   321.93942284120180     
   4.9688419597255812E-004   321.93940285604185     
   5.0132852728041746E-004   321.93938251173796     
   5.0581261046795853E-004   321.93936180184630     
   5.1033680109191829E-004   321.93934071979959     
   5.1490145788927577E-004   321.93931925890337     
   5.1950694280569710E-004   321.93929741236349     
   5.2415362102423558E-004   321.93927517321691     
   5.2884186099428807E-004   321.93925253443092     
   5.3357203446081013E-004   321.93922948882778     
   5.3834451649379343E-004   321.93920602909571     
   5.4315968551800595E-004   321.93918214777892     
   5.4801792334299823E-004   321.93915783731086     
   5.5291961519337836E-004   321.93913308996696     
   5.5786514973935779E-004   321.93910789792056     
   5.6285491912757006E-004   321.93908225315835     
   5.6788931901216512E-004   321.93905614755806     
   5.7296874858618217E-004   321.93902957282648     
   5.7809361061320313E-004   321.93900252053248     
   5.8326431145928838E-004   321.93897498211038     
   5.8848126112519955E-004   321.93894694880220     
   5.9374487327890904E-004   321.93891841173792     
   5.9905556528840141E-004   321.93888936184339     
   6.0441375825476750E-004   321.93885978990727     
   6.0981987704559538E-004   321.93882968656078     
   6.1527435032865862E-004   321.93879904223553     
   6.2077761060590751E-004   321.93876784723074     
   6.2633009424776273E-004   321.93873609162677     
   6.3193224152771686E-004   321.93870376536029     
   6.3758449665724502E-004   321.93867085817999     
   6.4328730782102798E-004   321.93863735962481     
   6.4904112721248929E-004   321.93860325910970     
   6.5484641106965222E-004   321.93856854577962     
   6.6070361971131515E-004   321.93853320862547     
   6.6661321757355264E-004   321.93849723645320     
   6.7257567324654143E-004   321.93846061783256     
   6.7859145951171631E-004   321.93842334115749     
   6.8466105337925906E-004   321.93838539460108     
   6.9078493612592120E-004   321.93834676612204     
   6.9696359333318650E-004   321.93830744346275     
   7.0319751492577414E-004   321.93826741414455     
   7.0948719521048609E-004   321.93822666548056     
   7.1583313291540245E-004   321.93818518453020     
   7.2223583122942719E-004   321.93814295814479     
   7.2869579784218719E-004   321.93809997291902     
   7.3521354498428879E-004   321.93805621521670     
   7.4178958946793439E-004   321.93801167115572     
   7.4842445272790120E-004   321.93796632660457     
   7.5511866086288865E-004   321.93792016717748     
   7.6187274467723310E-004   321.93787317823120     
   7.6868723972299785E-004   321.93782534485581     
   7.7556268634243833E-004   321.93777665186821     
   7.8249962971084768E-004   321.93772708384205     
   7.8949861987978522E-004   321.93767662502904     
   7.9656021182069150E-004   321.93762525942464     
   8.0368496546889422E-004   321.93757297073597     
   8.1087344576800729E-004   321.93751974237119     
   8.1812622271472597E-004   321.93746555744434     
   8.2544387140402449E-004   321.93741039877085     
   8.3282697207475744E-004   321.93735424883528     
   8.4027611015566762E-004   321.93729708983153     
   8.4779187631180716E-004   321.93723890362963     
   8.5537486649137301E-004   321.93717967175405     
   8.6302568197296184E-004   321.93711937543338     
   8.7074492941324679E-004   321.93705799550594     
   8.7853322089508090E-004   321.93699551253866     
   8.8639117397603219E-004   321.93693190667358     
   8.9431941173735057E-004   321.93686715773975     
   9.0231856283337424E-004   321.93680124520097     
   9.1038926154137769E-004   321.93673414813605     
   9.1853214781186562E-004   321.93666584525988     
   9.2674786731931620E-004   321.93659631490272     
   9.3503707151337877E-004   321.93652553499459     
   9.4340041767052962E-004   321.93645348309207     
   9.5183856894618887E-004   321.93638013632898     
   9.6035219442730459E-004   321.93630547142493     
   9.6894196918540627E-004   321.93622946470862     
   9.7760857433013405E-004   321.93615209204921     
   9.8635269706324503E-004   321.93607332890144     
   9.9517503073310448E-004   321.93599315027302     
   1.0040762748896631E-003   321.93591153072532     
   1.0130571353399267E-003   321.93582844437009     
   1.0221183242039218E-003   321.93574386483652     
   1.0312605599711610E-003   321.93565776528231     
   1.0404845675576161E-003   321.93557011839346     
   1.0497910783631966E-003   321.93548089637244     
   1.0591808303297469E-003   321.93539007089788     
   1.0686545679995580E-003   321.93529761315233     
   1.0782130425744058E-003   321.93520349379617     
   1.0878570119751158E-003   321.93510768297324     
   1.0975872409016612E-003   321.93501015027994     
   1.1074045008937976E-003   321.93491086477491     
   1.1173095703922418E-003   321.93480979494399     
   1.1273032348003958E-003   321.93470690871948     
   1.1373862865466245E-003   321.93460217347092     
   1.1475595251470895E-003   321.93449555595083     
   1.1578237572691457E-003   321.93438702232550     
   1.1681797967953028E-003   321.93427653817400     
   1.1786284648877630E-003   321.93416406843136     
   1.1891705900535317E-003   321.93404957740228     
   1.1998070082101123E-003   321.93393302876825     
   1.2105385627517904E-003   321.93381438554331     
   1.2213661046165069E-003   321.93369361008240     
   1.2322904923533333E-003   321.93357066405986     
   1.2433125921905474E-003   321.93344550846626     
   1.2544332781043201E-003   321.93331810359206     
   1.2656534318880150E-003   321.93318840900025     
   1.2769739432221092E-003   321.93305638354593     
   1.2883957097447381E-003   321.93292198533311     
   1.2999196371228721E-003   321.93278517171763     
   1.3115466391241302E-003   321.93264589927844     
   1.3232776376892346E-003   321.93250412383412     
   1.3351135630051152E-003   321.93235980038565     
   1.3470553535786657E-003   321.93221288314362     
   1.3591039563111622E-003   321.93206332548522     
   1.3712603265733446E-003   321.93191107995699     
   1.3835254282811718E-003   321.93175609824323     
   1.3959002339722535E-003   321.93159833116306     
   1.4083857248829640E-003   321.93143772865841     
   1.4209828910262505E-003   321.93127423976074     
   1.4336927312701316E-003   321.93110781260020     
   1.4465162534169020E-003   321.93093839435733     
   1.4594544742830438E-003   321.93076593126932     
   1.4725084197798530E-003   321.93059036861729     
   1.4856791249947875E-003   321.93041165067945     
   1.4989676342735412E-003   321.93022972075170     
   1.5123750013028554E-003   321.93004452109813     
   1.5259022891940676E-003   321.92985599294542     
   1.5395505705674080E-003   321.92966407647430     
   1.5533209276370529E-003   321.92946871078254     
   1.5672144522969353E-003   321.92926983386570     
   1.5812322462073251E-003   321.92906738261581     
   1.5953754208821828E-003   321.92886129279111     
   1.6096450977772950E-003   321.92865149898870     
   1.6240424083791985E-003   321.92843793462913     
   1.6385684942948990E-003   321.92822053194573     
   1.6532245073423919E-003   321.92799922194428     
   1.6680116096419949E-003   321.92777393439013     
   1.6829309737084954E-003   321.92754459779042     
   1.6979837825441219E-003   321.92731113937225     
   1.7131712297323498E-003   321.92707348504422     
   1.7284945195325432E-003   321.92683155937772     
   1.7439548669754433E-003   321.92658528561162     
   1.7595534979595144E-003   321.92633458558282     
   1.7752916493481467E-003   321.92607937973776     
   1.7911705690677327E-003   321.92581958707524     
   1.8071915162066188E-003   321.92555512515690     
   1.8233557611149404E-003   321.92528591005146     
   1.8396645855053553E-003   321.92501185632148     
   1.8561192825546718E-003   321.92473287699653     
   1.8727211570063898E-003   321.92444888352821     
   1.8894715252741579E-003   321.92415978580351     
   1.9063717155461556E-003   321.92386549206611     
   1.9234230678904097E-003   321.92356590891910     
   1.9406269343610518E-003   321.92326094128464     
   1.9579846791055282E-003   321.92295049237509     
   1.9754976784727655E-003   321.92263446367264     
   1.9931673211223077E-003   321.92231275486961     
   2.0109950081344248E-003   321.92198526386358     
   2.0289821531212101E-003   321.92165188673437     
   2.0471301823386714E-003   321.92131251765511     
   2.0654405347998194E-003   321.92096704893919     
   2.0839146623887750E-003   321.92061537093161     
   2.1025540299758924E-003   321.92025737202141     
   2.1213601155339124E-003   321.91989293859291     
   2.1403344102551560E-003   321.91952195497754     
   2.1594784186697667E-003   321.91914430343110     
   2.1787936587650079E-003   321.91875986409713     
   2.1982816621056284E-003   321.91836851496510     
   2.2179439739553075E-003   321.91797013181974     
   2.2377821533991794E-003   321.91756458822198     
   2.2577977734674621E-003   321.91715175546847     
   2.2779924212601864E-003   321.91673150251717     
   2.2983676980730403E-003   321.91630369599437     
   2.3189252195243422E-003   321.91586820011497     
   2.3396666156831479E-003   321.91542487665475     
   2.3605935311985060E-003   321.91497358491029     
   2.3817076254298614E-003   321.91451418164610     
   2.4030105725786374E-003   321.91404652104478     
   2.4245040618209846E-003   321.91357045467566     
   2.4461897974417213E-003   321.91308583143797     
   2.4680694989694732E-003   321.91259249751334     
   2.4901449013130178E-003   321.91209029631278     
   2.5124177548988525E-003   321.91157906844427     
   2.5348898258099896E-003   321.91105865164093     
   2.5575628959259968E-003   321.91052888071704     
   2.5804387630642854E-003   321.90998958752505     
   2.6035192411226656E-003   321.90944060089220     
   2.6268061602231774E-003   321.90888174655970     
   2.6503013668572051E-003   321.90831284714977     
   2.6740067240318905E-003   321.90773372208338     
   2.6979241114178597E-003   321.90714418754408     
   2.7220554254982644E-003   321.90654405640515     
   2.7464025797191618E-003   321.90593313817584     
   2.7709675046412373E-003   321.90531123894658     
   2.7957521480928842E-003   321.90467816131365     
   2.8207584753246538E-003   321.90403370432767     
   2.8459884691650846E-003   321.90337766342958     
   2.8714441301779291E-003   321.90270983037499     
   2.8971274768207832E-003   321.90202999318490     
   2.9230405456051344E-003   321.90133793606333     
   2.9491853912578486E-003   321.90063343933775     
   2.9755640868840880E-003   321.89991627938161     
   3.0021787241317002E-003   321.89918622855220     
   3.0290314133570684E-003   321.89844305511241     
   3.0561242837924482E-003   321.89768652316144     
   3.0834594837148028E-003   321.89691639255233     
   3.1110391806161435E-003   321.89613241882512     
   3.1388655613754004E-003   321.89533435312131     
   3.1669408324318236E-003   321.89452194211111     
   3.1952672199599399E-003   321.89369492791144     
   3.2238469700460728E-003   321.89285304799716     
   3.2526823488664425E-003   321.89199603513055     
   3.2817756428668559E-003   321.89112361726205     
   3.3111291589440085E-003   321.89023551745578     
   3.3407452246284036E-003   321.88933145379934     
   3.3706261882689090E-003   321.88841113930323     
   3.4007744192189665E-003   321.88747428182529     
   3.4311923080244640E-003   321.88652058397179     
   3.4618822666132891E-003   321.88554974299967     
   3.4928467284865796E-003   321.88456145072064     
   3.5240881489116806E-003   321.88355539341234     
   3.5556090051168348E-003   321.88253125170451     
   3.5874117964876037E-003   321.88148870049150     
   3.6194990447650567E-003   321.88042740881986     
   3.6518732942457245E-003   321.87934703978596     
   3.6845371119833452E-003   321.87824725042992     
   3.7174930879924151E-003   321.87712769162795     
   3.7507438354535561E-003   321.87598800797480     
   3.7842919909207252E-003   321.87482783768257     
   3.8181402145302753E-003   321.87364681245231     
   3.8522911902118830E-003   321.87244455736800     
   3.8867476259013675E-003   321.87122069077054     
   3.9215122537554110E-003   321.86997482414642     
   3.9565878303682005E-003   321.86870656198613     
   3.9919771369900025E-003   321.86741550167761     
   4.0276829797477060E-003   321.86610123337022     
   4.0637081898673164E-003   321.86476333984592     
   4.1000556238984633E-003   321.86340139638014     
   4.1367281639408992E-003   321.86201497062007     
   4.1737287178730299E-003   321.86060362243512     
   4.2110602195824937E-003   321.85916690378389     
   4.2487256291987930E-003   321.85770435857347     
   4.2867279333280144E-003   321.85621552250905     
   4.3250701452896461E-003   321.85469992294713     
   4.3637553053555147E-003   321.85315707875094     
   4.4027864809908536E-003   321.85158650013483     
   4.4421667670975357E-003   321.84998768850352     
   4.4818992862594746E-003   321.84836013630689     
   4.5219871889902261E-003   321.84670332685852     
   4.5624336539828022E-003   321.84501673419692     
   4.6032418883617176E-003   321.84329982289762     
   4.6444151279372943E-003   321.84155204791557     
   4.6859566374622373E-003   321.83977285440443     
   4.7278697108905079E-003   321.83796167754599     
   4.7701576716385119E-003   321.83611794236816     
   4.8128238728486214E-003   321.83424106356466     
   4.8558716976550590E-003   321.83233044530823     
   4.8993045594521532E-003   321.83038548105861     
   4.9431259021650029E-003   321.82840555337498     
   4.9873392005225451E-003   321.82639003371889     
   5.0319479603330936E-003   321.82433828225197     
   5.0769557187623077E-003   321.82224964763549     
   5.1223660446136805E-003   321.82012346682455     
   5.1681825386115099E-003   321.81795906485507     
   5.2144088336864118E-003   321.81575575463165     
   5.2610485952633958E-003   321.81351283670944     
   5.3081055215524952E-003   321.81122959907202     
   5.3555833438420171E-003   321.80890531690363     
   5.4034858267944068E-003   321.80653925236419     
   5.4518167687447588E-003   321.80413065435073     
   5.5005800020019972E-003   321.80167875825907     
   5.5497793931527538E-003   321.79918278574780     
   5.5994188433679580E-003   321.79664194448304     
   5.6495022887121773E-003   321.79405542789203     
   5.7000337004557170E-003   321.79142241490723     
   5.7510170853895138E-003   321.78874206970306     
   5.8024564861428483E-003   321.78601354143638     
   5.8543559815038976E-003   321.78323596397070     
   5.9067196867431540E-003   321.78040845560525     
   5.9595517539397366E-003   321.77753011879491     
   6.0128563723106246E-003   321.77460003986573     
   6.0666377685428324E-003   321.77161728872619     
   6.1209002071285551E-003   321.76858091856991     
   6.1756479907033156E-003   321.76548996557727     
   6.2308854603871323E-003   321.76234344860956     
   6.2866169961287403E-003   321.75914036890060     
   6.3428470170528890E-003   321.75587970973805     
   6.3995799818107541E-003   321.75256043613768     
   6.4568203889334682E-003   321.74918149452435     
   6.5145727771888330E-003   321.74574181239012     
   6.5728417259412050E-003   321.74224029796073     
   6.6316318555146130E-003   321.73867583984247     
   6.6909478275591116E-003   321.73504730667969     
   6.7507943454204232E-003   321.73135354678766     
   6.8111761545128768E-003   321.72759338779372     
   6.8720980426956891E-003   321.72376563626324     
   6.9335648406526089E-003   321.71986907732372     
   6.9955814222749544E-003   321.71590247427827     
   7.0581527050480796E-003   321.71186456821852     
   7.1212836504413006E-003   321.70775407761687     
   7.1849792643012989E-003   321.70356969793266     
   7.2492445972490551E-003   321.69931010119194     
   7.3140847450803301E-003   321.69497393556702     
   7.3795048491697192E-003   321.69055982495485     
   7.4455100968783359E-003   321.68606636853332     
   7.5121057219651255E-003   321.68149214032724     
   7.5792970050018744E-003   321.67683568875054     
   7.6470892737919155E-003   321.67209553614759     
   7.7154879037925894E-003   321.66727017833375     
   7.7844983185414813E-003   321.66235808410858     
   7.8541259900864694E-003   321.65735769477823     
   7.9243764394196208E-003   321.65226742366485     
   7.9952552369149648E-003   321.64708565559897     
   8.0667680027701905E-003   321.64181074641397     
   8.1389204074522863E-003   321.63644102242603     
   8.2117181721471696E-003   321.63097477989919     
   8.2851670692133325E-003   321.62541028452085     
   8.3592729226395594E-003   321.61974577083782     
   8.4340416085067187E-003   321.61397944171182     
   8.5094790554537045E-003   321.60810946774268     
   8.5855912451475291E-003   321.60213398670010     
   8.6623842127576314E-003   321.59605110292466     
   8.7398640474344261E-003   321.58985888674152     
   8.8180368927921263E-003   321.58355537384153     
   8.8969089473958912E-003   321.57713856466938     
   8.9764864652533312E-003   321.57060642378622     
   9.0567757563104062E-003   321.56395687923242     
   9.1377831869517614E-003   321.55718782187273     
   9.2195151805055352E-003   321.55029710473048     
   9.3019782177526864E-003   321.54328254231109     
   9.3851788374408746E-003   321.53614190991613     
   9.4691236368029414E-003   321.52887294293873     
   9.5538192720800164E-003   321.52147333615130     
   9.6392724590493219E-003   321.51394074297940     
   9.7254899735566783E-003   321.50627277476343     
   9.8124786520537854E-003   321.49846700000734     
   9.9002453921403100E-003   321.49052094361150     
   9.9887971531108077E-003   321.48243208609250     
   1.0078140956506557E-002   321.47419786279488     
   1.0168283886672314E-002   321.46581566308083     
   1.0259233091318048E-002   321.45728282951177     
   1.0350995782085719E-002   321.44859665700835     
   1.0443579235121092E-002   321.43975439200545     
   1.0536990791650698E-002   321.43075323158337     
   1.0631237858563942E-002   321.42159032258911     
   1.0726327909000414E-002   321.41226276073758     
   1.0822268482942456E-002   321.40276758970384     
   1.0919067187813032E-002   321.39310180018907     
   1.1016731699078949E-002   321.38326232898237     
   1.1115269760859461E-002   321.37324605799569     
   1.1214689186540326E-002   321.36304981328698     
   1.1314997859393359E-002   321.35267036406287     
   1.1416203733201511E-002   321.34210442167068     
   1.1518314832889558E-002   321.33134863856100     
   1.1621339255160415E-002   321.32039960724484     
   1.1725285169137156E-002   321.30925385922347     
   1.1830160817010757E-002   321.29790786390271     
   1.1935974514693659E-002   321.28635802748772     
   1.2042734652479155E-002   321.27460069185935     
   1.2150449695706677E-002   321.26263213342889     
   1.2259128185433048E-002   321.25044856197331     
   1.2368778739109727E-002   321.23804611945235     
   1.2479410051266106E-002   321.22542087880163     
   1.2591030894198933E-002   321.21256884270645     
   1.2703650118667895E-002   321.19948594235291     
   1.2817276654597417E-002   321.18616803615873     
   1.2931919511784745E-002   321.17261090848143     
   1.3047587780614364E-002   321.15881026830311     
   1.3164290632778797E-002   321.14476174789212     
   1.3282037322005858E-002   321.13046090144275     
   1.3400837184792413E-002   321.11590320369032     
   1.3520699641144697E-002   321.10108404850320     
   1.3641634195325247E-002   321.08599874744772     
   1.3763650436606540E-002   321.07064252833078     
   1.3886758040031347E-002   321.05501053371415     
   1.4010966767179892E-002   321.03909781940905     
   1.4136286466943888E-002   321.02289935293629     
   1.4262727076307479E-002   321.00641001196504     
   1.4390298621135176E-002   320.98962458272428     
   1.4519011216966840E-002   320.97253775838504     
   1.4648875069819770E-002   320.95514413741421     
   1.4779900476997980E-002   320.93743822190334     
   1.4912097827908685E-002   320.91941441586414     
   1.5045477604886131E-002   320.90106702349641     
   1.5180050384022752E-002   320.88239024742825     
   1.5315826836007799E-002   320.86337818692124     
   1.5452817726973430E-002   320.84402483605004     
   1.5591033919348414E-002   320.82432408184593     
   1.5730486372719430E-002   320.80426970241018     
   1.5871186144700091E-002   320.78385536499815     
   1.6013144391807736E-002   320.76307462406430     
   1.6156372370348060E-002   320.74192091927853     
   1.6300881437307676E-002   320.72038757350668     
   1.6446683051254622E-002   320.69846779075738     
   1.6593788773246972E-002   320.67615465409250     
   1.6742210267749528E-002   320.65344112350306     
   1.6891959303558739E-002   320.63032003374798     
   1.7043047754735880E-002   320.60678409215700     
   1.7195487601548595E-002   320.58282587639445     
   1.7349290931420836E-002   320.55843783218910     
   1.7504469939891319E-002   320.53361227101976     
   1.7661036931580543E-002   320.50834136776518     
   1.7819004321166468E-002   320.48261715831507     
   1.7978384634368891E-002   320.45643153713598     
   1.8139190508942690E-002   320.42977625480296     
   1.8301434695679859E-002   320.40264291548192     
   1.8465130059420597E-002   320.37502297437675     
   1.8630289580073400E-002   320.34690773512830     
   1.8796926353644237E-002   320.31828834717186     
   1.8965053593275022E-002   320.28915580305028     
   1.9134684630291297E-002   320.25950093568116     
   1.9305832915259325E-002   320.22931441558006     
   1.9478512019052614E-002   320.19858674803493     
   1.9652735633928001E-002   320.16730827023531     
   1.9828517574611369E-002   320.13546914835325     
   2.0005871779393027E-002   320.10305937457599     
   2.0184812311232942E-002   320.07006876408752     
   2.0365353358875828E-002   320.03648695200405     
   2.0547509237976214E-002   320.00230339025370     
   2.0731294392233590E-002   319.96750734440906     
   2.0916723394537668E-002   319.93208789046611     
   2.1103810948123920E-002   319.89603391156891     
   2.1292571887739462E-002   319.85933409468316     
   2.1483021180819323E-002   319.82197692721110     
   2.1675173928673259E-002   319.78395069355713     
   2.1869045367683207E-002   319.74524347163100     
   2.2064650870511397E-002   319.70584312929964     
   2.2262005947319304E-002   319.66573732077626     
   2.2461126246997521E-002   319.62491348295629     
   2.2662027558406562E-002   319.58335883168832     
   2.2864725811628850E-002   319.54106035799100     
   2.3069237079231843E-002   319.49800482420346     
   2.3275577577542488E-002   319.45417876007735     
   2.3483763667933043E-002   319.40956845880589     
   2.3693811858118450E-002   319.36415997298803     
   2.3905738803465255E-002   319.31793911052966     
   2.4119561308312273E-002   319.27089143048073     
   2.4335296327303069E-002   319.22300223880188     
   2.4552960966730326E-002   319.17425658407109     
   2.4772572485892260E-002   319.12463925311602     
   2.4994148298461170E-002   319.07413476658201     
   2.5217705973864205E-002   319.02272737442962     
   2.5443263238676524E-002   318.97040105136097     
   2.5670837978026863E-002   318.91713949217615     
   2.5900448237015726E-002   318.86292610705704     
   2.6132112222146210E-002   318.80774401677797     
   2.6365848302767690E-002   318.75157604784323     
   2.6601675012532338E-002   318.69440472754991     
   2.6839611050864756E-002   318.63621227897391     
   2.7079675284444681E-002   318.57698061588275     
   2.7321886748702985E-002   318.51669133756724     
   2.7566264649331072E-002   318.45532572359724     
   2.7812828363803742E-002   318.39286472849898     
   2.8061597442915687E-002   318.32928897635088     
   2.8312591612331746E-002   318.26457875529962     
   2.8565830774151001E-002   318.19871401199492     
   2.8821335008484876E-002   318.13167434594158     
   2.9079124575049374E-002   318.06343900376862     
   2.9339219914771494E-002   317.99398687341284     
   2.9601641651410094E-002   317.92329647822129     
   2.9866410593191173E-002   317.85134597096328     
   3.0133547734457852E-002   317.77811312776021     
   3.0403074257335076E-002   317.70357534192550     
   3.0675011533409176E-002   317.62770961771747     
   3.0949381125422538E-002   317.55049256400372     
   3.1226204788983344E-002   317.47190038783589     
   3.1505504474290652E-002   317.39190888793343     
   3.1787302327874883E-002   317.31049344807741     
   3.2071620694353917E-002   317.22762903041354     
   3.2358482118204843E-002   317.14329016866043     
   3.2647909345551569E-002   317.05745096122695     
   3.2939925325968469E-002   316.97008506423606     
   3.3234553214300099E-002   316.88116568445344     
   3.3531816372497206E-002   316.79066557212280     
   3.3831738371469203E-002   316.69855701370500     
   3.4134342992953148E-002   316.60481182452122     
   3.4439654231399476E-002   316.50940134130224     
   3.4747696295874632E-002   316.41229641463815     
   3.5058493611980601E-002   316.31346740133290     
   3.5372070823791783E-002   316.21288415666118     
   3.5688452795809025E-002   316.11051602652810     
   3.6007664614931233E-002   316.00633183952954     
   3.6329731592444590E-002   315.90029989891644     
   3.6654679266029583E-002   315.79238797445879     
   3.6982533401785908E-002   315.68256329421297     
   3.7313319996275608E-002   315.57079253618946     
   3.7647065278584371E-002   315.45704181992261     
   3.7983795712401347E-002   315.34127669794134     
   3.8323537998117524E-002   315.22346214714304     
   3.8666319074942876E-002   315.10356256006742     
   3.9012166123042473E-002   314.98154173607435     
   3.9361106565691660E-002   314.85736287242253     
   3.9713168071450554E-002   314.73098855525234     
   4.0068378556357941E-002   314.60238075047130     
   4.0426766186144859E-002   314.47150079454383     
   4.0788359378467920E-002   314.33830938518588     
   4.1153186805162646E-002   314.20276657196376     
   4.1521277394516935E-002   314.06483174680073     
   4.1892660333564889E-002   313.92446363438967     
   4.2267365070401117E-002   313.78162028251438     
   4.2645421316515823E-002   313.63625905228059     
   4.3026859049150643E-002   313.48833660825659     
   4.3411708513675686E-002   313.33780890852694     
   4.3800000225987762E-002   313.18463119466014     
   4.4191764974930103E-002   313.02875798158982     
   4.4587033824733675E-002   312.87014304741513     
   4.4985838117480373E-002   312.70873942311840     
   4.5388209475588248E-002   312.54449938220557     
   4.5794179804318880E-002   312.37737443026793     
   4.6203781294307342E-002   312.20731529447170     
   4.6617046424114607E-002   312.03427191297493     
   4.7034007962802930E-002   311.85819342427487     
   4.7454698972534175E-002   311.67902815649131     
   4.7879152811191442E-002   311.49672361658452     
   4.8307403135024060E-002   311.31122647951599     
   4.8739483901316397E-002   311.12248257735109     
   4.9175429371080326E-002   310.93043688831142     
   4.9615274111771961E-002   310.73503352577734     
   5.0059053000032584E-002   310.53621572724660     
   5.0506801224454126E-002   310.33392584325361     
   5.0958554288369387E-002   310.12810532625292     
   5.1414348012667192E-002   309.91869471947399     
   5.1874218538632756E-002   309.70563364574849     
   5.2338202330813412E-002   309.48886079632052     
   5.2806336179910041E-002   309.26831391964106     
   5.3278657205694253E-002   309.04392981015582     
   5.3755202859951799E-002   308.81564429709113     
   5.4236010929452183E-002   308.58339223324481     
   5.4721119538944936E-002   308.34710748378950     
   5.5210567154182592E-002   308.10672291509496     
   5.5704392584970806E-002   307.86217038357870     
   5.6202634988245695E-002   307.61338072458921     
   5.6705333871178674E-002   307.36028374133582     
   5.7212529094309135E-002   307.10280819386759     
   5.7724260874705099E-002   306.84088178811714     
   5.8240569789152173E-002   306.57443116501202     
   5.8761496777370956E-002   306.30338188966903     
   5.9287083145263354E-002   306.02765844068068     
   5.9817370568187769E-002   305.74718419950199     
   6.0352401094263722E-002   305.46188143995244     
   6.0892217147705957E-002   305.17167131784333     
   6.1436861532188386E-002   304.87647386074252     
   6.1986377434238148E-002   304.57620795789114     
   6.2540808426659947E-002   304.27079135028282     
   6.3100198471991151E-002   303.96014062092365     
   6.3664591925987613E-002   303.64417118528087     
   6.4234033541140906E-002   303.32279728194396     
   6.4808568470226785E-002   302.99593196350497     
   6.5388242269885502E-002   302.66348708768146     
   6.5973100904234167E-002   302.32537330869445     
   6.6563190748511386E-002   301.98150006892115     
   6.7158558592754436E-002   301.63177559083960     
   6.7759251645509486E-002   301.27610686928506     
   6.8365317537574785E-002   300.91439966403760     
   6.8976804325777602E-002   300.54655849276003     
   6.9593760496784646E-002   300.17248662430825     
   7.0216234970946853E-002   299.79208607243709     
   7.0844277106178341E-002   299.40525758992129     
   7.1477936701870221E-002   299.01190066311710     
   7.2117264002839285E-002   298.61191350698937     
   7.2762309703312086E-002   298.20519306062636     
   7.3413124950944667E-002   297.79163498327136     
   7.4069761350878172E-002   297.37113365089635     
   7.4732270969830844E-002   296.94358215334444     
   7.5400706340226470E-002   296.50887229207268     
   7.6075120464359908E-002   296.06689457852150     
   7.6755566818599769E-002   295.61753823314359     
   7.7442099357628719E-002   295.16069118512314     
   7.8134772518721723E-002   294.69624007281669     
   7.8833641226062540E-002   294.22407024495169     
   7.9538760895098856E-002   293.74406576261470     
   8.0250187436936293E-002   293.25610940206644     
   8.0967977262771815E-002   292.76008265841966     
   8.1692187288366719E-002   292.25586575021890     
   8.2422874938559654E-002   291.74333762495888     
   8.3160098151820100E-002   291.22237596558273     
   8.3903915384842348E-002   290.69285719800331     
   8.4654385617180833E-002   290.15465649968451     
   8.5411568355926698E-002   289.60764780933323     
   8.6175523640426396E-002   289.05170383774032     
   8.6946312047042326E-002   288.48669607982026     
   8.7723994693956156E-002   287.91249482789550     
   8.8508633246015003E-002   287.32896918627432     
   8.9300289919621176E-002   286.73598708717077     
   9.0099027487665323E-002   286.13341530801858     
   9.0904909284504024E-002   285.52111949023180     
   9.1717999210981685E-002   284.89896415946305     
   9.2538361739497491E-002   284.26681274741765     
   9.3366061919117588E-002   283.62452761527561     
   9.4201165380732990E-002   282.97197007878242     
   9.5043738342263762E-002   282.30900043506472     
   9.5893847613909525E-002   281.63547799123131     
   9.6751560603447098E-002   280.95126109482067     
   9.7616945321575471E-002   280.25620716615771     
   9.8490070387308573E-002   279.55017273268095     
   9.9371005033416268E-002   278.83301346530914     
  0.10025981911191406        278.10458421690862     
  0.10115658309960186        277.36473906293156     
  0.10206136810365234        276.61333134429208     
  0.10297424586724914        275.85021371255095     
  0.10389528877527575        275.07523817747676     
  0.10482456986005502        274.28825615705819     
  0.10576216280714014        273.48911853003790     
  0.10670814196115745        272.67767569104251     
  0.10766258233170141        271.85377760838230     
  0.10862555959928229        271.01727388459710     
  0.10959715012132719        270.16801381982356     
  0.11057743093823463        269.30584647806108     
  0.11156647977948335        268.43062075641257     
  0.11256437506979564        267.54218545738149     
  0.11357119593535592        266.64038936429881     
  0.11458702221008496        265.72508131996324     
  0.11561193444197006        264.79611030857126     
  0.11664601389945196        263.85332554101723     
  0.11768934257786895        262.89657654364248     
  0.11874200320595844        261.92571325051370     
  0.11980407925241682        260.94058609930835     
  0.12087565493251792        259.94104613088621     
  0.12195681521479075        258.92694509262680     
  0.12304764582775686        257.89813554560737     
  0.12414823326672807        256.85447097569994     
  0.12525866480066483        255.79580590866297     
  0.12637902847909627        254.72199602930090     
  0.12750941313910169        253.63289830476495     
  0.12864990841235482        252.52837111206716     
  0.12980060473223104        251.40827436987456     
  0.13096159334097801        250.27246967465231     
  0.13213296629695065        249.12082044122062     
  0.13331481648191065        247.95319204778582     
  0.13450723760839142        246.76945198550456     
  0.13571032422712878        245.56947001263808     
  0.13692417173455823        244.35311831334650     
  0.13814887638037923        243.12027166117250     
  0.13938453527518704        241.87080758725699     
  0.14063124639817304        240.60460655332543     
  0.14188910860489376        239.32155212947967     
  0.14315822163510938        238.02153117682246     
  0.14443868612069252        236.70443403493758     
  0.14573060359360754        235.37015471424138     
  0.14703407649396133        234.01859109321549     
  0.14834920817812622        232.64964512052245     
  0.14967610292693528        231.26322302199810     
  0.15101486595395117        229.85923551250841     
  0.15236560341380870        228.43759801264650     
  0.15372842241063242        226.99823087023967     
  0.15510343100652899        225.54105958662268     
  0.15649073823015577        224.06601504762841     
  0.15789045408536626        222.57303375922993     
  0.15930268955993243        221.06205808776161     
  0.16072755663434532        219.53303650463221     
  0.16216516829069438        217.98592383543013     
  0.16361563852162606        216.42068151330892     
  0.16507908233938279        214.83727783652643     
  0.16655561578492256        213.23568822999511     
  0.16804535593712014        211.61589551068880     
  0.16954842092205069        209.97789015673030     
  0.17106492992235631        208.32167057997395     
  0.17259500318669632        206.64724340187354     
  0.17413876203928236        204.95462373241196     
  0.17569632888949832        203.24383545184855     
  0.17726782724160667        201.51491149502178     
  0.17885338170454151        199.76789413792227     
  0.18045311800178918        198.00283528623493     
  0.18206716298135719        196.21979676552215     
  0.18369564462583252        194.41885061270128     
  0.18533869206252959        192.60007936844607     
  0.18699643557372936        190.76357637011785     
  0.18866900660700958        188.90944604480876     
  0.19035653778566794        187.03780420205402     
  0.19205916291923786        185.14877832574589     
  0.19377701701409900        183.24250786475505     
  0.19551023628418204        181.31914452174067     
  0.19725895816176972        179.37885253960258     
  0.19902332130839415        177.42180898500160     
  0.20080346562583165        175.44820402834813     
  0.20259953226719621        173.45824121963014     
  0.20441166364813168        171.45213775942511     
  0.20624000345810461        169.43012476441075     
  0.20808469667179763        167.39244752666394     
  0.20994588956060500        165.33936576600559     
  0.21182372970423100        163.27115387462578     
  0.21371836600239180        161.18810115319147     
  0.21562994868662241        159.09051203761504     
  0.21755862933218875        156.97870631563345     
  0.21950456087010675        154.85301933232057     
  0.22146789759926858        152.71380218363271     
  0.22344879519867741        150.56142189705935     
  0.22544741073979191        148.39626159842805     
  0.22746390269898079        146.21872066389145     
  0.22949843097008887        144.02921485610108     
  0.23155115687711550        141.82817644355288     
  0.23362224318700667        139.61605430207146     
  0.23571185412256093        137.39331399738475     
  0.23782015537545154        135.16043784772359     
  0.23994731411936435        132.91792496537073     
  0.24209349902325364        130.66629127607399     
  0.24425888026471637        128.40606951522901     
  0.24644362954348617        126.13780919973553     
  0.24864792009504783        123.86207657442829     
  0.25087192670437369        121.57945453198576     
  0.25311582571978303        119.29054250522731     
  0.25537979506692488        116.99595633071661     
  0.25766401426288688        114.69632808260427     
  0.25996866443042921        112.39230587566128     
  0.26229392831234655        110.08455363647528     
  0.26463999028595858        107.77375084180956     
  0.26700703637772938        105.46059222315932     
  0.26939525427801819        103.14578743657427     
  0.27180483335596228        100.83006069685993     
  0.27423596467449213        98.514150375322373     
  0.27668884100548169        96.198808560271004     
  0.27916365684503380        93.884800579558402     
  0.28166060842890228        91.572904484501521     
  0.28417989374805230        89.263910494604431     
  0.28672171256435930        86.958620402579555     
  0.28928626642644917        84.657846939255933     
  0.29187375868567939        82.362413098053850     
  0.29448439451226344        80.073151418807427     
  0.29711838091153936        77.790903230824853     
  0.29977592674038389        75.516517855191552     
  0.30245724272377339        73.250851766442153     
  0.30516254147149274        70.994767713859076     
  0.30789203749499394        68.749133802787796     
  0.31064594722440547        66.514822536506216     
  0.31342448902569331        64.292709819330952     
  0.31622788321797640        62.083673921800980     
  0.31905635209099603        59.888594408941600     
  0.32191011992274199        57.708351032776250     
  0.32478941299723618        55.543822590430068     
  0.32769445962247568        53.395885749343279     
  0.33062549014853543        51.265413841296422     
  0.33358273698583402        49.153275627133780     
  0.33656643462356173        47.060334034260279     
  0.33957681964827424        44.987444869177196     
  0.34261413076265212        42.935455507515186     
  0.34567860880442830        40.905203564214531     
  0.34877049676548477        38.897515546695615     
  0.35189003981112060        36.913205494053230     
  0.35503748529949114        34.953073605497764     
  0.35821308280122238        33.017904861448542     
  0.36141708411919993        31.108467640867701     
  0.36464974330853539        29.225512338594683     
  0.36791131669671073        27.369769986608731     
  0.37120206290390401        25.541950883303137     
  0.37452224286349550        23.742743235004568     
  0.37787211984275826        21.972811814104311     
  0.38125195946373325        20.232796638290644     
  0.38466202972429153        18.523311675481040     
  0.38810260101938426        16.844943579142985     
  0.39157394616248353        15.198250458765152     
  0.39507634040721434        13.583760690297474     
  0.39861006146918038        12.001971771410318     
  0.40217538954798510        10.453349226435158     
  0.40577260734944914        8.9383255658382481     
  0.40940200010802769        7.4572993050401450     
  0.41306385560942677        6.0106340473332054     
  0.41675846421342322        4.5986576355578279     
  0.42048611887688814        3.2216613770802525     
  0.42424711517701613        1.8798993464693652     
  0.42804175133476252       0.57358777009065420     
  0.43187032823849070      -0.69709550336983028     
  0.43573314946782971       -1.9320114426753392     
  0.43963052131774666       -3.1310601805962790     
  0.44356275282283342       -4.2941812640463013     
  0.44753015578181127       -5.4213538049169259     
  0.45153304478225376       -6.5125965290883201     
  0.45557173722553224       -7.5679677214810894     
  0.45964655335198268       -8.5875650654272846     
  0.46375781626629903       -9.5715253750796094     
  0.46790585196315310       -10.520024220041485     
  0.47209098935304372       -11.433275441886963     
  0.47631356028837679       -12.311530562745695     
  0.48057389958977920       -13.155078086651031     
  0.48487234507264759       -13.964242694886547     
  0.48920923757393492       -14.739384337114213     
  0.49358492097917633       -15.480897220622580     
  0.49799974224975713       -16.189208700592275     
  0.50245405145042399       -16.864778074834234     
  0.50694820177704303       -17.508095287009475     
  0.51148254958460571       -18.119679542883858     
  0.51605745441548545       -18.700077844701660     
  0.52067327902794625       -19.249863449274237     
  0.52533038942490795       -19.769634255869573     
  0.53002915488296654       -20.260011130449524     
  0.53476994798167632       -20.721636173231641     
  0.53955314463309190       -21.155170936943307     
  0.54437912411157641       -21.561294603487912     
  0.54924826908387459       -21.940702127046684     
  0.55416096563945560       -22.294102351895692     
  0.55911760332112792       -22.622216113419363     
  0.56411857515592667       -22.925774330946894     
  0.56916427768627842       -23.205516101124310     
  0.57425511100144400       -23.462186800558587     
  0.57939147876924257       -23.696536206430952     
  0.58457378826806061       -23.909316643672284     
  0.58980245041914492       -24.101281167123233     
  0.59507787981918725       -24.273181786867731     
  0.60040049477319768       -24.425767744627613     
  0.60577071732767429       -24.559783848745028     
  0.61118897330406796       -24.675968874854703     
  0.61665569233254702       -24.775054038867967     
  0.62217130788606445       -24.857761548354620     
  0.62773625731472893       -24.924803237824044     
  0.63335098188048344       -24.976879292777173     
  0.63901592679209496       -25.014677066732588     
  0.64473154124045584       -25.038869994728273     
  0.65049827843420160       -25.050116606073715     
  0.65631659563564748       -25.049059638380797     
  0.66218695419704621       -25.036325254144810     
  0.66810981959716964       -25.012522360386409     
  0.67408566147821825       -24.978242031109264     
  0.68011495368306074       -24.934057031584906     
  0.68619817429280594       -24.880521442753381     
  0.69233580566471209       -24.818170383333602     
  0.69852833447043339       -24.747519826578770     
  0.70477625173461078       -24.669066507995819     
  0.71108005287380605       -24.583287919781256     
  0.71744023773578525       -24.490642387214123     
  0.72385731063915304       -24.391569221795439     
  0.73033178041334201       -24.286488945536899     
  0.73686416043895875       -24.175803580483098     
  0.74345496868849148       -24.059896997303714     
  0.75010472776738246       -23.939135316616252     
  0.75681396495546560       -23.813867356596997     
  0.76358321224877779       -23.684425120406679     
  0.77041300640174071       -23.551124316997061     
  0.77730388896972324       -23.414264908972026     
  0.78425640635198235       -23.274131681348866     
  0.79127110983498838       -23.130994825297332     
  0.79834855563613949       -22.985110531221260     
  0.80548930494786442       -22.836721585883161     
  0.81269392398212215       -22.686057968650815     
  0.81996298401529810       -22.533337442358707     
  0.82729706143350246       -22.378766134719264     
  0.83469673777827402       -22.222539106681506     
  0.84216259979269192       -22.064840904610655     
  0.84969523946790038       -21.905846093643586     
  0.85729525409004959       -21.745719770054293     
  0.86496324628765642       -21.584618050934836     
  0.87269982407938840       -21.422688539952155     
  0.88050560092227603       -21.260070768375844     
  0.88838119576035490       -21.096896610979336     
  0.89632723307374407       -20.933290676793703     
  0.90434434292816301       -20.769370675034654     
  0.91243316102489147       -20.605247756827247     
  0.92059432875117597       -20.441026833616501     
  0.92882849323108752       -20.276806873374699     
  0.93713630737683418       -20.112681175897070     
  0.94551842994053248       -19.948737628617302     
  0.95397552556644138       -19.785058944474049     
  0.96250826484366458       -19.621722883420713     
  0.97111732435932374       -19.458802459196566     
  0.97980338675220602       -19.296366132969673     
  0.98856714076689400       -19.134477995424881     
  0.99740928130837736       -18.973197938807374     
   1.0063305094971549       -18.812581820346761     
   1.0153315327248271       -18.652681618383646     
   1.0244130647101894       -18.493545582402611     
   1.0335758255558236       -18.335218378048207     
   1.0428205418051970       -18.177741228065585     
   1.0521479465002737       -18.021152049970251     
   1.0615587792396375       -17.865485591113952     
   1.0710537862371399       -17.710773561679503     
   1.0806337203810665       -17.557044766008737     
   1.0902993412938384       -17.404325232546753     
   1.1000514153922432       -17.252638342574460     
   1.1098907159482079       -17.102004957800567     
   1.1198180231501127       -16.952443546795653     
   1.1298341241646561       -16.803970310174343     
   1.1399398131992702       -16.656599304368079     
   1.1501358915650965       -16.510342563779549     
   1.1604231677405255       -16.365210221071266     
   1.1708024574353004       -16.221210625313272     
   1.1812745836552012       -16.078350457698882     
   1.1918403767672994       -15.936634844531250     
   1.2025006745658040       -15.796067467186147     
   1.2132563223384893       -15.656650668767623     
   1.2241081729337235       -15.518385557190420     
   1.2350570868280917       -15.381272104446822     
   1.2461039321946266       -15.245309241843360     
   1.2572495849716474       -15.110494951024370     
   1.2684949289322174       -14.976826350633305     
   1.2798408557542200       -14.844299778498247     
   1.2912882650910633       -14.712910869264029     
   1.3028380646430149       -14.582654627429445     
   1.3144911702291777       -14.453525495782928     
   1.3262485058601081       -14.325517419263768     
   1.3381110038110822       -14.198623904307560     
   1.3500796046960200       -14.072838073763670     
   1.3621552575420695       -13.948152717499092     
   1.3743389198648570       -13.824560338826537     
   1.3866315577444130       -13.702053196915001     
   1.3990341459017748       -13.580623345358203     
   1.4115476677762737       -13.460262667090296     
   1.4241731156035189       -13.340962905848881     
   1.4369114904940696       -13.222715694393267     
   1.4497638025128210       -13.105512579690316     
   1.4627310707590924       -12.989345045282544     
   1.4758143234474359       -12.874204531052309     
   1.4890145979891665       -12.760082450593204     
   1.5023329410746211       -12.646970206394887     
   1.5157704087561557       -12.534859203040796     
   1.5293280665318800       -12.423740858610289     
   1.5430069894301464       -12.313606614467117     
   1.5568082620947914       -12.204447943606109     
   1.5707329788711413       -12.096256357718804     
   1.5847822438927837       -11.989023413127452     
   1.5989571711691213       -11.882740715725024     
   1.6132588846737015       -11.777399925047446     
   1.6276885184333423       -11.672992757592500     
   1.6422472166180522       -11.569510989488828     
   1.6569361336317532       -11.466946458607694     
   1.6717564342038203       -11.365291066199779     
   1.6867092934814332       -11.264536778129917     
   1.7017958971227591       -11.164675625773562     
   1.7170174413909673       -11.065699706630573     
   1.7323751332490838       -10.967601184704506     
   1.7478701904556957       -10.870372290688660     
   1.7635038416615096       -10.774005321994158     
   1.7792773265067783       -10.678492642649879     
   1.7951918957195918       -10.583826683099355     
   1.8112488112150542       -10.489999939915560     
   1.8274493461953429       -10.397004975450940     
   1.8437947852506671       -10.304834417436961     
   1.8602864244611241       -10.213480958544842     
   1.8769255714994715       -10.122937355916893     
   1.8937135457348160       -10.033196430676030     
   1.9106516783372292       -9.9442510674196036     
   1.9277413123833020       -9.8560942137022103     
   1.9449838029626407       -9.7687188795113524     
   1.9623805172853150       -9.6821181367388132     
   1.9799328347902698       -9.5962851186500231     
   1.9976421472547041       -9.5112130193531321     
