   2.1933573926405111E-006   152.56884199469374     
   2.2129756598513593E-006   152.56884199459836     
   2.2327694007035066E-006   152.56884199450130     
   2.2527401847034970E-006   152.56884199440250     
   2.2728895953961725E-006   152.56884199430192     
   2.2932192304902313E-006   152.56884199419954     
   2.3137307019849213E-006   152.56884199409532     
   2.3344256362978556E-006   152.56884199398922     
   2.3553056743939781E-006   152.56884199388119     
   2.3763724719156807E-006   152.56884199377126     
   2.3976276993140852E-006   152.56884199365936     
   2.4190730419814962E-006   152.56884199354542     
   2.4407102003850425E-006   152.56884199342946     
   2.4625408902015130E-006   152.56884199331134     
   2.4845668424533952E-006   152.56884199319117     
   2.5067898036461373E-006   152.56884199306882     
   2.5292115359066309E-006   152.56884199294430     
   2.5518338171229363E-006   152.56884199281751     
   2.5746584410852573E-006   152.56884199268842     
   2.5976872176281760E-006   152.56884199255705     
   2.6209219727741587E-006   152.56884199242333     
   2.6443645488783509E-006   152.56884199228716     
   2.6680168047746575E-006   152.56884199214855     
   2.6918806159231402E-006   152.56884199200752     
   2.7159578745587277E-006   152.56884199186391     
   2.7402504898412538E-006   152.56884199171768     
   2.7647603880068441E-006   152.56884199156889     
   2.7894895125206515E-006   152.56884199141734     
   2.8144398242309589E-006   152.56884199126316     
   2.8396133015246638E-006   152.56884199110613     
   2.8650119404841473E-006   152.56884199094631     
   2.8906377550455502E-006   152.56884199078365     
   2.9164927771584675E-006   152.56884199061807     
   2.9425790569470623E-006   152.56884199044950     
   2.9688986628726321E-006   152.56884199027789     
   2.9954536818976190E-006   152.56884199010315     
   3.0222462196510953E-006   152.56884198992535     
   3.0492784005957210E-006   152.56884198974430     
   3.0765523681962028E-006   152.56884198956001     
   3.1040702850892537E-006   152.56884198937243     
   3.1318343332550765E-006   152.56884198918146     
   3.1598467141903788E-006   152.56884198898706     
   3.1881096490829357E-006   152.56884198878919     
   3.2166253789877168E-006   152.56884198858771     
   3.2453961650045857E-006   152.56884198838267     
   3.2744242884575871E-006   152.56884198817389     
   3.3037120510758433E-006   152.56884198796141     
   3.3332617751760633E-006   152.56884198774509     
   3.3630758038466874E-006   152.56884198752488     
   3.3931565011336784E-006   152.56884198730071     
   3.4235062522279714E-006   152.56884198707255     
   3.4541274636546064E-006   152.56884198684025     
   3.4850225634635467E-006   152.56884198660376     
   3.5161940014222070E-006   152.56884198636305     
   3.5476442492097042E-006   152.56884198611803     
   3.5793758006128418E-006   152.56884198586854     
   3.6113911717238533E-006   152.56884198561465     
   3.6436929011399077E-006   152.56884198535616     
   3.6762835501644054E-006   152.56884198509303     
   3.7091657030100689E-006   152.56884198482516     
   3.7423419670038553E-006   152.56884198455251     
   3.7758149727936991E-006   152.56884198427491     
   3.8095873745571034E-006   152.56884198399237     
   3.8436618502115986E-006   152.56884198370474     
   3.8780411016270804E-006   152.56884198341191     
   3.9127278548400537E-006   152.56884198311383     
   3.9477248602697845E-006   152.56884198281043     
   3.9830348929363921E-006   152.56884198250157     
   4.0186607526808850E-006   152.56884198218711     
   4.0546052643871742E-006   152.56884198186705     
   4.0908712782060614E-006   152.56884198154120     
   4.1274616697812401E-006   152.56884198120954     
   4.1643793404773144E-006   152.56884198087192     
   4.2016272176098541E-006   152.56884198052819     
   4.2392082546775108E-006   152.56884198017832     
   4.2771254315962143E-006   152.56884197982214     
   4.3153817549354546E-006   152.56884197945956     
   4.3539802581566845E-006   152.56884197909045     
   4.3929240018538499E-006   152.56884197871474     
   4.4322160739960767E-006   152.56884197833230     
   4.4718595901725233E-006   152.56884197794295     
   4.5118576938394246E-006   152.56884197754658     
   4.5522135565693474E-006   152.56884197714314     
   4.5929303783026758E-006   152.56884197673244     
   4.6340113876013425E-006   152.56884197631433     
   4.6754598419048301E-006   152.56884197588874     
   4.7172790277884657E-006   152.56884197545548     
   4.7594722612240216E-006   152.56884197501444     
   4.8020428878426523E-006   152.56884197456549     
   4.8449942832001767E-006   152.56884197410847     
   4.8883298530447352E-006   152.56884197364320     
   4.9320530335868481E-006   152.56884197316961     
   4.9761672917718756E-006   152.56884197268749     
   5.0206761255549258E-006   152.56884197219674     
   5.0655830641782232E-006   152.56884197169714     
   5.1108916684509446E-006   152.56884197118856     
   5.1566055310315703E-006   152.56884197067089     
   5.2027282767127603E-006   152.56884197014384     
   5.2492635627087688E-006   152.56884196960738     
   5.2962150789454430E-006   152.56884196906128     
   5.3435865483528018E-006   152.56884196850532     
   5.3913817271602443E-006   152.56884196793942     
   5.4396044051943892E-006   152.56884196736334     
   5.4882584061795817E-006   152.56884196677692     
   5.5373475880410902E-006   152.56884196617989     
   5.5868758432110124E-006   152.56884196557220     
   5.6368470989369196E-006   152.56884196495355     
   5.6872653175932551E-006   152.56884196432384     
   5.7381344969955288E-006   152.56884196368276     
   5.7894586707173145E-006   152.56884196303017     
   5.8412419084100826E-006   152.56884196236589     
   5.8934883161258987E-006   152.56884196168963     
   5.9462020366429989E-006   152.56884196100125     
   5.9993872497942936E-006   152.56884196030046     
   6.0530481727987878E-006   152.56884195958713     
   6.1071890605959845E-006   152.56884195886096     
   6.1618142061832718E-006   152.56884195812177     
   6.2169279409563246E-006   152.56884195736924     
   6.2725346350525567E-006   152.56884195660322     
   6.3286386976976400E-006   152.56884195582344     
   6.3852445775551298E-006   152.56884195502965     
   6.4423567630792098E-006   152.56884195422157     
   6.4999797828705942E-006   152.56884195339899     
   6.5581182060356179E-006   152.56884195256160     
   6.6167766425485314E-006   152.56884195170923     
   6.6759597436170460E-006   152.56884195084146     
   6.7356722020511340E-006   152.56884194995817     
   6.7959187526351399E-006   152.56884194905896     
   6.8567041725032200E-006   152.56884194814364     
   6.9180332815181288E-006   152.56884194721184     
   6.9799109426534054E-006   152.56884194626329     
   7.0423420623789725E-006   152.56884194529769     
   7.1053315910501853E-006   152.56884194431476     
   7.1688845233003612E-006   152.56884194331417     
   7.2330058984368166E-006   152.56884194229559     
   7.2977008008404540E-006   152.56884194125868     
   7.3629743603689148E-006   152.56884194020319     
   7.4288317527633409E-006   152.56884193912873     
   7.4952782000587779E-006   152.56884193803492     
   7.5623189709982440E-006   152.56884193692153     
   7.6299593814505078E-006   152.56884193578804     
   7.6982047948315937E-006   152.56884193463424     
   7.7670606225300726E-006   152.56884193345971     
   7.8365323243361385E-006   152.56884193226406     
   7.9066254088745383E-006   152.56884193104693     
   7.9773454340413650E-006   152.56884192980795     
   8.0486980074447615E-006   152.56884192854665     
   8.1206887868495628E-006   152.56884192726272     
   8.1933234806259197E-006   152.56884192595570     
   8.2666078482019346E-006   152.56884192462522     
   8.3405477005203398E-006   152.56884192327084     
   8.4151489004992658E-006   152.56884192189207     
   8.4904173634971377E-006   152.56884192048861     
   8.5663590577817105E-006   152.56884191905985     
   8.6429800050033173E-006   152.56884191760551     
   8.7202862806723463E-006   152.56884191612497     
   8.7982840146409879E-006   152.56884191461779     
   8.8769793915892768E-006   152.56884191308359     
   8.9563786515155094E-006   152.56884191152182     
   9.0364880902310312E-006   152.56884190993193     
   9.1173140598594354E-006   152.56884190831354     
   9.1988629693402633E-006   152.56884190666605     
   9.2811412849371744E-006   152.56884190498894     
   9.3641555307506816E-006   152.56884190328171     
   9.4479122892354673E-006   152.56884190154381     
   9.5324182017223224E-006   152.56884189977467     
   9.6176799689447666E-006   152.56884189797373     
   9.7037043515703583E-006   152.56884189614047     
   9.7904981707367819E-006   152.56884189427421     
   9.8780683085927038E-006   152.56884189237445     
   9.9664217088434868E-006   152.56884189044055     
   1.0055565377301780E-005   152.56884188847189     
   1.0145506382443020E-005   152.56884188646782     
   1.0236251855965929E-005   152.56884188442780     
   1.0327808993357990E-005   152.56884188235111     
   1.0420185054466014E-005   152.56884188023713     
   1.0513387364071792E-005   152.56884187808512     
   1.0607423312472893E-005   152.56884187589446     
   1.0702300356068669E-005   152.56884187366444     
   1.0798026017951500E-005   152.56884187139434     
   1.0894607888503311E-005   152.56884186908343     
   1.0992053625997447E-005   152.56884186673099     
   1.1090370957205922E-005   152.56884186433635     
   1.1189567678012085E-005   152.56884186189865     
   1.1289651654028798E-005   152.56884185941712     
   1.1390630821222108E-005   152.56884185689103     
   1.1492513186540529E-005   152.56884185431949     
   1.1595306828549925E-005   152.56884185170182     
   1.1699019898074088E-005   152.56884184903703     
   1.1803660618841051E-005   152.56884184632443     
   1.1909237288135156E-005   152.56884184356306     
   1.2015758277454988E-005   152.56884184075213     
   1.2123232033177163E-005   152.56884183789055     
   1.2231667077226076E-005   152.56884183497769     
   1.2341072007749628E-005   152.56884183201242     
   1.2451455499800999E-005   152.56884182899392     
   1.2562826306026519E-005   152.56884182592111     
   1.2675193257359698E-005   152.56884182279313     
   1.2788565263721446E-005   152.56884181960893     
   1.2902951314726577E-005   152.56884181636752     
   1.3018360480396623E-005   152.56884181306788     
   1.3134801911879024E-005   152.56884180970891     
   1.3252284842172743E-005   152.56884180628964     
   1.3370818586860394E-005   152.56884180280886     
   1.3490412544846882E-005   152.56884179926561     
   1.3611076199104690E-005   152.56884179565864     
   1.3732819117425808E-005   152.56884179198687     
   1.3855650953180384E-005   152.56884178824910     
   1.3979581446082181E-005   152.56884178444423     
   1.4104620422960857E-005   152.56884178057092     
   1.4230777798541185E-005   152.56884177662803     
   1.4358063576229192E-005   152.56884177261432     
   1.4486487848905385E-005   152.56884176852850     
   1.4616060799725039E-005   152.56884176436921     
   1.4746792702925644E-005   152.56884176013517     
   1.4878693924641587E-005   152.56884175582510     
   1.5011774923726119E-005   152.56884175143759     
   1.5146046252580657E-005   152.56884174697123     
   1.5281518557991531E-005   152.56884174242458     
   1.5418202581974190E-005   152.56884173779625     
   1.5556109162624965E-005   152.56884173308478     
   1.5695249234980481E-005   152.56884172828862     
   1.5835633831884690E-005   152.56884172340631     
   1.5977274084863736E-005   152.56884171843626     
   1.6120181225008583E-005   152.56884171337688     
   1.6264366583865581E-005   152.56884170822659     
   1.6409841594334957E-005   152.56884170298378     
   1.6556617791577392E-005   152.56884169764677     
   1.6704706813928653E-005   152.56884169221385     
   1.6854120403822456E-005   152.56884168668330     
   1.7004870408721541E-005   152.56884168105333     
   1.7156968782057098E-005   152.56884167532229     
   1.7310427584176604E-005   152.56884166948819     
   1.7465258983300113E-005   152.56884166354931     
   1.7621475256485102E-005   152.56884165750370     
   1.7779088790599985E-005   152.56884165134946     
   1.7938112083306276E-005   152.56884164508460     
   1.8098557744049593E-005   152.56884163870717     
   1.8260438495059481E-005   152.56884163221517     
   1.8423767172358199E-005   152.56884162560652     
   1.8588556726778531E-005   152.56884161887916     
   1.8754820224990708E-005   152.56884161203087     
   1.8922570850538487E-005   152.56884160505950     
   1.9091821904884518E-005   152.56884159796292     
   1.9262586808465070E-005   152.56884159073877     
   1.9434879101754168E-005   152.56884158338485     
   1.9608712446337256E-005   152.56884157589877     
   1.9784100625994478E-005   152.56884156827817     
   1.9961057547793625E-005   152.56884156052067     
   2.0139597243192878E-005   152.56884155262372     
   2.0319733869153397E-005   152.56884154458493     
   2.0501481709261874E-005   152.56884153640164     
   2.0684855174863124E-005   152.56884152807135     
   2.0869868806202806E-005   152.56884151959136     
   2.1056537273580361E-005   152.56884151095900     
   2.1244875378512257E-005   152.56884150217149     
   2.1434898054905670E-005   152.56884149322610     
   2.1626620370242606E-005   152.56884148412001     
   2.1820057526774686E-005   152.56884147485027     
   2.2015224862728544E-005   152.56884146541393     
   2.2212137853522061E-005   152.56884145580807     
   2.2410812112991463E-005   152.56884144602958     
   2.2611263394629374E-005   152.56884143607545     
   2.2813507592833976E-005   152.56884142594237     
   2.3017560744169302E-005   152.56884141562722     
   2.3223439028636848E-005   152.56884140512676     
   2.3431158770958528E-005   152.56884139443758     
   2.3640736441871102E-005   152.56884138355636     
   2.3852188659432201E-005   152.56884137247957     
   2.4065532190338016E-005   152.56884136120382     
   2.4280783951252796E-005   152.56884134972540     
   2.4497961010150204E-005   152.56884133804076     
   2.4717080587666698E-005   152.56884132614613     
   2.4938160058467007E-005   152.56884131403774     
   2.5161216952621827E-005   152.56884130171187     
   2.5386268956997828E-005   152.56884128916445     
   2.5613333916660090E-005   152.56884127639159     
   2.5842429836287116E-005   152.56884126338923     
   2.6073574881598471E-005   152.56884125015321     
   2.6306787380795169E-005   152.56884123667936     
   2.6542085826013032E-005   152.56884122296341     
   2.6779488874788920E-005   152.56884120900099     
   2.7019015351540196E-005   152.56884119478769     
   2.7260684249057344E-005   152.56884118031897     
   2.7504514730009988E-005   152.56884116559027     
   2.7750526128466329E-005   152.56884115059697     
   2.7998737951426229E-005   152.56884113533420     
   2.8249169880367972E-005   152.56884111979716     
   2.8501841772808867E-005   152.56884110398099     
   2.8756773663879808E-005   152.56884108788060     
   2.9013985767913937E-005   152.56884107149091     
   2.9273498480049483E-005   152.56884105480671     
   2.9535332377846957E-005   152.56884103782275     
   2.9799508222920820E-005   152.56884102053354     
   3.0066046962585737E-005   152.56884100293371     
   3.0334969731517537E-005   152.56884098501760     
   3.0606297853429060E-005   152.56884096677959     
   3.0880052842760972E-005   152.56884094821385     
   3.1156256406387731E-005   152.56884092931452     
   3.1434930445338748E-005   152.56884091007561     
   3.1716097056535049E-005   152.56884089049095     
   3.1999778534541349E-005   152.56884087055440     
   3.2285997373333885E-005   152.56884085025959     
   3.2574776268084044E-005   152.56884082960013     
   3.2866138116957894E-005   152.56884080856946     
   3.3160106022931890E-005   152.56884078716087     
   3.3456703295624767E-005   152.56884076536764     
   3.3755953453145820E-005   152.56884074318276     
   3.4057880223959729E-005   152.56884072059924     
   3.4362507548768083E-005   152.56884069760991     
   3.4669859582407684E-005   152.56884067420754     
   3.4979960695765885E-005   152.56884065038466     
   3.5292835477713000E-005   152.56884062613364     
   3.5608508737052080E-005   152.56884060144694     
   3.5927005504486004E-005   152.56884057631657     
   3.6248351034602329E-005   152.56884055073473     
   3.6572570807875733E-005   152.56884052469317     
   3.6899690532688478E-005   152.56884049818365     
   3.7229736147368898E-005   152.56884047119783     
   3.7562733822248135E-005   152.56884044372708     
   3.7898709961735223E-005   152.56884041576268     
   3.8237691206410847E-005   152.56884038729586     
   3.8579704435139687E-005   152.56884035831749     
   3.8924776767201798E-005   152.56884032881842     
   3.9272935564442885E-005   152.56884029878933     
   3.9624208433444019E-005   152.56884026822058     
   3.9978623227710544E-005   152.56884023710256     
   4.0336208049880737E-005   152.56884020542540     
   4.0696991253954141E-005   152.56884017317904     
   4.1061001447539807E-005   152.56884014035327     
   4.1428267494124714E-005   152.56884010693761     
   4.1798818515362431E-005   152.56884007292157     
   4.2172683893382262E-005   152.56884003829430     
   4.2549893273119036E-005   152.56884000304476     
   4.2930476564663780E-005   152.56883996716186     
   4.3314463945635340E-005   152.56883993063420     
   4.3701885863573266E-005   152.56883989345019     
   4.4092773038352126E-005   152.56883985559801     
   4.4487156464617327E-005   152.56883981706565     
   4.4885067414242816E-005   152.56883977784096     
   4.5286537438810706E-005   152.56883973791142     
   4.5691598372113096E-005   152.56883969726434     
   4.6100282332676290E-005   152.56883965588699     
   4.6512621726307533E-005   152.56883961376607     
   4.6928649248664598E-005   152.56883957088829     
   4.7348397887848349E-005   152.56883952724007     
   4.7771900927018413E-005   152.56883948280753     
   4.8199191947032322E-005   152.56883943757660     
   4.8630304829108265E-005   152.56883939153292     
   4.9065273757511640E-005   152.56883934466188     
   4.9504133222265568E-005   152.56883929694865     
   4.9946918021885777E-005   152.56883924837803     
   5.0393663266139850E-005   152.56883919893468     
   5.0844404378831232E-005   152.56883914860288     
   5.1299177100608007E-005   152.56883909736669     
   5.1758017491796953E-005   152.56883904520987     
   5.2220961935262874E-005   152.56883899211581     
   5.2688047139293480E-005   152.56883893806773     
   5.3159310140510100E-005   152.56883888304850     
   5.3634788306804452E-005   152.56883882704057     
   5.4114519340301657E-005   152.56883877002630     
   5.4598541280349733E-005   152.56883871198752     
   5.5086892506535874E-005   152.56883865290590     
   5.5579611741729665E-005   152.56883859276263     
   5.6076738055153577E-005   152.56883853153863     
   5.6578310865480817E-005   152.56883846921454     
   5.7084369943961042E-005   152.56883840577055     
   5.7594955417573863E-005   152.56883834118653     
   5.8110107772210695E-005   152.56883827544206     
   5.8629867855884959E-005   152.56883820851618     
   5.9154276881971116E-005   152.56883814038778     
   5.9683376432472512E-005   152.56883807103515     
   6.0217208461318618E-005   152.56883800043639     
   6.0755815297691647E-005   152.56883792856900     
   6.1299239649382977E-005   152.56883785541024     
   6.1847524606179575E-005   152.56883778093689     
   6.2400713643280753E-005   152.56883770512539     
   6.2958850624745381E-005   152.56883762795167     
   6.3521979806970073E-005   152.56883754939116     
   6.4090145842198362E-005   152.56883746941907     
   6.4663393782061376E-005   152.56883738800994     
   6.5241769081150037E-005   152.56883730513800     
   6.5825317600619348E-005   152.56883722077694     
   6.6414085611824885E-005   152.56883713490004     
   6.7008119799991724E-005   152.56883704748003     
   6.7607467267916300E-005   152.56883695848916     
   6.8212175539701376E-005   152.56883686789925     
   6.8822292564524283E-005   152.56883677568155     
   6.9437866720439010E-005   152.56883668180680     
   7.0058946818212252E-005   152.56883658624520     
   7.0685582105193764E-005   152.56883648896650     
   7.1317822269221294E-005   152.56883638993983     
   7.1955717442560559E-005   152.56883628913374     
   7.2599318205880293E-005   152.56883618651636     
   7.3248675592263056E-005   152.56883608205499     
   7.3903841091251701E-005   152.56883597571661     
   7.4564866652932185E-005   152.56883586746744     
   7.5231804692052858E-005   152.56883575727318     
   7.5904708092180563E-005   152.56883564509886     
   7.6583630209893963E-005   152.56883553090887     
   7.7268624879014329E-005   152.56883541466703     
   7.7959746414874180E-005   152.56883529633649     
   7.8657049618624181E-005   152.56883517587968     
   7.9360589781578378E-005   152.56883505325843     
   8.0070422689598530E-005   152.56883492843377     
   8.0786604627517468E-005   152.56883480136622     
   8.1509192383602113E-005   152.56883467201536     
   8.2238243254056419E-005   152.56883454034028     
   8.2973815047564508E-005   152.56883440629912     
   8.3715966089874570E-005   152.56883426984936     
   8.4464755228423605E-005   152.56883413094786     
   8.5220241837003725E-005   152.56883398955040     
   8.5982485820469971E-005   152.56883384561218     
   8.6751547619490441E-005   152.56883369908758     
   8.7527488215338752E-005   152.56883354993016     
   8.8310369134729497E-005   152.56883339809249     
   8.9100252454696807E-005   152.56883324352651     
   8.9897200807516743E-005   152.56883308618316     
   9.0701277385673470E-005   152.56883292601256     
   9.1512545946870083E-005   152.56883276296386     
   9.2331070819084098E-005   152.56883259698540     
   9.3156916905668213E-005   152.56883242802445     
   9.3990149690496787E-005   152.56883225602752     
   9.4830835243158110E-005   152.56883208093998     
   9.5679040224193364E-005   152.56883190270636     
   9.6534831890382339E-005   152.56883172127010     
   9.7398278100076379E-005   152.56883153657364     
   9.8269447318579086E-005   152.56883134855838     
   9.9148408623575250E-005   152.56883115716471     
   1.0003523171060803E-004   152.56883096233193     
   1.0092998689860556E-004   152.56883076399828     
   1.0183274513545656E-004   152.56883056210074     
   1.0274357800363613E-004   152.56883035657543     
   1.0366255772588164E-004   152.56883014735700     
   1.0458975717091967E-004   152.56882993437921     
   1.0552524985924379E-004   152.56882971757443     
   1.0646910996894431E-004   152.56882949687395     
   1.0742141234159018E-004   152.56882927220775     
   1.0838223248816328E-004   152.56882904350456     
   1.0935164659504593E-004   152.56882881069185     
   1.1032973153006202E-004   152.56882857369578     
   1.1131656484857204E-004   152.56882833244117     
   1.1231222479962266E-004   152.56882808685151     
   1.1331679033215145E-004   152.56882783684887     
   1.1433034110124681E-004   152.56882758235398     
   1.1535295747446425E-004   152.56882732328620     
   1.1638472053819882E-004   152.56882705956318     
   1.1742571210411481E-004   152.56882679110146     
   1.1847601471563283E-004   152.56882651781575     
   1.1953571165447485E-004   152.56882623961945     
   1.2060488694726796E-004   152.56882595642426     
   1.2168362537220711E-004   152.56882566814039     
   1.2277201246577729E-004   152.56882537467646     
   1.2387013452953618E-004   152.56882507593932     
   1.2497807863695709E-004   152.56882477183422     
   1.2609593264033340E-004   152.56882446226470     
   1.2722378517774458E-004   152.56882414713260     
   1.2836172568008461E-004   152.56882382633793     
   1.2950984437815318E-004   152.56882349977903     
   1.3066823230981043E-004   152.56882316735221     
   1.3183698132719559E-004   152.56882282895205     
   1.3301618410401018E-004   152.56882248447130     
   1.3420593414286650E-004   152.56882213380064     
   1.3540632578270165E-004   152.56882177682877     
   1.3661745420625790E-004   152.56882141344266     
   1.3783941544763024E-004   152.56882104352687     
   1.3907230639988098E-004   152.56882066696414     
   1.4031622482272278E-004   152.56882028363506     
   1.4157126935027044E-004   152.56881989341798     
   1.4283753949886167E-004   152.56881949618918     
   1.4411513567494822E-004   152.56881909182263     
   1.4540415918305746E-004   152.56881868019013     
   1.4670471223382489E-004   152.56881826116111     
   1.4801689795209896E-004   152.56881783460261     
   1.4934082038511810E-004   152.56881740037937     
   1.5067658451076087E-004   152.56881695835364     
   1.5202429624587002E-004   152.56881650838525     
   1.5338406245465105E-004   152.56881605033149     
   1.5475599095714565E-004   152.56881558404703     
   1.5614019053778122E-004   152.56881510938402     
   1.5753677095399658E-004   152.56881462619185     
   1.5894584294494515E-004   152.56881413431734     
   1.6036751824027561E-004   152.56881363360441     
   1.6180190956899141E-004   152.56881312389427     
   1.6324913066838943E-004   152.56881260502524     
   1.6470929629307842E-004   152.56881207683278     
   1.6618252222407834E-004   152.56881153914932     
   1.6766892527800102E-004   152.56881099180436     
   1.6916862331631277E-004   152.56881043462423     
   1.7068173525468014E-004   152.56880986743226     
   1.7220838107239909E-004   152.56880929004853     
   1.7374868182190838E-004   152.56880870228989     
   1.7530275963838831E-004   152.56880810396999     
   1.7687073774944514E-004   152.56880749489889     
   1.7845274048488221E-004   152.56880687488362     
   1.8004889328655853E-004   152.56880624372738     
   1.8165932271833519E-004   152.56880560123000     
   1.8328415647611123E-004   152.56880494718774     
   1.8492352339794906E-004   152.56880428139311     
   1.8657755347429016E-004   152.56880360363499     
   1.8824637785826270E-004   152.56880291369831     
   1.8993012887608100E-004   152.56880221136436     
   1.9162894003753794E-004   152.56880149641026     
   1.9334294604659154E-004   152.56880076860932     
   1.9507228281204602E-004   152.56880002773067     
   1.9681708745832835E-004   152.56879927353935     
   1.9857749833636132E-004   152.56879850579605     
   2.0035365503453376E-004   152.56879772425742     
   2.0214569838976904E-004   152.56879692867540     
   2.0395377049869232E-004   152.56879611879774     
   2.0577801472889800E-004   152.56879529436759     
   2.0761857573031752E-004   152.56879445512340     
   2.0947559944668945E-004   152.56879360079895     
   2.1134923312713145E-004   152.56879273112338     
   2.1323962533781641E-004   152.56879184582075     
   2.1514692597375253E-004   152.56879094461033     
   2.1707128627066900E-004   152.56879002720623     
   2.1901285881700805E-004   152.56878909331749     
   2.2097179756602384E-004   152.56878814264786     
   2.2294825784799043E-004   152.56878717489582     
   2.2494239638251782E-004   152.56878618975455     
   2.2695437129097908E-004   152.56878518691138     
   2.2898434210904826E-004   152.56878416604837     
   2.3103246979935024E-004   152.56878312684168     
   2.3309891676422418E-004   152.56878206896167     
   2.3518384685860088E-004   152.56878099207285     
   2.3728742540299520E-004   152.56877989583359     
   2.3940981919661495E-004   152.56877877989632     
   2.4155119653058681E-004   152.56877764390691     
   2.4371172720130083E-004   152.56877648750520     
   2.4589158252387395E-004   152.56877531032433     
   2.4809093534573404E-004   152.56877411199093     
   2.5030996006032583E-004   152.56877289212491     
   2.5254883262093868E-004   152.56877165033936     
   2.5480773055465878E-004   152.56877038624046     
   2.5708683297644564E-004   152.56876909942719     
   2.5938632060333475E-004   152.56876778949149     
   2.6170637576876713E-004   152.56876645601776     
   2.6404718243704724E-004   152.56876509858316     
   2.6640892621792981E-004   152.56876371675708     
   2.6879179438133772E-004   152.56876231010128     
   2.7119597587221106E-004   152.56876087816951     
   2.7362166132548904E-004   152.56875942050769     
   2.7606904308122618E-004   152.56875793665341     
   2.7853831519984365E-004   152.56875642613613     
   2.8102967347751651E-004   152.56875488847660     
   2.8354331546169955E-004   152.56875332318725     
   2.8607944046679082E-004   152.56875172977152     
   2.8863824958993642E-004   152.56875010772404     
   2.9121994572697585E-004   152.56874845653033     
   2.9382473358853024E-004   152.56874677566663     
   2.9645281971623445E-004   152.56874506459988     
   2.9910441249911463E-004   152.56874332278733     
   3.0177972219011182E-004   152.56874154967647     
   3.0447896092275349E-004   152.56873974470497     
   3.0720234272797438E-004   152.56873790730032     
   3.0995008355108779E-004   152.56873603687973     
   3.1272240126890838E-004   152.56873413284998     
   3.1551951570702813E-004   152.56873219460704     
   3.1834164865724747E-004   152.56873022153627     
   3.2118902389516129E-004   152.56872821301178     
   3.2406186719790322E-004   152.56872616839658     
   3.2696040636204791E-004   152.56872408704211     
   3.2988487122167392E-004   152.56872196828823     
   3.3283549366658794E-004   152.56871981146284     
   3.3581250766071170E-004   152.56871761588198     
   3.3881614926063432E-004   152.56871538084920     
   3.4184665663432946E-004   152.56871310565555     
   3.4490427008004052E-004   152.56871078957943     
   3.4798923204533465E-004   152.56870843188625     
   3.5110178714632732E-004   152.56870603182816     
   3.5424218218707847E-004   152.56870358864398     
   3.5741066617916224E-004   152.56870110155873     
   3.6060749036141227E-004   152.56869856978355     
   3.6383290821984289E-004   152.56869599251547     
   3.6708717550774890E-004   152.56869336893698     
   3.7037055026598509E-004   152.56869069821602     
   3.7368329284342690E-004   152.56868797950543     
   3.7702566591761452E-004   152.56868521194289     
   3.8039793451558122E-004   152.56868239465064     
   3.8380036603486827E-004   152.56867952673505     
   3.8723323026472776E-004   152.56867660728653     
   3.9069679940751474E-004   152.56867363537910     
   3.9419134810027127E-004   152.56867061007011     
   3.9771715343650310E-004   152.56866753039995     
   4.0127449498815151E-004   152.56866439539189     
   4.0486365482776091E-004   152.56866120405161     
   4.0848491755084577E-004   152.56865795536675     
   4.1213857029845672E-004   152.56865464830702     
   4.1582490277994902E-004   152.56865128182346     
   4.1954420729595459E-004   152.56864785484831     
   4.2329677876155913E-004   152.56864436629459     
   4.2708291472968708E-004   152.56864081505583     
   4.3090291541469542E-004   152.56863720000564     
   4.3475708371617865E-004   152.56863351999741     
   4.3864572524298658E-004   152.56862977386390     
   4.4256914833745698E-004   152.56862596041702     
   4.4652766409986511E-004   152.56862207844713     
   4.5052158641309148E-004   152.56861812672295     
   4.5455123196751115E-004   152.56861410399119     
   4.5861692028610444E-004   152.56861000897587     
   4.6271897374979356E-004   152.56860584037813     
   4.6685771762300452E-004   152.56860159687577     
   4.7103348007945887E-004   152.56859727712290     
   4.7524659222819527E-004   152.56859287974933     
   4.7949738813982438E-004   152.56858840336039     
   4.8378620487301812E-004   152.56858384653623     
   4.8811338250123634E-004   152.56857920783156     
   4.9247926413969198E-004   152.56857448577509     
   4.9688419597255812E-004   152.56856967886898     
   5.0132852728041746E-004   152.56856478558876     
   5.0581261046795853E-004   152.56855980438229     
   5.1033680109191829E-004   152.56855473366966     
   5.1490145788927577E-004   152.56854957184262     
   5.1950694280569710E-004   152.56854431726390     
   5.2415362102423558E-004   152.56853896826686     
   5.2884186099428807E-004   152.56853352315497     
   5.3357203446081013E-004   152.56852798020108     
   5.3834451649379343E-004   152.56852233764724     
   5.4315968551800595E-004   152.56851659370366     
   5.4801792334299823E-004   152.56851074654850     
   5.5291961519337836E-004   152.56850479432717     
   5.5786514973935779E-004   152.56849873515182     
   5.6285491912757006E-004   152.56849256710063     
   5.6788931901216512E-004   152.56848628821717     
   5.7296874858618217E-004   152.56847989650998     
   5.7809361061320313E-004   152.56847338995175     
   5.8326431145928838E-004   152.56846676647874     
   5.8848126112519955E-004   152.56846002399016     
   5.9374487327890904E-004   152.56845316034747     
   5.9905556528840141E-004   152.56844617337364     
   6.0441375825476750E-004   152.56843906085263     
   6.0981987704559538E-004   152.56843182052842     
   6.1527435032865862E-004   152.56842445010466     
   6.2077761060590751E-004   152.56841694724358     
   6.2633009424776273E-004   152.56840930956548     
   6.3193224152771686E-004   152.56840153464782     
   6.3758449665724502E-004   152.56839362002464     
   6.4328730782102798E-004   152.56838556318556     
   6.4904112721248929E-004   152.56837736157524     
   6.5484641106965222E-004   152.56836901259220     
   6.6070361971131515E-004   152.56836051358849     
   6.6661321757355264E-004   152.56835186186828     
   6.7257567324654143E-004   152.56834305468757     
   6.7859145951171631E-004   152.56833408925297     
   6.8466105337925906E-004   152.56832496272074     
   6.9078493612592120E-004   152.56831567219623     
   6.9696359333318650E-004   152.56830621473273     
   7.0319751492577414E-004   152.56829658733056     
   7.0948719521048609E-004   152.56828678693614     
   7.1583313291540245E-004   152.56827681044109     
   7.2223583122942719E-004   152.56826665468100     
   7.2869579784218719E-004   152.56825631643480     
   7.3521354498428879E-004   152.56824579242343     
   7.4178958946793439E-004   152.56823507930892     
   7.4842445272790120E-004   152.56822417369344     
   7.5511866086288865E-004   152.56821307211789     
   7.6187274467723310E-004   152.56820177106121     
   7.6868723972299785E-004   152.56819026693890     
   7.7556268634243833E-004   152.56817855610228     
   7.8249962971084768E-004   152.56816663483687     
   7.8949861987978522E-004   152.56815449936164     
   7.9656021182069150E-004   152.56814214582741     
   8.0368496546889422E-004   152.56812957031605     
   8.1087344576800729E-004   152.56811676883893     
   8.1812622271472597E-004   152.56810373733569     
   8.2544387140402449E-004   152.56809047167317     
   8.3282697207475744E-004   152.56807696764380     
   8.4027611015566762E-004   152.56806322096446     
   8.4779187631180716E-004   152.56804922727508     
   8.5537486649137301E-004   152.56803498213722     
   8.6302568197296184E-004   152.56802048103273     
   8.7074492941324679E-004   152.56800571936219     
   8.7853322089508090E-004   152.56799069244363     
   8.8639117397603219E-004   152.56797539551096     
   8.9431941173735057E-004   152.56795982371233     
   9.0231856283337424E-004   152.56794397210885     
   9.1038926154137769E-004   152.56792783567278     
   9.1853214781186562E-004   152.56791140928607     
   9.2674786731931620E-004   152.56789468773877     
   9.3503707151337877E-004   152.56787766572722     
   9.4340041767052962E-004   152.56786033785258     
   9.5183856894618887E-004   152.56784269861885     
   9.6035219442730459E-004   152.56782474243138     
   9.6894196918540627E-004   152.56780646359502     
   9.7760857433013405E-004   152.56778785631218     
   9.8635269706324503E-004   152.56776891468118     
   9.9517503073310448E-004   152.56774963269424     
   1.0040762748896631E-003   152.56773000423573     
   1.0130571353399267E-003   152.56771002307997     
   1.0221183242039218E-003   152.56768968288955     
   1.0312605599711610E-003   152.56766897721326     
   1.0404845675576161E-003   152.56764789948372     
   1.0497910783631966E-003   152.56762644301568     
   1.0591808303297469E-003   152.56760460100392     
   1.0686545679995580E-003   152.56758236652061     
   1.0782130425744058E-003   152.56755973251381     
   1.0878570119751158E-003   152.56753669180458     
   1.0975872409016612E-003   152.56751323708511     
   1.1074045008937976E-003   152.56748936091626     
   1.1173095703922418E-003   152.56746505572528     
   1.1273032348003958E-003   152.56744031380322     
   1.1373862865466245E-003   152.56741512730275     
   1.1475595251470895E-003   152.56738948823551     
   1.1578237572691457E-003   152.56736338846954     
   1.1681797967953028E-003   152.56733681972679     
   1.1786284648877630E-003   152.56730977358052     
   1.1891705900535317E-003   152.56728224145252     
   1.1998070082101123E-003   152.56725421461044     
   1.2105385627517904E-003   152.56722568416512     
   1.2213661046165069E-003   152.56719664106757     
   1.2322904923533333E-003   152.56716707610624     
   1.2433125921905474E-003   152.56713697990409     
   1.2544332781043201E-003   152.56710634291562     
   1.2656534318880150E-003   152.56707515542374     
   1.2769739432221092E-003   152.56704340753677     
   1.2883957097447381E-003   152.56701108918540     
   1.2999196371228721E-003   152.56697819011930     
   1.3115466391241302E-003   152.56694469990396     
   1.3232776376892346E-003   152.56691060791744     
   1.3351135630051152E-003   152.56687590334695     
   1.3470553535786657E-003   152.56684057518527     
   1.3591039563111622E-003   152.56680461222766     
   1.3712603265733446E-003   152.56676800306786     
   1.3835254282811718E-003   152.56673073609468     
   1.3959002339722535E-003   152.56669279948838     
   1.4083857248829640E-003   152.56665418121682     
   1.4209828910262505E-003   152.56661486903167     
   1.4336927312701316E-003   152.56657485046443     
   1.4465162534169020E-003   152.56653411282278     
   1.4594544742830438E-003   152.56649264318614     
   1.4725084197798530E-003   152.56645042840188     
   1.4856791249947875E-003   152.56640745508102     
   1.4989676342735412E-003   152.56636370959404     
   1.5123750013028554E-003   152.56631917806649     
   1.5259022891940676E-003   152.56627384637468     
   1.5395505705674080E-003   152.56622770014110     
   1.5533209276370529E-003   152.56618072472992     
   1.5672144522969353E-003   152.56613290524240     
   1.5812322462073251E-003   152.56608422651206     
   1.5953754208821828E-003   152.56603467309984     
   1.6096450977772950E-003   152.56598422928943     
   1.6240424083791985E-003   152.56593287908208     
   1.6385684942948990E-003   152.56588060619151     
   1.6532245073423919E-003   152.56582739403896     
   1.6680116096419949E-003   152.56577322574765     
   1.6829309737084954E-003   152.56571808413767     
   1.6979837825441219E-003   152.56566195172036     
   1.7131712297323498E-003   152.56560481069292     
   1.7284945195325432E-003   152.56554664293262     
   1.7439548669754433E-003   152.56548742999112     
   1.7595534979595144E-003   152.56542715308868     
   1.7752916493481467E-003   152.56536579310801     
   1.7911705690677327E-003   152.56530333058851     
   1.8071915162066188E-003   152.56523974571977     
   1.8233557611149404E-003   152.56517501833554     
   1.8396645855053553E-003   152.56510912790725     
   1.8561192825546718E-003   152.56504205353741     
   1.8727211570063898E-003   152.56497377395311     
   1.8894715252741579E-003   152.56490426749934     
   1.9063717155461556E-003   152.56483351213180     
   1.9234230678904097E-003   152.56476148541032     
   1.9406269343610518E-003   152.56468816449137     
   1.9579846791055282E-003   152.56461352612121     
   1.9754976784727655E-003   152.56453754662815     
   1.9931673211223077E-003   152.56446020191521     
   2.0109950081344248E-003   152.56438146745256     
   2.0289821531212101E-003   152.56430131826951     
   2.0471301823386714E-003   152.56421972894685     
   2.0654405347998194E-003   152.56413667360869     
   2.0839146623887750E-003   152.56405212591417     
   2.1025540299758924E-003   152.56396605904908     
   2.1213601155339124E-003   152.56387844571773     
   2.1403344102551560E-003   152.56378925813382     
   2.1594784186697667E-003   152.56369846801184     
   2.1787936587650079E-003   152.56360604655814     
   2.1982816621056284E-003   152.56351196446178     
   2.2179439739553075E-003   152.56341619188518     
   2.2377821533991794E-003   152.56331869845462     
   2.2577977734674621E-003   152.56321945325089     
   2.2779924212601864E-003   152.56311842479909     
   2.2983676980730403E-003   152.56301558105883     
   2.3189252195243422E-003   152.56291088941430     
   2.3396666156831479E-003   152.56280431666352     
   2.3605935311985060E-003   152.56269582900802     
   2.3817076254298614E-003   152.56258539204219     
   2.4030105725786374E-003   152.56247297074225     
   2.4245040618209846E-003   152.56235852945528     
   2.4461897974417213E-003   152.56224203188768     
   2.4680694989694732E-003   152.56212344109395     
   2.4901449013130178E-003   152.56200271946474     
   2.5124177548988525E-003   152.56187982871518     
   2.5348898258099896E-003   152.56175472987240     
   2.5575628959259968E-003   152.56162738326353     
   2.5804387630642854E-003   152.56149774850286     
   2.6035192411226656E-003   152.56136578447922     
   2.6268061602231774E-003   152.56123144934284     
   2.6503013668572051E-003   152.56109470049216     
   2.6740067240318905E-003   152.56095549456015     
   2.6979241114178597E-003   152.56081378740083     
   2.7220554254982644E-003   152.56066953407509     
   2.7464025797191618E-003   152.56052268883653     
   2.7709675046412373E-003   152.56037320511683     
   2.7957521480928842E-003   152.56022103551120     
   2.8207584753246538E-003   152.56006613176322     
   2.8459884691650846E-003   152.55990844474957     
   2.8714441301779291E-003   152.55974792446432     
   2.8971274768207832E-003   152.55958452000345     
   2.9230405456051344E-003   152.55941817954829     
   2.9491853912578486E-003   152.55924885034941     
   2.9755640868840880E-003   152.55907647870976     
   3.0021787241317002E-003   152.55890100996757     
   3.0290314133570684E-003   152.55872238847925     
   3.0561242837924482E-003   152.55854055760170     
   3.0834594837148028E-003   152.55835545967412     
   3.1110391806161435E-003   152.55816703599990     
   3.1388655613754004E-003   152.55797522682826     
   3.1669408324318236E-003   152.55777997133487     
   3.1952672199599399E-003   152.55758120760288     
   3.2238469700460728E-003   152.55737887260321     
   3.2526823488664425E-003   152.55717290217453     
   3.2817756428668559E-003   152.55696323100307     
   3.3111291589440085E-003   152.55674979260161     
   3.3407452246284036E-003   152.55653251928896     
   3.3706261882689090E-003   152.55631134216790     
   3.4007744192189665E-003   152.55608619110379     
   3.4311923080244640E-003   152.55585699470211     
   3.4618822666132891E-003   152.55562368028603     
   3.4928467284865796E-003   152.55538617387310     
   3.5240881489116806E-003   152.55514440015207     
   3.5556090051168348E-003   152.55489828245905     
   3.5874117964876037E-003   152.55464774275299     
   3.6194990447650567E-003   152.55439270159104     
   3.6518732942457245E-003   152.55413307810352     
   3.6845371119833452E-003   152.55386878996819     
   3.7174930879924151E-003   152.55359975338413     
   3.7507438354535561E-003   152.55332588304526     
   3.7842919909207252E-003   152.55304709211327     
   3.8181402145302753E-003   152.55276329219026     
   3.8522911902118830E-003   152.55247439329051     
   3.8867476259013675E-003   152.55218030381209     
   3.9215122537554110E-003   152.55188093050791     
   3.9565878303682005E-003   152.55157617845600     
   3.9919771369900025E-003   152.55126595102968     
   4.0276829797477060E-003   152.55095014986676     
   4.0637081898673164E-003   152.55062867483855     
   4.1000556238984633E-003   152.55030142401787     
   4.1367281639408992E-003   152.54996829364725     
   4.1737287178730299E-003   152.54962917810545     
   4.2110602195824937E-003   152.54928396987455     
   4.2487256291987930E-003   152.54893255950572     
   4.2867279333280144E-003   152.54857483558433     
   4.3250701452896461E-003   152.54821068469502     
   4.3637553053555147E-003   152.54783999138564     
   4.4027864809908536E-003   152.54746263813070     
   4.4421667670975357E-003   152.54707850529394     
   4.4818992862594746E-003   152.54668747109099     
   4.5219871889902261E-003   152.54628941155022     
   4.5624336539828022E-003   152.54588420047386     
   4.6032418883617176E-003   152.54547170939793     
   4.6444151279372943E-003   152.54505180755149     
   4.6859566374622373E-003   152.54462436181547     
   4.7278697108905079E-003   152.54418923668024     
   4.7701576716385119E-003   152.54374629420298     
   4.8128238728486214E-003   152.54329539396386     
   4.8558716976550590E-003   152.54283639302156     
   4.8993045594521532E-003   152.54236914586821     
   4.9431259021650029E-003   152.54189350438313     
   4.9873392005225451E-003   152.54140931778605     
   5.0319479603330936E-003   152.54091643258951     
   5.0769557187623077E-003   152.54041469255000     
   5.1223660446136805E-003   152.53990393861875     
   5.1681825386115099E-003   152.53938400889129     
   5.2144088336864118E-003   152.53885473855635     
   5.2610485952633958E-003   152.53831595984349     
   5.3081055215524952E-003   152.53776750197025     
   5.3555833438420171E-003   152.53720919108792     
   5.4034858267944068E-003   152.53664085022672     
   5.4518167687447588E-003   152.53606229923969     
   5.5005800020019972E-003   152.53547335474570     
   5.5497793931527538E-003   152.53487383007149     
   5.5994188433679580E-003   152.53426353519268     
   5.6495022887121773E-003   152.53364227667348     
   5.7000337004557170E-003   152.53300985760575     
   5.7510170853895138E-003   152.53236607754644     
   5.8024564861428483E-003   152.53171073245454     
   5.8543559815038976E-003   152.53104361462630     
   5.9067196867431540E-003   152.53036451262957     
   5.9595517539397366E-003   152.52967321123705     
   6.0128563723106246E-003   152.52896949135825     
   6.0666377685428324E-003   152.52825312996995     
   6.1209002071285551E-003   152.52752390004628     
   6.1756479907033156E-003   152.52678157048618     
   6.2308854603871323E-003   152.52602590604096     
   6.2866169961287403E-003   152.52525666723974     
   6.3428470170528890E-003   152.52447361031366     
   6.3995799818107541E-003   152.52367648711893     
   6.4568203889334682E-003   152.52286504505841     
   6.5145727771888330E-003   152.52203902700180     
   6.5728417259412050E-003   152.52119817120436     
   6.6316318555146130E-003   152.52034221122426     
   6.6909478275591116E-003   152.51947087583827     
   6.7507943454204232E-003   152.51858388895619     
   6.8111761545128768E-003   152.51768096953367     
   6.8720980426956891E-003   152.51676183148334     
   6.9335648406526089E-003   152.51582618358435     
   6.9955814222749544E-003   152.51487372939076     
   7.0581527050480796E-003   152.51390416713747     
   7.1212836504413006E-003   152.51291718964532     
   7.1849792643012989E-003   152.51191248422373     
   7.2492445972490551E-003   152.51088973257242     
   7.3140847450803301E-003   152.50984861068034     
   7.3795048491697192E-003   152.50878878872402     
   7.4455100968783359E-003   152.50770993096296     
   7.5121057219651255E-003   152.50661169563398     
   7.5792970050018744E-003   152.50549373484313     
   7.6470892737919155E-003   152.50435569445611     
   7.7154879037925894E-003   152.50319721398643     
   7.7844983185414813E-003   152.50201792648164     
   7.8541259900864694E-003   152.50081745840760     
   7.9243764394196208E-003   152.49959542953067     
   7.9952552369149648E-003   152.49835145279783     
   8.0667680027701905E-003   152.49708513421444     
   8.1389204074522863E-003   152.49579607272017     
   8.2117181721471696E-003   152.49448386006242     
   8.2851670692133325E-003   152.49314808066774     
   8.3592729226395594E-003   152.49178831151062     
   8.4340416085067187E-003   152.49040412198030     
   8.5094790554537045E-003   152.48899507374503     
   8.5855912451475291E-003   152.48756072061394     
   8.6623842127576314E-003   152.48610060839636     
   8.7398640474344261E-003   152.48461427475874     
   8.8180368927921263E-003   152.48310124907911     
   8.8969089473958912E-003   152.48156105229876     
   8.9764864652533312E-003   152.47999319677120     
   9.0567757563104062E-003   152.47839718610905     
   9.1377831869517614E-003   152.47677251502711     
   9.2195151805055352E-003   152.47511866918381     
   9.3019782177526864E-003   152.47343512501911     
   9.3851788374408746E-003   152.47172134958956     
   9.4691236368029414E-003   152.46997680040090     
   9.5538192720800164E-003   152.46820092523694     
   9.6392724590493219E-003   152.46639316198633     
   9.7254899735566783E-003   152.46455293846535     
   9.8124786520537854E-003   152.46267967223807     
   9.9002453921403100E-003   152.46077277043318     
   9.9887971531108077E-003   152.45883162955764     
   1.0078140956506557E-002   152.45685563530685     
   1.0168283886672314E-002   152.45484416237161     
   1.0259233091318048E-002   152.45279657424175     
   1.0350995782085719E-002   152.45071222300578     
   1.0443579235121092E-002   152.44859044914764     
   1.0536990791650698E-002   152.44643058133940     
   1.0631237858563942E-002   152.44423193623055     
   1.0726327909000414E-002   152.44199381823319     
   1.0822268482942456E-002   152.43971551930395     
   1.0919067187813032E-002   152.43739631872151     
   1.1016731699078949E-002   152.43503548286051     
   1.1115269760859461E-002   152.43263226496137     
   1.1214689186540326E-002   152.43018590489595     
   1.1314997859393359E-002   152.42769562892940     
   1.1416203733201511E-002   152.42516064947708     
   1.1518314832889558E-002   152.42258016485806     
   1.1621339255160415E-002   152.41995335904363     
   1.1725285169137156E-002   152.41727940140152     
   1.1830160817010757E-002   152.41455744643596     
   1.1935974514693659E-002   152.41178663352233     
   1.2042734652479155E-002   152.40896608663817     
   1.2150449695706677E-002   152.40609491408853     
   1.2259128185433048E-002   152.40317220822695     
   1.2368778739109727E-002   152.40019704517141     
   1.2479410051266106E-002   152.39716848451536     
   1.2591030894198933E-002   152.39408556903339     
   1.2703650118667895E-002   152.39094732438204     
   1.2817276654597417E-002   152.38775275879505     
   1.2931919511784745E-002   152.38450086277348     
   1.3047587780614364E-002   152.38119060877023     
   1.3164290632778797E-002   152.37782095086891     
   1.3282037322005858E-002   152.37439082445746     
   1.3400837184792413E-002   152.37089914589566     
   1.3520699641144697E-002   152.36734481217667     
   1.3641634195325247E-002   152.36372670058307     
   1.3763650436606540E-002   152.36004366833671     
   1.3886758040031347E-002   152.35629455224216     
   1.4010966767179892E-002   152.35247816832404     
   1.4136286466943888E-002   152.34859331145827     
   1.4262727076307479E-002   152.34463875499634     
   1.4390298621135176E-002   152.34061325038340     
   1.4519011216966840E-002   152.33651552676949     
   1.4648875069819770E-002   152.33234429061395     
   1.4779900476997980E-002   152.32809822528307     
   1.4912097827908685E-002   152.32377599064037     
   1.5045477604886131E-002   152.31937622263013     
   1.5180050384022752E-002   152.31489753285322     
   1.5315826836007799E-002   152.31033850813591     
   1.5452817726973430E-002   152.30569771009087     
   1.5591033919348414E-002   152.30097367467059     
   1.5730486372719430E-002   152.29616491171311     
   1.5871186144700091E-002   152.29126990447966     
   1.6013144391807736E-002   152.28628710918440     
   1.6156372370348060E-002   152.28121495451578     
   1.6300881437307676E-002   152.27605184114987     
   1.6446683051254622E-002   152.27079614125503     
   1.6593788773246972E-002   152.26544619798770     
   1.6742210267749528E-002   152.26000032498013     
   1.6891959303558739E-002   152.25445680581839     
   1.7043047754735880E-002   152.24881389351219     
   1.7195487601548595E-002   152.24306980995468     
   1.7349290931420836E-002   152.23722274537340     
   1.7504469939891319E-002   152.23127085777165     
   1.7661036931580543E-002   152.22521227235998     
   1.7819004321166468E-002   152.21904508097819     
   1.7978384634368891E-002   152.21276734150706     
   1.8139190508942690E-002   152.20637707726991     
   1.8301434695679859E-002   152.19987227642414     
   1.8465130059420597E-002   152.19325089134202     
   1.8630289580073400E-002   152.18651083798079     
   1.8796926353644237E-002   152.17964999524213     
   1.8965053593275022E-002   152.17266620432048     
   1.9134684630291297E-002   152.16555726803995     
   1.9305832915259325E-002   152.15832095018050     
   1.9478512019052614E-002   152.15095497479166     
   1.9652735633928001E-002   152.14345702549534     
   1.9828517574611369E-002   152.13582474477602     
   2.0005871779393027E-002   152.12805573325934     
   2.0184812311232942E-002   152.12014754897797     
   2.0365353358875828E-002   152.11209770662504     
   2.0547509237976214E-002   152.10390367679517     
   2.0731294392233590E-002   152.09556288521182     
   2.0916723394537668E-002   152.08707271194240     
   2.1103810948123920E-002   152.07843049059923     
   2.1292571887739462E-002   152.06963350752756     
   2.1483021180819323E-002   152.06067900097921     
   2.1675173928673259E-002   152.05156416027273     
   2.1869045367683207E-002   152.04228612493907     
   2.2064650870511397E-002   152.03284198385282     
   2.2262005947319304E-002   152.02322877434881     
   2.2461126246997521E-002   152.01344348132372     
   2.2662027558406562E-002   152.00348303632282     
   2.2864725811628850E-002   151.99334431661083     
   2.3069237079231843E-002   151.98302414422781     
   2.3275577577542488E-002   151.97251928502854     
   2.3483763667933043E-002   151.96182644770636     
   2.3693811858118450E-002   151.95094228280018     
   2.3905738803465255E-002   151.93986338168529     
   2.4119561308312273E-002   151.92858627554705     
   2.4335296327303069E-002   151.91710743433757     
   2.4552960966730326E-002   151.90542326571506     
   2.4772572485892260E-002   151.89353011396534     
   2.4994148298461170E-002   151.88142425890581     
   2.5217705973864205E-002   151.86910191477079     
   2.5443263238676524E-002   151.85655922907893     
   2.5670837978026863E-002   151.84379228148134     
   2.5900448237015726E-002   151.83079708259129     
   2.6132112222146210E-002   151.81756957279421     
   2.6365848302767690E-002   151.80410562103833     
   2.6601675012532338E-002   151.79040102360551     
   2.6839611050864756E-002   151.77645150286159     
   2.7079675284444681E-002   151.76225270598704     
   2.7321886748702985E-002   151.74780020368590     
   2.7566264649331072E-002   151.73308948887478     
   2.7812828363803742E-002   151.71811597534949     
   2.8061597442915687E-002   151.70287499643092     
   2.8312591612331746E-002   151.68736180358843     
   2.8565830774151001E-002   151.67157156504140     
   2.8821335008484876E-002   151.65549936433783     
   2.9079124575049374E-002   151.63914019891041     
   2.9339219914771494E-002   151.62248897860923     
   2.9601641651410094E-002   151.60554052421122     
   2.9866410593191173E-002   151.58828956590557     
   3.0133547734457852E-002   151.57073074175491     
   3.0403074257335076E-002   151.55285859613252     
   3.0675011533409176E-002   151.53466757813425     
   3.0949381125422538E-002   151.51615203996548     
   3.1226204788983344E-002   151.49730623530291     
   3.1505504474290652E-002   151.47812431763026     
   3.1787302327874883E-002   151.45860033854785     
   3.2071620694353917E-002   151.43872824605609     
   3.2358482118204843E-002   151.41850188281185     
   3.2647909345551569E-002   151.39791498435790     
   3.2939925325968469E-002   151.37696117732483     
   3.3234553214300099E-002   151.35563397760527     
   3.3531816372497206E-002   151.33392678849995     
   3.3831738371469203E-002   151.31183289883526     
   3.4134342992953148E-002   151.28934548105212     
   3.4439654231399476E-002   151.26645758926546     
   3.4747696295874632E-002   151.24316215729471     
   3.5058493611980601E-002   151.21945199666388     
   3.5372070823791783E-002   151.19531979457199     
   3.5688452795809025E-002   151.17075811183267     
   3.6007664614931233E-002   151.14575938078320     
   3.6329731592444590E-002   151.12031590316212     
   3.6654679266029583E-002   151.09441984795555     
   3.6982533401785908E-002   151.06806324921158     
   3.7313319996275608E-002   151.04123800382263     
   3.7647065278584371E-002   151.01393586927512     
   3.7983795712401347E-002   150.98614846136650     
   3.8323537998117524E-002   150.95786725188910     
   3.8666319074942876E-002   150.92908356628055     
   3.9012166123042473E-002   150.89978858124053     
   3.9361106565691660E-002   150.86997332231309     
   3.9713168071450554E-002   150.83962866143511     
   4.0068378556357941E-002   150.80874531444988     
   4.0426766186144859E-002   150.77731383858537     
   4.0788359378467920E-002   150.74532462989794     
   4.1153186805162646E-002   150.71276792067997     
   4.1521277394516935E-002   150.67963377683179     
   4.1892660333564889E-002   150.64591209519779     
   4.2267365070401117E-002   150.61159260086589     
   4.2645421316515823E-002   150.57666484443070     
   4.3026859049150643E-002   150.54111819921951     
   4.3411708513675686E-002   150.50494185848171     
   4.3800000225987762E-002   150.46812483254061     
   4.4191764974930103E-002   150.43065594590777     
   4.4587033824733675E-002   150.39252383435991     
   4.4985838117480373E-002   150.35371694197778     
   4.5388209475588248E-002   150.31422351814700     
   4.5794179804318880E-002   150.27403161452094     
   4.6203781294307342E-002   150.23312908194490     
   4.6617046424114607E-002   150.19150356734235     
   4.7034007962802930E-002   150.14914251056214     
   4.7454698972534175E-002   150.10603314118740     
   4.7879152811191442E-002   150.06216247530563     
   4.8307403135024060E-002   150.01751731224022     
   4.8739483901316397E-002   149.97208423124255     
   4.9175429371080326E-002   149.92584958814629     
   4.9615274111771961E-002   149.87879951198209     
   5.0059053000032584E-002   149.83091990155393     
   5.0506801224454126E-002   149.78219642197672     
   5.0958554288369387E-002   149.73261450117536     
   5.1414348012667192E-002   149.68215932634524     
   5.1874218538632756E-002   149.63081584037454     
   5.2338202330813412E-002   149.57856873822837     
   5.2806336179910041E-002   149.52540246329491     
   5.3278657205694253E-002   149.47130120369405     
   5.3755202859951799E-002   149.41624888854855     
   5.4236010929452183E-002   149.36022918421787     
   5.4721119538944936E-002   149.30322549049595     
   5.5210567154182592E-002   149.24522093677189     
   5.5704392584970806E-002   149.18619837815518     
   5.6202634988245695E-002   149.12614039156557     
   5.6705333871178674E-002   149.06502927178775     
   5.7212529094309135E-002   149.00284702749212     
   5.7724260874705099E-002   148.93957537722139     
   5.8240569789152173E-002   148.87519574534468     
   5.8761496777370956E-002   148.80968925797896     
   5.9287083145263354E-002   148.74303673887920     
   5.9817370568187769E-002   148.67521870529777     
   6.0352401094263722E-002   148.60621536381407     
   6.0892217147705957E-002   148.53600660613557     
   6.1436861532188386E-002   148.46457200487077     
   6.1986377434238148E-002   148.39189080927574     
   6.2540808426659947E-002   148.31794194097509     
   6.3100198471991151E-002   148.24270398965871     
   6.3664591925987613E-002   148.16615520875575     
   6.4234033541140906E-002   148.08827351108644     
   6.4808568470226785E-002   148.00903646449490     
   6.5388242269885502E-002   147.92842128746253     
   6.5973100904234167E-002   147.84640484470484     
   6.6563190748511386E-002   147.76296364275365     
   6.7158558592754436E-002   147.67807382552547     
   6.7759251645509486E-002   147.59171116987869     
   6.8365317537574785E-002   147.50385108116188     
   6.8976804325777602E-002   147.41446858875437     
   6.9593760496784646E-002   147.32353834160261     
   7.0216234970946853E-002   147.23103460375353     
   7.0844277106178341E-002   147.13693124988819     
   7.1477936701870221E-002   147.04120176085794     
   7.2117264002839285E-002   146.94381921922593     
   7.2762309703312086E-002   146.84475630481683     
   7.3413124950944667E-002   146.74398529027775     
   7.4069761350878172E-002   146.64147803665347     
   7.4732270969830844E-002   146.53720598897948     
   7.5400706340226470E-002   146.43114017189575     
   7.6075120464359908E-002   146.32325118528544     
   7.6755566818599769E-002   146.21350919994188     
   7.7442099357628719E-002   146.10188395326765     
   7.8134772518721723E-002   145.98834474501049     
   7.8833641226062540E-002   145.87286043303914     
   7.9538760895098856E-002   145.75539942916484     
   8.0250187436936293E-002   145.63592969501212     
   8.0967977262771815E-002   145.51441873794403     
   8.1692187288366719E-002   145.39083360704700     
   8.2422874938559654E-002   145.26514088918012     
   8.3160098151820100E-002   145.13730670509455     
   8.3903915384842348E-002   145.00729670562853     
   8.4654385617180833E-002   144.87507606798405     
   8.5411568355926698E-002   144.74060949209093     
   8.6175523640426396E-002   144.60386119706459     
   8.6946312047042326E-002   144.46479491776486     
   8.7723994693956156E-002   144.32337390146114     
   8.8508633246015003E-002   144.17956090461240     
   8.9300289919621176E-002   144.03331818976844     
   9.0099027487665323E-002   143.88460752260053     
   9.0904909284504024E-002   143.73339016906834     
   9.1717999210981685E-002   143.57962689273290     
   9.2538361739497491E-002   143.42327795222189     
   9.3366061919117588E-002   143.26430309885825     
   9.4201165380732990E-002   143.10266157445892     
   9.5043738342263762E-002   142.93831210931489     
   9.5893847613909525E-002   142.77121292036074     
   9.6751560603447098E-002   142.60132170954475     
   9.7616945321575471E-002   142.42859566240898     
   9.8490070387308573E-002   142.25299144689066     
   9.9371005033416268E-002   142.07446521235528     
  0.10025981911191406        141.89297258887308     
  0.10115658309960186        141.70846868675073     
  0.10206136810365234        141.52090809632955     
  0.10297424586724914        141.33024488806365     
  0.10389528877527575        141.13643261289019     
  0.10482456986005502        140.93942430290514     
  0.10576216280714014        140.73917247235809     
  0.10670814196115745        140.53562911898024     
  0.10766258233170141        140.32874572565984     
  0.10862555959928229        140.11847326247997     
  0.10959715012132719        139.90476218913409     
  0.11057743093823463        139.68756245773460     
  0.11156647977948335        139.46682351603087     
  0.11256437506979564        139.24249431105355     
  0.11357119593535592        139.01452329320139     
  0.11458702221008496        138.78285842078878     
  0.11561193444197006        138.54744716507156     
  0.11664601389945196        138.30823651576935     
  0.11768934257786895        138.06517298710361     
  0.11874200320595844        137.81820262437034     
  0.11980407925241682        137.56727101106765     
  0.12087565493251792        137.31232327659754     
  0.12195681521479075        137.05330410456367     
  0.12304764582775686        136.79015774168573     
  0.12414823326672807        136.52282800735165     
  0.12525866480066483        136.25125830383064     
  0.12637902847909627        135.97539162716899     
  0.12750941313910169        135.69517057879179     
  0.12864990841235482        135.41053737783415     
  0.12980060473223104        135.12143387422577     
  0.13096159334097801        134.82780156255336     
  0.13213296629695065        134.52958159672548     
  0.13331481648191065        134.22671480546543     
  0.13450723760839142        133.91914170865752     
  0.13571032422712878        133.60680253457315     
  0.13692417173455823        133.28963723800246     
  0.13814887638037923        132.96758551931975     
  0.13938453527518704        132.64058684450845     
  0.14063124639817304        132.30858046617388     
  0.14188910860489376        131.97150544557198     
  0.14315822163510938        131.62930067568169     
  0.14443868612069252        131.28190490534965     
  0.14573060359360754        130.92925676453598     
  0.14703407649396133        130.57129479069005     
  0.14834920817812622        130.20795745628567     
  0.14967610292693528        129.83918319754423     
  0.15101486595395117        129.46491044437644     
  0.15236560341380870        129.08507765157097     
  0.15372842241063242        128.69962333126017     
  0.15510343100652899        128.30848608669248     
  0.15649073823015577        127.91160464734092     
  0.15789045408536626        127.50891790537651     
  0.15930268955993243        127.10036495353702     
  0.16072755663434532        126.68588512441890     
  0.16216516829069438        126.26541803122176     
  0.16361563852162606        125.83890360997360     
  0.16507908233938279        125.40628216326473     
  0.16655561578492256        124.96749440551798     
  0.16804535593712014        124.52248150982189     
  0.16954842092205069        124.07118515635329     
  0.17106492992235631        123.61354758241464     
  0.17259500318669632        123.14951163411098     
  0.17413876203928236        122.67902081968988     
  0.17569632888949832        122.20201936456739     
  0.17726782724160667        121.71845226806158     
  0.17885338170454151        121.22826536185343     
  0.18045311800178918        120.73140537019475     
  0.18206716298135719        120.22781997187981     
  0.18369564462583252        119.71745786399718     
  0.18533869206252959        119.20026882747516     
  0.18699643557372936        118.67620379443331     
  0.18866900660700958        118.14521491735017     
  0.19035653778566794        117.60725564005486     
  0.19205916291923786        117.06228077054824     
  0.19377701701409900        116.51024655565674     
  0.19551023628418204        115.95111075751873     
  0.19725895816176972        115.38483273190174     
  0.19902332130839415        114.81137350834385     
  0.20080346562583165        114.23069587211168     
  0.20259953226719621        113.64276444796155     
  0.20441166364813168        113.04754578568891     
  0.20624000345810461        112.44500844744579     
  0.20808469667179763        111.83512309680290     
  0.20994588956060500        111.21786258952824     
  0.21182372970423100        110.59320206604984     
  0.21371836600239180        109.96111904556575     
  0.21562994868662241        109.32159352175877     
  0.21755862933218875        108.67460806006935     
  0.21950456087010675        108.02014789647372     
  0.22146789759926858        107.35820103770916     
  0.22344879519867741        106.68875836288247     
  0.22544741073979191        106.01181372639145     
  0.22746390269898079        105.32736406208281     
  0.22949843097008887        104.63540948856364     
  0.23155115687711550        103.93595341557639     
  0.23362224318700667        103.22900265134028     
  0.23571185412256093        102.51456751075483     
  0.23782015537545154        101.79266192435379     
  0.23994731411936435        101.06330354788940     
  0.24209349902325364        100.32651387241975     
  0.24425888026471637        99.582318334762419     
  0.24644362954348617        98.830746428170613     
  0.24864792009504783        98.071831813078191     
  0.25087192670437369        97.305612427751669     
  0.25311582571978303        96.532130598677512     
  0.25537979506692488        95.751433150505051     
  0.25766401426288688        94.963571515354005     
  0.25996866443042921        94.168601841288165     
  0.26229392831234655        93.366585099745322     
  0.26463999028595858        92.557587191704343     
  0.26700703637772938        91.741679052360965     
  0.26939525427801819        90.918936754072931     
  0.27180483335596228        90.089441607325384     
  0.27423596467449213        89.253280259457910     
  0.27668884100548169        88.410544790884217     
  0.27916365684503380        87.561332808524909     
  0.28166060842890228        86.705747536165546     
  0.28417989374805230        85.843897901440783     
  0.28672171256435930        84.975898619136458     
  0.28928626642644917        84.101870270493052     
  0.29187375868567939        83.221939378183265     
  0.29448439451226344        82.336238476628679     
  0.29711838091153936        81.444906177312532     
  0.29977592674038389        80.548087228736009     
  0.30245724272377339        79.645932570660008     
  0.30516254147149274        78.738599382265875     
  0.30789203749499394        77.826251123862733     
  0.31064594722440547        76.909057571763682     
  0.31342448902569331        75.987194845947926     
  0.31622788321797640        75.060845430121276     
  0.31905635209099603        74.130198183785524     
  0.32191011992274199        73.195448345923353     
  0.32478941299723618        72.256797529905413     
  0.32769445962247568        71.314453709225489     
  0.33062549014853543        70.368631193670808     
  0.33358273698583402        69.419550595536990     
  0.33656643462356173        68.467438785501031     
  0.33957681964827424        67.512528837770404     
  0.34261413076265212        66.555059964133562     
  0.34567860880442830        65.595277436545132     
  0.34877049676548477        64.633432497889416     
  0.35189003981112060        63.669782260577101     
  0.35503748529949114        62.704589592644730     
  0.35821308280122238        61.738122991040655     
  0.36141708411919993        60.770656441800455     
  0.36464974330853539        59.802469266833334     
  0.36791131669671073        58.833845957063552     
  0.37120206290390401        57.865075991694404     
  0.37452224286349550        56.896453643389826     
  0.37787211984275826        55.928277769196185     
  0.38125195946373325        54.960851587058293     
  0.38466202972429153        53.994482437817780     
  0.38810260101938426        53.029481532617126     
  0.39157394616248353        52.066163685671050     
  0.39507634040721434        51.104847032408365     
  0.39861006146918038        50.145852733029798     
  0.40217538954798510        49.189504661573572     
  0.40577260734944914        48.236129080628160     
  0.40940200010802769        47.286054301881592     
  0.41306385560942677        46.339610332750247     
  0.41675846421342322        45.397128509383442     
  0.42048611887688814        44.458941116397192     
  0.42424711517701613        43.525380993750062     
  0.42804175133476252        42.596781131232632     
  0.43187032823849070        41.673474251105169     
  0.43573314946782971        40.755792379481306     
  0.43963052131774666        39.844066407119307     
  0.44356275282283342        38.938625640348455     
  0.44753015578181127        38.039797342923862     
  0.45153304478225376        37.147906269669690     
  0.45557173722553224        36.263274192836498     
  0.45964655335198268        35.386219422165901     
  0.46375781626629903        34.517056319719892     
  0.46790585196315310        33.656094810597779     
  0.47209098935304372        32.803639890726529     
  0.47631356028837679        31.959991132971652     
  0.48057389958977920        31.125442192874711     
  0.48487234507264759        30.300280315380359     
  0.48920923757393492        29.484785843968385     
  0.49358492097917633        28.679231733656501     
  0.49799974224975713        27.883883069383927     
  0.50245405145042399        27.098996591327662     
  0.50694820177704303        26.324820228737565     
  0.51148254958460571        25.561592643907119     
  0.51605745441548545        24.809542787919568     
  0.52067327902794625        24.068889469826658     
  0.52533038942490795        23.339840940925736     
  0.53002915488296654        22.622594495804456     
  0.53476994798167632        21.917336091814619     
  0.53955314463309190        21.224239988623307     
  0.54437912411157641        20.543468409464825     
  0.54924826908387459        19.875171225684944     
  0.55416096563945560        19.219485666125880     
  0.55911760332112792        18.576536052848322     
  0.56411857515592667        17.946433564624719     
  0.56916427768627842        17.329276029565257     
  0.57425511100144400        16.725147748155422     
  0.57939147876924257        16.134119347890952     
  0.58457378826806061        15.556247670592986     
  0.58980245041914492        14.991575693373369     
  0.59507787981918725        14.440132484096534     
  0.60040049477319768        13.901933192053486     
  0.60577071732767429        13.376979074420898     
  0.61118897330406796        12.865257558930185     
  0.61665569233254702        12.366742343013321     
  0.62217130788606445        11.881393529528438     
  0.62773625731472893        11.409157798997850     
  0.63335098188048344        10.949968618115555     
  0.63901592679209496        10.503746484101434     
  0.64473154124045584        10.070399204296988     
  0.65049827843420160        9.6498222102123794     
  0.65631659563564748        9.2418989050497480     
  0.66218695419704621        8.8465010435433324     
  0.66810981959716964        8.4634891427749075     
  0.67408566147821825        8.0927129224446261     
  0.68011495368306074        7.7340117729043474     
  0.68619817429280594        7.3872152490942167     
  0.69233580566471209        7.0521435883651584     
  0.69852833447043339        6.7286082500220505     
  0.70477625173461078        6.4164124742852549     
  0.71108005287380605        6.1153518582448205     
  0.71744023773578525        5.8252149462715792     
  0.72385731063915304        5.5457838322558271     
  0.73033178041334201        5.2768347709668886     
  0.73686416043895875        5.0181387957680093     
  0.74345496868849148        4.7694623398806248     
  0.75010472776738246        4.5305678583719384     
  0.75681396495546560        4.3012144480397900     
  0.76358321224877779        4.0811584623896948     
  0.77041300640174071        3.8701541189415098     
  0.77730388896972324        3.6679540961662123     
  0.78425640635198235        3.4743101174382871     
  0.79127110983498838        3.2889735194941698     
  0.79834855563613949        3.1116958030124460     
  0.80548930494786442        2.9422291630761679     
  0.81269392398212215        2.7803269974397051     
  0.81996298401529810        2.6257443907020166     
  0.82729706143350246        2.4782385726822023     
  0.83469673777827402        2.3375693495008880     
  0.84216259979269192        2.2034995060898495     
  0.84969523946790038        2.0757951790804050     
  0.85729525409004959        1.9542261992561292     
  0.86496324628765642        1.8385664029949735     
  0.87269982407938840        1.7285939123673644     
  0.88050560092227603        1.6240913837977276     
  0.88838119576035490        1.5248462254346475     
  0.89632723307374407        1.4306507836067159     
  0.90434434292816301        1.3413024989648012     
  0.91243316102489147        1.2566040331242239     
  0.92059432875117597        1.1763633668200799     
  0.92882849323108752        1.1003938707733485     
  0.93713630737683418        1.0285143506326193     
  0.94551842994053248       0.96054906750441893     
  0.95397552556644138       0.89632773571281521     
  0.96250826484366458       0.83568549953491567     
  0.97111732435932374       0.77846289074228681     
  0.97980338675220602       0.72450576883851459     
  0.98856714076689400       0.67366524591986288     
  0.99740928130837736       0.62579759809950875     
   1.0063305094971549       0.58076416542633147     
   1.0153315327248271       0.53843124219773042     
   1.0244130647101894       0.49866995951329796     
   1.0335758255558236       0.46135616184399503     
   1.0428205418051970       0.42637027930120519     
   1.0521479465002737       0.39359719718376079     
   1.0615587792396375       0.36292612426082016     
   1.0710537862371399       0.33425046111651668     
   1.0806337203810665       0.30746766974123418     
   1.0902993412938384       0.28247914540645042     
   1.1000514153922432       0.25919009170811796     
   1.1098907159482079       0.23750939950987196     
   1.1198180231501127       0.21734953036458390     
   1.1298341241646561       0.19862640484322225     
   1.1399398131992702       0.18125929605596533     
   1.1501358915650965       0.16517072851400968     
   1.1604231677405255       0.15028638235348168     
   1.1708024574353004       0.13653500282683173     
   1.1812745836552012       0.12384831486341938     
   1.1918403767672994       0.11216094241080118     
   1.2025006745658040       0.10141033219215440     
   1.2132563223384893        9.1536681453914387E-002
   1.2241081729337235        8.2482869231074868E-002
   1.2350570868280917        7.4194390625716505E-002
   1.2461039321946266        6.6619293576657551E-002
   1.2572495849716474        5.9708117594094626E-002
   1.2684949289322174        5.3413833941761787E-002
   1.2798408557542200        4.7691786769444119E-002
   1.2912882650910633        4.2499634729327690E-002
   1.3028380646430149        3.7797292649298132E-002
   1.3144911702291777        3.3546872883396354E-002
   1.3262485058601081        2.9712626012670010E-002
   1.3381110038110822        2.6260880627036007E-002
   1.3500796046960200        2.3159981978941133E-002
   1.3621552575420695        2.0380229361053864E-002
   1.3743389198648570        1.7893812121500412E-002
   1.3866315577444130        1.5674744289931951E-002
   1.3990341459017748        1.3698797844769427E-002
   1.4115476677762737        1.1943434705238093E-002
   1.4241731156035189        1.0387737580370988E-002
   1.4369114904940696        9.0123398502818010E-003
   1.4497638025128210        7.7993546921020082E-003
   1.4627310707590924        6.7323036936573133E-003
   1.4758143234474359        5.7960452219759564E-003
   1.4890145979891665        4.9767028310200604E-003
   1.5023329410746211        4.2615940036822677E-003
   1.5157704087561557        3.6391595273175719E-003
   1.5293280665318800        3.0988938002247494E-003
   1.5430069894301464        2.6312763589995294E-003
   1.5568082620947914        2.2277049040896656E-003
   1.5707329788711413        1.8804300837904566E-003
   1.5847822438927837        1.5824922759822336E-003
   1.5989571711691213        1.3276605828111041E-003
   1.6132588846737015        1.1103742269478298E-003
   1.6276885184333423        9.2568650971845299E-004
   1.6422472166180522        7.6921146195991943E-004
   1.6569361336317532        6.3707328855501120E-004
   1.6717564342038203        5.2585867784265682E-004
   1.6867092934814332        4.3257201802740378E-004
   1.7017958971227591        3.5459353480985666E-004
   1.7170174413909673        2.8964033814779972E-004
   1.7323751332490838        2.3573034168450065E-004
   1.7478701904556957        1.9114899622541340E-004
   1.7635038416615096        1.5441875891528454E-004
   1.7792773265067783        1.2427120260423712E-004
   1.7951918957195918        9.9621655368189351E-005
   1.8112488112150542        7.9546248279663878E-005
   1.8274493461953429        6.3261240268487265E-005
   1.8437947852506671        5.0104482177829660E-005
   1.8602864244611241        3.9518877777716029E-005
   1.8769255714994715        3.1037697378876917E-005
   1.8937135457348160        2.4271599600829831E-005
   1.9106516783372292        1.8897218575410943E-005
   1.9277413123833020        1.4647177183675333E-005
   1.9449838029626407        1.1301391596718079E-005
   1.9623805172853150        8.6795381856446730E-006
   1.9799328347902698        6.6345605537479533E-006
   1.9976421472547041        5.0471018056385375E-006
