   2.1933573926405111E-006   299.74519298569106     
   2.2129756598513593E-006   299.74519298543385     
   2.2327694007035066E-006   299.74519298517214     
   2.2527401847034970E-006   299.74519298490571     
   2.2728895953961725E-006   299.74519298463451     
   2.2932192304902313E-006   299.74519298435843     
   2.3137307019849213E-006   299.74519298407733     
   2.3344256362978556E-006   299.74519298379124     
   2.3553056743939781E-006   299.74519298350003     
   2.3763724719156807E-006   299.74519298320348     
   2.3976276993140852E-006   299.74519298290164     
   2.4190730419814962E-006   299.74519298259440     
   2.4407102003850425E-006   299.74519298228165     
   2.4625408902015130E-006   299.74519298196333     
   2.4845668424533952E-006   299.74519298163921     
   2.5067898036461373E-006   299.74519298130929     
   2.5292115359066309E-006   299.74519298097346     
   2.5518338171229363E-006   299.74519298063160     
   2.5746584410852573E-006   299.74519298028349     
   2.5976872176281760E-006   299.74519297992924     
   2.6209219727741587E-006   299.74519297956863     
   2.6443645488783509E-006   299.74519297920142     
   2.6680168047746575E-006   299.74519297882773     
   2.6918806159231402E-006   299.74519297844734     
   2.7159578745587277E-006   299.74519297806000     
   2.7402504898412538E-006   299.74519297766574     
   2.7647603880068441E-006   299.74519297726442     
   2.7894895125206515E-006   299.74519297685589     
   2.8144398242309589E-006   299.74519297644002     
   2.8396133015246638E-006   299.74519297601671     
   2.8650119404841473E-006   299.74519297558584     
   2.8906377550455502E-006   299.74519297514706     
   2.9164927771584675E-006   299.74519297470050     
   2.9425790569470623E-006   299.74519297424587     
   2.9688986628726321E-006   299.74519297378311     
   2.9954536818976190E-006   299.74519297331204     
   3.0222462196510953E-006   299.74519297283251     
   3.0492784005957210E-006   299.74519297234428     
   3.0765523681962028E-006   299.74519297184736     
   3.1040702850892537E-006   299.74519297134145     
   3.1318343332550765E-006   299.74519297082657     
   3.1598467141903788E-006   299.74519297030230     
   3.1881096490829357E-006   299.74519296976871     
   3.2166253789877168E-006   299.74519296922546     
   3.2453961650045857E-006   299.74519296867254     
   3.2744242884575871E-006   299.74519296810962     
   3.3037120510758433E-006   299.74519296753647     
   3.3332617751760633E-006   299.74519296695325     
   3.3630758038466874E-006   299.74519296635941     
   3.3931565011336784E-006   299.74519296575494     
   3.4235062522279714E-006   299.74519296513961     
   3.4541274636546064E-006   299.74519296451325     
   3.4850225634635467E-006   299.74519296387558     
   3.5161940014222070E-006   299.74519296322637     
   3.5476442492097042E-006   299.74519296256557     
   3.5793758006128418E-006   299.74519296189300     
   3.6113911717238533E-006   299.74519296120826     
   3.6436929011399077E-006   299.74519296051119     
   3.6762835501644054E-006   299.74519295980167     
   3.7091657030100689E-006   299.74519295907936     
   3.7423419670038553E-006   299.74519295834403     
   3.7758149727936991E-006   299.74519295759552     
   3.8095873745571034E-006   299.74519295683359     
   3.8436618502115986E-006   299.74519295605791     
   3.8780411016270804E-006   299.74519295526835     
   3.9127278548400537E-006   299.74519295446453     
   3.9477248602697845E-006   299.74519295364638     
   3.9830348929363921E-006   299.74519295281345     
   4.0186607526808850E-006   299.74519295196552     
   4.0546052643871742E-006   299.74519295110247     
   4.0908712782060614E-006   299.74519295022378     
   4.1274616697812401E-006   299.74519294932941     
   4.1643793404773144E-006   299.74519294841878     
   4.2016272176098541E-006   299.74519294749206     
   4.2392082546775108E-006   299.74519294654851     
   4.2771254315962143E-006   299.74519294558809     
   4.3153817549354546E-006   299.74519294461032     
   4.3539802581566845E-006   299.74519294361505     
   4.3929240018538499E-006   299.74519294260188     
   4.4322160739960767E-006   299.74519294157051     
   4.4718595901725233E-006   299.74519294052061     
   4.5118576938394246E-006   299.74519293945178     
   4.5522135565693474E-006   299.74519293836386     
   4.5929303783026758E-006   299.74519293725632     
   4.6340113876013425E-006   299.74519293612894     
   4.6754598419048301E-006   299.74519293498122     
   4.7172790277884657E-006   299.74519293381292     
   4.7594722612240216E-006   299.74519293262358     
   4.8020428878426523E-006   299.74519293141287     
   4.8449942832001767E-006   299.74519293018051     
   4.8883298530447352E-006   299.74519292892592     
   4.9320530335868481E-006   299.74519292764887     
   4.9761672917718756E-006   299.74519292634881     
   5.0206761255549258E-006   299.74519292502532     
   5.0655830641782232E-006   299.74519292367813     
   5.1108916684509446E-006   299.74519292230667     
   5.1566055310315703E-006   299.74519292091065     
   5.2027282767127603E-006   299.74519291948951     
   5.2492635627087688E-006   299.74519291804279     
   5.2962150789454430E-006   299.74519291657015     
   5.3435865483528018E-006   299.74519291507102     
   5.3913817271602443E-006   299.74519291354500     
   5.4396044051943892E-006   299.74519291199147     
   5.4882584061795817E-006   299.74519291040997     
   5.5373475880410902E-006   299.74519290880022     
   5.5868758432110124E-006   299.74519290716148     
   5.6368470989369196E-006   299.74519290549324     
   5.6872653175932551E-006   299.74519290379510     
   5.7381344969955288E-006   299.74519290206644     
   5.7894586707173145E-006   299.74519290030673     
   5.8412419084100826E-006   299.74519289851526     
   5.8934883161258987E-006   299.74519289669172     
   5.9462020366429989E-006   299.74519289483544     
   5.9993872497942936E-006   299.74519289294568     
   6.0530481727987878E-006   299.74519289102210     
   6.1071890605959845E-006   299.74519288906390     
   6.1618142061832718E-006   299.74519288707046     
   6.2169279409563246E-006   299.74519288504132     
   6.2725346350525567E-006   299.74519288297563     
   6.3286386976976400E-006   299.74519288087282     
   6.3852445775551298E-006   299.74519287873221     
   6.4423567630792098E-006   299.74519287655329     
   6.4999797828705942E-006   299.74519287433509     
   6.5581182060356179E-006   299.74519287207704     
   6.6167766425485314E-006   299.74519286977841     
   6.6759597436170460E-006   299.74519286743845     
   6.7356722020511340E-006   299.74519286505642     
   6.7959187526351399E-006   299.74519286263165     
   6.8567041725032200E-006   299.74519286016334     
   6.9180332815181288E-006   299.74519285765064     
   6.9799109426534054E-006   299.74519285509280     
   7.0423420623789725E-006   299.74519285248897     
   7.1053315910501853E-006   299.74519284983842     
   7.1688845233003612E-006   299.74519284714017     
   7.2330058984368166E-006   299.74519284439344     
   7.2977008008404540E-006   299.74519284159743     
   7.3629743603689148E-006   299.74519283875105     
   7.4288317527633409E-006   299.74519283585363     
   7.4952782000587779E-006   299.74519283290414     
   7.5623189709982440E-006   299.74519282990155     
   7.6299593814505078E-006   299.74519282684508     
   7.6982047948315937E-006   299.74519282373376     
   7.7670606225300726E-006   299.74519282056644     
   7.8365323243361385E-006   299.74519281734229     
   7.9066254088745383E-006   299.74519281406015     
   7.9773454340413650E-006   299.74519281071900     
   8.0486980074447615E-006   299.74519280731784     
   8.1206887868495628E-006   299.74519280385562     
   8.1933234806259197E-006   299.74519280033110     
   8.2666078482019346E-006   299.74519279674331     
   8.3405477005203398E-006   299.74519279309095     
   8.4151489004992658E-006   299.74519278937311     
   8.4904173634971377E-006   299.74519278558842     
   8.5663590577817105E-006   299.74519278173562     
   8.6429800050033173E-006   299.74519277781371     
   8.7202862806723463E-006   299.74519277382126     
   8.7982840146409879E-006   299.74519276975713     
   8.8769793915892768E-006   299.74519276561989     
   8.9563786515155094E-006   299.74519276140842     
   9.0364880902310312E-006   299.74519275712123     
   9.1173140598594354E-006   299.74519275275696     
   9.1988629693402633E-006   299.74519274831431     
   9.2811412849371744E-006   299.74519274379185     
   9.3641555307506816E-006   299.74519273918810     
   9.4479122892354673E-006   299.74519273450164     
   9.5324182017223224E-006   299.74519272973089     
   9.6176799689447666E-006   299.74519272487458     
   9.7037043515703583E-006   299.74519271993074     
   9.7904981707367819E-006   299.74519271489834     
   9.8780683085927038E-006   299.74519270977538     
   9.9664217088434868E-006   299.74519270456040     
   1.0055565377301780E-005   299.74519269925167     
   1.0145506382443020E-005   299.74519269384763     
   1.0236251855965929E-005   299.74519268834638     
   1.0327808993357990E-005   299.74519268274639     
   1.0420185054466014E-005   299.74519267704568     
   1.0513387364071792E-005   299.74519267124259     
   1.0607423312472893E-005   299.74519266533520     
   1.0702300356068669E-005   299.74519265932167     
   1.0798026017951500E-005   299.74519265320009     
   1.0894607888503311E-005   299.74519264696852     
   1.0992053625997447E-005   299.74519264062496     
   1.1090370957205922E-005   299.74519263416749     
   1.1189567678012085E-005   299.74519262759384     
   1.1289651654028798E-005   299.74519262090212     
   1.1390630821222108E-005   299.74519261409017     
   1.1492513186540529E-005   299.74519260715590     
   1.1595306828549925E-005   299.74519260009691     
   1.1699019898074088E-005   299.74519259291122     
   1.1803660618841051E-005   299.74519258559621     
   1.1909237288135156E-005   299.74519257814995     
   1.2015758277454988E-005   299.74519257056977     
   1.2123232033177163E-005   299.74519256285345     
   1.2231667077226076E-005   299.74519255499837     
   1.2341072007749628E-005   299.74519254700226     
   1.2451455499800999E-005   299.74519253886240     
   1.2562826306026519E-005   299.74519253057639     
   1.2675193257359698E-005   299.74519252214134     
   1.2788565263721446E-005   299.74519251355491     
   1.2902951314726577E-005   299.74519250481404     
   1.3018360480396623E-005   299.74519249591606     
   1.3134801911879024E-005   299.74519248685834     
   1.3252284842172743E-005   299.74519247763783     
   1.3370818586860394E-005   299.74519246825156     
   1.3490412544846882E-005   299.74519245869669     
   1.3611076199104690E-005   299.74519244897016     
   1.3732819117425808E-005   299.74519243906877     
   1.3855650953180384E-005   299.74519242898947     
   1.3979581446082181E-005   299.74519241872912     
   1.4104620422960857E-005   299.74519240828437     
   1.4230777798541185E-005   299.74519239765192     
   1.4358063576229192E-005   299.74519238682848     
   1.4486487848905385E-005   299.74519237581057     
   1.4616060799725039E-005   299.74519236459463     
   1.4746792702925644E-005   299.74519235317717     
   1.4878693924641587E-005   299.74519234155451     
   1.5011774923726119E-005   299.74519232972295     
   1.5146046252580657E-005   299.74519231767891     
   1.5281518557991531E-005   299.74519230541841     
   1.5418202581974190E-005   299.74519229293770     
   1.5556109162624965E-005   299.74519228023257     
   1.5695249234980481E-005   299.74519226729922     
   1.5835633831884690E-005   299.74519225413349     
   1.5977274084863736E-005   299.74519224073117     
   1.6120181225008583E-005   299.74519222708807     
   1.6264366583865581E-005   299.74519221319974     
   1.6409841594334957E-005   299.74519219906182     
   1.6556617791577392E-005   299.74519218466992     
   1.6704706813928653E-005   299.74519217001938     
   1.6854120403822456E-005   299.74519215510566     
   1.7004870408721541E-005   299.74519213992392     
   1.7156968782057098E-005   299.74519212446927     
   1.7310427584176604E-005   299.74519210873717     
   1.7465258983300113E-005   299.74519209272228     
   1.7621475256485102E-005   299.74519207641947     
   1.7779088790599985E-005   299.74519205982386     
   1.7938112083306276E-005   299.74519204293000     
   1.8098557744049593E-005   299.74519202573259     
   1.8260438495059481E-005   299.74519200822624     
   1.8423767172358199E-005   299.74519199040515     
   1.8588556726778531E-005   299.74519197226402     
   1.8754820224990708E-005   299.74519195379685     
   1.8922570850538487E-005   299.74519193499788     
   1.9091821904884518E-005   299.74519191586103     
   1.9262586808465070E-005   299.74519189638022     
   1.9434879101754168E-005   299.74519187654960     
   1.9608712446337256E-005   299.74519185636251     
   1.9784100625994478E-005   299.74519183581270     
   1.9961057547793625E-005   299.74519181489370     
   2.0139597243192878E-005   299.74519179359874     
   2.0319733869153397E-005   299.74519177192121     
   2.0501481709261874E-005   299.74519174985409     
   2.0684855174863124E-005   299.74519172739042     
   2.0869868806202806E-005   299.74519170452311     
   2.1056537273580361E-005   299.74519168124493     
   2.1244875378512257E-005   299.74519165754856     
   2.1434898054905670E-005   299.74519163342626     
   2.1626620370242606E-005   299.74519160887058     
   2.1820057526774686E-005   299.74519158387369     
   2.2015224862728544E-005   299.74519155842756     
   2.2212137853522061E-005   299.74519153252419     
   2.2410812112991463E-005   299.74519150615544     
   2.2611263394629374E-005   299.74519147931284     
   2.2813507592833976E-005   299.74519145198792     
   2.3017560744169302E-005   299.74519142417199     
   2.3223439028636848E-005   299.74519139585624     
   2.3431158770958528E-005   299.74519136703168     
   2.3640736441871102E-005   299.74519133768922     
   2.3852188659432201E-005   299.74519130781943     
   2.4065532190338016E-005   299.74519127741303     
   2.4280783951252796E-005   299.74519124646025     
   2.4497961010150204E-005   299.74519121495115     
   2.4717080587666698E-005   299.74519118287594     
   2.4938160058467007E-005   299.74519115022446     
   2.5161216952621827E-005   299.74519111698618     
   2.5386268956997828E-005   299.74519108315070     
   2.5613333916660090E-005   299.74519104870723     
   2.5842429836287116E-005   299.74519101364479     
   2.6073574881598471E-005   299.74519097795235     
   2.6306787380795169E-005   299.74519094161855     
   2.6542085826013032E-005   299.74519090463195     
   2.6779488874788920E-005   299.74519086698064     
   2.7019015351540196E-005   299.74519082865288     
   2.7260684249057344E-005   299.74519078963641     
   2.7504514730009988E-005   299.74519074991878     
   2.7750526128466329E-005   299.74519070948747     
   2.7998737951426229E-005   299.74519066832977     
   2.8249169880367972E-005   299.74519062643242     
   2.8501841772808867E-005   299.74519058378229     
   2.8756773663879808E-005   299.74519054036568     
   2.9013985767913937E-005   299.74519049616902     
   2.9273498480049483E-005   299.74519045117819     
   2.9535332377846957E-005   299.74519040537888     
   2.9799508222920820E-005   299.74519035875664     
   3.0066046962585737E-005   299.74519031129665     
   3.0334969731517537E-005   299.74519026298390     
   3.0606297853429060E-005   299.74519021380297     
   3.0880052842760972E-005   299.74519016373836     
   3.1156256406387731E-005   299.74519011277414     
   3.1434930445338748E-005   299.74519006089412     
   3.1716097056535049E-005   299.74519000808186     
   3.1999778534541349E-005   299.74518995432072     
   3.2285997373333885E-005   299.74518989959353     
   3.2574776268084044E-005   299.74518984388300     
   3.2866138116957894E-005   299.74518978717128     
   3.3160106022931890E-005   299.74518972944054     
   3.3456703295624767E-005   299.74518967067252     
   3.3755953453145820E-005   299.74518961084846     
   3.4057880223959729E-005   299.74518954994954     
   3.4362507548768083E-005   299.74518948795622     
   3.4669859582407684E-005   299.74518942484906     
   3.4979960695765885E-005   299.74518936060787     
   3.5292835477713000E-005   299.74518929521230     
   3.5608508737052080E-005   299.74518922864172     
   3.5927005504486004E-005   299.74518916087493     
   3.6248351034602329E-005   299.74518909189044     
   3.6572570807875733E-005   299.74518902166636     
   3.6899690532688478E-005   299.74518895018053     
   3.7229736147368898E-005   299.74518887741004     
   3.7562733822248135E-005   299.74518880333204     
   3.7898709961735223E-005   299.74518872792294     
   3.8237691206410847E-005   299.74518865115886     
   3.8579704435139687E-005   299.74518857301541     
   3.8924776767201798E-005   299.74518849346777     
   3.9272935564442885E-005   299.74518841249079     
   3.9624208433444019E-005   299.74518833005868     
   3.9978623227710544E-005   299.74518824614557     
   4.0336208049880737E-005   299.74518816072441     
   4.0696991253954141E-005   299.74518807376836     
   4.1061001447539807E-005   299.74518798524991     
   4.1428267494124714E-005   299.74518789514087     
   4.1798818515362431E-005   299.74518780341270     
   4.2172683893382262E-005   299.74518771003619     
   4.2549893273119036E-005   299.74518761498189     
   4.2930476564663780E-005   299.74518751821950     
   4.3314463945635340E-005   299.74518741971855     
   4.3701885863573266E-005   299.74518731944755     
   4.4092773038352126E-005   299.74518721737473     
   4.4487156464617327E-005   299.74518711346792     
   4.4885067414242816E-005   299.74518700769397     
   4.5286537438810706E-005   299.74518690001946     
   4.5691598372113096E-005   299.74518679041006     
   4.6100282332676290E-005   299.74518667883115     
   4.6512621726307533E-005   299.74518656524737     
   4.6928649248664598E-005   299.74518644962257     
   4.7348397887848349E-005   299.74518633192008     
   4.7771900927018413E-005   299.74518621210268     
   4.8199191947032322E-005   299.74518609013228     
   4.8630304829108265E-005   299.74518596597022     
   4.9065273757511640E-005   299.74518583957718     
   4.9504133222265568E-005   299.74518571091295     
   4.9946918021885777E-005   299.74518557993679     
   5.0393663266139850E-005   299.74518544660708     
   5.0844404378831232E-005   299.74518531088165     
   5.1299177100608007E-005   299.74518517271741     
   5.1758017491796953E-005   299.74518503207054     
   5.2220961935262874E-005   299.74518488889629     
   5.2688047139293480E-005   299.74518474314954     
   5.3159310140510100E-005   299.74518459478378     
   5.3634788306804452E-005   299.74518444375212     
   5.4114519340301657E-005   299.74518429000659     
   5.4598541280349733E-005   299.74518413349847     
   5.5086892506535874E-005   299.74518397417796     
   5.5579611741729665E-005   299.74518381199476     
   5.6076738055153577E-005   299.74518364689737     
   5.6578310865480817E-005   299.74518347883321     
   5.7084369943961042E-005   299.74518330774924     
   5.7594955417573863E-005   299.74518313359107     
   5.8110107772210695E-005   299.74518295630355     
   5.8629867855884959E-005   299.74518277583036     
   5.9154276881971116E-005   299.74518259211425     
   5.9683376432472512E-005   299.74518240509701     
   6.0217208461318618E-005   299.74518221471931     
   6.0755815297691647E-005   299.74518202092071     
   6.1299239649382977E-005   299.74518182363983     
   6.1847524606179575E-005   299.74518162281402     
   6.2400713643280753E-005   299.74518141837956     
   6.2958850624745381E-005   299.74518121027165     
   6.3521979806970073E-005   299.74518099842442     
   6.4090145842198362E-005   299.74518078277038     
   6.4663393782061376E-005   299.74518056324143     
   6.5241769081150037E-005   299.74518033976773     
   6.5825317600619348E-005   299.74518011227855     
   6.6414085611824885E-005   299.74517988070170     
   6.7008119799991724E-005   299.74517964496357     
   6.7607467267916300E-005   299.74517940498953     
   6.8212175539701376E-005   299.74517916070346     
   6.8822292564524283E-005   299.74517891202788     
   6.9437866720439010E-005   299.74517865888390     
   7.0058946818212252E-005   299.74517840119114     
   7.0685582105193764E-005   299.74517813886808     
   7.1317822269221294E-005   299.74517787183129     
   7.1955717442560559E-005   299.74517759999623     
   7.2599318205880293E-005   299.74517732327661     
   7.3248675592263056E-005   299.74517704158467     
   7.3903841091251701E-005   299.74517675483105     
   7.4564866652932185E-005   299.74517646292480     
   7.5231804692052858E-005   299.74517616577333     
   7.5904708092180563E-005   299.74517586328250     
   7.6583630209893963E-005   299.74517555535607     
   7.7268624879014329E-005   299.74517524189673     
   7.7959746414874180E-005   299.74517492280489     
   7.8657049618624181E-005   299.74517459797931     
   7.9360589781578378E-005   299.74517426731700     
   8.0070422689598530E-005   299.74517393071318     
   8.0786604627517468E-005   299.74517358806082     
   8.1509192383602113E-005   299.74517323925159     
   8.2238243254056419E-005   299.74517288417462     
   8.2973815047564508E-005   299.74517252271733     
   8.3715966089874570E-005   299.74517215476499     
   8.4464755228423605E-005   299.74517178020108     
   8.5220241837003725E-005   299.74517139890679     
   8.5982485820469971E-005   299.74517101076100     
   8.6751547619490441E-005   299.74517061564063     
   8.7527488215338752E-005   299.74517021342047     
   8.8310369134729497E-005   299.74516980397300     
   8.9100252454696807E-005   299.74516938716812     
   8.9897200807516743E-005   299.74516896287389     
   9.0701277385673470E-005   299.74516853095537     
   9.1512545946870083E-005   299.74516809127601     
   9.2331070819084098E-005   299.74516764369605     
   9.3156916905668213E-005   299.74516718807365     
   9.3990149690496787E-005   299.74516672426421     
   9.4830835243158110E-005   299.74516625212073     
   9.5679040224193364E-005   299.74516577149330     
   9.6534831890382339E-005   299.74516528222972     
   9.7398278100076379E-005   299.74516478417456     
   9.8269447318579086E-005   299.74516427716992     
   9.9148408623575250E-005   299.74516376105504     
   1.0003523171060803E-004   299.74516323566627     
   1.0092998689860556E-004   299.74516270083683     
   1.0183274513545656E-004   299.74516215639716     
   1.0274357800363613E-004   299.74516160217451     
   1.0366255772588164E-004   299.74516103799317     
   1.0458975717091967E-004   299.74516046367421     
   1.0552524985924379E-004   299.74515987903533     
   1.0646910996894431E-004   299.74515928389133     
   1.0742141234159018E-004   299.74515867805320     
   1.0838223248816328E-004   299.74515806132894     
   1.0935164659504593E-004   299.74515743352288     
   1.1032973153006202E-004   299.74515679443584     
   1.1131656484857204E-004   299.74515614386524     
   1.1231222479962266E-004   299.74515548160463     
   1.1331679033215145E-004   299.74515480744401     
   1.1433034110124681E-004   299.74515412116955     
   1.1535295747446425E-004   299.74515342256348     
   1.1638472053819882E-004   299.74515271140439     
   1.1742571210411481E-004   299.74515198746656     
   1.1847601471563283E-004   299.74515125052051     
   1.1953571165447485E-004   299.74515050033227     
   1.2060488694726796E-004   299.74514973666425     
   1.2168362537220711E-004   299.74514895927388     
   1.2277201246577729E-004   299.74514816791481     
   1.2387013452953618E-004   299.74514736233590     
   1.2497807863695709E-004   299.74514654228176     
   1.2609593264033340E-004   299.74514570749221     
   1.2722378517774458E-004   299.74514485770248     
   1.2836172568008461E-004   299.74514399264308     
   1.2950984437815318E-004   299.74514311203961     
   1.3066823230981043E-004   299.74514221561276     
   1.3183698132719559E-004   299.74514130307819     
   1.3301618410401018E-004   299.74514037414639     
   1.3420593414286650E-004   299.74513942852286     
   1.3540632578270165E-004   299.74513846590764     
   1.3661745420625790E-004   299.74513748599526     
   1.3783941544763024E-004   299.74513648847517     
   1.3907230639988098E-004   299.74513547303070     
   1.4031622482272278E-004   299.74513443934006     
   1.4157126935027044E-004   299.74513338707516     
   1.4283753949886167E-004   299.74513231590231     
   1.4411513567494822E-004   299.74513122548188     
   1.4540415918305746E-004   299.74513011546776     
   1.4670471223382489E-004   299.74512898550807     
   1.4801689795209896E-004   299.74512783524438     
   1.4934082038511810E-004   299.74512666431190     
   1.5067658451076087E-004   299.74512547233905     
   1.5202429624587002E-004   299.74512425894795     
   1.5338406245465105E-004   299.74512302375365     
   1.5475599095714565E-004   299.74512176636432     
   1.5614019053778122E-004   299.74512048638121     
   1.5753677095399658E-004   299.74511918339846     
   1.5894584294494515E-004   299.74511785700264     
   1.6036751824027561E-004   299.74511650677312     
   1.6180190956899141E-004   299.74511513228151     
   1.6324913066838943E-004   299.74511373309196     
   1.6470929629307842E-004   299.74511230876067     
   1.6618252222407834E-004   299.74511085883586     
   1.6766892527800102E-004   299.74510938285766     
   1.6916862331631277E-004   299.74510788035781     
   1.7068173525468014E-004   299.74510635085994     
   1.7220838107239909E-004   299.74510479387880     
   1.7374868182190838E-004   299.74510320892057     
   1.7530275963838831E-004   299.74510159548259     
   1.7687073774944514E-004   299.74509995305306     
   1.7845274048488221E-004   299.74509828111098     
   1.8004889328655853E-004   299.74509657912620     
   1.8165932271833519E-004   299.74509484655869     
   1.8328415647611123E-004   299.74509308285911     
   1.8492352339794906E-004   299.74509128746797     
   1.8657755347429016E-004   299.74508945981580     
   1.8824637785826270E-004   299.74508759932297     
   1.8993012887608100E-004   299.74508570539916     
   1.9162894003753794E-004   299.74508377744399     
   1.9334294604659154E-004   299.74508181484572     
   1.9507228281204602E-004   299.74507981698190     
   1.9681708745832835E-004   299.74507778321885     
   1.9857749833636132E-004   299.74507571291161     
   2.0035365503453376E-004   299.74507360540338     
   2.0214569838976904E-004   299.74507146002571     
   2.0395377049869232E-004   299.74506927609832     
   2.0577801472889800E-004   299.74506705292845     
   2.0761857573031752E-004   299.74506478981067     
   2.0947559944668945E-004   299.74506248602745     
   2.1134923312713145E-004   299.74506014084812     
   2.1323962533781641E-004   299.74505775352867     
   2.1514692597375253E-004   299.74505532331199     
   2.1707128627066900E-004   299.74505284942722     
   2.1901285881700805E-004   299.74505033108977     
   2.2097179756602384E-004   299.74504776750075     
   2.2294825784799043E-004   299.74504515784719     
   2.2494239638251782E-004   299.74504250130127     
   2.2695437129097908E-004   299.74503979702047     
   2.2898434210904826E-004   299.74503704414695     
   2.3103246979935024E-004   299.74503424180767     
   2.3309891676422418E-004   299.74503138911365     
   2.3518384685860088E-004   299.74502848516028     
   2.3728742540299520E-004   299.74502552902629     
   2.3940981919661495E-004   299.74502251977418     
   2.4155119653058681E-004   299.74501945644937     
   2.4371172720130083E-004   299.74501633808040     
   2.4589158252387395E-004   299.74501316367810     
   2.4809093534573404E-004   299.74500993223552     
   2.5030996006032583E-004   299.74500664272796     
   2.5254883262093868E-004   299.74500329411183     
   2.5480773055465878E-004   299.74499988532517     
   2.5708683297644564E-004   299.74499641528661     
   2.5938632060333475E-004   299.74499288289576     
   2.6170637576876713E-004   299.74498928703207     
   2.6404718243704724E-004   299.74498562655515     
   2.6640892621792981E-004   299.74498190030380     
   2.6879179438133772E-004   299.74497810709624     
   2.7119597587221106E-004   299.74497424572934     
   2.7362166132548904E-004   299.74497031497839     
   2.7606904308122618E-004   299.74496631359659     
   2.7853831519984365E-004   299.74496224031475     
   2.8102967347751651E-004   299.74495809384098     
   2.8354331546169955E-004   299.74495387286015     
   2.8607944046679082E-004   299.74494957603338     
   2.8863824958993642E-004   299.74494520199784     
   2.9121994572697585E-004   299.74494074936615     
   2.9382473358853024E-004   299.74493621672610     
   2.9645281971623445E-004   299.74493160263995     
   2.9910441249911463E-004   299.74492690564438     
   3.0177972219011182E-004   299.74492212424940     
   3.0447896092275349E-004   299.74491725693855     
   3.0720234272797438E-004   299.74491230216813     
   3.0995008355108779E-004   299.74490725836642     
   3.1272240126890838E-004   299.74490212393380     
   3.1551951570702813E-004   299.74489689724157     
   3.1834164865724747E-004   299.74489157663203     
   3.2118902389516129E-004   299.74488616041771     
   3.2406186719790322E-004   299.74488064688052     
   3.2696040636204791E-004   299.74487503427173     
   3.2988487122167392E-004   299.74486932081123     
   3.3283549366658794E-004   299.74486350468686     
   3.3581250766071170E-004   299.74485758405382     
   3.3881614926063432E-004   299.74485155703411     
   3.4184665663432946E-004   299.74484542171626     
   3.4490427008004052E-004   299.74483917615419     
   3.4798923204533465E-004   299.74483281836694     
   3.5110178714632732E-004   299.74482634633813     
   3.5424218218707847E-004   299.74481975801478     
   3.5741066617916224E-004   299.74481305130735     
   3.6060749036141227E-004   299.74480622408851     
   3.6383290821984289E-004   299.74479927419281     
   3.6708717550774890E-004   299.74479219941605     
   3.7037055026598509E-004   299.74478499751422     
   3.7368329284342690E-004   299.74477766620305     
   3.7702566591761452E-004   299.74477020315715     
   3.8039793451558122E-004   299.74476260600943     
   3.8380036603486827E-004   299.74475487235026     
   3.8723323026472776E-004   299.74474699972677     
   3.9069679940751474E-004   299.74473898564173     
   3.9419134810027127E-004   299.74473082755344     
   3.9771715343650310E-004   299.74472252287438     
   4.0127449498815151E-004   299.74471406897044     
   4.0486365482776091E-004   299.74470546316007     
   4.0848491755084577E-004   299.74469670271395     
   4.1213857029845672E-004   299.74468778485345     
   4.1582490277994902E-004   299.74467870674982     
   4.1954420729595459E-004   299.74466946552383     
   4.2329677876155913E-004   299.74466005824439     
   4.2708291472968708E-004   299.74465048192775     
   4.3090291541469542E-004   299.74464073353647     
   4.3475708371617865E-004   299.74463080997856     
   4.3864572524298658E-004   299.74462070810659     
   4.4256914833745698E-004   299.74461042471643     
   4.4652766409986511E-004   299.74459995654638     
   4.5052158641309148E-004   299.74458930027623     
   4.5455123196751115E-004   299.74457845252613     
   4.5861692028610444E-004   299.74456740985534     
   4.6271897374979356E-004   299.74455616876128     
   4.6685771762300452E-004   299.74454472567874     
   4.7103348007945887E-004   299.74453307697820     
   4.7524659222819527E-004   299.74452121896502     
   4.7949738813982438E-004   299.74450914787786     
   4.8378620487301812E-004   299.74449685988827     
   4.8811338250123634E-004   299.74448435109883     
   4.9247926413969198E-004   299.74447161754188     
   4.9688419597255812E-004   299.74445865517885     
   5.0132852728041746E-004   299.74444545989815     
   5.0581261046795853E-004   299.74443202751462     
   5.1033680109191829E-004   299.74441835376808     
   5.1490145788927577E-004   299.74440443432115     
   5.1950694280569710E-004   299.74439026475926     
   5.2415362102423558E-004   299.74437584058785     
   5.2884186099428807E-004   299.74436115723211     
   5.3357203446081013E-004   299.74434621003485     
   5.3834451649379343E-004   299.74433099425511     
   5.4315968551800595E-004   299.74431550506688     
   5.4801792334299823E-004   299.74429973755730     
   5.5291961519337836E-004   299.74428368672540     
   5.5786514973935779E-004   299.74426734748005     
   5.6285491912757006E-004   299.74425071463907     
   5.6788931901216512E-004   299.74423378292670     
   5.7296874858618217E-004   299.74421654697284     
   5.7809361061320313E-004   299.74419900131062     
   5.8326431145928838E-004   299.74418114037485     
   5.8848126112519955E-004   299.74416295850057     
   5.9374487327890904E-004   299.74414444992095     
   5.9905556528840141E-004   299.74412560876556     
   6.0441375825476750E-004   299.74410642905843     
   6.0981987704559538E-004   299.74408690471614     
   6.1527435032865862E-004   299.74406702954627     
   6.2077761060590751E-004   299.74404679724466     
   6.2633009424776273E-004   299.74402620139432     
   6.3193224152771686E-004   299.74400523546268     
   6.3758449665724502E-004   299.74398389279992     
   6.4328730782102798E-004   299.74396216663672     
   6.4904112721248929E-004   299.74394005008196     
   6.5484641106965222E-004   299.74391753612093     
   6.6070361971131515E-004   299.74389461761285     
   6.6661321757355264E-004   299.74387128728836     
   6.7257567324654143E-004   299.74384753774791     
   6.7859145951171631E-004   299.74382336145857     
   6.8466105337925906E-004   299.74379875075232     
   6.9078493612592120E-004   299.74377369782337     
   6.9696359333318650E-004   299.74374819472541     
   7.0319751492577414E-004   299.74372223336968     
   7.0948719521048609E-004   299.74369580552184     
   7.1583313291540245E-004   299.74366890279970     
   7.2223583122942719E-004   299.74364151667032     
   7.2869579784218719E-004   299.74361363844781     
   7.3521354498428879E-004   299.74358525928960     
   7.4178958946793439E-004   299.74355637019482     
   7.4842445272790120E-004   299.74352696200049     
   7.5511866086288865E-004   299.74349702537938     
   7.6187274467723310E-004   299.74346655083605     
   7.6868723972299785E-004   299.74343552870499     
   7.7556268634243833E-004   299.74340394914674     
   7.8249962971084768E-004   299.74337180214525     
   7.8949861987978522E-004   299.74333907750417     
   7.9656021182069150E-004   299.74330576484437     
   8.0368496546889422E-004   299.74327185359988     
   8.1087344576800729E-004   299.74323733301509     
   8.1812622271472597E-004   299.74320219214081     
   8.2544387140402449E-004   299.74316641983154     
   8.3282697207475744E-004   299.74313000474120     
   8.4027611015566762E-004   299.74309293532002     
   8.4779187631180716E-004   299.74305519981061     
   8.5537486649137301E-004   299.74301678624425     
   8.6302568197296184E-004   299.74297768243747     
   8.7074492941324679E-004   299.74293787598742     
   8.7853322089508090E-004   299.74289735426885     
   8.8639117397603219E-004   299.74285610442922     
   8.9431941173735057E-004   299.74281411338546     
   9.0231856283337424E-004   299.74277136781916     
   9.1038926154137769E-004   299.74272785417276     
   9.1853214781186562E-004   299.74268355864496     
   9.2674786731931620E-004   299.74263846718645     
   9.3503707151337877E-004   299.74259256549567     
   9.4340041767052962E-004   299.74254583901399     
   9.5183856894618887E-004   299.74249827292107     
   9.6035219442730459E-004   299.74244985213051     
   9.6894196918540627E-004   299.74240056128457     
   9.7760857433013405E-004   299.74235038474984     
   9.8635269706324503E-004   299.74229930661187     
   9.9517503073310448E-004   299.74224731067005     
   1.0040762748896631E-003   299.74219438043309     
   1.0130571353399267E-003   299.74214049911308     
   1.0221183242039218E-003   299.74208564962066     
   1.0312605599711610E-003   299.74202981455915     
   1.0404845675576161E-003   299.74197297621947     
   1.0497910783631966E-003   299.74191511657455     
   1.0591808303297469E-003   299.74185621727281     
   1.0686545679995580E-003   299.74179625963353     
   1.0782130425744058E-003   299.74173522464008     
   1.0878570119751158E-003   299.74167309293409     
   1.0975872409016612E-003   299.74160984480955     
   1.1074045008937976E-003   299.74154546020611     
   1.1173095703922418E-003   299.74147991870313     
   1.1273032348003958E-003   299.74141319951315     
   1.1373862865466245E-003   299.74134528147505     
   1.1475595251470895E-003   299.74127614304746     
   1.1578237572691457E-003   299.74120576230223     
   1.1681797967953028E-003   299.74113411691684     
   1.1786284648877630E-003   299.74106118416796     
   1.1891705900535317E-003   299.74098694092379     
   1.1998070082101123E-003   299.74091136363705     
   1.2105385627517904E-003   299.74083442833722     
   1.2213661046165069E-003   299.74075611062335     
   1.2322904923533333E-003   299.74067638565577     
   1.2433125921905474E-003   299.74059522814855     
   1.2544332781043201E-003   299.74051261236156     
   1.2656534318880150E-003   299.74042851209208     
   1.2769739432221092E-003   299.74034290066669     
   1.2883957097447381E-003   299.74025575093248     
   1.2999196371228721E-003   299.74016703524899     
   1.3115466391241302E-003   299.74007672547896     
   1.3232776376892346E-003   299.73998479297950     
   1.3351135630051152E-003   299.73989120859324     
   1.3470553535786657E-003   299.73979594263875     
   1.3591039563111622E-003   299.73969896490144     
   1.3712603265733446E-003   299.73960024462377     
   1.3835254282811718E-003   299.73949975049578     
   1.3959002339722535E-003   299.73939745064445     
   1.4083857248829640E-003   299.73929331262462     
   1.4209828910262505E-003   299.73918730340785     
   1.4336927312701316E-003   299.73907938937242     
   1.4465162534169020E-003   299.73896953629259     
   1.4594544742830438E-003   299.73885770932725     
   1.4725084197798530E-003   299.73874387300987     
   1.4856791249947875E-003   299.73862799123629     
   1.4989676342735412E-003   299.73851002725394     
   1.5123750013028554E-003   299.73838994364962     
   1.5259022891940676E-003   299.73826770233808     
   1.5395505705674080E-003   299.73814326454982     
   1.5533209276370529E-003   299.73801659081869     
   1.5672144522969353E-003   299.73788764096935     
   1.5812322462073251E-003   299.73775637410495     
   1.5953754208821828E-003   299.73762274859359     
   1.6096450977772950E-003   299.73748672205539     
   1.6240424083791985E-003   299.73734825134909     
   1.6385684942948990E-003   299.73720729255842     
   1.6532245073423919E-003   299.73706380097781     
   1.6680116096419949E-003   299.73691773109880     
   1.6829309737084954E-003   299.73676903659498     
   1.6979837825441219E-003   299.73661767030762     
   1.7131712297323498E-003   299.73646358423116     
   1.7284945195325432E-003   299.73630672949702     
   1.7439548669754433E-003   299.73614705635885     
   1.7595534979595144E-003   299.73598451417638     
   1.7752916493481467E-003   299.73581905139969     
   1.7911705690677327E-003   299.73565061555269     
   1.8071915162066188E-003   299.73547915321632     
   1.8233557611149404E-003   299.73530461001189     
   1.8396645855053553E-003   299.73512693058370     
   1.8561192825546718E-003   299.73494605858150     
   1.8727211570063898E-003   299.73476193664266     
   1.8894715252741579E-003   299.73457450637386     
   1.9063717155461556E-003   299.73438370833287     
   1.9234230678904097E-003   299.73418948200936     
   1.9406269343610518E-003   299.73399176580591     
   1.9579846791055282E-003   299.73379049701839     
   1.9754976784727655E-003   299.73358561181618     
   1.9931673211223077E-003   299.73337704522191     
   2.0109950081344248E-003   299.73316473109094     
   2.0289821531212101E-003   299.73294860208983     
   2.0471301823386714E-003   299.73272858967607     
   2.0654405347998194E-003   299.73250462407532     
   2.0839146623887750E-003   299.73227663425973     
   2.1025540299758924E-003   299.73204454792557     
   2.1213601155339124E-003   299.73180829146997     
   2.1403344102551560E-003   299.73156778996787     
   2.1594784186697667E-003   299.73132296714806     
   2.1787936587650079E-003   299.73107374536909     
   2.1982816621056284E-003   299.73082004559473     
   2.2179439739553075E-003   299.73056178736886     
   2.2377821533991794E-003   299.73029888878972     
   2.2577977734674621E-003   299.73003126648445     
   2.2779924212601864E-003   299.72975883558235     
   2.2983676980730403E-003   299.72948150968790     
   2.3189252195243422E-003   299.72919920085349     
   2.3396666156831479E-003   299.72891181955168     
   2.3605935311985060E-003   299.72861927464675     
   2.3817076254298614E-003   299.72832147336533     
   2.4030105725786374E-003   299.72801832126800     
   2.4245040618209846E-003   299.72770972221821     
   2.4461897974417213E-003   299.72739557835280     
   2.4680694989694732E-003   299.72707579005043     
   2.4901449013130178E-003   299.72675025590001     
   2.5124177548988525E-003   299.72641887266872     
   2.5348898258099896E-003   299.72608153526943     
   2.5575628959259968E-003   299.72573813672705     
   2.5804387630642854E-003   299.72538856814481     
   2.6035192411226656E-003   299.72503271866964     
   2.6268061602231774E-003   299.72467047545740     
   2.6503013668572051E-003   299.72430172363659     
   2.6740067240318905E-003   299.72392634627221     
   2.6979241114178597E-003   299.72354422432898     
   2.7220554254982644E-003   299.72315523663298     
   2.7464025797191618E-003   299.72275925983377     
   2.7709675046412373E-003   299.72235616836508     
   2.7957521480928842E-003   299.72194583440523     
   2.8207584753246538E-003   299.72152812783634     
   2.8459884691650846E-003   299.72110291620311     
   2.8714441301779291E-003   299.72067006467120     
   2.8971274768207832E-003   299.72022943598421     
   2.9230405456051344E-003   299.71978089042011     
   2.9491853912578486E-003   299.71932428574746     
   2.9755640868840880E-003   299.71885947717959     
   3.0021787241317002E-003   299.71838631732930     
   3.0290314133570684E-003   299.71790465616203     
   3.0561242837924482E-003   299.71741434094832     
   3.0834594837148028E-003   299.71691521621528     
   3.1110391806161435E-003   299.71640712369765     
   3.1388655613754004E-003   299.71588990228713     
   3.1669408324318236E-003   299.71536338798188     
   3.1952672199599399E-003   299.71482741383466     
   3.2238469700460728E-003   299.71428180989892     
   3.2526823488664425E-003   299.71372640317628     
   3.2817756428668559E-003   299.71316101756088     
   3.3111291589440085E-003   299.71258547378386     
   3.3407452246284036E-003   299.71199958935671     
   3.3706261882689090E-003   299.71140317851308     
   3.4007744192189665E-003   299.71079605215027     
   3.4311923080244640E-003   299.71017801776952     
   3.4618822666132891E-003   299.70954887941423     
   3.4928467284865796E-003   299.70890843760895     
   3.5240881489116806E-003   299.70825648929537     
   3.5556090051168348E-003   299.70759282776839     
   3.5874117964876037E-003   299.70691724261059     
   3.6194990447650567E-003   299.70622951962565     
   3.6518732942457245E-003   299.70552944077048     
   3.6845371119833452E-003   299.70481678408595     
   3.7174930879924151E-003   299.70409132362715     
   3.7507438354535561E-003   299.70335282939124     
   3.7842919909207252E-003   299.70260106724510     
   3.8181402145302753E-003   299.70183579885065     
   3.8522911902118830E-003   299.70105678159013     
   3.8867476259013675E-003   299.70026376848870     
   3.9215122537554110E-003   299.69945650813622     
   3.9565878303682005E-003   299.69863474460834     
   3.9919771369900025E-003   299.69779821738439     
   4.0276829797477060E-003   299.69694666126628     
   4.0637081898673164E-003   299.69607980629286     
   4.1000556238984633E-003   299.69519737765637     
   4.1367281639408992E-003   299.69429909561364     
   4.1737287178730299E-003   299.69338467539905     
   4.2110602195824937E-003   299.69245382713314     
   4.2487256291987930E-003   299.69150625573201     
   4.2867279333280144E-003   299.69054166081304     
   4.3250701452896461E-003   299.68955973660013     
   4.3637553053555147E-003   299.68856017182719     
   4.4027864809908536E-003   299.68754264963928     
   4.4421667670975357E-003   299.68650684749258     
   4.4818992862594746E-003   299.68545243705194     
   4.5219871889902261E-003   299.68437908408760     
   4.5624336539828022E-003   299.68328644836913     
   4.6032418883617176E-003   299.68217418355761     
   4.6444151279372943E-003   299.68104193709621     
   4.6859566374622373E-003   299.67988935009896     
   4.7278697108905079E-003   299.67871605723661     
   4.7701576716385119E-003   299.67752168662156     
   4.8128238728486214E-003   299.67630585969010     
   4.8558716976550590E-003   299.67506819108263     
   4.8993045594521532E-003   299.67380828852180     
   4.9431259021650029E-003   299.67252575268810     
   4.9873392005225451E-003   299.67122017709471     
   5.0319479603330936E-003   299.66989114795740     
   5.0769557187623077E-003   299.66853824406479     
   5.1223660446136805E-003   299.66716103664476     
   5.1681825386115099E-003   299.66575908922914     
   5.2144088336864118E-003   299.66433195751534     
   5.2610485952633958E-003   299.66287918922603     
   5.3081055215524952E-003   299.66140032396646     
   5.3555833438420171E-003   299.65989489307856     
   5.4034858267944068E-003   299.65836241949302     
   5.4518167687447588E-003   299.65680241757821     
   5.5005800020019972E-003   299.65521439298720     
   5.5497793931527538E-003   299.65359784250114     
   5.5994188433679580E-003   299.65195225387032     
   5.6495022887121773E-003   299.65027710565244     
   5.7000337004557170E-003   299.64857186704774     
   5.7510170853895138E-003   299.64683599773116     
   5.8024564861428483E-003   299.64506894768226     
   5.8543559815038976E-003   299.64327015701048     
   5.9067196867431540E-003   299.64143905577930     
   5.9595517539397366E-003   299.63957506382553     
   6.0128563723106246E-003   299.63767759057640     
   6.0666377685428324E-003   299.63574603486308     
   6.1209002071285551E-003   299.63377978473056     
   6.1756479907033156E-003   299.63177821724486     
   6.2308854603871323E-003   299.62974069829596     
   6.2866169961287403E-003   299.62766658239786     
   6.3428470170528890E-003   299.62555521248464     
   6.3995799818107541E-003   299.62340591970349     
   6.4568203889334682E-003   299.62121802320291     
   6.5145727771888330E-003   299.61899082991857     
   6.5728417259412050E-003   299.61672363435406     
   6.6316318555146130E-003   299.61441571835860     
   6.6909478275591116E-003   299.61206635090042     
   6.7507943454204232E-003   299.60967478783601     
   6.8111761545128768E-003   299.60724027167572     
   6.8720980426956891E-003   299.60476203134419     
   6.9335648406526089E-003   299.60223928193807     
   6.9955814222749544E-003   299.59967122447785     
   7.0581527050480796E-003   299.59705704565607     
   7.1212836504413006E-003   299.59439591758110     
   7.1849792643012989E-003   299.59168699751598     
   7.2492445972490551E-003   299.58892942761292     
   7.3140847450803301E-003   299.58612233464277     
   7.3795048491697192E-003   299.58326482972001     
   7.4455100968783359E-003   299.58035600802265     
   7.5121057219651255E-003   299.57739494850694     
   7.5792970050018744E-003   299.57438071361753     
   7.6470892737919155E-003   299.57131234899208     
   7.7154879037925894E-003   299.56818888316059     
   7.7844983185414813E-003   299.56500932723947     
   7.8541259900864694E-003   299.56177267462050     
   7.9243764394196208E-003   299.55847790065343     
   7.9952552369149648E-003   299.55512396232388     
   8.0667680027701905E-003   299.55170979792473     
   8.1389204074522863E-003   299.54823432672259     
   8.2117181721471696E-003   299.54469644861700     
   8.2851670692133325E-003   299.54109504379494     
   8.3592729226395594E-003   299.53742897237828     
   8.4340416085067187E-003   299.53369707406529     
   8.5094790554537045E-003   299.52989816776613     
   8.5855912451475291E-003   299.52603105123114     
   8.6623842127576314E-003   299.52209450067301     
   8.7398640474344261E-003   299.51808727038218     
   8.8180368927921263E-003   299.51400809233536     
   8.8969089473958912E-003   299.50985567579721     
   8.9764864652533312E-003   299.50562870691465     
   9.0567757563104062E-003   299.50132584830448     
   9.1377831869517614E-003   299.49694573863303     
   9.2195151805055352E-003   299.49248699218924     
   9.3019782177526864E-003   299.48794819844909     
   9.3851788374408746E-003   299.48332792163325     
   9.4691236368029414E-003   299.47862470025660     
   9.5538192720800164E-003   299.47383704666953     
   9.6392724590493219E-003   299.46896344659103     
   9.7254899735566783E-003   299.46400235863445     
   9.8124786520537854E-003   299.45895221382358     
   9.9002453921403100E-003   299.45381141510131     
   9.9887971531108077E-003   299.44857833682863     
   1.0078140956506557E-002   299.44325132427542     
   1.0168283886672314E-002   299.43782869310212     
   1.0259233091318048E-002   299.43230872883225     
   1.0350995782085719E-002   299.42668968631511     
   1.0443579235121092E-002   299.42096978917999     
   1.0536990791650698E-002   299.41514722927963     
   1.0631237858563942E-002   299.40922016612518     
   1.0726327909000414E-002   299.40318672630929     
   1.0822268482942456E-002   299.39704500292140     
   1.0919067187813032E-002   299.39079305495062     
   1.1016731699078949E-002   299.38442890667909     
   1.1115269760859461E-002   299.37795054706498     
   1.1214689186540326E-002   299.37135592911369     
   1.1314997859393359E-002   299.36464296923873     
   1.1416203733201511E-002   299.35780954661078     
   1.1518314832889558E-002   299.35085350249602     
   1.1621339255160415E-002   299.34377263958226     
   1.1725285169137156E-002   299.33656472129320     
   1.1830160817010757E-002   299.32922747109092     
   1.1935974514693659E-002   299.32175857176640     
   1.2042734652479155E-002   299.31415566471662     
   1.2150449695706677E-002   299.30641634921005     
   1.2259128185433048E-002   299.29853818163861     
   1.2368778739109727E-002   299.29051867475664     
   1.2479410051266106E-002   299.28235529690676     
   1.2591030894198933E-002   299.27404547123200     
   1.2703650118667895E-002   299.26558657487396     
   1.2817276654597417E-002   299.25697593815744     
   1.2931919511784745E-002   299.24821084376015     
   1.3047587780614364E-002   299.23928852586874     
   1.3164290632778797E-002   299.23020616931910     
   1.3282037322005858E-002   299.22096090872265     
   1.3400837184792413E-002   299.21154982757662     
   1.3520699641144697E-002   299.20196995735904     
   1.3641634195325247E-002   299.19221827660840     
   1.3763650436606540E-002   299.18229170998637     
   1.3886758040031347E-002   299.17218712732540     
   1.4010966767179892E-002   299.16190134265827     
   1.4136286466943888E-002   299.15143111323232     
   1.4262727076307479E-002   299.14077313850532     
   1.4390298621135176E-002   299.12992405912456     
   1.4519011216966840E-002   299.11888045588830     
   1.4648875069819770E-002   299.10763884868834     
   1.4779900476997980E-002   299.09619569543548     
   1.4912097827908685E-002   299.08454739096533     
   1.5045477604886131E-002   299.07269026592604     
   1.5180050384022752E-002   299.06062058564595     
   1.5315826836007799E-002   299.04833454898238     
   1.5452817726973430E-002   299.03582828714997     
   1.5591033919348414E-002   299.02309786252943     
   1.5730486372719430E-002   299.01013926745503     
   1.5871186144700091E-002   298.99694842298186     
   1.6013144391807736E-002   298.98352117763108     
   1.6156372370348060E-002   298.96985330611460     
   1.6300881437307676E-002   298.95594050803714     
   1.6446683051254622E-002   298.94177840657579     
   1.6593788773246972E-002   298.92736254713753     
   1.6742210267749528E-002   298.91268839599360     
   1.6891959303558739E-002   298.89775133889015     
   1.7043047754735880E-002   298.88254667963537     
   1.7195487601548595E-002   298.86706963866214     
   1.7349290931420836E-002   298.85131535156671     
   1.7504469939891319E-002   298.83527886762204     
   1.7661036931580543E-002   298.81895514826550     
   1.7819004321166468E-002   298.80233906556163     
   1.7978384634368891E-002   298.78542540063796     
   1.8139190508942690E-002   298.76820884209451     
   1.8301434695679859E-002   298.75068398438657     
   1.8465130059420597E-002   298.73284532617953     
   1.8630289580073400E-002   298.71468726867613     
   1.8796926353644237E-002   298.69620411391588     
   1.8965053593275022E-002   298.67739006304413     
   1.9134684630291297E-002   298.65823921455416     
   1.9305832915259325E-002   298.63874556249749     
   1.9478512019052614E-002   298.61890299466597     
   1.9652735633928001E-002   298.59870529074118     
   1.9828517574611369E-002   298.57814612041494     
   2.0005871779393027E-002   298.55721904147680     
   2.0184812311232942E-002   298.53591749786972     
   2.0365353358875828E-002   298.51423481771366     
   2.0547509237976214E-002   298.49216421129574     
   2.0731294392233590E-002   298.46969876902699     
   2.0916723394537668E-002   298.44683145936523     
   2.1103810948123920E-002   298.42355512670321     
   2.1292571887739462E-002   298.39986248922111     
   2.1483021180819323E-002   298.37574613670478     
   2.1675173928673259E-002   298.35119852832651     
   2.1869045367683207E-002   298.32621199038982     
   2.2064650870511397E-002   298.30077871403671     
   2.2262005947319304E-002   298.27489075291737     
   2.2461126246997521E-002   298.24854002082128     
   2.2662027558406562E-002   298.22171828926980     
   2.2864725811628850E-002   298.19441718506852     
   2.3069237079231843E-002   298.16662818782072     
   2.3275577577542488E-002   298.13834262739891     
   2.3483763667933043E-002   298.10955168137639     
   2.3693811858118450E-002   298.08024637241590     
   2.3905738803465255E-002   298.05041756561673     
   2.4119561308312273E-002   298.02005596581853     
   2.4335296327303069E-002   297.98915211486121     
   2.4552960966730326E-002   297.95769638880103     
   2.4772572485892260E-002   297.92567899508191     
   2.4994148298461170E-002   297.89308996966076     
   2.5217705973864205E-002   297.85991917408734     
   2.5443263238676524E-002   297.82615629253723     
   2.5670837978026863E-002   297.79179082879728     
   2.5900448237015726E-002   297.75681210320295     
   2.6132112222146210E-002   297.72120924952799     
   2.6365848302767690E-002   297.68497121182310     
   2.6601675012532338E-002   297.64808674120718     
   2.6839611050864756E-002   297.61054439260516     
   2.7079675284444681E-002   297.57233252143692     
   2.7321886748702985E-002   297.53343928025322     
   2.7566264649331072E-002   297.49385261531921     
   2.7812828363803742E-002   297.45356026314494     
   2.8061597442915687E-002   297.41254974696204     
   2.8312591612331746E-002   297.37080837314568     
   2.8565830774151001E-002   297.32832322758128     
   2.8821335008484876E-002   297.28508117197578     
   2.9079124575049374E-002   297.24106884011172     
   2.9339219914771494E-002   297.19627263404493     
   2.9601641651410094E-002   297.15067872024326     
   2.9866410593191173E-002   297.10427302566825     
   3.0133547734457852E-002   297.05704123379559     
   3.0403074257335076E-002   297.00896878057824     
   3.0675011533409176E-002   296.96004085034616     
   3.0949381125422538E-002   296.91024237164743     
   3.1226204788983344E-002   296.85955801302543     
   3.1505504474290652E-002   296.80797217873510     
   3.1787302327874883E-002   296.75546900439502     
   3.2071620694353917E-002   296.70203235257571     
   3.2358482118204843E-002   296.64764580832428     
   3.2647909345551569E-002   296.59229267462280     
   3.2939925325968469E-002   296.53595596778200     
   3.3234553214300099E-002   296.47861841276779     
   3.3531816372497206E-002   296.42026243846135     
   3.3831738371469203E-002   296.36087017285138     
   3.4134342992953148E-002   296.30042343815813     
   3.4439654231399476E-002   296.23890374588916     
   3.4747696295874632E-002   296.17629229182461     
   3.5058493611980601E-002   296.11256995093413     
   3.5372070823791783E-002   296.04771727222231     
   3.5688452795809025E-002   295.98171447350296     
   3.6007664614931233E-002   295.91454143610304     
   3.6329731592444590E-002   295.84617769949324     
   3.6654679266029583E-002   295.77660245584718     
   3.6982533401785908E-002   295.70579454452684     
   3.7313319996275608E-002   295.63373244649534     
   3.7647065278584371E-002   295.56039427865534     
   3.7983795712401347E-002   295.48575778811335     
   3.8323537998117524E-002   295.40980034636982     
   3.8666319074942876E-002   295.33249894343345     
   3.9012166123042473E-002   295.25383018186199     
   3.9361106565691660E-002   295.17377027072484     
   3.9713168071450554E-002   295.09229501949267     
   4.0068378556357941E-002   295.00937983184900     
   4.0426766186144859E-002   294.92499969942645     
   4.0788359378467920E-002   294.83912919546606     
   4.1153186805162646E-002   294.75174246840157     
   4.1521277394516935E-002   294.66281323536447     
   4.1892660333564889E-002   294.57231477561527     
   4.2267365070401117E-002   294.48021992389641     
   4.2645421316515823E-002   294.38650106370909     
   4.3026859049150643E-002   294.29113012051351     
   4.3411708513675686E-002   294.19407855485349     
   4.3800000225987762E-002   294.09531735540395     
   4.4191764974930103E-002   293.99481703194346     
   4.4587033824733675E-002   293.89254760825088     
   4.4985838117480373E-002   293.78847861492665     
   4.5388209475588248E-002   293.68257908214025     
   4.5794179804318880E-002   293.57481753230269     
   4.6203781294307342E-002   293.46516197266561     
   4.6617046424114607E-002   293.35357988784824     
   4.7034007962802930E-002   293.24003823229089     
   4.7454698972534175E-002   293.12450342263838     
   4.7879152811191442E-002   293.00694133005226     
   4.8307403135024060E-002   292.88731727245408     
   4.8739483901316397E-002   292.76559600669987     
   4.9175429371080326E-002   292.64174172068783     
   4.9615274111771961E-002   292.51571802540019     
   5.0059053000032584E-002   292.38748794688019     
   5.0506801224454126E-002   292.25701391814641     
   5.0958554288369387E-002   292.12425777104545     
   5.1414348012667192E-002   291.98918072804554     
   5.1874218538632756E-002   291.85174339397116     
   5.2338202330813412E-002   291.71190574768326     
   5.2806336179910041E-002   291.56962713370461     
   5.3278657205694253E-002   291.42486625379422     
   5.3755202859951799E-002   291.27758115847229     
   5.4236010929452183E-002   291.12772923849900     
   5.4721119538944936E-002   290.97526721630902     
   5.5210567154182592E-002   290.82015113740511     
   5.5704392584970806E-002   290.66233636171376     
   5.6202634988245695E-002   290.50177755490569     
   5.6705333871178674E-002   290.33842867968519     
   5.7212529094309135E-002   290.17224298705128     
   5.7724260874705099E-002   290.00317300753454     
   5.8240569789152173E-002   289.83117054241410     
   5.8761496777370956E-002   289.65618665491803     
   5.9287083145263354E-002   289.47817166141198     
   5.9817370568187769E-002   289.29707512258102     
   6.0352401094263722E-002   289.11284583460838     
   6.0892217147705957E-002   288.92543182035740     
   6.1436861532188386E-002   288.73478032056113     
   6.1986377434238148E-002   288.54083778502542     
   6.2540808426659947E-002   288.34354986385102     
   6.3100198471991151E-002   288.14286139868165     
   6.3664591925987613E-002   287.93871641398249     
   6.4234033541140906E-002   287.73105810835858     
   6.4808568470226785E-002   287.51982884591695     
   6.5388242269885502E-002   287.30497014768224     
   6.5973100904234167E-002   287.08642268307159     
   6.6563190748511386E-002   286.86412626143834     
   6.7158558592754436E-002   286.63801982369040     
   6.7759251645509486E-002   286.40804143399555     
   6.8365317537574785E-002   286.17412827157801     
   6.8976804325777602E-002   285.93621662261972     
   6.9593760496784646E-002   285.69424187227315     
   7.0216234970946853E-002   285.44813849679798     
   7.0844277106178341E-002   285.19784005582972     
   7.1477936701870221E-002   284.94327918479343     
   7.2117264002839285E-002   284.68438758747254     
   7.2762309703312086E-002   284.42109602874530     
   7.3413124950944667E-002   284.15333432749975     
   7.4069761350878172E-002   283.88103134974210     
   7.4732270969830844E-002   283.60411500191003     
   7.5400706340226470E-002   283.32251222440459     
   7.6075120464359908E-002   283.03614898535625     
   7.6755566818599769E-002   282.74495027463820     
   7.7442099357628719E-002   282.44884009814336     
   7.8134772518721723E-002   282.14774147234004     
   7.8833641226062540E-002   281.84157641912333     
   7.9538760895098856E-002   281.53026596097885     
   8.0250187436936293E-002   281.21373011647574     
   8.0967977262771815E-002   280.89188789610853     
   8.1692187288366719E-002   280.56465729850544     
   8.2422874938559654E-002   280.23195530702236     
   8.3160098151820100E-002   279.89369788674395     
   8.3903915384842348E-002   279.54979998191089     
   8.4654385617180833E-002   279.20017551379630     
   8.5411568355926698E-002   278.84473737905131     
   8.6175523640426396E-002   278.48339744854542     
   8.6946312047042326E-002   278.11606656672234     
   8.7723994693956156E-002   277.74265455149759     
   8.8508633246015003E-002   277.36307019472184     
   8.9300289919621176E-002   276.97722126323589     
   9.0099027487665323E-002   276.58501450054479     
   9.0904909284504024E-002   276.18635562913687     
   9.1717999210981685E-002   275.78114935347708     
   9.2538361739497491E-002   275.36929936370325     
   9.3366061919117588E-002   274.95070834005543     
   9.4201165380732990E-002   274.52527795806776     
   9.5043738342263762E-002   274.09290889455627     
   9.5893847613909525E-002   273.65350083443343     
   9.6751560603447098E-002   273.20695247838387     
   9.7616945321575471E-002   272.75316155143463     
   9.8490070387308573E-002   272.29202481245500     
   9.9371005033416268E-002   271.82343806462313     
  0.10025981911191406        271.34729616689464     
  0.10115658309960186        270.86349304651236     
  0.10206136810365234        270.37192171259494     
  0.10297424586724914        269.87247427084560     
  0.10389528877527575        269.36504193941880     
  0.10482456986005502        268.84951506599020     
  0.10576216280714014        268.32578314606849     
  0.10670814196115745        267.79373484259594     
  0.10766258233170141        267.25325800687938     
  0.10862555959928229        266.70423970089860     
  0.10959715012132719        266.14656622103746     
  0.11057743093823463        265.58012312328577     
  0.11156647977948335        265.00479524995814     
  0.11256437506979564        264.42046675798179     
  0.11357119593535592        263.82702114879930     
  0.11458702221008496        263.22434129994036     
  0.11561193444197006        262.61230949831202     
  0.11664601389945196        261.99080747526034     
  0.11768934257786895        261.35971644345614     
  0.11874200320595844        260.71891713565975     
  0.11980407925241682        260.06828984541806     
  0.12087565493251792        259.40771446974929     
  0.12195681521479075        258.73707055387251     
  0.12304764582775686        258.05623733803657     
  0.12414823326672807        257.36509380650745     
  0.12525866480066483        256.66351873876960     
  0.12637902847909627        255.95139076300032     
  0.12750941313910169        255.22858841187568     
  0.12864990841235482        254.49499018076560     
  0.12980060473223104        253.75047458837815     
  0.13096159334097801        252.99492023991027     
  0.13213296629695065        252.22820589276620     
  0.13331481648191065        251.45021052490088     
  0.13450723760839142        250.66081340584770     
  0.13571032422712878        249.85989417048910     
  0.13692417173455823        249.04733289562941     
  0.13814887638037923        248.22301017942522     
  0.13938453527518704        247.38680722373334     
  0.14063124639817304        246.53860591943095     
  0.14188910860489376        245.67828893476386     
  0.14315822163510938        244.80573980677798     
  0.14443868612069252        243.92084303588695     
  0.14573060359360754        243.02348418362783     
  0.14703407649396133        242.11354997365592     
  0.14834920817812622        241.19092839602621     
  0.14967610292693528        240.25550881481007     
  0.15101486595395117        239.30718207909010     
  0.15236560341380870        238.34584063737685     
  0.15372842241063242        237.37137865548607     
  0.15510343100652899        236.38369213791421     
  0.15649073823015577        235.38267905274623     
  0.15789045408536626        234.36823946012470     
  0.15930268955993243        233.34027564430929     
  0.16072755663434532        232.29869224934845     
  0.16216516829069438        231.24339641838176     
  0.16361563852162606        230.17429793658908     
  0.16507908233938279        229.09130937779349     
  0.16655561578492256        227.99434625472557     
  0.16804535593712014        226.88332717294495     
  0.16954842092205069        225.75817398841431     
  0.17106492992235631        224.61881196871190     
  0.17259500318669632        223.46516995786300     
  0.17413876203928236        222.29718054476388     
  0.17569632888949832        221.11478023516375     
  0.17726782724160667        219.91790962716360     
  0.17885338170454151        218.70651359018112     
  0.18045311800178918        217.48054144732345     
  0.18206716298135719        216.23994716110028     
  0.18369564462583252        214.98468952239918     
  0.18533869206252959        213.71473234263669     
  0.18699643557372936        212.43004464898635     
  0.18866900660700958        211.13060088257640     
  0.19035653778566794        209.81638109953505     
  0.19205916291923786        208.48737117475312     
  0.19377701701409900        207.14356300821836     
  0.19551023628418204        205.78495473376333     
  0.19725895816176972        204.41155093005855     
  0.19902332130839415        203.02336283366270     
  0.20080346562583165        201.62040855393354     
  0.20259953226719621        200.20271328958390     
  0.20441166364813168        198.77030954665321     
  0.20624000345810461        197.32323735765036     
  0.20808469667179763        195.86154450160475     
  0.20994588956060500        194.38528672474774     
  0.21182372970423100        192.89452796152884     
  0.21371836600239180        191.38934055565261     
  0.21562994868662241        189.86980548080501     
  0.21755862933218875        188.33601256071921     
  0.21950456087010675        186.78806068821171     
  0.22146789759926858        185.22605804280113     
  0.22344879519867741        183.65012230650120     
  0.22544741073979191        182.06038087736226     
  0.22746390269898079        180.45697108031197     
  0.22949843097008887        178.84004037482993     
  0.23155115687711550        177.20974655896703     
  0.23362224318700667        175.56625796920250     
  0.23571185412256093        173.90975367560998     
  0.23782015537545154        172.24042367178404     
  0.23994731411936435        170.55846905895859     
  0.24209349902325364        168.86410222372854     
  0.24425888026471637        167.15754700876587     
  0.24644362954348617        165.43903887590250     
  0.24864792009504783        163.70882506093398     
  0.25087192670437369        161.96716471947755     
  0.25311582571978303        160.21432906320334     
  0.25537979506692488        158.45060148573813     
  0.25766401426288688        156.67627767752572     
  0.25996866443042921        154.89166572891386     
  0.26229392831234655        153.09708622072219     
  0.26463999028595858        151.29287230153329     
  0.26700703637772938        149.47936975093882     
  0.26939525427801819        147.65693702796065     
  0.27180483335596228        145.82594530386038     
  0.27423596467449213        143.98677847854415     
  0.27668884100548169        142.13983317976380     
  0.27916365684503380        140.28551874431540     
  0.28166060842890228        138.42425718043364     
  0.28417989374805230        136.55648311058573     
  0.28672171256435930        134.68264369387072     
  0.28928626642644917        132.80319852724097     
  0.29187375868567939        130.91861952477115     
  0.29448439451226344        129.02939077421510     
  0.29711838091153936        127.13600837010846     
  0.29977592674038389        125.23898022269560     
  0.30245724272377339        123.33882584198344     
  0.30516254147149274        121.43607609625499     
  0.30789203749499394        119.53127294440462     
  0.31064594722440547        117.62496914149723     
  0.31342448902569331        115.71772791699217     
  0.31622788321797640        113.81012262511786     
  0.31905635209099603        111.90273636693517     
  0.32191011992274199        109.99616158367944     
  0.32478941299723618        108.09099962103255     
  0.32769445962247568        106.18786026403976     
  0.33062549014853543        104.28736124245545     
  0.33358273698583402        102.39012770637618     
  0.33656643462356173        100.49679167209909     
  0.33957681964827424        98.607991438227245     
  0.34261413076265212        96.724370972133968     
  0.34567860880442830        94.846579266991583     
  0.34877049676548477        92.975269669669601     
  0.35189003981112060        91.111099179911406     
  0.35503748529949114        89.254727721307731     
  0.35821308280122238        87.406817384696268     
  0.36141708411919993        85.568031644737289     
  0.36464974330853539        83.739034550533020     
  0.36791131669671073        81.920489891286465     
  0.37120206290390401        80.113060338120690     
  0.37452224286349550        78.317406563313568     
  0.37787211984275826        76.534186338334820     
  0.38125195946373325        74.764053612207618     
  0.38466202972429153        73.007657571855233     
  0.38810260101938426        71.265641686230580     
  0.39157394616248353        69.538642736163510     
  0.39507634040721434        67.827289831999977     
  0.39861006146918038        66.132203421242437     
  0.40217538954798510        64.453994288535071     
  0.40577260734944914        62.793262550470175     
  0.40940200010802769        61.150596647817316     
  0.41306385560942677        59.526572337903531     
  0.41675846421342322        57.921751689986444     
  0.42048611887688814        56.336682086576367     
  0.42424711517701613        54.771895233764930     
  0.42804175133476252        53.227906183713301     
  0.43187032823849070        51.705212372537183     
  0.43573314946782971        50.204292676901794     
  0.43963052131774666        48.725606492700244     
  0.44356275282283342        47.269592839239714     
  0.44753015578181127        45.836669492394918     
  0.45153304478225376        44.427232150208944     
  0.45557173722553224        43.041653634425359     
  0.45964655335198268        41.680283131424552     
  0.46375781626629903        40.343445476005080     
  0.46790585196315310        39.031440481402946     
  0.47209098935304372        37.744542318873094     
  0.47631356028837679        36.482998950067881     
  0.48057389958977920        35.247031615338926     
  0.48487234507264759        34.036834380957266     
  0.48920923757393492        32.852573748095068     
  0.49358492097917633        31.694388326238304     
  0.49799974224975713        30.562388573504073     
  0.50245405145042399        29.456656606119331     
  0.50694820177704303        28.377246079079093     
  0.51148254958460571        27.324182139743243     
  0.51605745441548545        26.297461455851497     
  0.52067327902794625        25.297052319137741     
  0.52533038942490795        24.322894825407626     
  0.53002915488296654        23.374901131610727     
  0.53476994798167632        22.452955790088321     
  0.53955314463309190        21.556916159816836     
  0.54437912411157641        20.686612894091152     
  0.54924826908387459        19.841850503709839     
  0.55416096563945560        19.022407994332305     
  0.55911760332112792        18.228039576282626     
  0.56411857515592667        17.458475444677916     
  0.56916427768627842        16.713422627361567     
  0.57425511100144400        15.992565897729948     
  0.57939147876924257        15.295568749155127     
  0.58457378826806061        14.622074427331176     
  0.58980245041914492        13.971707016510249     
  0.59507787981918725        13.344072575249260     
  0.60040049477319768        12.738760316964685     
  0.60577071732767429        12.155343830291052     
  0.61118897330406796        11.593382333965559     
  0.61665569233254702        11.052421960716693     
  0.62217130788606445        10.531997064423575     
  0.62773625731472893        10.031631544637428     
  0.63335098188048344        9.5508401824191509     
  0.63901592679209496        9.0891299813499025     
  0.64473154124045584        8.6460015075178980     
  0.65049827843420160        8.2209502222737374     
  0.65631659563564748        7.8134678015819201     
  0.66218695419704621        7.4230434358774309     
  0.66810981959716964        7.0491651044637553     
  0.67408566147821825        6.6913208186627635     
  0.68011495368306074        6.3489998281466331     
  0.68619817429280594        6.0216937851464607     
  0.69233580566471209        5.7088978615394694     
  0.69852833447043339        5.4101118141652291     
  0.70477625173461078        5.1248409941075543     
  0.71108005287380605        4.8525972961007575     
  0.71744023773578525        4.5929000446716186     
  0.72385731063915304        4.3452768141093179     
  0.73033178041334201        4.1092641798589042     
  0.73686416043895875        3.8844083994556842     
  0.74345496868849148        3.6702660216525542     
  0.75010472776738246        3.4664044229348412     
  0.75681396495546560        3.2724022711618193     
  0.76358321224877779        3.0878499166150428     
  0.77041300640174071        2.9123497112658101     
  0.77730388896972324        2.7455162575908982     
  0.78425640635198235        2.5869765887627945     
  0.79127110983498838        2.4363702825116285     
  0.79834855563613949        2.2933495113965510     
  0.80548930494786442        2.1575790326296422     
  0.81269392398212215        2.0287361209608723     
  0.81996298401529810        1.9065104484552902     
  0.82729706143350246        1.7906039152694375     
  0.83469673777827402        1.6807304357611559     
  0.84216259979269192        1.5766156844431674     
  0.84969523946790038        1.4779968064150339     
  0.85729525409004959        1.3846220969799314     
  0.86496324628765642        1.2962506551722250     
  0.87269982407938840        1.2126520158902536     
  0.88050560092227603        1.1336057652475382     
  0.88838119576035490        1.0589011436274012     
  0.89632723307374407       0.98833664075346828     
  0.90434434292816301       0.92171958687559408     
  0.91243316102489147       0.85886574392123916     
  0.92059432875117597       0.79959890018100821     
  0.92882849323108752       0.74375047178867104     
  0.93713630737683418       0.69115911392587870     
  0.94551842994053248       0.64167034433518166     
  0.95397552556644138       0.59513618136744395     
  0.96250826484366458       0.55141479842667596     
  0.97111732435932374       0.51037019631211600     
  0.97980338675220602       0.47187189459916856     
  0.98856714076689400       0.43579464285242087     
  0.99740928130837736       0.40201815213002812     
   1.0063305094971549       0.37042684692320954     
   1.0153315327248271       0.34090963738118552     
   1.0244130647101894       0.31335971140354701     
   1.0335758255558236       0.28767434594141000     
   1.0428205418051970       0.26375473663752558     
   1.0521479465002737       0.24150584475522380     
   1.0615587792396375       0.22083626019730901     
   1.0710537862371399       0.20165807929888946     
   1.0806337203810665       0.18388679599228475     
   1.0902993412938384       0.16744120488652342     
   1.1000514153922432       0.15224331477725400     
   1.1098907159482079       0.13821827110317944     
   1.1198180231501127       0.12529428589030719     
   1.1298341241646561       0.11340257377284492     
   1.1399398131992702       0.10247729274682607     
   1.1501358915650965        9.2455488396625762E-002
   1.1604231677405255        8.3277040432547633E-002
   1.1708024574353004        7.4884610486644687E-002
   1.1812745836552012        6.7223590230970964E-002
   1.1918403767672994        6.0242049004775824E-002
   1.2025006745658040        5.3890680262004803E-002
   1.2132563223384893        4.8122746275466741E-002
   1.2241081729337235        4.2894020656809959E-002
   1.2350570868280917        3.8162728370090222E-002
   1.2461039321946266        3.3889483029386450E-002
   1.2572495849716474        3.0037221376204834E-002
   1.2684949289322174        2.6571134929078557E-002
   1.2798408557542200        2.3458598884928641E-002
   1.2912882650910633        2.0669098428731082E-002
   1.3028380646430149        1.8174152674465770E-002
   1.3144911702291777        1.5947236516035593E-002
   1.3262485058601081        1.3963700711913003E-002
   1.3381110038110822        1.2200690561944411E-002
   1.3500796046960200        1.0637063559448504E-002
   1.3621552575420695        9.2533064170459804E-003
   1.3743389198648570        8.0314518712337295E-003
   1.3866315577444130        6.9549956693344605E-003
   1.3990341459017748        6.0088141339482964E-003
   1.4115476677762737        5.1790826852752114E-003
   1.4241731156035189        4.4531956815630040E-003
   1.4369114904940696        3.8196879133584466E-003
   1.4497638025128210        3.2681580590728362E-003
   1.4627310707590924        2.7891943784698848E-003
   1.4758143234474359        2.3743028878395072E-003
   1.4890145979891665        2.0158382265910045E-003
   1.5023329410746211        1.7069373904678000E-003
   1.5157704087561557        1.4414564721776570E-003
   1.5293280665318800        1.2139105164975684E-003
   1.5430069894301464        1.0194165643309611E-003
   1.5568082620947914        8.5363992917425165E-004
   1.5707329788711413        7.1274372032458931E-004
   1.5847822438927837        5.9334160019797384E-004
   1.5989571711691213        4.9245373852698762E-004
   1.6132588846737015        4.0746590410887162E-004
   1.6276885184333423        3.3609161525847259E-004
   1.6422472166180522        2.7633725321676866E-004
   1.6569361336317532        2.2647002845640649E-004
   1.6717564342038203        1.8498867805347399E-004
   1.6867092934814332        1.5059676296653716E-004
   1.7017958971227591        1.2217842705735291E-004
   1.7170174413909673        9.8776474856955167E-005
   1.7323751332490838        7.9572622261312739E-005
   1.7478701904556957        6.3869773354857849E-005
   1.7635038416615096        5.1076177221326918E-005
   1.7792773265067783        4.0691320718595833E-005
   1.7951918957195918        3.2293416575960255E-005
   1.8112488112150542        2.5528350629718653E-005
   1.8274493461953429        2.0099957362819685E-005
   1.8437947852506671        1.5761498981542826E-005
   1.8602864244611241        1.2308229881717062E-005
   1.8769255714994715        9.5709353754068090E-006
   1.8937135457348160        7.4103408257693695E-006
   1.9106516783372292        5.7122947458986895E-006
   1.9277413123833020        4.3836368439859910E-006
   1.9449838029626407        3.3486693432717897E-006
   1.9623805172853150        2.5461570862937564E-006
   1.9799328347902698        1.9267888777872961E-006
   1.9976421472547041        1.4510391712977084E-006
