 0.000025208214 -2.6790679
 0.000025418161 -2.6790657
 0.000025629857 -2.6790633
 0.000025843317 -2.6790612
 0.000026058553 -2.6790588
 0.000026275584 -2.6790564
 0.000026494421 -2.6790543
 0.00002671508 -2.6790519
 0.000026937578 -2.6790495
 0.000027161928 -2.679047
 0.000027388149 -2.6790447
 0.000027616252 -2.679042
 0.000027846254 -2.6790397
 0.000028078173 -2.6790373
 0.000028312023 -2.6790347
 0.000028547822 -2.6790323
 0.000028785584 -2.6790297
 0.000029025325 -2.679027
 0.000029267063 -2.6790245
 0.000029510815 -2.679022
 0.000029756597 -2.6790195
 0.000030004427 -2.6790166
 0.00003025432 -2.679014
 0.000030506293 -2.6790113
 0.000030760366 -2.6790087
 0.000031016556 -2.6790059
 0.000031274878 -2.679003
 0.000031535354 -2.6790004
 0.000031797998 -2.6789975
 0.000032062828 -2.6789947
 0.000032329863 -2.6789918
 0.000032599124 -2.678989
 0.000032870626 -2.678986
 0.00003314439 -2.6789832
 0.000033420434 -2.67898
 0.00003369878 -2.6789773
 0.000033979442 -2.6789742
 0.00003426244 -2.6789713
 0.000034547797 -2.6789682
 0.000034835528 -2.678965
 0.000035125657 -2.678962
 0.000035418205 -2.678959
 0.000035713187 -2.6789556
 0.000036010624 -2.6789525
 0.00003631054 -2.6789494
 0.000036612953 -2.678946
 0.000036917885 -2.6789427
 0.00003722536 -2.6789396
 0.000037535392 -2.6789362
 0.000037848007 -2.678933
 0.000038163224 -2.6789296
 0.00003848107 -2.678926
 0.00003880156 -2.6789227
 0.00003912472 -2.678919
 0.000039450573 -2.6789157
 0.000039779137 -2.6789122
 0.00004011044 -2.6789086
 0.0000404445 -2.678905
 0.000040781346 -2.6789014
 0.000041120995 -2.6788979
 0.00004146347 -2.6788943
 0.000041808802 -2.6788905
 0.000042157008 -2.6788867
 0.000042508116 -2.678883
 0.000042862146 -2.6788793
 0.000043219126 -2.6788754
 0.000043579075 -2.6788716
 0.000043942026 -2.6788676
 0.000044308 -2.6788638
 0.00004467702 -2.6788597
 0.000045049117 -2.678856
 0.00004542431 -2.6788518
 0.000045802626 -2.6788478
 0.000046184097 -2.6788437
 0.00004656874 -2.6788394
 0.000046956593 -2.6788354
 0.000047347672 -2.678831
 0.000047742007 -2.678827
 0.00004813963 -2.6788228
 0.00004854056 -2.6788185
 0.000048944836 -2.6788142
 0.000049352475 -2.6788096
 0.00004976351 -2.6788054
 0.000050177965 -2.6788008
 0.000050595874 -2.6787965
 0.000051017265 -2.678792
 0.000051442163 -2.6787875
 0.0000518706 -2.6787827
 0.00005230261 -2.6787782
 0.000052738214 -2.6787734
 0.000053177446 -2.6787689
 0.000053620337 -2.678764
 0.000054066913 -2.6787593
 0.00005451721 -2.6787546
 0.00005497126 -2.6787496
 0.000055429093 -2.6787448
 0.000055890734 -2.6787398
 0.000056356224 -2.6787348
 0.00005682559 -2.6787298
 0.000057298865 -2.6787248
 0.00005777608 -2.6787195
 0.00005825727 -2.6787145
 0.00005874247 -2.6787093
 0.00005923171 -2.678704
 0.000059725022 -2.6786988
 0.000060222443 -2.6786933
 0.000060724007 -2.678688
 0.00006122975 -2.6786826
 0.0000617397 -2.678677
 0.00006225391 -2.6786716
 0.00006277239 -2.678666
 0.00006329519 -2.6786604
 0.00006382235 -2.678655
 0.000064353895 -2.6786492
 0.00006488987 -2.6786435
 0.00006543031 -2.6786375
 0.00006597525 -2.6786318
 0.00006652473 -2.6786258
 0.00006707878 -2.6786199
 0.00006763745 -2.678614
 0.00006820077 -2.678608
 0.00006876878 -2.6786017
 0.00006934153 -2.6785958
 0.000069919035 -2.6785896
 0.00007050136 -2.6785834
 0.000071088536 -2.678577
 0.0000716806 -2.6785707
 0.000072277595 -2.6785643
 0.000072879564 -2.6785579
 0.00007348654 -2.6785514
 0.00007409858 -2.6785448
 0.00007471571 -2.678538
 0.000075337986 -2.6785314
 0.000075965436 -2.6785247
 0.00007659812 -2.678518
 0.00007723607 -2.6785111
 0.00007787933 -2.6785042
 0.000078527955 -2.6784973
 0.00007918198 -2.6784904
 0.00007984145 -2.6784832
 0.00008050641 -2.678476
 0.00008117691 -2.678469
 0.000081852995 -2.6784618
 0.000082534716 -2.6784544
 0.000083222105 -2.678447
 0.00008391523 -2.6784396
 0.00008461412 -2.6784322
 0.00008531883 -2.6784246
 0.00008602941 -2.678417
 0.00008674591 -2.6784093
 0.000087468376 -2.6784015
 0.00008819686 -2.6783938
 0.00008893141 -2.678386
 0.00008967208 -2.678378
 0.00009041892 -2.67837
 0.000091171976 -2.678362
 0.0000919313 -2.6783538
 0.00009269696 -2.6783457
 0.00009346899 -2.6783373
 0.00009424745 -2.678329
 0.000095032396 -2.6783206
 0.000095823874 -2.678312
 0.000096621945 -2.6783035
 0.000097426666 -2.678295
 0.00009823809 -2.6782863
 0.00009905627 -2.6782775
 0.00009988126 -2.6782687
 0.00010071313 -2.6782598
 0.00010155192 -2.6782508
 0.0001023977 -2.6782417
 0.000103250524 -2.6782327
 0.00010411045 -2.6782234
 0.00010497754 -2.678214
 0.00010585185 -2.6782048
 0.00010673344 -2.6781952
 0.00010762237 -2.6781857
 0.00010851871 -2.6781762
 0.000109422515 -2.6781664
 0.00011033384 -2.6781566
 0.00011125276 -2.6781468
 0.00011217934 -2.6781368
 0.00011311362 -2.6781268
 0.0001140557 -2.6781168
 0.00011500561 -2.6781065
 0.00011596344 -2.6780963
 0.00011692925 -2.678086
 0.0001179031 -2.6780756
 0.00011888506 -2.678065
 0.0001198752 -2.6780546
 0.000120873585 -2.6780438
 0.000121880286 -2.678033
 0.00012289538 -2.6780221
 0.00012391892 -2.6780112
 0.00012495098 -2.6780002
 0.00012599163 -2.677989
 0.00012704096 -2.6779778
 0.00012809903 -2.6779664
 0.0001291659 -2.677955
 0.00013024166 -2.6779435
 0.0001313264 -2.6779318
 0.00013242014 -2.67792
 0.00013352302 -2.6779084
 0.00013463506 -2.6778965
 0.00013575637 -2.6778843
 0.00013688703 -2.6778722
 0.0001380271 -2.67786
 0.00013917667 -2.6778479
 0.0001403358 -2.6778355
 0.0001415046 -2.6778228
 0.00014268313 -2.6778102
 0.00014387147 -2.6777976
 0.0001450697 -2.6777847
 0.00014627792 -2.6777718
 0.0001474962 -2.6777587
 0.00014872463 -2.6777456
 0.00014996329 -2.6777322
 0.00015121227 -2.6777189
 0.00015247165 -2.6777053
 0.00015374151 -2.6776917
 0.00015502196 -2.677678
 0.00015631306 -2.6776643
 0.00015761492 -2.6776502
 0.00015892762 -2.6776361
 0.00016025126 -2.677622
 0.00016158592 -2.6776078
 0.0001629317 -2.6775932
 0.00016428868 -2.677579
 0.00016565697 -2.6775641
 0.00016703665 -2.6775494
 0.00016842781 -2.6775346
 0.00016983057 -2.6775196
 0.00017124502 -2.6775043
 0.00017267124 -2.677489
 0.00017410933 -2.6774735
 0.00017555941 -2.677458
 0.00017702156 -2.6774426
 0.00017849589 -2.6774266
 0.0001799825 -2.6774108
 0.00018148149 -2.6773946
 0.00018299297 -2.6773784
 0.00018451703 -2.6773622
 0.00018605379 -2.6773458
 0.00018760335 -2.677329
 0.00018916582 -2.6773124
 0.00019074128 -2.6772954
 0.00019232988 -2.6772785
 0.00019393172 -2.6772614
 0.00019554688 -2.677244
 0.0001971755 -2.6772265
 0.00019881768 -2.6772091
 0.00020047354 -2.6771913
 0.0002021432 -2.6771734
 0.00020382676 -2.6771555
 0.00020552434 -2.6771371
 0.00020723605 -2.6771188
 0.00020896202 -2.6771004
 0.00021070238 -2.6770818
 0.00021245722 -2.677063
 0.00021422667 -2.677044
 0.00021601087 -2.6770248
 0.00021780992 -2.6770055
 0.00021962397 -2.6769862
 0.00022145311 -2.6769667
 0.0002232975 -2.6769469
 0.00022515723 -2.6769269
 0.00022703246 -2.6769068
 0.00022892331 -2.6768866
 0.00023082992 -2.6768663
 0.00023275238 -2.6768456
 0.00023469087 -2.6768248
 0.00023664552 -2.676804
 0.00023861643 -2.6767828
 0.00024060375 -2.6767616
 0.00024260762 -2.6767402
 0.0002446282 -2.6767185
 0.0002466656 -2.6766968
 0.00024871994 -2.6766746
 0.00025079143 -2.6766524
 0.00025288016 -2.67663
 0.00025498628 -2.6766076
 0.00025710993 -2.6765847
 0.00025925128 -2.6765618
 0.0002614105 -2.6765387
 0.00026358763 -2.6765156
 0.00026578293 -2.676492
 0.00026799654 -2.6764684
 0.00027022854 -2.6764443
 0.00027247917 -2.6764202
 0.0002747485 -2.676396
 0.00027703677 -2.6763716
 0.00027934407 -2.6763468
 0.0002816706 -2.676322
 0.0002840165 -2.6762967
 0.00028638195 -2.6762714
 0.0002887671 -2.676246
 0.0002911721 -2.6762202
 0.00029359714 -2.6761942
 0.0002960424 -2.676168
 0.00029850798 -2.6761417
 0.0003009941 -2.676115
 0.00030350097 -2.676088
 0.00030602867 -2.6760612
 0.00030857744 -2.6760337
 0.00031114745 -2.6760063
 0.00031373886 -2.6759787
 0.00031635183 -2.6759505
 0.0003189866 -2.6759224
 0.00032164328 -2.675894
 0.0003243221 -2.6758652
 0.00032702324 -2.6758363
 0.00032974686 -2.6758072
 0.00033249316 -2.675778
 0.00033526236 -2.675748
 0.0003380546 -2.6757183
 0.0003408701 -2.6756883
 0.00034370905 -2.6756577
 0.00034657164 -2.6756272
 0.00034945807 -2.6755962
 0.00035236854 -2.675565
 0.00035530326 -2.6755338
 0.00035826242 -2.675502
 0.00036124623 -2.67547
 0.0003642549 -2.675438
 0.0003672886 -2.6754055
 0.00037034758 -2.6753726
 0.00037343203 -2.6753397
 0.0003765422 -2.6753063
 0.0003796782 -2.6752727
 0.0003828404 -2.6752388
 0.0003860289 -2.6752048
 0.00038924394 -2.6751704
 0.0003924858 -2.6751356
 0.0003957546 -2.6751008
 0.00039905068 -2.6750655
 0.0004023742 -2.67503
 0.00040572538 -2.674994
 0.00040910448 -2.6749578
 0.00041251173 -2.6749215
 0.00041594735 -2.6748846
 0.00041941158 -2.6748476
 0.00042290465 -2.6748102
 0.00042642682 -2.6747725
 0.00042997836 -2.6747346
 0.00043355944 -2.6746962
 0.00043717035 -2.6746576
 0.00044081136 -2.6746185
 0.00044448266 -2.6745794
 0.00044818455 -2.6745398
 0.00045191727 -2.6744998
 0.0004556811 -2.6744595
 0.00045947626 -2.674419
 0.000463303 -2.674378
 0.00046716165 -2.6743367
 0.00047105242 -2.674295
 0.00047497562 -2.674253
 0.00047893147 -2.6742108
 0.00048292027 -2.674168
 0.00048694227 -2.674125
 0.0004909978 -2.6740816
 0.0004950871 -2.674038
 0.00049921044 -2.6739938
 0.00050336815 -2.6739492
 0.00050756044 -2.6739044
 0.0005117877 -2.6738591
 0.00051605015 -2.6738136
 0.0005203481 -2.6737676
 0.0005246818 -2.6737213
 0.00052905164 -2.6736746
 0.0005334579 -2.6736274
 0.00053790084 -2.67358
 0.00054238073 -2.673532
 0.000546898 -2.6734836
 0.00055145286 -2.673435
 0.0005560456 -2.6733859
 0.0005606767 -2.6733363
 0.00056534633 -2.6732864
 0.0005700548 -2.673236
 0.0005748026 -2.673185
 0.0005795898 -2.673134
 0.00058441696 -2.6730824
 0.0005892843 -2.6730304
 0.0005941922 -2.672978
 0.00059914094 -2.672925
 0.0006041309 -2.6728716
 0.00060916244 -2.6728177
 0.0006142359 -2.6727636
 0.0006193516 -2.6727087
 0.0006245098 -2.6726537
 0.0006297111 -2.6725981
 0.00063495565 -2.6725419
 0.00064024393 -2.6724854
 0.0006455762 -2.6724284
 0.0006509529 -2.672371
 0.00065637444 -2.672313
 0.00066184107 -2.6722546
 0.0006673532 -2.6721957
 0.0006729113 -2.672136
 0.0006785157 -2.6720762
 0.00068416673 -2.672016
 0.00068986486 -2.6719549
 0.0006956104 -2.6718936
 0.0007014038 -2.6718316
 0.0007072455 -2.6717691
 0.0007131358 -2.6717062
 0.0007190752 -2.6716425
 0.000725064 -2.6715786
 0.0007311028 -2.671514
 0.00073719176 -2.671449
 0.0007433315 -2.6713834
 0.00074952235 -2.671317
 0.00075576484 -2.6712506
 0.00076205924 -2.671183
 0.0007684061 -2.6711154
 0.0007748058 -2.671047
 0.00078125874 -2.670978
 0.0007877655 -2.6709085
 0.0007943265 -2.6708384
 0.000800942 -2.6707678
 0.0008076127 -2.6706965
 0.000814339 -2.6706245
 0.0008211212 -2.670552
 0.0008279599 -2.670479
 0.00083485566 -2.6704054
 0.0008418088 -2.670331
 0.0008488198 -2.6702561
 0.00085588923 -2.6701806
 0.0008630176 -2.6701045
 0.00087020523 -2.6700277
 0.0008774528 -2.6699502
 0.00088476064 -2.669872
 0.00089212944 -2.6697934
 0.0008995596 -2.669714
 0.0009070516 -2.669634
 0.000914606 -2.6695533
 0.0009222233 -2.669472
 0.0009299041 -2.66939
 0.0009376489 -2.6693072
 0.0009454581 -2.6692238
 0.0009533324 -2.6691396
 0.0009612722 -2.669055
 0.0009692782 -2.6689694
 0.0009773509 -2.668883
 0.0009854909 -2.6687963
 0.0009936985 -2.6687086
 0.0010019746 -2.66862
 0.0010103196 -2.6685312
 0.0010187341 -2.6684413
 0.0010272186 -2.6683507
 0.0010357739 -2.6682594
 0.0010444004 -2.668167
 0.0010530987 -2.6680744
 0.0010618694 -2.6679807
 0.0010707133 -2.6678863
 0.0010796308 -2.6677911
 0.0010886225 -2.667695
 0.0010976891 -2.6675982
 0.0011068312 -2.6675007
 0.0011160496 -2.6674023
 0.0011253447 -2.667303
 0.0011347171 -2.6672032
 0.0011441676 -2.6671023
 0.0011536969 -2.6670005
 0.0011633055 -2.666898
 0.0011729941 -2.6667945
 0.0011827635 -2.6666903
 0.0011926142 -2.6665852
 0.0012025469 -2.666479
 0.0012125623 -2.6663723
 0.0012226612 -2.6662645
 0.0012328442 -2.666156
 0.001243112 -2.6660464
 0.0012534653 -2.665936
 0.0012639049 -2.6658247
 0.0012744314 -2.6657124
 0.0012850455 -2.665599
 0.001295748 -2.665485
 0.0013065398 -2.6653697
 0.0013174213 -2.6652536
 0.0013283935 -2.6651366
 0.0013394571 -2.6650186
 0.0013506128 -2.6648996
 0.0013618615 -2.6647797
 0.0013732037 -2.6646588
 0.0013846406 -2.6645367
 0.0013961726 -2.664414
 0.0014078007 -2.66429
 0.0014195256 -2.6641648
 0.0014313482 -2.664039
 0.0014432692 -2.6639118
 0.0014552895 -2.6637836
 0.00146741 -2.6636543
 0.0014796314 -2.6635242
 0.0014919546 -2.6633928
 0.0015043804 -2.6632602
 0.0015169096 -2.6631267
 0.0015295433 -2.662992
 0.0015422822 -2.6628563
 0.0015551271 -2.6627195
 0.001568079 -2.6625814
 0.0015811388 -2.6624422
 0.0015943074 -2.662302
 0.0016075857 -2.6621604
 0.0016209745 -2.6620178
 0.0016344748 -2.661874
 0.0016480876 -2.6617289
 0.0016618138 -2.6615827
 0.0016756543 -2.6614354
 0.0016896101 -2.6612866
 0.001703682 -2.6611366
 0.0017178712 -2.6609855
 0.0017321786 -2.6608331
 0.0017466052 -2.6606796
 0.0017611518 -2.6605246
 0.0017758196 -2.6603684
 0.0017906096 -2.660211
 0.0018055227 -2.6600523
 0.0018205601 -2.659892
 0.0018357227 -2.6597307
 0.0018510116 -2.6595678
 0.0018664278 -2.6594038
 0.0018819724 -2.6592383
 0.0018976466 -2.6590714
 0.0019134511 -2.6589034
 0.0019293875 -2.6587336
 0.0019454564 -2.6585627
 0.0019616592 -2.6583903
 0.001977997 -2.6582165
 0.0019944708 -2.6580412
 0.002011082 -2.6578643
 0.0020278313 -2.6576862
 0.00204472 -2.6575065
 0.0020617496 -2.6573255
 0.002078921 -2.6571426
 0.0020962353 -2.6569586
 0.0021136939 -2.6567729
 0.002131298 -2.6565857
 0.0021490485 -2.6563969
 0.002166947 -2.6562066
 0.0021849945 -2.6560147
 0.0022031923 -2.6558213
 0.0022215417 -2.655626
 0.0022400438 -2.6554294
 0.0022587 -2.6552312
 0.0022775119 -2.6550312
 0.0022964801 -2.6548295
 0.0023156065 -2.6546264
 0.002334892 -2.6544213
 0.0023543383 -2.6542146
 0.0023739466 -2.6540065
 0.002393718 -2.6537962
 0.0024136542 -2.6535845
 0.0024337566 -2.6533709
 0.0024540261 -2.6531556
 0.0024744647 -2.6529386
 0.0024950732 -2.6527197
 0.0025158536 -2.652499
 0.002536807 -2.6522765
 0.002557935 -2.6520522
 0.0025792387 -2.651826
 0.0026007202 -2.651598
 0.0026223802 -2.651368
 0.0026442208 -2.6511362
 0.0026662434 -2.6509023
 0.0026884493 -2.6506667
 0.0027108402 -2.650429
 0.0027334176 -2.6501894
 0.0027561828 -2.649948
 0.0027791378 -2.6497042
 0.002802284 -2.649459
 0.002825623 -2.6492112
 0.0028491563 -2.6489615
 0.0028728854 -2.6487098
 0.0028968125 -2.648456
 0.0029209387 -2.6482003
 0.002945266 -2.6479423
 0.0029697956 -2.6476822
 0.0029945297 -2.64742
 0.0030194698 -2.6471558
 0.0030446176 -2.6468892
 0.0030699747 -2.6466203
 0.0030955432 -2.6463494
 0.0031213246 -2.6460762
 0.0031473206 -2.6458008
 0.0031735331 -2.645523
 0.003199964 -2.645243
 0.003226615 -2.6449606
 0.003253488 -2.644676
 0.003280585 -2.6443892
 0.0033079074 -2.6440997
 0.0033354575 -2.6438081
 0.003363237 -2.643514
 0.0033912477 -2.6432173
 0.003419492 -2.6429183
 0.0034479713 -2.642617
 0.003476688 -2.642313
 0.0035056437 -2.6420066
 0.0035348404 -2.6416976
 0.0035642805 -2.6413863
 0.003593966 -2.6410723
 0.0036238984 -2.6407557
 0.0036540802 -2.6404364
 0.0036845133 -2.6401145
 0.0037152 -2.63979
 0.0037461421 -2.639463
 0.003777342 -2.6391332
 0.0038088018 -2.6388006
 0.0038405235 -2.6384654
 0.0038725093 -2.6381273
 0.0039047617 -2.6377864
 0.0039372826 -2.6374428
 0.0039700745 -2.6370964
 0.0040031397 -2.6367471
 0.0040364796 -2.636395
 0.0040700976 -2.63604
 0.004103996 -2.635682
 0.004138176 -2.6353214
 0.004172641 -2.6349576
 0.004207393 -2.6345906
 0.0042424346 -2.6342208
 0.0042777676 -2.633848
 0.0043133954 -2.633472
 0.0043493197 -2.633093
 0.004385543 -2.632711
 0.004422068 -2.6323256
 0.0044588977 -2.6319373
 0.004496034 -2.6315458
 0.004533479 -2.631151
 0.004571236 -2.630753
 0.004609308 -2.6303518
 0.004647697 -2.6299472
 0.0046864054 -2.6295393
 0.004725436 -2.6291282
 0.0047647925 -2.6287136
 0.004804476 -2.6282957
 0.0048444904 -2.6278741
 0.004884838 -2.6274493
 0.0049255216 -2.627021
 0.004966544 -2.6265893
 0.005007908 -2.626154
 0.0050496166 -2.625715
 0.0050916723 -2.6252725
 0.0051340787 -2.6248264
 0.005176838 -2.6243768
 0.0052199536 -2.6239233
 0.005263428 -2.6234663
 0.005307265 -2.6230054
 0.0053514666 -2.6225407
 0.0053960364 -2.6220722
 0.005440978 -2.6216
 0.005486293 -2.621124
 0.005531986 -2.6206439
 0.0055780592 -2.62016
 0.0056245164 -2.6196723
 0.0056713605 -2.6191804
 0.0057185944 -2.6186845
 0.0057662223 -2.6181846
 0.0058142464 -2.6176808
 0.0058626705 -2.6171727
 0.005911498 -2.6166604
 0.005960732 -2.616144
 0.0060103764 -2.6156235
 0.006060434 -2.6150987
 0.0061109085 -2.6145694
 0.0061618034 -2.614036
 0.0062131225 -2.6134984
 0.0062648687 -2.6129563
 0.0063170455 -2.6124096
 0.0063696573 -2.6118586
 0.0064227073 -2.6113033
 0.0064761993 -2.6107433
 0.0065301363 -2.6101787
 0.0065845232 -2.6096096
 0.0066393623 -2.6090357
 0.0066946587 -2.6084573
 0.0067504155 -2.6078744
 0.0068066367 -2.6072865
 0.006863326 -2.6066937
 0.0069204876 -2.6060963
 0.006978125 -2.605494
 0.0070362426 -2.604887
 0.0070948442 -2.6042747
 0.007153934 -2.6036577
 0.0072135157 -2.6030357
 0.007273594 -2.6024084
 0.0073341723 -2.6017764
 0.0073952554 -2.601139
 0.007456847 -2.6004965
 0.0075189513 -2.5998487
 0.0075815734 -2.599196
 0.0076447167 -2.5985377
 0.007708386 -2.5978742
 0.007772586 -2.5972052
 0.00783732 -2.5965307
 0.007902593 -2.595851
 0.007968411 -2.5951657
 0.008034776 -2.5944748
 0.008101693 -2.5937784
 0.008169169 -2.5930765
 0.008237206 -2.5923686
 0.00830581 -2.5916553
 0.008374985 -2.590936
 0.008444737 -2.590211
 0.008515069 -2.5894802
 0.008585988 -2.5887434
 0.008657496 -2.5880008
 0.0087296 -2.587252
 0.008802305 -2.5864973
 0.008875616 -2.5857365
 0.008949537 -2.5849695
 0.009024073 -2.5841963
 0.00909923 -2.583417
 0.009175014 -2.5826313
 0.009251428 -2.5818393
 0.009328479 -2.581041
 0.009406172 -2.5802364
 0.009484512 -2.579425
 0.009563504 -2.5786073
 0.009643153 -2.577783
 0.009723467 -2.5769522
 0.009804449 -2.5761147
 0.009886106 -2.5752702
 0.009968443 -2.574419
 0.010051466 -2.5735612
 0.010135179 -2.5726964
 0.010219591 -2.5718246
 0.010304705 -2.5709457
 0.0103905285 -2.57006
 0.010477066 -2.5691671
 0.010564324 -2.568267
 0.01065231 -2.56736
 0.010741028 -2.5664454
 0.010830485 -2.5655236
 0.010920688 -2.5645943
 0.011011641 -2.5636578
 0.011103352 -2.5627136
 0.011195826 -2.5617619
 0.011289071 -2.5608027
 0.011383093 -2.5598357
 0.011477898 -2.558861
 0.011573492 -2.5578787
 0.011669882 -2.5568883
 0.011767075 -2.5558903
 0.011865078 -2.5548842
 0.011963896 -2.55387
 0.012063538 -2.5528479
 0.01216401 -2.5518174
 0.012265318 -2.5507789
 0.01236747 -2.5497322
 0.012470474 -2.548677
 0.012574335 -2.5476136
 0.01267906 -2.5465417
 0.012784658 -2.5454612
 0.012891136 -2.544372
 0.0129985 -2.5432744
 0.013106759 -2.542168
 0.013215919 -2.5410528
 0.013325988 -2.5399287
 0.013436974 -2.538796
 0.013548885 -2.537654
 0.013661727 -2.536503
 0.013775509 -2.535343
 0.013890239 -2.5341737
 0.014005925 -2.5329952
 0.014122574 -2.5318077
 0.014240194 -2.5306103
 0.014358794 -2.5294037
 0.014478382 -2.5281878
 0.014598966 -2.526962
 0.0147205535 -2.5257266
 0.014843155 -2.5244815
 0.014966776 -2.5232265
 0.015091428 -2.5219617
 0.015217117 -2.5206869
 0.015343853 -2.5194023
 0.015471646 -2.5181072
 0.015600502 -2.5168023
 0.015730431 -2.515487
 0.015861442 -2.5141613
 0.015993545 -2.5128253
 0.016126748 -2.5114787
 0.01626106 -2.5101216
 0.01639649 -2.508754
 0.01653305 -2.5073755
 0.016670747 -2.5059865
 0.01680959 -2.5045862
 0.016949588 -2.5031753
 0.017090755 -2.5017533
 0.017233094 -2.5003202
 0.017376622 -2.4988759
 0.017521344 -2.4974203
 0.017667271 -2.4959533
 0.017814413 -2.494475
 0.017962782 -2.492985
 0.018112386 -2.4914837
 0.018263236 -2.4899704
 0.018415341 -2.4884455
 0.018568713 -2.486909
 0.018723365 -2.4853601
 0.018879302 -2.4837995
 0.019036539 -2.4822266
 0.019195085 -2.4806416
 0.019354952 -2.4790444
 0.019516151 -2.4774349
 0.019678693 -2.4758127
 0.019842587 -2.474178
 0.020007847 -2.4725308
 0.020174483 -2.470871
 0.020342506 -2.4691982
 0.02051193 -2.4675126
 0.020682765 -2.4658139
 0.020855023 -2.4641023
 0.021028714 -2.4623773
 0.021203853 -2.460639
 0.02138045 -2.4588876
 0.021558518 -2.4571226
 0.02173807 -2.4553442
 0.021919115 -2.453552
 0.022101669 -2.4517462
 0.022285745 -2.4499264
 0.022471352 -2.4480927
 0.022658506 -2.4462452
 0.022847218 -2.4443834
 0.023037503 -2.4425075
 0.02322937 -2.440617
 0.023422837 -2.4387126
 0.023617916 -2.4367933
 0.023814619 -2.4348595
 0.024012959 -2.432911
 0.024212953 -2.4309478
 0.02441461 -2.4289696
 0.02461795 -2.4269762
 0.02482298 -2.424968
 0.025029719 -2.4229445
 0.02523818 -2.4209056
 0.025448378 -2.4188514
 0.025660325 -2.4167814
 0.02587404 -2.4146962
 0.026089532 -2.412595
 0.02630682 -2.410478
 0.026525917 -2.408345
 0.02674684 -2.406196
 0.0269696 -2.404031
 0.027194219 -2.4018497
 0.027420707 -2.399652
 0.02764908 -2.3974378
 0.027879357 -2.395207
 0.028111551 -2.3929596
 0.02834568 -2.3906953
 0.028581759 -2.3884141
 0.028819803 -2.3861158
 0.02905983 -2.3838005
 0.029301856 -2.381468
 0.029545898 -2.3791182
 0.029791972 -2.3767507
 0.030040095 -2.3743658
 0.030290285 -2.3719633
 0.030542558 -2.3695428
 0.030796934 -2.3671043
 0.031053428 -2.364648
 0.031312056 -2.3621736
 0.03157284 -2.3596807
 0.0318358 -2.3571696
 0.032100942 -2.35464
 0.032368295 -2.3520918
 0.032637876 -2.3495247
 0.032909703 -2.346939
 0.033183794 -2.3443344
 0.033460166 -2.3417106
 0.03373884 -2.3390675
 0.034019835 -2.3364053
 0.03430317 -2.3337235
 0.034588866 -2.3310223
 0.03487694 -2.3283014
 0.035167415 -2.3255606
 0.03546031 -2.3228002
 0.03575564 -2.3200195
 0.036053434 -2.3172188
 0.036353704 -2.3143978
 0.03665648 -2.3115563
 0.036961775 -2.3086944
 0.03726961 -2.305812
 0.037580013 -2.3029087
 0.037893 -2.2999845
 0.038208593 -2.2970393
 0.038526814 -2.294073
 0.038847685 -2.2910857
 0.03917123 -2.2880766
 0.03949747 -2.2850463
 0.039826427 -2.2819946
 0.040158123 -2.278921
 0.04049258 -2.2758253
 0.040829826 -2.2727077
 0.041169878 -2.2695682
 0.04151276 -2.2664063
 0.041858505 -2.2632222
 0.042207126 -2.2600155
 0.042558648 -2.256786
 0.042913098 -2.2535343
 0.043270502 -2.2502594
 0.043630883 -2.2469616
 0.043994263 -2.2436407
 0.04436067 -2.2402964
 0.04473013 -2.236929
 0.045102667 -2.233538
 0.045478307 -2.2301233
 0.045857076 -2.2266848
 0.046239 -2.2232227
 0.0466241 -2.2197366
 0.04701241 -2.216226
 0.047403958 -2.2126915
 0.047798764 -2.2091327
 0.048196856 -2.2055492
 0.048598267 -2.2019413
 0.04900302 -2.1983085
 0.049411144 -2.194651
 0.049822666 -2.1909683
 0.050237615 -2.1872606
 0.05065602 -2.1835277
 0.051077913 -2.1797693
 0.051503316 -2.1759853
 0.051932264 -2.172176
 0.052364785 -2.1683407
 0.052800905 -2.1644797
 0.05324066 -2.1605926
 0.05368408 -2.1566794
 0.054131187 -2.15274
 0.054582022 -2.1487744
 0.05503661 -2.144782
 0.055494986 -2.1407633
 0.055957176 -2.1367176
 0.05642322 -2.1326451
 0.056893144 -2.1285458
 0.05736698 -2.1244192
 0.05784476 -2.1202655
 0.058326524 -2.1160846
 0.058812298 -2.111876
 0.05930212 -2.10764
 0.05979602 -2.1033762
 0.060294032 -2.0990846
 0.060796194 -2.094765
 0.06130254 -2.0904174
 0.0618131 -2.0860417
 0.062327914 -2.0816376
 0.06284701 -2.0772052
 0.06337044 -2.0727444
 0.06389822 -2.0682547
 0.0644304 -2.0637364
 0.06496701 -2.0591893
 0.06550809 -2.0546134
 0.06605367 -2.050008
 0.06660381 -2.0453737
 0.06715852 -2.04071
 0.06771785 -2.036017
 0.068281844 -2.0312943
 0.06885053 -2.0265422
 0.06942396 -2.0217602
 0.07000215 -2.0169485
 0.07058517 -2.012107
 0.07117304 -2.007235
 0.07176581 -2.0023332
 0.07236352 -1.9974012
 0.072966196 -1.9924388
 0.0735739 -1.9874458
 0.07418666 -1.9824225
 0.07480453 -1.9773685
 0.07542754 -1.9722837
 0.07605574 -1.9671681
 0.076689176 -1.9620216
 0.077327885 -1.9568441
 0.07797191 -1.9516355
 0.078621306 -1.9463958
 0.07927611 -1.9411247
 0.07993636 -1.9358224
 0.08060212 -1.9304885
 0.081273414 -1.9251231
 0.0819503 -1.9197263
 0.08263283 -1.9142976
 0.08332104 -1.9088372
 0.08401498 -1.903345
 0.0847147 -1.8978208
 0.08542025 -1.8922647
 0.08613168 -1.8866765
 0.086849034 -1.8810562
 0.08757236 -1.8754038
 0.08830171 -1.869719
 0.089037135 -1.864002
 0.089778684 -1.8582525
 0.09052641 -1.8524706
 0.091280356 -1.8466563
 0.09204059 -1.8408093
 0.09280716 -1.8349298
 0.093580104 -1.8290176
 0.09435949 -1.8230728
 0.09514537 -1.8170952
 0.09593779 -1.8110846
 0.09673681 -1.8050414
 0.09754249 -1.7989652
 0.098354876 -1.7928561
 0.09917402 -1.7867141
 0.1 -1.780539
 0.10083286 -1.774331
 0.10167264 -1.7680899
 0.10251943 -1.7618158
 0.10337327 -1.7555085
 0.10423422 -1.7491682
 0.10510233 -1.7427946
 0.105977684 -1.736388
 0.106860325 -1.7299482
 0.10775031 -1.7234752
 0.10864772 -1.716969
 0.10955259 -1.7104297
 0.110465005 -1.7038572
 0.11138502 -1.6972516
 0.11231269 -1.6906127
 0.113248095 -1.6839406
 0.114191286 -1.6772355
 0.11514233 -1.6704972
 0.1161013 -1.6637257
 0.11706825 -1.6569213
 0.11804326 -1.6500837
 0.11902639 -1.643213
 0.12001771 -1.6363094
 0.12101728 -1.6293728
 0.12202518 -1.6224033
 0.123041466 -1.6154008
 0.124066226 -1.6083655
 0.12509951 -1.6012974
 0.12614141 -1.5941966
 0.12719199 -1.587063
 0.12825131 -1.5798968
 0.12931946 -1.572698
 0.1303965 -1.5654668
 0.13148251 -1.5582031
 0.13257757 -1.550907
 0.13368174 -1.5435786
 0.13479511 -1.536218
 0.13591777 -1.5288254
 0.13704976 -1.5214008
 0.13819118 -1.5139441
 0.13934211 -1.5064557
 0.14050263 -1.4989356
 0.14167282 -1.4913838
 0.14285274 -1.4838005
 0.14404249 -1.4761858
 0.14524215 -1.46854
 0.14645182 -1.4608629
 0.14767155 -1.4531547
 0.14890143 -1.4454157
 0.15014157 -1.437646
 0.15139203 -1.4298457
 0.1526529 -1.4220148
 0.15392427 -1.4141538
 0.15520623 -1.4062625
 0.15649888 -1.3983413
 0.15780228 -1.3903903
 0.15911655 -1.3824096
 0.16044176 -1.3743994
 0.161778 -1.36636
 0.16312538 -1.3582914
 0.16448398 -1.3501939
 0.16585389 -1.3420676
 0.16723521 -1.3339128
 0.16862804 -1.3257297
 0.17003246 -1.3175185
 0.17144859 -1.3092793
 0.17287649 -1.3010125
 0.1743163 -1.2927183
 0.1757681 -1.2843968
 0.177232 -1.2760483
 0.17870809 -1.267673
 0.18019646 -1.2592713
 0.18169723 -1.2508433
 0.1832105 -1.2423892
 0.18473639 -1.2339095
 0.18627498 -1.2254041
 0.18782637 -1.2168736
 0.18939069 -1.2083184
 0.19096804 -1.1997383
 0.19255853 -1.1911339
 0.19416225 -1.1825054
 0.19577934 -1.173853
 0.1974099 -1.1651773
 0.19905403 -1.1564784
 0.20071186 -1.1477567
 0.2023835 -1.1390125
 0.20406906 -1.1302459
 0.20576866 -1.1214576
 0.20748241 -1.1126478
 0.20921044 -1.1038166
 0.21095285 -1.0949647
 0.21270978 -1.0860922
 0.21448134 -1.0771997
 0.21626766 -1.0682874
 0.21806885 -1.0593555
 0.21988505 -1.0504048
 0.22171637 -1.0414352
 0.22356294 -1.0324476
 0.2254249 -1.023442
 0.22730236 -1.0144188
 0.22919546 -1.0053787
 0.23110431 -0.99632186
 0.23302908 -0.9872488
 0.23496987 -0.97815984
 0.23692682 -0.9690555
 0.23890008 -0.9599361
 0.24088977 -0.9508022
 0.24289604 -0.94165415
 0.244919 -0.93249243
 0.24695882 -0.9233175
 0.24901563 -0.9141298
 0.25108957 -0.9049298
 0.25318077 -0.895718
 0.2552894 -0.88649476
 0.2574156 -0.8772606
 0.25955948 -0.8680161
 0.26172122 -0.8587617
 0.263901 -0.84949785
 0.2660989 -0.84022504
 0.2683151 -0.8309439
 0.27054977 -0.82165474
 0.27280307 -0.8123582
 0.27507514 -0.80305475
 0.2773661 -0.7937449
 0.27967614 -0.7844293
 0.28200546 -0.7751084
 0.28435415 -0.76578265
 0.2867224 -0.75645274
 0.28911036 -0.7471191
 0.29151824 -0.73778236
 0.29394618 -0.7284431
 0.29639432 -0.7191017
 0.29886284 -0.709759
 0.30135193 -0.7004154
 0.30386177 -0.69107145
 0.3063925 -0.68172777
 0.30894428 -0.672385
 0.31151733 -0.6630437
 0.31411183 -0.6537044
 0.3167279 -0.64436775
 0.3193658 -0.6350343
 0.32202566 -0.62570477
 0.32470766 -0.6163796
 0.32741198 -0.6070596
 0.33013886 -0.59774524
 0.33288842 -0.5884372
 0.3356609 -0.579136
 0.33845648 -0.56984246
 0.3412753 -0.56055707
 0.34411764 -0.55128044
 0.34698364 -0.54201335
 0.3498735 -0.53275627
 0.35278744 -0.52351
 0.35572565 -0.5142751
 0.35868832 -0.5050522
 0.36167568 -0.495842
 0.3646879 -0.48664516
 0.36772522 -0.47746232
 0.37078783 -0.46829414
 0.37387595 -0.4591413
 0.3769898 -0.45000446
 0.38012958 -0.4408843
 0.3832955 -0.43178147
 0.38648778 -0.42269665
 0.38970667 -0.41363052
 0.39295235 -0.40458375
 0.39622506 -0.39555705
 0.39952505 -0.38655105
 0.4028525 -0.3775665
 0.40620768 -0.36860403
 0.4095908 -0.35966435
 0.4130021 -0.35074815
 0.4164418 -0.34185612
 0.41991016 -0.33298895
 0.4234074 -0.32414734
 0.42693377 -0.31533197
 0.4304895 -0.30654356
 0.43407485 -0.29778278
 0.43769005 -0.2890503
 0.44133538 -0.2803469
 0.44501105 -0.2716732
 0.44871736 -0.26302993
 0.4524545 -0.2544178
 0.4562228 -0.2458375
 0.46002245 -0.2372897
 0.46385378 -0.22877514
 0.467717 -0.22029449
 0.4716124 -0.21184847
 0.47554025 -0.20343776
 0.4795008 -0.19506305
 0.48349434 -0.18672507
 0.48752114 -0.17842449
 0.4915815 -0.170162
 0.49567565 -0.16193832
 0.4998039 -0.15375413
 0.5039665 -0.14561011
 0.50816387 -0.13750696
 0.5123961 -0.12944539
 0.5166636 -0.12142605
 0.52096665 -0.11344966
 0.52530557 -0.10551688
 0.5296806 -0.09762841
 0.53409207 -0.089784905
 0.53854024 -0.08198705
 0.5430255 -0.07423553
 0.5475481 -0.066531
 0.5521084 -0.05887415
 0.55670667 -0.05126564
 0.5613432 -0.043706127
 0.5660184 -0.036196273
 0.5707325 -0.028736737
 0.5754859 -0.021328172
 0.5802788 -0.013971395
 0.5851117 -0.0066690007
 0.58998483 0.0005752439
 0.5948985 0.0077598006
 0.59985316 0.01488573
 0.6048491 0.021956181
 0.6098866 0.028971303
 0.61496603 0.035930518
 0.6200878 0.04283321
 0.62525225 0.049678773
 0.63045967 0.056466598
 0.6357105 0.063196085
 0.64100504 0.06986664
 0.64634365 0.076477684
 0.6517268 0.08302862
 0.6571547 0.089518875
 0.6626278 0.09594788
 0.66814655 0.10231506
 0.67371124 0.10861987
 0.6793223 0.11486174
 0.68498003 0.12104014
 0.6906849 0.12715451
 0.6964373 0.13320434
 0.7022376 0.1391891
 0.70808625 0.14510825
 0.7139836 0.1509613
 0.71993 0.15674774
 0.725926 0.16246708
 0.73197186 0.1681188
 0.73806816 0.17370246
 0.7442152 0.17921759
 0.7504134 0.1846637
 0.75666326 0.19004034
 0.76296514 0.19534707
 0.76931953 0.20058344
 0.77572685 0.20574905
 0.7821875 0.21084346
 0.788702 0.21586627
 0.79527074 0.22081707
 0.8018942 0.22569549
 0.80857277 0.23050112
 0.815307 0.23523362
 0.8220973 0.2398926
 0.8289442 0.24447773
 0.8358481 0.24898867
 0.8428095 0.2534251
 0.84982884 0.2577867
 0.8569067 0.26207313
 0.8640435 0.26628414
 0.8712397 0.27041945
 0.8784959 0.27447873
 0.88581246 0.27846178
 0.89318997 0.28236833
 0.9006289 0.28619817
 0.9081299 0.28995103
 0.9156933 0.29362673
 0.92331964 0.29722506
 0.93100953 0.30074584
 0.9387635 0.3041889
 0.946582 0.3075541
 0.9544657 0.31084126
 0.962415 0.31405026
 0.9704305 0.317181
 0.97851276 0.32023332
 0.9866623 0.3232072
 0.9948798 0.32610252
 1.0031657 0.32891923
 1.0115206 0.33165726
 1.0199451 0.3343166
 1.0284398 0.33689722
 1.0370052 0.33939913
 1.0456419 0.34182233
 1.0543506 0.34416685
 1.0631318 0.3464327
 1.0719861 0.34861997
 1.0809141 0.3507287
 1.0899166 0.35275897
 1.098994 0.35471094
 1.108147 0.35658467
 1.1173763 0.35838032
 1.1266824 0.360098
 1.1360661 0.3617379
 1.1455278 0.36330023
 1.1550684 0.36478513
 1.1646885 0.36619282
 1.1743885 0.36752355
 1.1841695 0.36877754
 1.194032 0.3699551
 1.2039765 0.3710564
 1.2140038 0.37208185
 1.2241147 0.37303165
 1.2343098 0.3739062
 1.2445898 0.37470582
 1.2549554 0.37543085
 1.2654073 0.37608168
 1.2759464 0.37665865
 1.2865732 0.37716225
 1.2972884 0.3775928
 1.308093 0.37795082
 1.3189875 0.3782367
 1.3299726 0.37845096
 1.3410494 0.37859407
 1.3522184 0.3786665
 1.3634804 0.37866879
 1.3748362 0.37860143
 1.3862866 0.37846503
 1.3978323 0.3782601
 1.4094743 0.37798727
 1.421213 0.37764707
 1.4330497 0.37724012
 1.4449849 0.3767671
 1.4570196 0.37622857
 1.4691544 0.37562522
 1.4813904 0.3749577
 1.4937282 0.37422672
 1.5061687 0.37343293
 1.5187129 0.37257707
 1.5313616 0.37165985
 1.5441155 0.37068197
 1.5569757 0.36964425
 1.5699431 0.36854738
 1.5830184 0.36739218
 1.5962027 0.36617944
 1.6094967 0.36490992
 1.6229014 0.36358443
 1.6364179 0.36220384
 1.6500468 0.36076894
 1.6637894 0.3592806
 1.6776463 0.35773963
 1.6916186 0.35614693
 1.7057073 0.35450336
 1.7199134 0.35280985
 1.7342378 0.35106725
 1.7486814 0.34927645
 1.7632453 0.34743842
 1.7779306 0.34555402
 1.7927382 0.34362423
 1.8076692 0.34164998
 1.8227243 0.3396322
 1.837905 0.33757183
 1.853212 0.33546987
 1.8686466 0.33332726
 1.8842098 0.33114496
 1.8999025 0.32892397
 1.9157258 0.32666525
 1.931681 0.32436982
 1.9477692 0.32203865
 1.9639912 0.31967276
 1.9803483 0.3172731
 1.9968418 0.31484073
 2.0134726 0.31237665
 2.030242 0.30988184
 2.0471509 0.3073573
 2.0642006 0.3048041
 2.0813923 0.30222318
 2.0987272 0.29961562
 2.1162066 0.2969824
 2.1338315 0.29432458
 2.1516032 0.2916431
 2.169523 0.28893906
 2.187592 0.2862134
 2.2058115 0.28346717
 2.2241826 0.2807014
 2.2427068 0.27791706
 2.2613852 0.27511516
 2.2802193 0.2722967
 2.2992103 0.2694627
 2.3183594 0.26661414
 2.3376677 0.26375198
 2.3571372 0.26087728
 2.3767686 0.25799096
 2.3965638 0.25509402
 2.4165237 0.2521874
 2.4366498 0.24927211
 2.4569435 0.24634908
 2.4774063 0.24341924
 2.4980392 0.24048357
 2.5188444 0.23754299
 2.5398226 0.2345984
 2.5609758 0.23165075
 2.582305 0.22870095
 2.6038117 0.2257499
 2.6254976 0.22279847
 2.6473641 0.21984755
 2.6694129 0.21689801
 2.6916451 0.21395072
 2.7140627 0.21100654
 2.736667 0.2080663
 2.7594593 0.20513082
 2.7824416 0.20220092
 2.8056152 0.19927742
 2.8289819 0.19636111
 2.8525434 0.19345276
 2.8763008 0.19055314
 2.9002562 0.18766303
 2.924411 0.18478316
 2.9487672 0.18191427
 2.973326 0.17905705
 2.9980896 0.17621224
 3.0230591 0.17338051
 3.0482368 0.17056255
 3.0736244 0.16775902
 3.0992231 0.16497056
 3.125035 0.16219781
 3.151062 0.1594414
 3.1773057 0.15670194
 3.203768 0.15397999
 3.2304509 0.15127617
 3.2573557 0.14859101
 3.2844849 0.14592506
 3.3118398 0.14327887
 3.3394225 0.14065294
 3.3672352 0.13804778
 3.3952792 0.13546388
 3.423557 0.13290168
 3.4520702 0.13036168
 3.480821 0.12784429
 3.5098112 0.12534994
 3.5390427 0.12287904
 3.5685177 0.12043198
 3.5982382 0.11800914
 3.6282063 0.11561089
 3.658424 0.11323756
 3.6888933 0.11088949
 3.7196164 0.108566985
 3.7505953 0.10627036
 3.7818325 0.10399988
 3.8133295 0.10175583
 3.845089 0.099538445
 3.8771129 0.09734798
 3.9094036 0.095184654
 3.9419632 0.09304866
 3.9747941 0.09094021
 4.0078983 0.08885946
 4.0412784 0.08680658
 4.0749364 0.08478172
 4.1088743 0.08278502
 4.1430955 0.08081658
 4.1776013 0.07887651
 4.2123947 0.0769649
 4.247478 0.07508183
 4.282853 0.07322735
 4.318523 0.071401514
 4.35449 0.069604345
 4.3907566 0.067835875
 4.4273252 0.066096105
 4.464198 0.06438502
 4.5013785 0.06270261
 4.5388684 0.06104884
 4.5766706 0.05942366
 4.6147876 0.05782701
 4.653222 0.056258824
 4.6919765 0.05471902
 4.731054 0.053207498
 4.770457 0.051724155
 4.810188 0.050268874
 4.8502493 0.048841525
 4.890645 0.047441967
 4.931377 0.046070054
 4.972448 0.044725623
 5.013861 0.043408506
 5.0556192 0.042118516
 5.0977254 0.040855467
 5.140182 0.039619163
 5.182992 0.038409386
 5.226159 0.03722593
 5.2696853 0.03606856
 5.313574 0.034937043
 5.357828 0.03383114
 5.402451 0.0327506
 5.447446 0.03169516
 5.492815 0.030664565
 5.5385623 0.029658537
 5.58469 0.028676802
 5.6312027 0.027719071
 5.6781025 0.026785059
 5.725393 0.025874466
 5.773077 0.024986992
 5.821158 0.024122331
 5.86964 0.023280172
 5.918525 0.022460198
 5.9678183 0.02166209
 6.0175214 0.020885525
 6.0676384 0.020130176
 6.118173 0.01939571
 6.1691284 0.018681796
 6.220508 0.017988095
 6.272316 0.01731427
 6.3245554 0.016659979
 6.3772297 0.016024878
 6.4303427 0.015408626
 6.483898 0.014810872
 6.5378995 0.014231273
 6.5923505 0.01366948
 6.6472554 0.013125144
 6.702617 0.012597918
 6.75844 0.012087451
 6.8147283 0.011593398
 6.8714848 0.0111154085
 6.9287143 0.010653137
 6.9864206 0.010206237
 7.044607 0.0097743645
 7.103278 0.009357175
 7.1624384 0.008954328
 7.222091 0.008565483
 7.2822404 0.008190303
 7.3428907 0.007828452
 7.4040465 0.0074795983
 7.4657116 0.007143411
 7.5278897 0.0068195635
 7.590586 0.0065077315
 7.653805 0.006207594
 7.71755 0.005918835
 7.7818255 0.0056411386
 7.846637 0.005374197
 7.911988 0.0051177023
 7.9778833 0.0048713535
 8.044328 0.004634852
 8.111325 0.0044079046
 8.178881 0.0041902214
 8.246999 0.003981518
 8.315684 0.0037815142
 8.384941 0.0035899347
 8.454776 0.0034065081
 8.525191 0.0032309692
 8.596194 0.0030630564
 8.667788 0.0029025143
 8.739978 0.0027490917
 8.812769 0.002602543
 8.886167 0.0024626271
 8.9601755 0.002329109
 9.034801 0.0022017583
 9.110047 0.0020803497
 9.185921 0.0019646636
 9.262426 0.0018544855
 9.339568 0.001749606
 9.417354 0.001649821
 9.495787 0.0015549317
 9.574872 0.0014647448
 9.654617 0.0013790716
 9.735026 0.0012977292
 9.816105 0.0012205396
 9.897859 0.0011473296
 9.980293 0.0010779317
 10.063415 0.0010121831
 10.147228 0.0009499261
 10.231739 0.00089100754
 10.316955 0.0008352795
 10.40288 0.00078259886
 10.489521 0.000732827
 10.576883 0.00068583013
 10.664973 0.0006414791
 10.753797 0.0005996491
 10.843361 0.00056021987
 10.93367 0.0005230756
 11.024732 0.0004881045
 11.116551 0.00045519922
 11.209136 0.00042425637
 11.302491 0.00039517664
 11.396625 0.00036786456
 11.491542 0.00034222857
 11.58725 0.0003181808
 11.683755 0.00029563703
 11.781063 0.00027451658
 11.879183 0.00025474225
 11.978119 0.00023624014
 12.077879 0.00021893966
 12.17847 0.00020277333
 12.279899 0.0001876768
 12.382173 0.00017358863
 12.485298 0.00016045032
 12.589282 0.0001482061
 12.694133 0.0001368029
 12.799856 0.00012619028
 12.906461 0.00011632025
 13.013952 0.00010714729
 13.122339 0.00009862818
 13.231629 0.000090721966
 13.341829 0.000083389794
 13.452948 0.000076594915
 13.564991 0.00007030254
 13.677968 0.0000644798
 13.791885 0.000059095633
 13.906752 0.000054120737
 14.022574 0.000049527465
 14.139362 0.000045289777
 14.257122 0.000041383148
 14.375863 0.000037784503
 14.495593 0.000034472156
 14.616321 0.00003142574
 14.738053 0.00002862614
 14.8608 0.00002605543
 14.984569 0.000023696817
 15.109368 0.000021534583
 15.235207 0.000019554027
 15.362094 0.000017741411
 15.490038 0.000016083908
 15.619047 0.0000145695585
 15.749131 0.00001318721
 15.880299 0.000011926484
 16.012558 0.000010777724
 16.14592 0.000009731957
 16.280392 0.000008780851
 16.415983 0.000007916681
 16.552704 0.0000071322875
 16.690563 0.0000064210444
 16.829573 0.0000057768298
 16.969738 0.000005193986
 17.11107 0.000004667296
 17.253582 0.000004191953
 17.397278 0.0000037635361
 17.542171 0.0000033779838
 17.688272 0.0000030315723
 17.83559 0.000002720892
 17.984135 0.0000024428293
 18.133917 0.000002194545
 18.284946 0.0000019734591
 18.437233 0.0000017772336
 18.590788 0.0000016037574
 18.745623 0.0000014511337
 18.901745 0.0000013176679
 19.05917 0.0000012018563