                                                  

          SCF,CCSD
        0.00000,        0.00000
        0.00000,        0.00000
        0.00000,        0.00000
        0.00000,        0.00000
        0.00000,        0.00000
        0.00000,        0.00000
        0.00000,        0.00000
        0.00000,        0.00000
        0.00000,        0.00000
        0.00000,        0.00000
        0.00000,        0.00000
        0.00000,        0.00000
        0.00000,        0.00000
        0.00000,        0.00000
   -17752.03009,   -17754.46371
                                                  
