  2.146701755894792E-006   75389592044.3818     
  2.165914361518037E-006   74058046883.3180     
  2.185298916604603E-006   72750019723.4682     
  2.204856960072141E-006   71465095185.4696     
  2.224590044611347E-006   70202865226.4670     
  2.244499736809227E-006   68962929010.5355     
  2.264587617273470E-006   67744892781.3895     
  2.284855280757924E-006   66548369737.3413     
  2.305304336289205E-006   65372979908.4670     
  2.325936407294439E-006   64218350035.9436     
  2.346753131730139E-006   63084113453.5146     
  2.367756162212245E-006   61969909971.0532     
  2.388947166147318E-006   60875385760.1776     
  2.410327825864916E-006   59800193241.8896     
  2.431899838751157E-006   58743990976.1969     
  2.453664917383463E-006   57706443553.6843     
  2.475624789666529E-006   56687221489.0009     
  2.497781198969491E-006   55686001116.2283     
  2.520135904264338E-006   54702464486.0962     
  2.542690680265549E-006   53736299265.0144     
  2.565447317570986E-006   52787198635.8868     
  2.588407622804053E-006   51854861200.6793     
  2.611573418757114E-006   50938990884.7063     
  2.634946544536208E-006   50039296842.6087     
  2.658528855707052E-006   49155493365.9933     
  2.682322224442351E-006   48287299792.7022     
  2.706328539670428E-006   47434440417.6853     
  2.730549707225186E-006   46596644405.4470     
  2.754987649997409E-006   45773645704.0391     
  2.779644308087414E-006   44965182960.5730     
  2.804521638959081E-006   44170999438.2243     
  2.829621617595246E-006   43390842934.7022     
  2.854946236654501E-006   42624465702.1606     
  2.880497506629378E-006   41871624368.5222     
  2.906277456005972E-006   41132079860.1936     
  2.932288131424970E-006   40405597326.1437     
  2.958531597844137E-006   39691946063.3247     
  2.985009938702249E-006   38990899443.4095     
  3.011725256084495E-006   38302234840.8230     
  3.038679670889360E-006   37625733562.0451     
  3.065875322996998E-006   36961180776.1617     
  3.093314371439119E-006   36308365446.6427     
  3.120998994570385E-006   35667080264.3251     
  3.148931390241359E-006   35037121581.5790     
  3.177113775972976E-006   34418289347.6375     
  3.205548389132597E-006   33810387045.0682     
  3.234237487111633E-006   33213221627.3661     
  3.263183347504752E-006   32626603457.6501     
  3.292388268290694E-006   32050346248.4416     
  3.321854568014711E-006   31484267002.5062     
  3.351584585972628E-006   30928185954.7412     
  3.381580682396558E-006   30381926515.0891     
  3.411845238642281E-006   29845315212.4591     
  3.442380657378295E-006   29318181639.6393     
  3.473189362776558E-006   28800358399.1823     
  3.504273800704949E-006   28291681050.2458     
  3.535636438921430E-006   27791988056.3727     
  3.567279767269974E-006   27301120734.1931     
  3.599206297878216E-006   26818923203.0326     
  3.631418565356896E-006   26345242335.4108     
  3.663919127001079E-006   25879927708.4135     
  3.696710562993172E-006   25422831555.9244     
  3.729795476607765E-006   24973808721.7000     
  3.763176494418299E-006   24532716613.2739     
  3.796856266505591E-006   24099415156.6746     
  3.830837466668217E-006   23673766751.9435     
  3.865122792634782E-006   23255636229.4382     
  3.899714966278091E-006   22844890806.9081     
  3.934616733831237E-006   22441400047.3277     
  3.969830866105615E-006   22045035817.4747     
  4.005360158710906E-006   21655672247.2399     
  4.041207432276999E-006   21273185689.6558     
  4.077375532677934E-006   20897454681.6306     
  4.113867331257825E-006   20528359905.3769     
  4.150685725058814E-006   20165784150.5202     
  4.187833637051066E-006   19809612276.8778     
  4.225314016364813E-006   19459731177.8946     
  4.263129838524492E-006   19116029744.7246     
  4.301284105684963E-006   18778398830.9475     
  4.339779846869846E-006   18446731217.9072     
  4.378620118211994E-006   18120921580.6639     
  4.417808003196114E-006   17800866454.5468     
  4.457346612903565E-006   17486464202.2974     
  4.497239086259340E-006   17177614981.7935     
  4.537488590281258E-006   16874220714.3436     
  4.578098320331398E-006   16576185053.5403     
  4.619071500369771E-006   16283413354.6645     
  4.660411383210268E-006   15995812644.6300     
  4.702121250778891E-006   15713291592.4588     
  4.744204414374311E-006   15435760480.2779     
  4.786664214930744E-006   15163131174.8281     
  4.829504023283177E-006   14895317099.4764     
  4.872727240434989E-006   14632233206.7226     
  4.916337297827941E-006   14373795951.1917     
  4.960337657614600E-006   14119923263.1024     
  5.004731812933189E-006   13870534522.2057     
  5.049523288184914E-006   13625550532.1824     
  5.094715639313752E-006   13384893495.4938     
  5.140312454088758E-006   13148486988.6756     
  5.186317352388896E-006   12916255938.0694     
  5.232733986490408E-006   12688126595.9820     
  5.279566041356776E-006   12464026517.2654     
  5.326817234931259E-006   12243884536.3118     
  5.374491318432059E-006   12027630744.4537     
  5.422592076650123E-006   11815196467.7635     
  5.471123328249622E-006   11606514245.2456     
  5.520088926071098E-006   11401517807.4131     
  5.569492757437343E-006   11200142055.2432     
  5.619338744462012E-006   11002323039.5045     
  5.669630844360991E-006   10807997940.4486     
  5.720373049766554E-006   10617105047.8618     
  5.771569389044339E-006   10429583741.4674     
  5.823223926613151E-006   10245374471.6755     
  5.875340763267637E-006   10064418740.6725     
  5.927924036503835E-006   9886659083.84403     
  5.980977920847648E-006   9712039051.52648     
  6.034506628186265E-006   9540503191.08092     
  6.088514408102520E-006   9371997029.28337     
  6.143005548212275E-006   9206467055.02616     
  6.197984374504806E-006   9043860702.32486     
  6.253455251686236E-006   8884126333.62534     
  6.309422583526044E-006   8727213223.40572     
  6.365890813206676E-006   8573071542.06781     
  6.422864423676288E-006   8421652340.11315     
  6.480347938004635E-006   8272907532.59853     
  6.538345919742158E-006   8126789883.86606     
  6.596862973282278E-006   7983252992.54293     
  6.655903744226929E-006   7842251276.80614     
  6.715472919755372E-006   7703739959.90734     
  6.775575228996307E-006   7567675055.95366     
  6.836215443403304E-006   7434013355.93924     
  6.897398377133612E-006   7302712414.02385     
  6.959128887430347E-006   7173730534.05371     
  7.021411875008099E-006   7047026756.32030     
  7.084252284442001E-006   6922560844.55325     
  7.147655104560265E-006   6800293273.14264     
  7.211625368840248E-006   6680185214.58748     
  7.276168155808049E-006   6562198527.16527     
  7.341288589441686E-006   6446295742.81988     
  7.406991839577886E-006   6332440055.26299     
  7.473283122322513E-006   6220595308.28587     
  7.540167700464664E-006   6110725984.27760     
  7.607650883894483E-006   6002797192.94592     
  7.675738030024698E-006   5896774660.23754     
  7.744434544215951E-006   5792624717.45391     
  7.813745880205909E-006   5690314290.55938     
  7.883677540542248E-006   5589810889.67816     
  7.954235077019478E-006   5491082598.77672     
  8.025424091119698E-006   5394098065.52856     
  8.097250234457296E-006   5298826491.35785     
  8.169719209227625E-006   5205237621.65903     
  8.242836768659684E-006   5113301736.18901     
  8.316608717472871E-006   5022989639.62931     
  8.391040912337803E-006   4934272652.31459     
  8.466139262341279E-006   4847122601.12523     
  8.541909729455392E-006   4761511810.54045     
  8.618358329010847E-006   4677413093.84983     
  8.695491130174500E-006   4594799744.51968     
  8.773314256431198E-006   4513645527.71215     
  8.851833886069900E-006   4433924671.95404     
  8.931056252674175E-006   4355611860.95275     
  9.010987645617081E-006   4278682225.55681     
  9.091634410560457E-006   4203111335.85839     
  9.173002949958711E-006   4128875193.43529     
  9.255099723567100E-006   4055950223.72993     
  9.337931248954558E-006   3984313268.56304     
  9.421504102021129E-006   3913941578.77944     
  9.505824917520009E-006   3844812807.02384     
  9.590900389584269E-006   3776905000.64411     
  9.676737272258319E-006   3710196594.72003     
  9.763342380034066E-006   3644666405.21502     
  9.850722588391949E-006   3580293622.24899     
  9.938884834346735E-006   3517057803.48982     
  1.002783611699828E-005   3454938867.66172     
  1.011758349808714E-005   3393917088.16819     
  1.020813410255524E-005   3333973086.82760     
  1.029949511911148E-005   3275087827.71934     
  1.039167380080243E-005   3217242611.13890     
  1.048467746558818E-005   3160419067.65942     
  1.057851349692329E-005   3104599152.29832     
  1.067318934434293E-005   3049765138.78691     
  1.076871252405432E-005   2995899613.94118     
  1.086509061953341E-005   2942985472.13207     
  1.096233128212694E-005   2891005909.85334     
  1.106044223165989E-005   2839944420.38546     
  1.115943125704828E-005   2789784788.55365     
  1.125930621691759E-005   2740511085.57865     
  1.136007504022665E-005   2692107664.01827     
  1.146174572689703E-005   2644559152.79838     
  1.156432634844826E-005   2597850452.33166     
  1.166782504863851E-005   2551966729.72255     
  1.177225004411120E-005   2506893414.05688     
  1.187760962504724E-005   2462616191.77471     
  1.198391215582324E-005   2419121002.12489     
  1.209116607567550E-005   2376394032.69987     
  1.219937989937002E-005   2334421715.04952     
  1.230856221787847E-005   2293190720.37213     
  1.241872169906020E-005   2252687955.28188     
  1.252986708835040E-005   2212900557.65074     
  1.264200720945437E-005   2173815892.52404     
  1.275515096504805E-005   2135421548.10802     
  1.286930733748474E-005   2097705331.82840     
  1.298448538950827E-005   2060655266.45841     
  1.310069426497240E-005   2024259586.31532     
  1.321794318956682E-005   1988506733.52410     
  1.333624147154953E-005   1953385354.34711     
  1.345559850248579E-005   1918884295.57854     
  1.357602375799374E-005   1884992601.00257     
  1.369752679849664E-005   1851699507.91418     
  1.382011726998189E-005   1818994443.70125     
  1.394380490476677E-005   1786867022.48711     
  1.406859952227109E-005   1755307041.83242     
  1.419451102979679E-005   1724304479.49522     
  1.432154942331440E-005   1693849490.24830     
  1.444972478825664E-005   1663932402.75270     
  1.457904730031910E-005   1634543716.48645     
  1.470952722626807E-005   1605674098.72759     
  1.484117492475559E-005   1577314381.59048     
  1.497400084714185E-005   1549455559.11438     
  1.510801553832487E-005   1522088784.40351     
  1.524322963757766E-005   1495205366.81766     
  1.537965387939288E-005   1468796769.21231     
  1.551729909433501E-005   1442854605.22763     
  1.565617620990021E-005   1417370636.62523     
  1.579629625138379E-005   1392336770.67202     
  1.593767034275555E-005   1367745057.57033     
  1.608030970754287E-005   1343587687.93328     
  1.622422566972174E-005   1319856990.30486     
  1.636942965461575E-005   1296545428.72377     
  1.651593318980316E-005   1273645600.33025     
  1.666374790603200E-005   1251150233.01526     
  1.681288553814352E-005   1229052183.11113     
  1.696335792600369E-005   1207344433.12297     
  1.711517701544326E-005   1186020089.50021     
  1.726835485920604E-005   1165072380.44749     
  1.742290361790583E-005   1144494653.77413     
  1.757883556099175E-005   1124280374.78175     
  1.773616306772239E-005   1104423124.18899     
  1.789489862814853E-005   1084916596.09307     
  1.805505484410469E-005   1065754595.96726     
  1.821664443020967E-005   1046931038.69370     
  1.837968021487581E-005   1028439946.63107     
  1.854417514132758E-005   1010275447.71622     
  1.871014226862897E-005   992431773.599532     
  1.887759477272037E-005   974903257.813037     
  1.904654594746450E-005   957684333.971002     
  1.921700920570185E-005   940769534.002244     
  1.938899808031547E-005   924153486.413675     
  1.956252622530536E-005   907830914.584541     
  1.973760741687244E-005   891796635.090747     
  1.991425555451219E-005   876045556.058816     
  2.009248466211820E-005   860572675.548891     
  2.027230888909540E-005   845373079.966330     
  2.045374251148346E-005   830441942.501315     
  2.063679993309010E-005   815774521.596048     
  2.082149568663460E-005   801366159.439029     
  2.100784443490153E-005   787212280.485894     
  2.119586097190484E-005   773308390.006404     
  2.138556022406230E-005   759650072.657092     
  2.157695725138052E-005   746232991.079123     
  2.177006724865055E-005   733052884.520899     
  2.196490554665414E-005   720105567.485037     
  2.216148761338087E-005   707386928.399175     
  2.235982905525613E-005   694892928.310330     
  2.255994561838008E-005   682619599.602262     
  2.276185318977774E-005   670563044.735516     
  2.296556779866021E-005   658719435.009713     
  2.317110561769723E-005   647085009.347700     
  2.337848296430113E-005   635656073.101175     
  2.358771630192220E-005   624428996.877414     
  2.379882224135575E-005   613400215.386707     
  2.401181754206081E-005   602566226.310162     
  2.422671911349063E-005   591923589.187500     
  2.444354401643512E-005   581468924.324507     
  2.466230946437526E-005   571198911.719754     
  2.488303282484970E-005   561110290.010309     
  2.510573162083351E-005   551199855.436041     
  2.533042353212934E-005   541464460.822241     
  2.555712639677098E-005   531901014.580182     
  2.578585821243949E-005   522506479.725368     
  2.601663713789205E-005   513277872.913087     
  2.624948149440354E-005   504212263.491029     
  2.648440976722104E-005   495306772.568613     
  2.672144060703137E-005   486558572.102765     
  2.696059283144173E-005   477964883.999842     
  2.720188542647363E-005   469522979.233413     
  2.744533754807015E-005   461230176.977625     
  2.769096852361669E-005   453083843.755875     
  2.793879785347542E-005   445081392.604522     
  2.818884521253330E-005   437220282.251362     
  2.844113045176411E-005   429498016.308618     
  2.869567359980437E-005   421912142.480183     
  2.895249486454341E-005   414460251.782869     
  2.921161463472763E-005   407139977.781399     
  2.947305348157914E-005   399948995.836924     
  2.973683216042891E-005   392885022.368800     
  3.000297161236448E-005   385945814.129418     
  3.027149296589247E-005   379129167.491829     
  3.054241753861595E-005   372432917.749957     
  3.081576683892681E-005   365854938.431172     
  3.109156256771328E-005   359393140.621006     
  3.136982662008274E-005   353045472.299789     
  3.165058108710000E-005   346809917.691010     
  3.193384825754098E-005   340684496.621181     
  3.221965061966229E-005   334667263.891011     
  3.250801086298650E-005   328756308.657686     
  3.279895188010343E-005   322949753.828058     
  3.309249676848760E-005   317245755.462547     
  3.338866883233187E-005   311642502.189587     
  3.368749158439757E-005   306138214.630393     
  3.398898874788112E-005   300731144.833904     
  3.429318425829741E-005   295419575.721701     
  3.460010226538002E-005   290201820.542725     
  3.490976713499840E-005   285076222.337634     
  3.522220345109229E-005   280041153.412613     
  3.553743601762340E-005   275095014.822479     
  3.585548986054456E-005   270236235.862922     
  3.617639022978648E-005   265463273.571709     
  3.650016260126237E-005   260774612.238692     
  3.682683267889040E-005   256168762.924484     
  3.715642639663432E-005   251644262.987623     
  3.748896992056233E-005   247199675.620099     
  3.782448965092434E-005   242833589.391074     
  3.816301222424792E-005   238544617.798667     
  3.850456451545287E-005   234331398.829654     
  3.884917363998487E-005   230192594.526943     
  3.919686695596807E-005   226126890.564696     
  3.954767206637706E-005   222132995.830943     
  3.990161682122823E-005   218209642.017576     
  4.025872931979074E-005   214355583.217584     
  4.061903791281731E-005   210569595.529403     
  4.098257120479495E-005   206850476.668243     
  4.134935805621583E-005   203197045.584298     
  4.171942758586844E-005   199608142.087686     
  4.209280917314942E-005   196082626.480016     
  4.246953246039579E-005   192619379.192465     
  4.284962735523837E-005   189217300.430245     
  4.323312403297602E-005   185875309.823349     
  4.362005293897125E-005   182592346.083472     
  4.401044479106728E-005   179367366.666979     
  4.440433058202660E-005   176199347.443840     
  4.480174158199157E-005   173087282.372399     
  4.520270934096682E-005   170030183.179900     
  4.560726569132401E-005   167027079.048646     
  4.601544275032901E-005   164077016.307703     
  4.642727292269155E-005   161179058.130053     
  4.684278890313786E-005   158332284.235095     
  4.726202367900630E-005   155535790.596395     
  4.768501053286610E-005   152788689.154606     
  4.811178304515968E-005   150090107.535450     
  4.854237509686856E-005   147439188.772690     
  4.897682087220313E-005   144835091.035986     
  4.941515486131647E-005   142276987.363565     
  4.985741186304252E-005   139764065.399607     
  5.030362698765870E-005   137295527.136277     
  5.075383565967327E-005   134870588.660299     
  5.120807362063766E-005   132488479.904027     
  5.166637693198393E-005   130148444.400889     
  5.212878197788766E-005   127849739.045172     
  5.259532546815645E-005   125591633.856034     
  5.306604444114426E-005   123373411.745693     
  5.354097626669186E-005   121194368.291705     
  5.402015864909352E-005   119053811.513269     
  5.450362963009041E-005   116951061.651478     
  5.499142759189059E-005   114885450.953456     
  5.548359126021623E-005   112856323.460304     
  5.598015970737789E-005   110863034.798791     
  5.648117235537652E-005   108904951.976729     
  5.698666897903306E-005   106981453.181956     
  5.749668970914619E-005   105091927.584873     
  5.801127503567820E-005   103235775.144470     
  5.853046581096945E-005   101412406.417773     
  5.905430325298165E-005   99621242.3726615     
  5.958282894857002E-005   97861714.2039879     
  6.011608485678490E-005   96133263.1529499     
  6.065411331220281E-005   94435340.3296474     
  6.119695702828728E-005   92767406.5387769     
  6.174465910077995E-005   91128932.1084039     
  6.229726301112171E-005   89519396.7217599     
  6.285481262990489E-005   87938289.2520083     
  6.341735222035581E-005   86385107.5999311     
  6.398492644184905E-005   84859358.5344816     
  6.455758035345273E-005   83360557.5361523     
  6.513535941750575E-005   81888228.6431098     
  6.571830950322701E-005   80441904.3000497     
  6.630647689035696E-005   79021125.2097161     
  6.689990827283155E-005   77625440.1870480     
  6.749865076248934E-005   76254406.0158997     
  6.810275189281164E-005   74907587.3082933     
  6.871225962269605E-005   73584556.3661542     
  6.932722234026398E-005   72284893.0454923     
  6.994768886670207E-005   71008184.6229796     
  7.057370846013798E-005   69754025.6648851     
  7.120533081955108E-005   68522017.8983251     
  7.184260608871792E-005   67311770.0847856     
  7.248558486019304E-005   66122897.8958817     
  7.313431817932555E-005   64955023.7913086     
  7.378885754831145E-005   63807776.8989491     
  7.444925493028250E-005   62680792.8970993     
  7.511556275343130E-005   61573713.8987739     
  7.578783391517369E-005   60486188.3380546     
  7.646612178634813E-005   59417870.8584469     
  7.715048021545268E-005   58368422.2032074     
  7.784096353292016E-005   57337509.1076096     
  7.853762655543119E-005   56324804.1931104     
  7.924052459026619E-005   55329985.8633887     
  7.994971343969594E-005   54352738.2022186     
  8.066524940541193E-005   53392750.8731454     
  8.138718929299585E-005   52449719.0209354     
  8.211559041642951E-005   51523343.1747653     
  8.285051060264477E-005   50613329.1531221     
  8.359200819611446E-005   49719387.9703819     
  8.434014206348422E-005   48841235.7450395     
  8.509497159824595E-005   47978593.6095577     
  8.585655672545283E-005   47131187.6218108     
  8.662495790647688E-005   46298748.6780902     
  8.740023614380877E-005   45481012.4276478     
  8.818245298590083E-005   44677719.1887480     
  8.897167053205332E-005   43888613.8662029     
  8.976795143734431E-005   43113445.8703640     
  9.057135891760393E-005   42351969.0375441     
  9.138195675443293E-005   41603941.5518454     
  9.219980930026624E-005   40869125.8683682     
  9.302498148348186E-005   40147288.6377752     
  9.385753881355534E-005   39438200.6321893     
  9.469754738626073E-005   38741636.6723992     
  9.554507388891758E-005   38057375.5563511     
  9.640018560568536E-005   37385199.9889036     
  9.726295042290503E-005   36724896.5128232     
  9.813343683448839E-005   36076255.4409978     
  9.901171394735582E-005   35439070.7898486     
  9.989785148692252E-005   34813140.2139180     
  1.007919198026340E-004   34198264.9416113     
  1.016939898735511E-004   33594249.7120757     
  1.026041333139847E-004   33000902.7131920     
  1.035224223791812E-004   32418035.5206626     
  1.044489299710592E-004   31845463.0381756     
  1.053837296439963E-004   31283003.4386250     
  1.063268956106691E-004   30730478.1063693     
  1.072785027479449E-004   30187711.5805099     
  1.082386266028254E-004   29654531.4991718     
  1.092073433984452E-004   29130768.5447678     
  1.101847300401225E-004   28616256.3902299     
  1.111708641214645E-004   28110831.6461898     
  1.121658239305279E-004   27614333.8090934     
  1.131696884560336E-004   27126605.2102302     
  1.141825373936379E-004   26647490.9656642     
  1.152044511522593E-004   26176838.9270488     
  1.162355108604618E-004   25714499.6333100     
  1.172757983728963E-004   25260326.2631833     
  1.183253962767982E-004   24814174.5885894     
  1.193843878985444E-004   24375902.9288321     
  1.204528573102681E-004   23945372.1056064     
  1.215308893365338E-004   23522445.3988008     
  1.226185695610705E-004   23106988.5030801     
  1.237159843335671E-004   22698869.4852352     
  1.248232207765269E-004   22297958.7422861     
  1.259403667921844E-004   21904128.9603251     
  1.270675110694836E-004   21517255.0740867     
  1.282047430911195E-004   21137214.2272318     
  1.293521531406410E-004   20763885.7333326     
  1.305098323096194E-004   20397151.0375483     
  1.316778725048795E-004   20036893.6789755     
  1.328563664557962E-004   19682999.2536657     
  1.340454077216560E-004   19335355.3782939     
  1.352450906990848E-004   18993851.6544710     
  1.364555106295415E-004   18658379.6336847     
  1.376767636068799E-004   18328832.7828611     
  1.389089465849765E-004   18005106.4505332     
  1.401521573854285E-004   17687097.8336078     
  1.414064947053190E-004   17374705.9447197     
  1.426720581250528E-004   17067831.5801611     
  1.439489481162621E-004   16766377.2883792     
  1.452372660497824E-004   16470247.3390284     
  1.465371142037006E-004   16179347.6925708     
  1.478485957714747E-004   15893585.9704126     
  1.491718148701259E-004   15612871.4255677     
  1.505068765485046E-004   15337114.9138406     
  1.518538867956303E-004   15066228.8655174     
  1.532129525491053E-004   14800127.2575569     
  1.545841817036052E-004   14538725.5862731     
  1.559676831194437E-004   14281940.8404998     
  1.573635666312155E-004   14029691.4752299     
  1.587719430565158E-004   13781897.3857195     
  1.601929242047376E-004   13538479.8820496     
  1.616266228859488E-004   13299361.6641374     
  1.630731529198475E-004   13064466.7971890     
  1.645326291447981E-004   12833720.6875847     
  1.660051674269486E-004   12607050.0591917     
  1.674908846694285E-004   12384382.9300938     
  1.689898988216301E-004   12165648.5897330     
  1.705023288885719E-004   11950777.5764547     
  1.720282949403468E-004   11739701.6554487     
  1.735679181216539E-004   11532353.7970813     
  1.751213206614162E-004   11328668.1556085     
  1.766886258824841E-004   11128580.0482664     
  1.782699582114263E-004   10932025.9347301     
  1.798654431884072E-004   10738943.3969360     
  1.814752074771539E-004   10549271.1192600     
  1.830993788750115E-004   10362948.8690461     
  1.847380863230895E-004   10179917.4774790     
  1.863914599164973E-004   10000118.8207938     
  1.880596309146730E-004   9823495.80181867     
  1.897427317518039E-004   9649992.33184286     
  1.914408960473397E-004   9479553.31280482     
  1.931542586166013E-004   9312124.61979541     
  1.948829554814829E-004   9147653.08386982     
  1.966271238812510E-004   8986086.47516314     
  1.983869022834393E-004   8827373.48630412     
  2.001624303948421E-004   8671463.71612203     
  2.019538491726050E-004   8518307.65364107     
  2.037613008354153E-004   8367856.66235760     
  2.055849288747926E-004   8220062.96479505     
  2.074248780664809E-004   8074879.62733171     
  2.092812944819414E-004   7932260.54529624     
  2.111543254999497E-004   7792160.42832665     
  2.130441198182955E-004   7654534.78598800     
  2.149508274655879E-004   7519339.91364368     
  2.168745998131654E-004   7386532.87857659     
  2.188155895871142E-004   7256071.50635539     
  2.207739508803916E-004   7127914.36744144     
  2.227498391650606E-004   7002020.76403248     
  2.247434113046314E-004   6878350.71713844     
  2.267548255665156E-004   6756864.95388572     
  2.287842416345905E-004   6637524.89504556     
  2.308318206218758E-004   6520292.64278285     
  2.328977250833250E-004   6405130.96862117     
  2.349821190287298E-004   6292003.30162046     
  2.370851679357410E-004   6180873.71676339     
  2.392070387630053E-004   6071706.92354719     
  2.413478999634204E-004   5964468.25477653     
  2.435079214975077E-004   5859123.65555456     
  2.456872748469057E-004   5755639.67246853     
  2.478861330279835E-004   5653983.44296604     
  2.501046706055768E-004   5554122.68491941     
  2.523430637068457E-004   5456025.68637383     
  2.546014900352577E-004   5359661.29547712     
  2.568801288846955E-004   5264998.91058691     
  2.591791611536903E-004   5172008.47055282     
  2.614987693597841E-004   5080660.44517018     
  2.638391376540185E-004   4990925.82580233     
  2.662004518355552E-004   4902776.11616857     
  2.685828993664254E-004   4816183.32329499     
  2.709866693864131E-004   4731119.94862473     
  2.734119527280704E-004   4647558.97928568     
  2.758589419318670E-004   4565473.87951214     
  2.783278312614765E-004   4484838.58221812     
  2.808188167191985E-004   4405627.48071936     
  2.833320960615185E-004   4327815.42060175     
  2.858678688148083E-004   4251377.69173309     
  2.884263362911660E-004   4176290.02041626     
  2.910077016043973E-004   4102528.56168073     
  2.936121696861416E-004   4030069.89171026     
  2.962399473021402E-004   3958891.00040456     
  2.988912430686519E-004   3888969.28407200     
  3.015662674690145E-004   3820282.53825162     
  3.042652328703547E-004   3752808.95066180     
  3.069883535404481E-004   3686527.09427362     
  3.097358456647295E-004   3621415.92050629     
  3.125079273634556E-004   3557454.75254308     
  3.153048187090209E-004   3494623.27876504     
  3.181267417434297E-004   3432901.54630089     
  3.209739204959234E-004   3372269.95469067     
  3.238465810007659E-004   3312709.24966153     
  3.267449513151885E-004   3254200.51701310     
  3.296692615374944E-004   3196725.17661124     
  3.326197438253269E-004   3140264.97648760     
  3.355966324140993E-004   3084801.98704357     
  3.386001636355912E-004   3030318.59535645     
  3.416305759367100E-004   2976797.49958633     
  3.446881098984216E-004   2924221.70348162     
  3.477730082548493E-004   2872574.51098172     
  3.508855159125445E-004   2821839.52091504     
  3.540258799699292E-004   2772000.62179051     
  3.571943497369136E-004   2723041.98668129     
  3.603911767546873E-004   2674948.06819869     
  3.636166148156904E-004   2627703.59355490     
  3.668709199837604E-004   2581293.55971301     
  3.701543506144618E-004   2535703.22862253     
  3.734671673755959E-004   2490918.12253922     
  3.768096332678954E-004   2446924.01942745     
  3.801820136459039E-004   2403706.94844389     
  3.835845762390413E-004   2361253.18550085     
  3.870175911728594E-004   2319549.24890810     
  3.904813309904865E-004   2278581.89509151     
  3.939760706742639E-004   2238338.11438747     
  3.975020876675772E-004   2198805.12691151     
  4.010596618968816E-004   2159970.37849988     
  4.046490757939254E-004   2121821.53672280     
  4.082706143181714E-004   2084346.48696823     
  4.119245649794199E-004   2047533.32859465     
  4.156112178606339E-004   2011370.37115195     
  4.193308656409679E-004   1975846.13066891     
  4.230838036190038E-004   1940949.32600640     
  4.268703297361945E-004   1906668.87527487     
  4.306907446005163E-004   1872993.89231521     
  4.345453515103349E-004   1839913.68324169     
  4.384344564784830E-004   1807417.74304600     
  4.423583682565548E-004   1775495.75226126     
  4.463173983594175E-004   1744137.57368497     
  4.503118610899416E-004   1713333.24915980     
  4.543420735639537E-004   1683072.99641127     
  4.584083557354113E-004   1653347.20594127     
  4.625110304218044E-004   1624146.43797646     
  4.666504233297824E-004   1595461.41947054     
  4.708268630810132E-004   1567283.04115952     
  4.750406812382703E-004   1539602.35466892     
  4.792922123317568E-004   1512410.56967216     
  4.835817938856623E-004   1485699.05109904     
  4.879097664449591E-004   1459459.31639360     
  4.922764736024373E-004   1433683.03282039     
  4.966822620259826E-004   1408362.01481830     
  5.011274814860977E-004   1383488.22140112     
  5.056124848836700E-004   1359053.75360408     
  5.101376282779885E-004   1335050.85197541     
  5.147032709150103E-004   1311471.89411220     
  5.193097752558812E-004   1288309.39223990     
  5.239575070057110E-004   1265555.99083442     
  5.286468351426061E-004   1243204.46428633     
  5.333781319469627E-004   1221247.71460626     
  5.381517730310214E-004   1199678.76917087     
  5.429681373686869E-004   1178490.77850863     
  5.478276073256137E-004   1157677.01412461     
  5.527305686895625E-004   1137230.86636390     
  5.576774107010269E-004   1117145.84231247     
  5.626685260841349E-004   1097415.56373544     
  5.677043110778269E-004   1078033.76505146     
  5.727851654673126E-004   1058994.29134309     
  5.779114926158093E-004   1040291.09640217     
  5.830836994965647E-004   1021918.24080984     
  5.883021967251660E-004   1003869.89005036     
  5.935673985921382E-004   986140.312658277     
  5.988797230958338E-004   968723.878398409     
  6.042395919756182E-004   951615.056477809     
  6.096474307453496E-004   934808.413789455     
  6.151036687271613E-004   918298.613186875     
  6.206087390855449E-004   902080.411789285     
  6.261630788617381E-004   886148.659316648     
  6.317671290084217E-004   870498.296454144     
  6.374213344247252E-004   855124.353245523     
  6.431261439915487E-004   840021.947514832     
  6.488820106071968E-004   825186.283316032     
  6.546893912233357E-004   810612.649409991     
  6.605487468812686E-004   796296.417768360     
  6.664605427485382E-004   782233.042103901     
  6.724252481558548E-004   768418.056426761     
  6.784433366343571E-004   754847.073626235     
  6.845152859532050E-004   741515.784077591     
  6.906415781575082E-004   728419.954273509     
  6.968226996065962E-004   715555.425479660     
  7.030591410126294E-004   702918.112414072     
  7.093513974795567E-004   690504.001949789     
  7.156999685424207E-004   678309.151840462     
  7.221053582070150E-004   666329.689468429     
  7.285680749898972E-004   654561.810614942     
  7.350886319587593E-004   643001.778252070     
  7.416675467731591E-004   631645.921355982     
  7.483053417256179E-004   620490.633741153     
  7.550025437830828E-004   609532.372915188     
  7.617596846287638E-004   598767.658953861     
  7.685773007043420E-004   588193.073396019     
  7.754559332525583E-004   577805.258158017     
  7.823961283601815E-004   567600.914467312     
  7.893984370013615E-004   557576.801814902     
  7.964634150813705E-004   547729.736926269     
  8.035916234807359E-004   538056.592750486     
  8.107836280997677E-004   528554.297467183     
  8.180399999034849E-004   519219.833511068     
  8.253613149669434E-004   510050.236613652     
  8.327481545209706E-004   501042.594861909     
  8.402011049983078E-004   492194.047773574     
  8.477207580801675E-004   483501.785388757     
  8.553077107432049E-004   474963.047377607     
  8.629625653069124E-004   466575.122163739     
  8.706859294814365E-004   458335.346063140     
  8.784784164158235E-004   450241.102438285     
  8.863406447466964E-004   442289.820867192     
  8.942732386473677E-004   434478.976327162     
  9.022768278773922E-004   426806.088392914     
  9.103520478325629E-004   419268.720448907     
  9.184995395953536E-004   411864.478915565     
  9.267199499858143E-004   404591.012489163     
  9.350139316129220E-004   397446.011395146     
  9.433821429263896E-004   390427.206654626     
  9.518252482689397E-004   383532.369363857     
  9.603439179290464E-004   376759.309986403     
  9.689388281941487E-004   370105.877657833     
  9.776106614043398E-004   363569.959502688     
  9.863601060065375E-004   357149.479963518     
  9.951878566091389E-004   350842.400141753     
  1.004094614037166E-003   344646.717150237     
  1.013081085387901E-003   338560.463477181     
  1.022147984087024E-003   332581.706361361     
  1.031296029945250E-003   326708.547178344     
  1.040525949215474E-003   320939.120837560     
  1.049838474650427E-003   315271.595190020     
  1.059234345560851E-003   309704.170446495     
  1.068714307874189E-003   304235.078605969     
  1.078279114193801E-003   298862.582894196     
  1.087929523858721E-003   293584.977212160     
  1.097666303003932E-003   288400.585594291     
  1.107490224621190E-003   283307.761676235     
  1.117402068620394E-003   278304.888172036     
  1.127402621891500E-003   273390.376360546     
  1.137492678366991E-003   268562.665580909     
  1.147673039084908E-003   263820.222736955     
  1.157944512252441E-003   259161.541810346     
  1.168307913310095E-003   254585.143382325     
  1.178764064996424E-003   250089.574163904     
  1.189313797413347E-003   245673.406534362     
  1.199957948092053E-003   241335.238087881     
  1.210697362059487E-003   237073.691188199     
  1.221532891905438E-003   232887.412531125     
  1.232465397850223E-003   228775.072714781     
  1.243495747812984E-003   224735.365817436     
  1.254624817480585E-003   220767.008982791     
  1.265853490377134E-003   216868.742012600     
  1.277182657934128E-003   213039.326966472     
  1.288613219561218E-003   209277.547768754     
  1.300146082717614E-003   205582.209822350     
  1.311782162984129E-003   201952.139629360     
  1.323522384135864E-003   198386.184418427     
  1.335367678215544E-003   194883.211778657     
  1.347318985607516E-003   191442.109300012     
  1.359377255112401E-003   188061.784220046     
  1.371543444022420E-003   184741.163076891     
  1.383818518197391E-003   181479.191368364     
  1.396203452141412E-003   178274.833217097     
  1.408699229080219E-003   175127.071041583     
  1.421306841039248E-003   172034.905233031     
  1.434027288922390E-003   168997.353837928     
  1.446861582591449E-003   166013.452246209     
  1.459810740946316E-003   163082.252884933     
  1.472875792005861E-003   160202.824917368     
  1.486057772989539E-003   157374.253947400     
  1.499357730399741E-003   154595.641729146     
  1.512776720104870E-003   151866.105881714     
  1.526315807423168E-003   149184.779608987     
  1.539976067207287E-003   146550.811424364     
  1.553758583929624E-003   143963.364880362     
  1.567664451768414E-003   141421.618302989     
  1.581694774694597E-003   138924.764530812     
  1.595850666559459E-003   136472.010658638     
  1.610133251183060E-003   134062.577785711     
  1.624543662443454E-003   131695.700768369     
  1.639083044366706E-003   129370.627977060     
  1.653752551217712E-003   127086.621057654     
  1.668553347591840E-003   124842.954696969     
  1.683486608507382E-003   122638.916392444     
  1.698553519498837E-003   120473.806225868     
  1.713755276711033E-003   118346.936641119     
  1.729093086994083E-003   116257.632225818     
  1.744568167999199E-003   114205.229496851     
  1.760181748275359E-003   112189.076689661     
  1.775935067366838E-003   110208.533551282     
  1.791829375911618E-003   108262.971137017     
  1.807865935740669E-003   106351.771610705     
  1.824046019978131E-003   104474.328048527     
  1.840370913142381E-003   102630.044246261     
  1.856841911248011E-003   100818.334529960     
  1.873460321908719E-003   99038.6235699581     
  1.890227464441114E-003   97290.3461981708     
  1.907144669969460E-003   95572.9472286173     
  1.924213281531352E-003   93885.8812811155     
  1.941434654184333E-003   92228.6126080903     
  1.958810155113477E-003   90600.6149244407     
  1.976341163739926E-003   89001.3712404113     
  1.994029071830397E-003   87430.3736974170     
  2.011875283607680E-003   85887.1234067655     
  2.029881215862111E-003   84371.1302912300     
  2.048048298064052E-003   82881.9129294194     
  2.066377972477377E-003   81418.9984028972     
  2.084871694273967E-003   79981.9221460002     
  2.103530931649239E-003   78570.2277983119     
  2.122357165938701E-003   77183.4670597370     
  2.141351891735557E-003   75821.1995481414     
  2.160516617009356E-003   74482.9926595026     
  2.179852863225713E-003   73168.4214305301     
  2.199362165467096E-003   71877.0684037151     
  2.219046072554689E-003   70608.5234947607     
  2.238906147171359E-003   69362.3838623552     
  2.258943965985707E-003   68138.2537802458     
  2.279161119777247E-003   66935.7445115701     
  2.299559213562689E-003   65754.4741854084     
  2.320139866723362E-003   64594.0676755165     
  2.340904713133779E-003   63454.1564811999     
  2.361855401291338E-003   62334.3786102912     
  2.382993594447204E-003   61234.3784641968     
  2.404320970738352E-003   60153.8067249710     
  2.425839223320784E-003   59092.3202443867     
  2.447550060503957E-003   58049.5819349639     
  2.469455205886396E-003   57025.2606629258     
  2.491556398492534E-003   56019.0311430400     
  2.513855392910768E-003   55030.5738353229     
  2.536353959432754E-003   54059.5748435658     
  2.559053884193950E-003   53105.7258156519     
  2.581956969315413E-003   52168.7238456370     
  2.605065033046870E-003   51248.2713775583     
  2.628379909911065E-003   50344.0761109404     
  2.651903450849398E-003   49455.8509079735     
  2.675637523368874E-003   48583.3137023286     
  2.699584011690358E-003   47726.1874095843     
  2.723744816898162E-003   46884.1998392351     
  2.748121857090972E-003   46057.0836082544     
  2.772717067534122E-003   45244.5760561840     
  2.797532400813229E-003   44446.4191617231     
  2.822569826989215E-003   43662.3594607896     
  2.847831333754701E-003   42892.1479660319     
  2.873318926591809E-003   42135.5400877575     
  2.899034628931375E-003   41392.2955562624     
  2.924980482313591E-003   40662.1783455299     
  2.951158546550072E-003   39944.9565982784     
  2.977570899887391E-003   39240.4025523310     
  3.004219639172064E-003   38548.2924682888     
  3.031106880017015E-003   37868.4065584785     
  3.058234756969535E-003   37200.5289171567     
  3.085605423680741E-003   36544.4474519466     
  3.113221053076552E-003   35899.9538164854     
  3.141083837530190E-003   35266.8433442614     
  3.169195989036241E-003   34644.9149836200     
  3.197559739386249E-003   34033.9712339174     
  3.226177340345907E-003   33433.8180828015     
  3.255051063833817E-003   32844.2649446015     
  3.284183202101855E-003   32265.1245998051     
  3.313576067917148E-003   31696.2131356044     
  3.343231994745689E-003   31137.3498874925     
  3.373153336937582E-003   30588.3573818917     
  3.403342469913953E-003   30049.0612797940     
  3.433801790355532E-003   29519.2903213982     
  3.464533716392923E-003   28998.8762717240     
  3.495540687798576E-003   28487.6538671874     
  3.526825166180478E-003   27985.4607631190     
  3.558389635177578E-003   27492.1374822095     
  3.590236600656961E-003   27007.5273638663     
  3.622368590912781E-003   26531.4765144635     
  3.654788156866986E-003   26063.8337584716     
  3.687497872271829E-003   25604.4505904494     
  3.720500333914194E-003   25153.1811278851     
  3.753798161821757E-003   24709.8820648692     
  3.787393999470980E-003   24274.4126265858     
  3.821290513996982E-003   23846.6345246082     
  3.855490396405273E-003   23426.4119129839     
  3.889996361785392E-003   23013.6113450947     
  3.924811149526454E-003   22608.1017312800     
  3.959937523534630E-003   22209.7542972064     
  3.995378272452567E-003   21818.4425429752     
  4.031136209880777E-003   21434.0422029501     
  4.067214174601006E-003   21056.4312062955     
  4.103615030801598E-003   20685.4896382115     
  4.140341668304882E-003   20321.0997018533     
  4.177397002796597E-003   19963.1456809236     
  4.214783976057354E-003   19611.5139029255     
  4.252505556196190E-003   19266.0927030647     
  4.290564737886198E-003   18926.7723887886     
  4.328964542602271E-003   18593.4452049524     
  4.367708018860976E-003   18266.0052996002     
  4.406798242462570E-003   17944.3486903504     
  4.446238316735186E-003   17628.3732313749     
  4.486031372781199E-003   17317.9785809615     
  4.526180569725805E-003   17013.0661696492     
  4.566689094967818E-003   16713.5391689262     
  4.607560164432716E-003   16419.3024604812     
  4.648797022827945E-003   16130.2626059972     
  4.690402943900517E-003   15846.3278174790     
  4.732381230696909E-003   15567.4079281051     
  4.774735215825287E-003   15293.4143635939     
  4.817468261720073E-003   15024.2601140761     
  4.860583760908898E-003   14759.8597064637     
  4.904085136281915E-003   14500.1291773069     
  4.947975841363549E-003   14244.9860461304     
  4.992259360586665E-003   13994.3492892413     
  5.036939209569194E-003   13748.1393139983     
  5.082018935393231E-003   13506.2779335368     
  5.127502116886637E-003   13268.6883419393     
  5.173392364907158E-003   13035.2950898451     
  5.219693322629085E-003   12806.0240604903     
  5.266408665832482E-003   12580.8024461710     
  5.313542103195003E-003   12359.5587251227     
  5.361097376586320E-003   12142.2226388077     
  5.409078261365182E-003   11928.7251696032     
  5.457488566679142E-003   11718.9985188844     
  5.506332135766956E-003   11512.9760854944     
  5.555612846263694E-003   11310.5924445936     
  5.605334610508589E-003   11111.7833268837     
  5.655501375855619E-003   10916.4855981984     
  5.706117124986892E-003   10724.6372394539     
  5.757185876228830E-003   10536.1773269544     
  5.808711683871167E-003   10351.0460130450     
  5.860698638488829E-003   10169.1845071062     
  5.913150867266665E-003   9990.53505688452     
  5.966072534327114E-003   9815.04093015224     
  6.019467841060781E-003   9642.64639669181     
  6.073341026459983E-003   9473.29671059779     
  6.127696367455274E-003   9306.93809289179     
  6.182538179254995E-003   9143.51771444427     
  6.237870815687844E-003   8982.98367919793     
  6.293698669548526E-003   8825.28500768774     
  6.350026172946490E-003   8670.37162085165     
  6.406857797657794E-003   8518.19432412739     
  6.464198055480105E-003   8368.70479183021     
  6.522051498590894E-003   8221.85555180654     
  6.580422719908825E-003   8077.59997035853     
  6.639316353458379E-003   7935.89223743509     
  6.698737074737748E-003   7796.68735208428     
  6.758689601090021E-003   7659.94110816278     
  6.819178692077673E-003   7525.61008029775     
  6.880209149860440E-003   7393.65161009648     
  6.941785819576544E-003   7264.02379259986     
  7.003913589727350E-003   7136.68546297479     
  7.066597392565454E-003   7011.59618344200     
  7.129842204486253E-003   6888.71623043442     
  7.193653046423012E-003   6768.00658198253     
  7.258034984245472E-003   6649.42890532260     
  7.322993129162022E-003   6532.94554472342     
  7.388532638125475E-003   6418.51950952852     
  7.454658714242469E-003   6306.11446240923     
  7.521376607186537E-003   6195.69470782533     
  7.588691613614873E-003   6087.22518068963     
  7.656609077588829E-003   5980.67143523249     
  7.725134390998172E-003   5875.99963406325     
  7.794272993989137E-003   5773.17653742478     
  7.864030375396323E-003   5672.16949263774     
  7.934412073178434E-003   5572.94642373142     
  8.005423674857938E-003   5475.47582125755     
  8.077070817964657E-003   5379.72673228422     
  8.149359190483315E-003   5285.66875056628     
  8.222294531305109E-003   5193.27200688961     
  8.295882630683303E-003   5102.50715958572     
  8.370129330692927E-003   5013.34538521399     
  8.445040525694550E-003   4925.75836940843     
  8.520622162802248E-003   4839.71829788616     
  8.596880242355720E-003   4755.19784761463     
  8.673820818396665E-003   4672.17017813481     
  8.751449999149390E-003   4590.60892303789     
  8.829773947505750E-003   4510.48818159209     
  8.908798881514399E-003   4431.78251051770     
  8.988531074874441E-003   4354.46691590725     
  9.068976857433495E-003   4278.51684528839     
  9.150142615690204E-003   4203.90817982700     
  9.232034793301265E-003   4130.61722666793     
  9.314659891592967E-003   4058.62071141105     
  9.398024470077341E-003   3987.89577072029     
  9.482135146972905E-003   3918.41994506300     
  9.566998599730075E-003   3850.17117157772     
  9.652621565561275E-003   3783.12777706787     
  9.739010841975810E-003   3717.26847111916     
  9.826173287319504E-003   3652.57233933857     
  9.914115821319177E-003   3589.01883671276     
  1.000284542563200E-002   3526.58778108372     
  1.009236914439975E-002   3465.25934673976     
  1.018269408480804E-002   3405.01405811952     
  1.027382741765055E-002   3345.83278362741     
  1.036577637789833E-002   3287.69672955807     
  1.045854826527414E-002   3230.58743412818     
  1.055215044483197E-002   3174.48676161383     
  1.064659034754180E-002   3119.37689659118     
  1.074187547087944E-002   3065.24033827905     
  1.083801337942184E-002   3012.05989498130     
  1.093501170544757E-002   2959.81867862742     
  1.103287814954276E-002   2908.50009940957     
  1.113162048121247E-002   2858.08786051420     
  1.123124653949741E-002   2808.56595294695     
  1.133176423359641E-002   2759.91865044866     
  1.143318154349419E-002   2712.13050450142     
  1.153550652059496E-002   2665.18633942268     
  1.163874728836160E-002   2619.07124754603     
  1.174291204296054E-002   2573.77058448714     
  1.184800905391250E-002   2529.26996449319     
  1.195404666474894E-002   2485.55525587462     
  1.206103329367447E-002   2442.61257651735     
  1.216897743423516E-002   2400.42828947443     
  1.227788765599286E-002   2358.98899863540     
  1.238777260520546E-002   2318.28154447231     
  1.249864100551338E-002   2278.29299986065     
  1.261050165863208E-002   2239.01066597425     
  1.272336344505084E-002   2200.42206825267     
  1.283723532473778E-002   2162.51495243964     
  1.295212633785114E-002   2125.27728069174     
  1.306804560545702E-002   2088.69722775550     
  1.318500233025346E-002   2052.76317721229     
  1.330300579730105E-002   2017.46371778928     
  1.342206537476004E-002   1982.78763973576     
  1.354219051463407E-002   1948.72393126331     
  1.366339075352057E-002   1915.26177504888     
  1.378567571336785E-002   1882.39054479969     
  1.390905510223899E-002   1850.09980187864     
  1.403353871508251E-002   1818.37929198951     
  1.415913643451002E-002   1787.21894192052     
  1.428585823158079E-002   1756.60885634552     
  1.441371416659332E-002   1726.53931468160     
  1.454271438988401E-002   1697.00076800221     
  1.467286914263301E-002   1667.98383600483     
  1.480418875767725E-002   1639.47930403214     
  1.493668366033073E-002   1611.47812014580     
  1.507036436921220E-002   1583.97139225190     
  1.520524149708020E-002   1556.95038527724     
  1.534132575167562E-002   1530.40651839538     
  1.547862793657173E-002   1504.33136230168     
  1.561715895203194E-002   1478.71663653657     
  1.575692979587506E-002   1453.55420685594     
  1.589795156434850E-002   1428.83608264805     
  1.604023545300911E-002   1404.55441439607     
  1.618379275761206E-002   1380.70149118532     
  1.632863487500751E-002   1357.26973825466     
  1.647477330404547E-002   1334.25171459104     
  1.662221964648863E-002   1311.64011056650     
  1.677098560793344E-002   1289.42774561698     
  1.692108299873939E-002   1267.60756596201     
  1.707252373496661E-002   1246.17264236482     
  1.722531983932191E-002   1225.11616793178     
  1.737948344211322E-002   1204.43145595090     
  1.753502678221258E-002   1184.11193776838     
  1.769196220802784E-002   1164.15116070267     
  1.785030217848290E-002   1144.54278599538     
  1.801005926400687E-002   1125.28058679838     
  1.817124614753202E-002   1106.35844619638     
  1.833387562550062E-002   1087.77035526448     
  1.849796060888088E-002   1069.51041116000     
  1.866351412419192E-002   1051.57281524798     
  1.883054931453792E-002   1033.95187125979     
  1.899907944065155E-002   1016.64198348424     
  1.916911788194671E-002   999.637654990656     
  1.934067813758075E-002   982.933485883251     
  1.951377382752608E-002   966.524171586403     
  1.968841869365151E-002   950.404501160143     
  1.986462660081316E-002   934.569355645396     
  2.004241153795520E-002   919.013706438450     
  2.022178761922039E-002   903.732613694081     
  2.040276908507063E-002   888.721224756917     
  2.058537030341743E-002   873.974772620433     
  2.076960577076262E-002   859.488574413206     
  2.095549011334919E-002   845.258029911848     
  2.114303808832246E-002   831.278620080194     
  2.133226458490157E-002   817.545905634294     
  2.152318462556162E-002   804.055525632707     
  2.171581336722623E-002   790.803196091683     
  2.191016610247082E-002   777.784708624815     
  2.210625826073670E-002   764.995929106644     
  2.230410540955599E-002   752.432796359888     
  2.250372325578749E-002   740.091320865843     
  2.270512764686365E-002   727.967583497516     
  2.290833457204866E-002   716.057734275127     
  2.311336016370784E-002   704.357991143576     
  2.332022069858836E-002   692.864638771481     
  2.352893259911144E-002   681.574027371398     
  2.373951243467608E-002   670.482571540868     
  2.395197692297453E-002   659.586749123907     
  2.416634293131944E-002   648.883100092600     
  2.438262747798299E-002   638.368225448393     
  2.460084773354790E-002   628.038786142807     
  2.482102102227060E-002   617.891502017159     
  2.504316482345663E-002   607.923150761024     
  2.526729677284820E-002   598.130566889032     
  2.549343466402437E-002   588.510640735745     
  2.572159644981362E-002   579.060317468240     
  2.595180024371910E-002   569.776596116133     
  2.618406432135666E-002   560.656528618689     
  2.641840712190570E-002   551.697218888752     
  2.665484724957306E-002   542.895821893178     
  2.689340347506999E-002   534.249542749484     
  2.713409473710232E-002   525.755635838435     
  2.737694014387399E-002   517.411403932274     
  2.762195897460402E-002   509.214197338325     
  2.786917068105708E-002   501.161413057687     
  2.811859488908774E-002   493.250493958784     
  2.837025140019851E-002   485.478927965465     
  2.862416019311192E-002   477.844247259427     
  2.888034142535656E-002   470.344027496696     
  2.913881543486739E-002   462.975887037915     
  2.939960274160031E-002   455.737486192211     
  2.966272404916128E-002   448.626526474380     
  2.992820024644987E-002   441.640749875163     
  3.019605240931769E-002   434.777938144392     
  3.046630180224151E-002   428.035912086760     
  3.073896988001147E-002   421.412530870001     
  3.101407828943434E-002   414.905691345267     
  3.129164887105199E-002   408.513327379471     
  3.157170366087538E-002   402.233409199399     
  3.185426489213386E-002   396.063942747376     
  3.213935499704033E-002   390.002969048276     
  3.242699660857209E-002   384.048563587691     
  3.271721256226759E-002   378.198835701049     
  3.301002589803940E-002   372.451927973488     
  3.330545986200324E-002   366.806015650303     
  3.360353790832356E-002   361.259306057766     
  3.390428370107542E-002   355.810038034164     
  3.420772111612327E-002   350.456481370827     
  3.451387424301634E-002   345.196936263026     
  3.482276738690115E-002   340.029732770509     
  3.513442507045099E-002   334.953230287561     
  3.544887203581282E-002   329.965817022368     
  3.576613324657151E-002   325.065909485558     
  3.608623388973160E-002   320.251951987742     
  3.640919937771697E-002   315.522416145889     
  3.673505535038823E-002   310.875800398396     
  3.706382767707826E-002   306.310629528689     
  3.739554245864596E-002   301.825454197194     
  3.773022602954835E-002   297.418850481557     
  3.806790495993124E-002   293.089419424945     
  3.840860605773860E-002   288.835786592290     
  3.875235637084083E-002   284.656601634339     
  3.909918318918202E-002   280.550537859374     
  3.944911404694650E-002   276.516291812458     
  3.980217672474474E-002   272.552582862082     
  4.015839925181884E-002   268.658152794087     
  4.051780990826769E-002   264.831765412705     
  4.088043722729213E-002   261.072206148643     
  4.124630999746016E-002   257.378281674026     
  4.161545726499245E-002   253.748819524135     
  4.198790833606825E-002   250.182667725774     
  4.236369277915202E-002   246.678694432181     
  4.274284042734078E-002   243.235787564351     
  4.312538138073255E-002   239.852854458657     
  4.351134600881604E-002   236.528821520678     
  4.390076495288147E-002   233.262633885097     
  4.429366912845333E-002   230.053255081581     
  4.469008972774463E-002   226.899666706525     
  4.509005822213324E-002   223.800868100584     
  4.549360636466034E-002   220.755876031844     
  4.590076619255132E-002   217.763724384579     
  4.631157002975912E-002   214.823463853476     
  4.672605048953039E-002   211.934161643223     
  4.714424047699468E-002   209.094901173384     
  4.756617319177667E-002   206.304781788462     
  4.799188213063189E-002   203.562918473049     
  4.842140109010597E-002   200.868441571994     
  4.885476416921773E-002   198.220496515478     
  4.929200577216625E-002   195.618243548931     
  4.973316061106218E-002   193.060857467694     
  5.017826370868349E-002   190.547527356345     
  5.062735040125589E-002   188.077456332614     
  5.108045634125814E-002   185.649861295798     
  5.153761750025246E-002   183.263972679604     
  5.199887017174025E-002   180.919034209340     
  5.246425097404345E-002   178.614302663387     
  5.293379685321153E-002   176.349047638857     
  5.340754508595466E-002   174.122551321393     
  5.388553328260308E-002   171.934108259015     
  5.436779939009289E-002   169.783025139953     
  5.485438169497865E-002   167.668620574406     
  5.534531882647287E-002   165.590224880135     
  5.584064975951281E-002   163.547179871858     
  5.634041381785453E-002   161.538838654347     
  5.684465067719492E-002   159.564565419196     
  5.735340036832139E-002   157.623735245166     
  5.786670328028987E-002   155.715733902080     
  5.838460016363135E-002   153.839957658171     
  5.890713213358689E-002   151.995813090861     
  5.943434067337180E-002   150.182716900880     
  5.996626763746894E-002   148.400095729699     
  6.050295525495145E-002   146.647385980189     
  6.104444613283529E-002   144.924033640490     
  6.159078325946179E-002   143.229494110997     
  6.214201000791041E-002   141.563232034440     
  6.269817013944211E-002   139.924721129001     
  6.325930780697345E-002   138.313444024398     
  6.382546755858193E-002   136.728892100922     
  6.439669434104252E-002   135.170565331344     
  6.497303350339599E-002   133.637972125672     
  6.555453080054911E-002   132.130629178691     
  6.614123239690704E-002   130.648061320260     
  6.673318487003833E-002   129.189801368305     
  6.733043521437262E-002   127.755389984474     
  6.793303084493148E-002   126.344375532415     
  6.854101960109263E-002   124.956313938625     
  6.915444975038788E-002   123.590768555833     
  6.977336999233504E-002   122.247310028890     
  7.039782946230400E-002   120.925516163107     
  7.102787773541774E-002   119.624971795015     
  7.166356483048787E-002   118.345268665514     
  7.230494121398560E-002   117.086005295360     
  7.295205780404831E-002   115.846786862973     
  7.360496597452175E-002   114.627225084517     
  7.426371755903864E-002   113.426938096223     
  7.492836485513367E-002   112.245550338925     
  7.559896062839527E-002   111.082692444777     
  7.627555811665475E-002   109.938001126113     
  7.695821103421265E-002   108.811119066428     
  7.764697357610310E-002   107.701694813440     
  7.834190042239642E-002   106.609382674223     
  7.904304674253984E-002   105.533842612353     
  7.975046819973763E-002   104.474740147073     
  8.046422095536999E-002   103.431746254423     
  8.118436167345165E-002   102.404537270323     
  8.191094752513034E-002   101.392794795583     
  8.264403619322562E-002   100.396205602807     
  8.338368587680817E-002   99.4144615451757     
  8.412995529582019E-002   98.4472594670866     
  8.488290369573714E-002   97.4943011166116     
  8.564259085227106E-002   96.5552930597732     
  8.640907707611627E-002   95.6299465966010     
  8.718242321773716E-002   94.7179776789543     
  8.796269067219922E-002   93.8191068300916     
  8.874994138404303E-002   92.9330590659634     
  8.954423785220195E-002   92.0595638182116     
  9.034564313496390E-002   91.1983548588591     
  9.115422085497747E-002   90.3491702266666     
  9.197003520430284E-002   89.5117521551444     
  9.279315094950785E-002   88.6858470021995     
  9.362363343680992E-002   87.8712051814024     
  9.446154859726356E-002   87.0675810948585     
  9.530696295199484E-002   86.2747330676677     
  9.615994361748215E-002   85.4924232839587     
  9.702055831088476E-002   84.7204177244841     
  9.788887535541857E-002   83.9584861057593     
  9.876496368578042E-002   83.2064018207352     
  9.964889285362057E-002   82.4639418809916     
  0.100540733033064        81.7308868604366     
  0.101440555026284        81.0070208404998     
  0.102348430269117        80.2921313568126     
  0.103264430836740        79.5860093473545     
  0.104188629449392        78.8884491020650     
  0.105121099478143        78.1992482139024     
  0.106061914950720        77.5182075313420     
  0.107011150557389        76.8451311123037     
  0.107968881656879        76.1798261794981     
  0.108935184282365        75.5221030771805     
  0.109910135147507        74.8717752293058     
  0.110893811652540        74.2286590990712     
  0.111886291890416        73.5925741498403     
  0.112887654653005        72.9633428074379     
  0.113897979437352        72.3407904238049     
  0.114917346451985        71.7247452420083     
  0.115945836623286        71.1150383625925     
  0.116983531601912        70.5115037112648     
  0.118030513769282        69.9139780079064     
  0.119086866244110        69.3223007368976     
  0.120152672889013        68.7363141187499     
  0.121228018317159        68.1558630830322     
  0.122312987898993        67.5807952425859     
  0.123407667769008        67.0109608690122     
  0.124512144832587        66.4462128694284     
  0.125626506772900        65.8864067644752     
  0.126750842057867        65.3314006675694     
  0.127885239947181        64.7810552653866     
  0.129029790499391        64.2352337995637     
  0.130184584579056        63.6938020496076     
  0.131349713863958        63.1566283169959     
  0.132525270852377        62.6235834104578     
  0.133711348870439        62.0945406324176     
  0.134908042079519        61.5693757665884     
  0.136115445483723        61.0479670666958     
  0.137333654937426        60.5301952463189     
  0.138562767152882        60.0159434698256     
  0.139802879707904        59.5050973443873     
  0.141054091053610        58.9975449130491     
  0.142316500522236        58.4931766488373     
  0.143590208335027        57.9918854498787     
  0.144875315610188        57.4935666355105     
  0.146171924370915        56.9981179433523     
  0.147480137553495        56.5054395273173     
  0.148800059015476        56.0154339565320     
  0.150131793543912        55.5280062151350     
  0.151475446863685        55.0430637029255     
  0.152831125645893        54.5605162368260     
  0.154198937516326        54.0802760531273     
  0.155578991064002        53.6022578104763     
  0.156971395849793        53.1263785935717     
  0.158376262415124        52.6525579175245     
  0.159793702290742        52.1807177328425     
  0.161223828005579        51.7107824309951     
  0.162666753095678        51.2426788505099     
  0.164122592113213        50.7763362835552     
  0.165591460635576        50.3116864829556     
  0.167073475274560        49.8486636695888     
  0.168568753685611        49.3872045401077     
  0.170077414577172        48.9272482749309     
  0.171599577720105        48.4687365464405     
  0.173135363957200        48.0116135273254     
  0.174684895212771        47.5558258990055     
  0.176248294502330        47.1013228600679     
  0.177825685942358        46.6480561346476     
  0.179417194760158        46.1959799806777     
  0.181022947303794        45.7450511979367     
  0.182643071052124        45.2952291358140     
  0.184277694624917        44.8464757007137     
  0.185926947793070        44.3987553630166     
  0.187590961488905        43.9520351635129     
  0.189269867816566        43.5062847192212     
  0.190963800062505        43.0614762285033     
  0.192672892706065        42.6175844753833     
  0.194397281430156        42.1745868329794     
  0.196137103132026        41.7324632659498     
  0.197892495934130        41.2911963318589     
  0.199663599195094        40.8507711813620     
  0.201450553520779        40.4111755571091     
  0.203253500775446        39.9723997912659     
  0.205072584093015        39.5344368015471     
  0.206907947888428        39.0972820856607     
  0.208759737869118        38.6609337140540     
  0.210628101046573        38.2253923208593     
  0.212513185748008        37.7906610929303     
  0.214415141628141        37.3567457568655     
  0.216334119681073        36.9236545639100     
  0.218270272252277        36.4913982726329     
  0.220223753050691        36.0599901292740     
  0.222194717160920        35.6294458456578     
  0.224183321055550        35.1997835745720     
  0.226189722607569        34.7710238825123     
  0.228214081102901        34.3431897196959     
  0.230256557253052        33.9163063872494     
  0.232317313207866        33.4904015014805     
  0.234396512568400        33.0655049551469     
  0.236494320399914        32.6416488756401     
  0.238610903244971        32.2188675800051     
  0.240746429136662        31.7971975267263     
  0.242901067611945        31.3766772642105     
  0.245074989725102        30.9573473759101     
  0.247268368061324        30.5392504220321     
  0.249481376750408        30.1224308777888     
  0.251714191480581        29.7069350681533     
  0.253966989512450        29.2928110990936     
  0.256239949693075        28.8801087852648     
  0.258533252470163        28.4688795741536     
  0.260847079906398        28.0591764666773     
  0.263181615693894        27.6510539342506     
  0.265537045168776        27.2445678323480     
  0.267913555325895        26.8397753105983     
  0.270311334833674        26.4367347194645     
  0.272730574049085        26.0355055135738     
  0.275171465032762        25.6361481517771     
  0.277634201564247        25.2387239940317     
  0.280118979157376        24.8432951952170     
  0.282625995075800        24.4499245960074     
  0.285155448348644        24.0586756109426     
  0.287707539786311        23.6696121138526     
  0.290282471996419        23.2827983208094     
  0.292880449399890        22.8982986707967     
  0.295501678247180        22.5161777043018     
  0.298146366634647        22.1364999400556     
  0.300814724521077        21.7593297501589     
  0.303506963744350        21.3847312338524     
  0.306223298038258        21.0127680902049     
  0.308963943049473        20.6435034900078     
  0.311729116354666        20.2769999471823     
  0.314519037477784        19.9133191900217     
  0.317333927907472        19.5525220326018     
  0.320174011114662        19.1946682467126     
  0.323039512570310        18.8398164346734     
  0.325930659763299        18.4880239034072     
  0.328847682218496        18.1393465401619     
  0.331790811514977        17.7938386902771     
  0.334760281304411        17.4515530374018     
  0.337756327329606        17.1125404865775     
  0.340779187443230        16.7768500506084     
  0.343829101626687        16.4445287401416     
  0.346906312009177        16.1156214578869     
  0.350011062886911        15.7901708974030     
  0.353143600742509        15.4682174468783     
  0.356304174264568        15.1497990983295     
  0.359493034367404        14.8349513626390     
  0.362710434210973        14.5237071908390     
  0.365956629220967        14.2160969020465     
  0.369231877109095        13.9121481184374     
  0.372536437893539        13.6118857076321     
  0.375870573919600        13.3153317328535     
  0.379234549880523        13.0225054111915     
  0.382628632838510        12.7334230802900     
  0.386053092245925        12.4480981737485     
  0.389508199966682        12.1665412054990     
  0.392994230297831        11.8887597633939     
  0.396511459991332        11.6147585122046     
  0.400060168276026        11.3445392061993     
  0.403640636879804        11.0781007114296     
  0.407253150051972        10.8154390378178     
  0.410897994585819        10.5565473810957     
  0.414575459841383        10.3014161746040     
  0.418285837768422        10.0500331509149     
  0.422029422929596        9.80238341319938     
  0.425806512523847        9.55844951620730     
  0.429617406409999        9.31821155668709     
  0.433462407130556        9.08164727301857     
  0.437341819935728        8.84873215378537     
  0.441255952807657        8.61943955496336     
  0.445205116484877        8.39374082535219     
  0.449189624486972        8.17160543982837     
  0.453209793139476        7.95300113994930     
  0.457265941598977        7.73789408139078     
  0.461358391878462        7.52624898765452     
  0.465487468872877        7.31802930943683     
  0.469653500384921        7.11319738900857     
  0.473856817151069        6.91171462891410     
  0.478097752867831        6.71354166426105     
  0.482376644218242        6.51863853783690     
  0.486693830898590        6.32696487725589     
  0.491049655645388        6.13848007331272     
  0.495444464262579        5.95314345869357     
  0.499878605648992        5.77091448617479     
  0.504352431826037        5.59175290542219     
  0.508866297965658        5.41561893749236     
  0.513420562418524        5.24247344612828     
  0.518015586742478        5.07227810493980     
  0.522651735731245        4.90499555955928     
  0.527329377443391        4.74058958387058     
  0.532048883231538        4.57902522942004     
  0.536810627771853        4.42026896713490     
  0.541614989093786        4.26428882049528     
  0.546462348610087        4.11105448933321     
  0.551353091147083        3.96053746346236     
  0.556287604975228        3.81271112537892     
  0.561266281839930        3.66755084131533     
  0.566289516992650        3.52503403997305     
  0.571357709222280        3.38514027831231     
  0.576471260886802        3.24785129383025     
  0.581630577945234        3.11315104281766     
  0.586836069989854        2.98102572414852     
  0.592088150278720        2.85146378822170     
  0.597387235768479        2.72445593074496     
  0.602733747147465        2.59999507112526     
  0.608128108869100        2.47807631530537     
  0.613570749185590        2.35869690296603     
  0.619062100181922        2.24185613909532     
  0.624602597810172        2.12755531001023     
  0.630192681924105        2.01579758400138     
  0.635832796314107        1.90658789685976     
  0.641523388742404        1.79993282263168     
  0.647264910978621        1.69584043003927     
  0.653057818835639        1.59432012509150     
  0.658902572205786        1.49538248050256     
  0.664799635097345        1.39903905262252     
  0.670749475671393        1.30530218667457     
  0.676752566278967        1.21418481117994     
  0.682809383498561        1.12570022253795     
  0.688920408173966        1.03986186081100     
  0.695086125452441       0.956683077845887     
  0.701307024823225       0.876176898938955     
  0.707583600156404       0.798355779326550     
  0.713916349742112       0.723231356850368     
  0.720305776330094       0.650814202210987     
  0.726752387169617       0.581113568280024     
  0.733256694049742       0.514137139992916     
  0.739819213339950       0.449890786387469     
  0.746440466031139       0.388378316389760     
  0.753120977776988       0.329601239975827     
  0.759861278935679       0.273558536355869     
  0.766661904612011       0.220246430835711     
  0.773523394699877       0.169658182007617     
  0.780446293925126       0.121783880909195     
  0.787431151888805       7.661026376331015E-002
  0.794478523110800       3.412053987472863E-002
  0.801588967073848      -5.705763791364227E-003
  0.808763048267961      -4.289293988696163E-002
  0.816001336235238      -7.746921842951304E-002
  0.823304405615080      -0.109466863725162     
  0.830672836189811      -0.138922249274726     
  0.838107212930704      -0.165875909586552     
  0.845608126044423      -0.190372567949962     
  0.853176171019879      -0.212461139365271     
  0.860811948675506      -0.232194707980375     
  0.868516065206955      -0.249630478549720     
  0.876289132235224      -0.264829701607028     
  0.884131766855213      -0.277857572228825     
  0.892044591684712      -0.288783102458862     
  0.900028234913831      -0.297678967663908     
  0.908083330354873      -0.304621327296409     
  0.916210517492650      -0.309689620748242     
  0.924410441535251      -0.312966339190030     
  0.932683753465266      -0.314536774500145     
  0.941031110091462      -0.314488746594909     
  0.949453174100935      -0.312912310673989     
  0.957950614111709      -0.309899446090591     
  0.966524104725827      -0.305543728742513     
  0.975174326582900      -0.299939989054911     
  0.983901966414145      -0.293183957786847     
  0.992707717096904      -0.285371902038601     
   1.00159227770965      -0.276600253963940     
   1.01055635358749      -0.266965234798100     
   1.01960065637814      -0.256562476897230     
   1.02872590409846      -0.245486646546148     
   1.03793282119144      -0.233831070327273     
   1.04722213858367      -0.221687367853321     
   1.05659459374345      -0.209145093648896     
   1.06605093073926      -0.196291390920723     
   1.07559190029889      -0.183210659882865     
   1.08521825986898      -0.169984243201788     
   1.09493077367522      -0.156690130997116     
   1.10473021278297      -0.143402687678040     
   1.11461735515847      -0.130192402713989     
   1.12459298573067      -0.117125667232670     
   1.13465789645345      -0.104264578111072     
   1.14481288636856      -9.166677097763980E-002
   1.15505876166903      -7.938528327916798E-002
   1.16539633576319      -6.746844828708502E-002
   1.17582642933921      -5.595982062759012E-002
   1.18634987043029      -4.489813362222805E-002
   1.19696749448039      -3.431728842330663E-002
   1.20768014441052      -2.424637462584445E-002
   1.21848867068571      -1.470972173824638E-002
   1.22939393138249      -5.726980601388761E-003
   1.24039679225704       2.686766436016356E-003
   1.25149812681389       1.052086804534565E-002
   1.26269881637530       1.776894085850650E-002
   1.27399975015119       2.442868275871900E-002
   1.28540182530977       3.050166466404734E-002
   1.29690594704874       3.599310312404419E-002
   1.30851302866717       4.091161619892449E-002
   1.32022399163798       4.526896520900706E-002
   1.33203976568113       4.907978502839690E-002
   1.34396128883741       5.236130565009652E-002
   1.35598950754289       5.513306776957154E-002
   1.36812537670410       5.741663512032560E-002
   1.38036985977381       5.923530624892710E-002
   1.39272392882752       6.061382833925530E-002
   1.40518856464064       6.157811558811405E-002
   1.41776475676635       6.215497449884761E-002
   1.43045350361416       6.237183829862894E-002
   1.44325581252915       6.225651250153050E-002
   1.45617269987200       6.183693343644427E-002
   1.46920519109960       6.114094133982968E-002
   1.48235432084653       6.019606938168230E-002
   1.49562113300715       5.902934975279875E-002
   1.50900668081851       5.766713769609791E-002
   1.52251202694393       5.613495411823863E-002
   1.53613824355740       5.445734717370487E-002
   1.54988641242865       5.265777297546558E-002
   1.56375762500909       5.075849535756023E-002
   1.57775298251841       4.878050439858229E-002
   1.59187359603204       4.674345321376133E-002
   1.60612058656934       4.466561233956220E-002
   1.62049508518257       4.256384087040979E-002
   1.63499823304674       4.045357336387212E-002
   1.64963118155017       3.834882140953089E-002
   1.66439509238590       3.626218865851408E-002
   1.67929113764392       3.420489803552840E-002
   1.69432049990422       3.218682980302397E-002
   1.70948437233067       3.021656911728958E-002
   1.72478395876577       2.830146170786426E-002
   1.74022047382618       2.644767632338392E-002
   1.75579514299916       2.466027261729076E-002
   1.77150920273988       2.294327319390469E-002
   1.78736390056958       2.129973859718419E-002
   1.80336049517457       1.973184409894118E-002
   1.81950025650620       1.824095722809060E-002
   1.83578446588165       1.682771507543902E-002
   1.85221441608569       1.549210050729970E-002
   1.86879141147325       1.423351652367445E-002
   1.88551676807305       1.305085810078293E-002
   1.90239181369200       1.194258096140713E-002
   1.91941788802067       1.090676681808785E-002
   1.93659634273963       9.941184732095577E-003
   1.95392854162674       9.043348323945988E-003
   1.97141586066544       8.210568657928430E-003
   1.98905968815399       7.440002702767496E-003
