                                                  

     Z,SCF,CCSD
   1.985,   -142.6668993,   -143.6464906
   1.935,   -142.6661456,   -143.6495603
   1.885,   -142.6637142,   -143.6517839
   1.835,   -142.6592262,   -143.6528766
   1.785,   -142.6522430,   -143.6524465
   1.735,   -142.6422642,   -143.6499590
   1.685,   -142.6287291,   -143.6446672
   1.635,   -142.6110176,   -143.6356001
   1.585,   -142.5884477,   -143.6215300
   1.535,   -142.5602775,   -143.6009621
   1.485,   -142.5257676,   -143.5720589
                                                  
