  1.277317494617636E-006   108.636694000930     
  1.288916585824456E-006   108.636693998984     
  1.300621006299365E-006   108.636693997037     
  1.312431712518564E-006   108.636693998813     
  1.324349669643847E-006   108.636694000589     
  1.336375851601465E-006   108.636693998637     
  1.348511241161723E-006   108.636694000408     
  1.360756830019284E-006   108.636694000316     
  1.373113618874213E-006   108.636694000222     
  1.385582617513755E-006   108.636693998263     
  1.398164844894847E-006   108.636693998166     
  1.410861329227398E-006   108.636693999929     
  1.423673108058301E-006   108.636693997965     
  1.436601228356230E-006   108.636694001587     
  1.449646746597191E-006   108.636693999619     
  1.462810728850863E-006   108.636693999512     
  1.476094250867710E-006   108.636693997541     
  1.489498398166893E-006   108.636694001155     
  1.503024266124978E-006   108.636693999180     
  1.516672960065451E-006   108.636694000928     
  1.530445595349041E-006   108.636693998948     
  1.544343297464868E-006   108.636693998829     
  1.558367202122417E-006   108.636693998708     
  1.572518455344347E-006   108.636694002309     
  1.586798213560143E-006   108.636694000321     
  1.601207643700622E-006   108.636694000193     
  1.615747923293286E-006   108.636694000062     
  1.630420240558556E-006   108.636693998067     
  1.645225794506868E-006   108.636693996069     
  1.660165795036659E-006   108.636693995931     
  1.675241463033235E-006   108.636693995791     
  1.690454030468544E-006   108.636694001236     
  1.705804740501848E-006   108.636694002954     
  1.721294847581318E-006   108.636693999080     
  1.736925617546543E-006   108.636693998929     
  1.752698327731974E-006   108.636693996913     
  1.768614267071308E-006   108.636694000482     
  1.784674736202818E-006   108.636694000323     
  1.800881047575638E-006   108.636694000161     
  1.817234525557021E-006   108.636693999996     
  1.833736506540558E-006   108.636694001691     
  1.850388339055391E-006   108.636693999657     
  1.867191383876417E-006   108.636694003208     
  1.884147014135482E-006   108.636694003031     
  1.901256615433598E-006   108.636694000988     
  1.918521585954170E-006   108.636693998941     
  1.935943336577258E-006   108.636693998754     
  1.953523290994870E-006   108.636694000426     
  1.971262885827305E-006   108.636694002094     
  1.989163570740554E-006   108.636693998171     
  2.007226808564765E-006   108.636693997970     
  2.025454075413785E-006   108.636693997765     
  2.043846860805786E-006   108.636693997556     
  2.062406667784987E-006   108.636694001069     
  2.081135013044482E-006   108.636693998990     
  2.100033427050185E-006   108.636693998770     
  2.119103454165893E-006   108.636693998546     
  2.138346652779497E-006   108.636693998317     
  2.157764595430328E-006   108.636693998084     
  2.177358868937665E-006   108.636693999710     
  2.197131074530408E-006   108.636694001332     
  2.217082827977930E-006   108.636693999223     
  2.237215759722116E-006   108.636694000836     
  2.257531515010601E-006   108.636693998719     
  2.278031754031220E-006   108.636694001254     
  2.298718152047674E-006   108.636694000058     
  2.319592399536437E-006   108.636694000721     
  2.340656202324893E-006   108.636693999516     
  2.361911281730740E-006   108.636694000168     
  2.383359374702655E-006   108.636694000816     
  2.405002233962234E-006   108.636694000527     
  2.426841628147221E-006   108.636694000233     
  2.448879341956045E-006   108.636693999933     
  2.471117176293662E-006   108.636693999628     
  2.493556948418721E-006   108.636694000249     
  2.516200492092072E-006   108.636693999932     
  2.539049657726619E-006   108.636693999610     
  2.562106312538532E-006   108.636694001145     
  2.585372340699839E-006   108.636693999880     
  2.608849643492396E-006   108.636693999540     
  2.632540139463257E-006   108.636694001056     
  2.656445764581459E-006   108.636694000703     
  2.680568472396227E-006   108.636694001276     
  2.704910234196615E-006   108.636694000910     
  2.729473039172601E-006   108.636694000538     
  2.754258894577640E-006   108.636694001090     
  2.779269825892698E-006   108.636693999773     
  2.804507876991766E-006   108.636694000312     
  2.829975110308891E-006   108.636694001774     
  2.855673607006715E-006   108.636694001367     
  2.881605467146543E-006   108.636694001883     
  2.907772809859962E-006   108.636694002392     
  2.934177773522012E-006   108.636694001031     
  2.960822515925931E-006   108.636693999661     
  2.987709214459495E-006   108.636694001078     
  3.014840066282947E-006   108.636694001555     
  3.042217288508546E-006   108.636694001093     
  3.069843118381752E-006   108.636694001553     
  3.097719813464049E-006   108.636694001074     
  3.125849651817434E-006   108.636694000586     
  3.154234932190574E-006   108.636693999157     
  3.182877974206662E-006   108.636694000514     
  3.211781118552973E-006   108.636693999998     
  3.240946727172146E-006   108.636694000405     
  3.270377183455193E-006   108.636694000802     
  3.300074892436276E-006   108.636693999327     
  3.330042280989242E-006   108.636693998773     
  3.360281798025940E-006   108.636693999140     
  3.390795914696352E-006   108.636693999497     
  3.421587124590530E-006   108.636694001706     
  3.452657943942369E-006   108.636693999248     
  3.484010911835233E-006   108.636694000504     
  3.515648590409448E-006   108.636693999886     
  3.547573565071676E-006   108.636694001120     
  3.579788444706195E-006   108.636694001411     
  3.612295861888089E-006   108.636694000759     
  3.645098473098392E-006   108.636694001958     
  3.678198958941160E-006   108.636693999420     
  3.711600024362534E-006   108.636694000594     
  3.745304398871790E-006   108.636693999893     
  3.779314836764387E-006   108.636694001042     
  3.813634117347044E-006   108.636694001247     
  3.848265045164870E-006   108.636694000507     
  3.883210450230545E-006   108.636694000685     
  3.918473188255585E-006   108.636694000849     
  3.954056140883712E-006   108.636694001931     
  3.989962215926337E-006   108.636694000204     
  4.026194347600186E-006   108.636694002188     
  4.062755496767080E-006   108.636694002295     
  4.099648651175897E-006   108.636694000524     
  4.136876825706727E-006   108.636694000600     
  4.174443062617244E-006   108.636694001592     
  4.212350431791320E-006   108.636694001637     
  4.250602030989891E-006   108.636694001666     
  4.289200986104106E-006   108.636694000747     
  4.328150451410771E-006   108.636694000742     
  4.367453609830113E-006   108.636694000720     
  4.407113673185889E-006   108.636694002544     
  4.447133882467850E-006   108.636694001556     
  4.487517508096596E-006   108.636694001481     
  4.528267850190828E-006   108.636694002319     
  4.569388238837034E-006   108.636694001276     
  4.610882034361622E-006   108.636694001611     
  4.652752627605521E-006   108.636694001461     
  4.695003440201276E-006   108.636694001291     
  4.737637924852668E-006   108.636694001567     
  4.780659565616860E-006   108.636694001822     
  4.824071878189113E-006   108.636694002056     
  4.867878410190088E-006   108.636694002269     
  4.912082741455754E-006   108.636694001529     
  4.956688484329923E-006   108.636694002165     
  5.001699283959462E-006   108.636694000915     
  5.047118818592158E-006   108.636694001039     
  5.092950799877308E-006   108.636694001606     
  5.139198973169031E-006   108.636694001218     
  5.185867117832336E-006   108.636694001271     
  5.232959047551966E-006   108.636694001300     
  5.280478610644055E-006   108.636694001770     
  5.328429690370603E-006   108.636694001282     
  5.376816205256817E-006   108.636694001235     
  5.425642109411331E-006   108.636694001627     
  5.474911392849327E-006   108.636694001992     
  5.524628081818602E-006   108.636694002330     
  5.574796239128588E-006   108.636694001243     
  5.625419964482360E-006   108.636694001990     
  5.676503394811663E-006   108.636694002243     
  5.728050704614975E-006   108.636694002001     
  5.780066106298649E-006   108.636694001729     
  5.832553850521145E-006   108.636694002357     
  5.885518226540389E-006   108.636694001558     
  5.938963562564289E-006   108.636694001659     
  5.992894226104436E-006   108.636694001727     
  6.047314624333006E-006   108.636694002694     
  6.102229204442922E-006   108.636694002230     
  6.157642454011264E-006   108.636694002664     
  6.213558901365998E-006   108.636694002133     
  6.269983115956019E-006   108.636694002962     
  6.326919708724577E-006   108.636694001894     
  6.384373332486063E-006   108.636694003583     
  6.442348682306246E-006   108.636694002440     
  6.500850495885944E-006   108.636694002192     
  6.559883553948190E-006   108.636694002836     
  6.619452680628903E-006   108.636694003441     
  6.679562743871112E-006   108.636694003074     
  6.740218655822770E-006   108.636694002667     
  6.801425373238163E-006   108.636694003150     
  6.863187897882975E-006   108.636694003125     
  6.925511276943027E-006   108.636694003057     
  6.988400603436729E-006   108.636694003411     
  7.051861016631279E-006   108.636694002789     
  7.115897702462637E-006   108.636694002588     
  7.180515893959322E-006   108.636694003272     
  7.245720871670043E-006   108.636694003443     
  7.311517964095228E-006   108.636694003100     
  7.377912548122462E-006   108.636694003175     
  7.444910049465881E-006   108.636694003665     
  7.512515943109557E-006   108.636694003174     
  7.580735753754918E-006   108.636694003097     
  7.649575056272207E-006   108.636694002967     
  7.719039476156066E-006   108.636694003716     
  7.789134689985251E-006   108.636694003479     
  7.859866425886505E-006   108.636694004118     
  7.931240464002670E-006   108.636694004700     
  8.003262636965023E-006   108.636694004294     
  8.075938830369926E-006   108.636694003364     
  8.149274983259778E-006   108.636694003771     
  8.223277088608367E-006   108.636694004118     
  8.297951193810596E-006   108.636694004403     
  8.373303401176679E-006   108.636694004626     
  8.449339868430814E-006   108.636694004784     
  8.526066809214390E-006   108.636694004878     
  8.603490493593758E-006   108.636694004905     
  8.681617248572621E-006   108.636694003934     
  8.760453458609064E-006   108.636694004756     
  8.840005566137295E-006   108.636694004577     
  8.920280072094108E-006   108.636694004793     
  9.001283536450145E-006   108.636694004936     
  9.083022578745960E-006   108.636694005238     
  9.165503878632974E-006   108.636694004766     
  9.248734176419314E-006   108.636694005382     
  9.332720273620650E-006   108.636694004989     
  9.417469033515992E-006   108.636694005680     
  9.502987381708550E-006   108.636694005592     
  9.589282306691706E-006   108.636694005422     
  9.676360860420089E-006   108.636694005633     
  9.764230158885870E-006   108.636694005527     
  9.852897382700263E-006   108.636694005799     
  9.942369777680334E-006   108.636694005983     
  1.003265465544111E-005   108.636694006542     
  1.012375939399307E-005   108.636694006078     
  1.021569143834512E-005   108.636694005986     
  1.030845830111291E-005   108.636694006498     
  1.040206756313285E-005   108.636694006215     
  1.049652687408154E-005   108.636694006997     
  1.059184395310092E-005   108.636694006980     
  1.068802658942910E-005   108.636694006861     
  1.078508264303684E-005   108.636694006637     
  1.088302004526989E-005   108.636694007239     
  1.098184679949714E-005   108.636694007268     
  1.108157098176462E-005   108.636694007186     
  1.118220074145551E-005   108.636694007458     
  1.128374430195606E-005   108.636694007384     
  1.138620996132763E-005   108.636694007659     
  1.148960609298476E-005   108.636694007350     
  1.159394114637950E-005   108.636694008317     
  1.169922364769185E-005   108.636694008231     
  1.180546220052651E-005   108.636694008253     
  1.191266548661597E-005   108.636694008614     
  1.202084226653001E-005   108.636694008380     
  1.213000138039153E-005   108.636694008479     
  1.224015174859904E-005   108.636694008911     
  1.235130237255555E-005   108.636694009205     
  1.246346233540424E-005   108.636694009594     
  1.257664080277064E-005   108.636694009608     
  1.269084702351173E-005   108.636694009477     
  1.280609033047167E-005   108.636694010132     
  1.292238014124451E-005   108.636694009705     
  1.303972595894379E-005   108.636694010291     
  1.315813737297911E-005   108.636694010488     
  1.327762405983980E-005   108.636694010761     
  1.339819578388564E-005   108.636694010640     
  1.351986239814480E-005   108.636694010589     
  1.364263384511906E-005   108.636694011534     
  1.376652015759626E-005   108.636694011379     
  1.389153145947018E-005   108.636694011284     
  1.401767796656789E-005   108.636694011945     
  1.414496998748453E-005   108.636694011961     
  1.427341792442575E-005   108.636694012027     
  1.440303227405778E-005   108.636694012373     
  1.453382362836518E-005   108.636694012763     
  1.466580267551643E-005   108.636694012727     
  1.479898020073733E-005   108.636694012961     
  1.493336708719242E-005   108.636694013694     
  1.506897431687429E-005   108.636694013991     
  1.520581297150101E-005   108.636694013615     
  1.534389423342179E-005   108.636694013960     
  1.548322938653073E-005   108.636694014556     
  1.562382981718892E-005   108.636694014468     
  1.576570701515501E-005   108.636694014856     
  1.590887257452405E-005   108.636694015250     
  1.605333819467499E-005   108.636694015413     
  1.619911568122677E-005   108.636694015807     
  1.634621694700300E-005   108.636694016428     
  1.649465401300555E-005   108.636694016572     
  1.664443900939681E-005   108.636694016701     
  1.679558417649103E-005   108.636694017043     
  1.694810186575455E-005   108.636694017128     
  1.710200454081516E-005   108.636694017417     
  1.725730477848062E-005   108.636694017905     
  1.741401526976644E-005   108.636694018355     
  1.757214882093293E-005   108.636694018527     
  1.773171835453181E-005   108.636694018885     
  1.789273691046213E-005   108.636694018955     
  1.805521764703595E-005   108.636694019433     
  1.821917384205358E-005   108.636694019962     
  1.838461889388868E-005   108.636694020189     
  1.855156632258312E-005   108.636694020690     
  1.872002977095187E-005   108.636694021110     
  1.889002300569784E-005   108.636694021327     
  1.906155991853690E-005   108.636694021684     
  1.923465452733310E-005   108.636694022176     
  1.940932097724421E-005   108.636694022447     
  1.958557354187764E-005   108.636694023073     
  1.976342662445687E-005   108.636694023350     
  1.994289475899847E-005   108.636694023852     
  2.012399261149981E-005   108.636694024225     
  2.030673498113755E-005   108.636694024578     
  2.049113680147702E-005   108.636694025254     
  2.067721314169258E-005   108.636694025431     
  2.086497920779908E-005   108.636694026032     
  2.105445034389443E-005   108.636694026586     
  2.124564203341357E-005   108.636694027086     
  2.143856990039373E-005   108.636694027523     
  2.163324971075122E-005   108.636694028007     
  2.182969737356981E-005   108.636694028530     
  2.202792894240079E-005   108.636694029085     
  2.222796061657492E-005   108.636694029546     
  2.242980874252613E-005   108.636694030139     
  2.263348981512741E-005   108.636694030506     
  2.283902047903873E-005   108.636694031338     
  2.304641753006722E-005   108.636694031578     
  2.325569791653976E-005   108.636694032498     
  2.346687874068792E-005   108.636694032925     
  2.367997726004556E-005   108.636694033548     
  2.389501088885914E-005   108.636694034126     
  2.411199719951076E-005   108.636694034882     
  2.433095392395415E-005   108.636694035574     
  2.455189895516378E-005   108.636694036076     
  2.477485034859696E-005   108.636694036843     
  2.499982632366941E-005   108.636694037400     
  2.522684526524408E-005   108.636694038202     
  2.545592572513358E-005   108.636694038889     
  2.568708642361619E-005   108.636694039452     
  2.592034625096569E-005   108.636694040228     
  2.615572426899504E-005   108.636694041090     
  2.639323971261412E-005   108.636694041795     
  2.663291199140157E-005   108.636694042562     
  2.687476069119094E-005   108.636694043382     
  2.711880557567121E-005   108.636694044126     
  2.736506658800191E-005   108.636694044898     
  2.761356385244277E-005   108.636694045685     
  2.786431767599838E-005   108.636694046360     
  2.811734855007756E-005   108.636694047608     
  2.837267715216794E-005   108.636694048368     
  2.863032434752573E-005   108.636694049325     
  2.889031119088076E-005   108.636694050001     
  2.915265892815712E-005   108.636694050964     
  2.941738899820932E-005   108.636694051851     
  2.968452303457424E-005   108.636694052881     
  2.995408286723907E-005   108.636694053689     
  3.022609052442517E-005   108.636694054843     
  3.050056823438824E-005   108.636694055747     
  3.077753842723480E-005   108.636694056735     
  3.105702373675510E-005   108.636694057906     
  3.133904700227284E-005   108.636694059014     
  3.162363127051150E-005   108.636694060041     
  3.191079979747772E-005   108.636694061204     
  3.220057605036176E-005   108.636694062138     
  3.249298370945525E-005   108.636694063407     
  3.278804667008628E-005   108.636694064645     
  3.308578904457217E-005   108.636694065602     
  3.338623516418983E-005   108.636694066958     
  3.368940958116413E-005   108.636694067880     
  3.399533707067435E-005   108.636694069165     
  3.430404263287867E-005   108.636694070677     
  3.461555149495727E-005   108.636694071698     
  3.492988911317378E-005   108.636694073024     
  3.524708117495566E-005   108.636694074402     
  3.556715360099324E-005   108.636694075929     
  3.589013254735802E-005   108.636694077233     
  3.621604440764010E-005   108.636694078528     
  3.654491581510503E-005   108.636694080082     
  3.687677364487026E-005   108.636694081467     
  3.721164501610140E-005   108.636694083009     
  3.754955729422829E-005   108.636694084512     
  3.789053809318139E-005   108.636694086068     
  3.823461527764825E-005   108.636694087654     
  3.858181696535072E-005   108.636694089247     
  3.893217152934260E-005   108.636694090880     
  3.928570760032830E-005   108.636694092412     
  3.964245406900255E-005   108.636694094167     
  4.000244008841129E-005   108.636694096002     
  4.036569507633405E-005   108.636694097602     
  4.073224871768791E-005   108.636694099405     
  4.110213096695343E-005   108.636694101325     
  4.147537205062236E-005   108.636694103102     
  4.185200246966785E-005   108.636694104825     
  4.223205300203691E-005   108.636694106872     
  4.261555470516558E-005   108.636694108749     
  4.300253891851687E-005   108.636694110833     
  4.339303726614190E-005   108.636694112861     
  4.378708165926407E-005   108.636694114919     
  4.418470429888691E-005   108.636694117034     
  4.458593767842548E-005   108.636694119116     
  4.499081458636172E-005   108.636694121249     
  4.539936810892393E-005   108.636694123341     
  4.581163163279044E-005   108.636694125766     
  4.622763884781811E-005   108.636694127967     
  4.664742374979529E-005   108.636694130489     
  4.707102064322001E-005   108.636694132716     
  4.749846414410330E-005   108.636694135136     
  4.792978918279797E-005   108.636694137653     
  4.836503100685313E-005   108.636694140113     
  4.880422518389454E-005   108.636694142712     
  4.924740760453121E-005   108.636694145293     
  4.969461448528830E-005   108.636694147817     
  5.014588237156678E-005   108.636694150593     
  5.060124814062987E-005   108.636694153405     
  5.106074900461656E-005   108.636694156212     
  5.152442251358263E-005   108.636694159029     
  5.199230655856919E-005   108.636694161987     
  5.246443937469908E-005   108.636694164927     
  5.294085954430148E-005   108.636694167860     
  5.342160600006473E-005   108.636694170974     
  5.390671802821797E-005   108.636694174165     
  5.439623527174153E-005   108.636694177210     
  5.489019773360655E-005   108.636694180468     
  5.538864578004397E-005   108.636694183716     
  5.589162014384325E-005   108.636694187078     
  5.639916192768101E-005   108.636694190445     
  5.691131260747987E-005   108.636694193997     
  5.742811403579792E-005   108.636694197508     
  5.794960844524880E-005   108.636694201156     
  5.847583845195296E-005   108.636694204828     
  5.900684705902017E-005   108.636694208410     
  5.954267766006377E-005   108.636694212311     
  6.008337404274670E-005   108.636694216123     
  6.062898039235984E-005   108.636694220138     
  6.117954129543276E-005   108.636694224120     
  6.173510174337729E-005   108.636694228125     
  6.229570713616423E-005   108.636694232323     
  6.286140328603341E-005   108.636694236592     
  6.343223642123735E-005   108.636694240927     
  6.400825318981906E-005   108.636694245262     
  6.458950066342405E-005   108.636694249703     
  6.517602634114704E-005   108.636694254184     
  6.576787815341349E-005   108.636694258926     
  6.636510446589647E-005   108.636694263626     
  6.696775408346906E-005   108.636694268443     
  6.757587625419263E-005   108.636694273248     
  6.818952067334140E-005   108.636694278314     
  6.880873748746343E-005   108.636694283391     
  6.943357729847858E-005   108.636694288576     
  7.006409116781376E-005   108.636694293849     
  7.070033062057546E-005   108.636694299188     
  7.134234764976042E-005   108.636694304627     
  7.199019472050454E-005   108.636694310143     
  7.264392477437016E-005   108.636694315794     
  7.330359123367248E-005   108.636694321554     
  7.396924800584516E-005   108.636694327364     
  7.464094948784556E-005   108.636694333397     
  7.531875057060012E-005   108.636694339444     
  7.600270664348995E-005   108.636694345618     
  7.669287359887715E-005   108.636694351940     
  7.738930783667236E-005   108.636694358343     
  7.809206626894373E-005   108.636694364847     
  7.880120632456761E-005   108.636694371525     
  7.951678595392183E-005   108.636694378305     
  8.023886363362108E-005   108.636694385144     
  8.096749837129576E-005   108.636694392168     
  8.170274971041397E-005   108.636694399298     
  8.244467773514741E-005   108.636694406573     
  8.319334307528129E-005   108.636694414026     
  8.394880691116914E-005   108.636694421545     
  8.471113097873221E-005   108.636694429246     
  8.548037757450468E-005   108.636694437042     
  8.625660956072431E-005   108.636694445018     
  8.703989037046960E-005   108.636694453109     
  8.783028401284349E-005   108.636694461368     
  8.862785507820409E-005   108.636694469755     
  8.943266874344295E-005   108.636694478316     
  9.024479077731135E-005   108.636694487009     
  9.106428754579475E-005   108.636694495904     
  9.189122601753623E-005   108.636694504924     
  9.272567376930919E-005   108.636694514134     
  9.356769899153950E-005   108.636694523424     
  9.441737049387816E-005   108.636694533057     
  9.527475771082415E-005   108.636694542714     
  9.613993070739880E-005   108.636694552596     
  9.701296018487131E-005   108.636694562638     
  9.789391748653639E-005   108.636694572892     
  9.878287460354447E-005   108.636694583345     
  9.967990418078469E-005   108.636694593927     
  1.005850795228214E-004   108.636694604794     
  1.014984745998847E-004   108.636694615782     
  1.024201640539148E-004   108.636694627013     
  1.033502232046621E-004   108.636694638433     
  1.042887280558425E-004   108.636694650012     
  1.052357553013474E-004   108.636694661865     
  1.061913823315122E-004   108.636694673926     
  1.071556872394398E-004   108.636694686186     
  1.081287488273826E-004   108.636694698632     
  1.091106466131822E-004   108.636694711364     
  1.101014608367675E-004   108.636694724305     
  1.111012724667116E-004   108.636694737459     
  1.121101632068490E-004   108.636694750917     
  1.131282155029518E-004   108.636694764648     
  1.141555125494675E-004   108.636694778529     
  1.151921382963175E-004   108.636694792699     
  1.162381774557574E-004   108.636694807084     
  1.172937155092994E-004   108.636694821844     
  1.183588387146983E-004   108.636694836811     
  1.194336341129999E-004   108.636694852048     
  1.205181895356541E-004   108.636694867526     
  1.216125936116927E-004   108.636694883298     
  1.227169357749716E-004   108.636694899355     
  1.238313062714796E-004   108.636694915744     
  1.249557961667132E-004   108.636694932446     
  1.260904973531183E-004   108.636694949410     
  1.272355025575995E-004   108.636694966667     
  1.283909053490981E-004   108.636694984244     
  1.295568001462380E-004   108.636695002134     
  1.307332822250416E-004   108.636695020382     
  1.319204477267161E-004   108.636695038973     
  1.331183936655093E-004   108.636695057882     
  1.343272179366384E-004   108.636695077113     
  1.355470193242895E-004   108.636695096719     
  1.367778975096898E-004   108.636695116633     
  1.380199530792543E-004   108.636695136957     
  1.392732875328050E-004   108.636695157701     
  1.405380032918656E-004   108.636695178693     
  1.418142037080313E-004   108.636695200134     
  1.431019930714147E-004   108.636695222016     
  1.444014766191680E-004   108.636695244209     
  1.457127605440834E-004   108.636695266895     
  1.470359520032705E-004   108.636695289888     
  1.483711591269138E-004   108.636695313374     
  1.497184910271082E-004   108.636695337283     
  1.510780578067762E-004   108.636695361585     
  1.524499705686653E-004   108.636695386372     
  1.538343414244268E-004   108.636695411542     
  1.552312835037782E-004   108.636695437231     
  1.566409109637475E-004   108.636695463367     
  1.580633389980020E-004   108.636695489970     
  1.594986838462625E-004   108.636695517084     
  1.609470628038015E-004   108.636695544657     
  1.624085942310290E-004   108.636695572761     
  1.638833975631646E-004   108.636695601372     
  1.653715933199978E-004   108.636695630489     
  1.668733031157366E-004   108.636695660115     
  1.683886496689459E-004   108.636695690307     
  1.699177568125759E-004   108.636695721036     
  1.714607495040817E-004   108.636695752326     
  1.730177538356343E-004   108.636695784178     
  1.745888970444255E-004   108.636695816626     
  1.761743075230651E-004   108.636695849652     
  1.777741148300731E-004   108.636695883289     
  1.793884497004673E-004   108.636695917501     
  1.810174440564467E-004   108.636695952343     
  1.826612310181720E-004   108.636695987863     
  1.843199449146447E-004   108.636696023982     
  1.859937212946833E-004   108.636696060770     
  1.876826969380011E-004   108.636696098245     
  1.893870098663836E-004   108.636696136326     
  1.911067993549670E-004   108.636696175155     
  1.928422059436205E-004   108.636696214689     
  1.945933714484303E-004   108.636696254945     
  1.963604389732893E-004   108.636696295932     
  1.981435529215910E-004   108.636696337631     
  1.999428590080304E-004   108.636696380113     
  2.017585042705113E-004   108.636696423366     
  2.035906370821627E-004   108.636696467380     
  2.054394071634631E-004   108.636696512236     
  2.073049655944760E-004   108.636696557883     
  2.091874648271956E-004   108.636696604319     
  2.110870586980057E-004   108.636696651643     
  2.130039024402505E-004   108.636696699784     
  2.149381526969204E-004   108.636696748858     
  2.168899675334528E-004   108.636696798781     
  2.188595064506489E-004   108.636696849599     
  2.208469303977081E-004   108.636696901388     
  2.228524017853807E-004   108.636696954066     
  2.248760844992398E-004   108.636697007722     
  2.269181439130743E-004   108.636697062333     
  2.289787469024024E-004   108.636697117944     
  2.310580618581092E-004   108.636697174528     
  2.331562587002073E-004   108.636697232204     
  2.352735088917223E-004   108.636697290898     
  2.374099854527050E-004   108.636697350638     
  2.395658629743702E-004   108.636697411464     
  2.417413176333641E-004   108.636697473399     
  2.439365272061616E-004   108.636697536477     
  2.461516710835938E-004   108.636697600645     
  2.483869302855078E-004   108.636697666018     
  2.506424874755596E-004   108.636697732564     
  2.529185269761410E-004   108.636697800290     
  2.552152347834424E-004   108.636697869272     
  2.575327985826521E-004   108.636697939494     
  2.598714077632945E-004   108.636698010993     
  2.622312534347058E-004   108.636698083802     
  2.646125284416518E-004   108.636698157889     
  2.670154273800875E-004   108.636698233318     
  2.694401466130586E-004   108.636698310147     
  2.718868842867483E-004   108.636698388369     
  2.743558403466700E-004   108.636698467970     
  2.768472165540064E-004   108.636698549003     
  2.793612165020972E-004   108.636698631538     
  2.818980456330770E-004   108.636698715554     
  2.844579112546633E-004   108.636698801076     
  2.870410225570981E-004   108.636698888136     
  2.896475906302422E-004   108.636698976823     
  2.922778284808258E-004   108.636699067075     
  2.949319510498550E-004   108.636699158961     
  2.976101752301766E-004   108.636699252500     
  3.003127198842025E-004   108.636699347744     
  3.030398058617949E-004   108.636699444706     
  3.057916560183140E-004   108.636699543420     
  3.085684952328296E-004   108.636699643924     
  3.113705504264980E-004   108.636699746241     
  3.141980505811060E-004   108.636699850405     
  3.170512267577827E-004   108.636699956446     
  3.199303121158821E-004   108.636700064404     
  3.228355419320364E-004   108.636700174339     
  3.257671536193827E-004   108.636700286222     
  3.287253867469643E-004   108.636700400133     
  3.317104830593082E-004   108.636700516118     
  3.347226864961796E-004   108.636700634184     
  3.377622432125177E-004   108.636700754386     
  3.408294015985501E-004   108.636700876746     
  3.439244123000914E-004   108.636701001339     
  3.470475282390265E-004   108.636701128167     
  3.501990046339779E-004   108.636701257273     
  3.533790990211633E-004   108.636701388734     
  3.565880712754402E-004   108.636701522548     
  3.598261836315433E-004   108.636701658785     
  3.630937007055138E-004   108.636701797470     
  3.663908895163238E-004   108.636701938662     
  3.697180195076969E-004   108.636702082409     
  3.730753625701268E-004   108.636702228735     
  3.764631930630959E-004   108.636702377709     
  3.798817878374960E-004   108.636702529367     
  3.833314262582522E-004   108.636702683753     
  3.868123902271525E-004   108.636702840927     
  3.903249642058845E-004   108.636703000941     
  3.938694352392811E-004   108.636703163825     
  3.974460929787782E-004   108.636703329649     
  4.010552297060844E-004   108.636703498468     
  4.046971403570661E-004   108.636703670333     
  4.083721225458493E-004   108.636703845275     
  4.120804765891407E-004   108.636704023395     
  4.158225055307691E-004   108.636704204684     
  4.195985151664500E-004   108.636704389257     
  4.234088140687750E-004   108.636704577164     
  4.272537136124280E-004   108.636704768454     
  4.311335279996308E-004   108.636704963172     
  4.350485742858189E-004   108.636705161397     
  4.389991724055518E-004   108.636705363210     
  4.429856451986572E-004   108.636705568606     
  4.470083184366132E-004   108.636705777758     
  4.510675208491706E-004   108.636705990640     
  4.551635841512161E-004   108.636706207356     
  4.592968430698795E-004   108.636706427978     
  4.634676353718881E-004   108.636706652548     
  4.676763018911682E-004   108.636706881158     
  4.719231865566976E-004   108.636707113889     
  4.762086364206118E-004   108.636707350808     
  4.805330016865646E-004   108.636707591965     
  4.848966357383460E-004   108.636707837475     
  4.892998951687613E-004   108.636708087391     
  4.937431398087707E-004   108.636708341797     
  4.982267327568953E-004   108.636708600779     
  5.027510404088885E-004   108.636708864402     
  5.073164324876780E-004   108.636709132744     
  5.119232820735790E-004   108.636709405937     
  5.165719656347822E-004   108.636709683995     
  5.212628630581184E-004   108.636709967079     
  5.259963576801031E-004   108.636710255247     
  5.307728363182613E-004   108.636710548557     
  5.355926893027389E-004   108.636710847147     
  5.404563105081999E-004   108.636711151082     
  5.453640973860135E-004   108.636711460466     
  5.503164509967338E-004   108.636711775399     
  5.553137760428732E-004   108.636712095990     
  5.603564809019758E-004   108.636712422326     
  5.654449776599887E-004   108.636712754503     
  5.705796821449374E-004   108.636713092626     
  5.757610139609077E-004   108.636713436820     
  5.809893965223342E-004   108.636713787177     
  5.862652570886029E-004   108.636714143810     
  5.915890267989647E-004   108.636714506820     
  5.969611407077697E-004   108.636714876341     
  6.023820378200180E-004   108.636715252478     
  6.078521611272356E-004   108.636715635331     
  6.133719576436751E-004   108.636716025044     
  6.189418784428455E-004   108.636716421728     
  6.245623786943733E-004   108.636716825502     
  6.302339177011989E-004   108.636717236511     
  6.359569589371104E-004   108.636717654860     
  6.417319700846183E-004   108.636718080683     
  6.475594230731741E-004   108.636718514122     
  6.534397941177359E-004   108.636718955314     
  6.593735637576846E-004   108.636719404388     
  6.653612168960934E-004   108.636719861479     
  6.714032428393527E-004   108.636720326725     
  6.775001353371570E-004   108.636720800290     
  6.836523926228535E-004   108.636721282304     
  6.898605174541565E-004   108.636721772916     
  6.961250171542332E-004   108.636722272292     
  7.024464036531619E-004   108.636722780569     
  7.088251935297658E-004   108.636723297922     
  7.152619080538279E-004   108.636723824491     
  7.217570732286886E-004   108.636724360453     
  7.283112198342305E-004   108.636724905961     
  7.349248834702527E-004   108.636725461202     
  7.415986046002410E-004   108.636726026330     
  7.483329285955323E-004   108.636726601516     
  7.551284057798833E-004   108.636727186958     
  7.619855914744421E-004   108.636727782813     
  7.689050460431285E-004   108.636728389286     
  7.758873349384266E-004   108.636729006547     
  7.829330287475932E-004   108.636729634785     
  7.900427032392856E-004   108.636730274203     
  7.972169394106131E-004   108.636730924994     
  8.044563235346159E-004   108.636731587354     
  8.117614472081742E-004   108.636732261484     
  8.191329074003536E-004   108.636732947586     
  8.265713065011885E-004   108.636733645887     
  8.340772523709100E-004   108.636734356576     
  8.416513583896177E-004   108.636735079901     
  8.492942435074075E-004   108.636735816063     
  8.570065322949487E-004   108.636736565279     
  8.647888549945259E-004   108.636737327791     
  8.726418475715407E-004   108.636738103828     
  8.805661517664820E-004   108.636738893628     
  8.885624151473699E-004   108.636739697425     
  8.966312911626727E-004   108.636740515462     
  9.047734391947078E-004   108.636741348005     
  9.129895246135248E-004   108.636742195282     
  9.212802188312799E-004   108.636743057565     
  9.296461993571025E-004   108.636743935113     
  9.380881498524606E-004   108.636744828187     
  9.466067601870301E-004   108.636745737054     
  9.552027264950689E-004   108.636746662008     
  9.638767512323066E-004   108.636747603305     
  9.726295432333465E-004   108.636748561244     
  9.814618177695913E-004   108.636749536104     
  9.903742966076965E-004   108.636750528184     
  9.993677080685503E-004   108.636751537778     
  1.008442787086793E-003   108.636752565192     
  1.017600275270873E-003   108.636753610752     
  1.026840920963654E-003   108.636754674738     
  1.036165479303566E-003   108.636755757492     
  1.045574712286317E-003   108.636756859332     
  1.055069388827160E-003   108.636757980591     
  1.064650284823729E-003   108.636759121597     
  1.074318183219448E-003   108.636760282705     
  1.084073874067508E-003   108.636761464236     
  1.093918154595432E-003   108.636762666569     
  1.103851829270221E-003   108.636763890054     
  1.113875709864101E-003   108.636765135050     
  1.123990615520852E-003   108.636766401936     
  1.134197372822755E-003   108.636767691076     
  1.144496815858134E-003   108.636769002856     
  1.154889786289521E-003   108.636770337680     
  1.165377133422433E-003   108.636771695925     
  1.175959714274781E-003   108.636773078002     
  1.186638393646900E-003   108.636774484318     
  1.197414044192221E-003   108.636775915285     
  1.208287546488587E-003   108.636777371326     
  1.219259789110209E-003   108.636778852876     
  1.230331668700280E-003   108.636780360365     
  1.241504090044252E-003   108.636781894236     
  1.252777966143768E-003   108.636783454944     
  1.264154218291278E-003   108.636785042941     
  1.275633776145324E-003   108.636786658692     
  1.287217577806507E-003   108.636788302681     
  1.298906569894155E-003   108.636789975380     
  1.310701707623675E-003   108.636791677274     
  1.322603954884614E-003   108.636793408868     
  1.334614284319427E-003   108.636795170658     
  1.346733677402962E-003   108.636796963162     
  1.358963124522661E-003   108.636798786897     
  1.371303625059501E-003   108.636800642404     
  1.383756187469656E-003   108.636802530202     
  1.396321829366910E-003   108.636804450852     
  1.409001577605815E-003   108.636806404897     
  1.421796468365607E-003   108.636808392918     
  1.434707547234878E-003   108.636810415472     
  1.447735869297023E-003   108.636812473149     
  1.460882499216461E-003   108.636814566541     
  1.474148511325636E-003   108.636816696243     
  1.487534989712816E-003   108.636818862874     
  1.501043028310675E-003   108.636821067050     
  1.514673730985697E-003   108.636823309402     
  1.528428211628379E-003   108.636825590572     
  1.542307594244259E-003   108.636827911204     
  1.556313013045765E-003   108.636830271966     
  1.570445612544908E-003   108.636832673522     
  1.584706547646805E-003   108.636835116559     
  1.599096983744060E-003   108.636837601768     
  1.613618096811998E-003   108.636840129852     
  1.628271073504767E-003   108.636842701525     
  1.643057111252307E-003   108.636845317514     
  1.657977418358204E-003   108.636847978546     
  1.673033214098434E-003   108.636850685383     
  1.688225728820998E-003   108.636853438776     
  1.703556204046469E-003   108.636856239495     
  1.719025892569442E-003   108.636859088333     
  1.734636058560919E-003   108.636861986078     
  1.750387977671611E-003   108.636864933532     
  1.766282937136182E-003   108.636867931522     
  1.782322235878446E-003   108.636870980882     
  1.798507184617512E-003   108.636874082453     
  1.814839105974892E-003   108.636877237098     
  1.831319334582587E-003   108.636880445677     
  1.847949217192153E-003   108.636883709087     
  1.864730112784757E-003   108.636887028217     
  1.881663392682226E-003   108.636890403984     
  1.898750440659119E-003   108.636893837310     
  1.915992653055802E-003   108.636897329131     
  1.933391438892556E-003   108.636900880404     
  1.950948219984725E-003   108.636904492097     
  1.968664431058904E-003   108.636908165186     
  1.986541519870179E-003   108.636911900667     
  2.004580947320445E-003   108.636915699558     
  2.022784187577782E-003   108.636919562877     
  2.041152728196927E-003   108.636923491664     
  2.059688070240836E-003   108.636927486985     
  2.078391728403347E-003   108.636931549899     
  2.097265231132962E-003   108.636935681501     
  2.116310120757751E-003   108.636939882885     
  2.135527953611387E-003   108.636944155175     
  2.154920300160330E-003   108.636948499510     
  2.174488745132166E-003   108.636952917034     
  2.194234887645106E-003   108.636957408916     
  2.214160341338670E-003   108.636961976338     
  2.234266734505547E-003   108.636966620507     
  2.254555710224659E-003   108.636971342635     
  2.275028926495436E-003   108.636976143959     
  2.295688056373301E-003   108.636981025731     
  2.316534788106396E-003   108.636985989220     
  2.337570825273538E-003   108.636991035714     
  2.358797886923443E-003   108.636996166517     
  2.380217707715196E-003   108.637001382956     
  2.401832038060011E-003   108.637006686369     
  2.423642644264274E-003   108.637012078118     
  2.445651308673883E-003   108.637017559579     
  2.467859829819895E-003   108.637023132148     
  2.490270022565512E-003   108.637028797247     
  2.512883718254378E-003   108.637034556300     
  2.535702764860243E-003   108.637040410770     
  2.558729027137974E-003   108.637046362128     
  2.581964386775945E-003   108.637052411866     
  2.605410742549801E-003   108.637058561495     
  2.629070010477633E-003   108.637064812549     
  2.652944123976544E-003   108.637071166576     
  2.677035034020655E-003   108.637077625154     
  2.701344709300530E-003   108.637084189869     
  2.725875136384063E-003   108.637090862336     
  2.750628319878812E-003   108.637097644187     
  2.775606282595817E-003   108.637104537075     
  2.800811065714903E-003   108.637111542673     
  2.826244728951485E-003   108.637118662677     
  2.851909350724881E-003   108.637125898804     
  2.877807028328164E-003   108.637133252785     
  2.903939878099552E-003   108.637140726380     
  2.930310035595345E-003   108.637148321369     
  2.956919655764453E-003   108.637156039550     
  2.983770913124487E-003   108.637163882744     
  3.010866001939464E-003   108.637171852794     
  3.038207136399119E-003   108.637179951561     
  3.065796550799848E-003   108.637188180936     
  3.093636499727289E-003   108.637196542821     
  3.121729258240572E-003   108.637205039142     
  3.150077122058230E-003   108.637213671854     
  3.178682407745802E-003   108.637222442927     
  3.207547452905147E-003   108.637231354352     
  3.236674616365464E-003   108.637240408143     
  3.266066278376062E-003   108.637249606337     
  3.295724840800860E-003   108.637258950993     
  3.325652727314679E-003   108.637268444185     
  3.355852383601295E-003   108.637278088020     
  3.386326277553299E-003   108.637287884614     
  3.417076899473772E-003   108.637297836112     
  3.448106762279793E-003   108.637307944677     
  3.479418401707788E-003   108.637318212495     
  3.511014376520752E-003   108.637328641774     
  3.542897268717350E-003   108.637339234736     
  3.575069683742910E-003   108.637349993629     
  3.607534250702346E-003   108.637360920723     
  3.640293622574999E-003   108.637372018302     
  3.673350476431443E-003   108.637383288678     
  3.706707513652248E-003   108.637394734175     
  3.740367460148736E-003   108.637406357140     
  3.774333066585745E-003   108.637418159940     
  3.808607108606402E-003   108.637430144958     
  3.843192387058957E-003   108.637442314601     
  3.878091728225657E-003   108.637454671286     
  3.913307984053712E-003   108.637467217454     
  3.948844032388355E-003   108.637479955560     
  3.984702777208014E-003   108.637492888079     
  4.020887148861628E-003   108.637506017497     
  4.057400104308104E-003   108.637519346321     
  4.094244627357966E-003   108.637532877075     
  4.131423728917188E-003   108.637546612291     
  4.168940447233238E-003   108.637560554520     
  4.206797848143366E-003   108.637574706324     
  4.244999025325142E-003   108.637589070280     
  4.283547100549266E-003   108.637603648975     
  4.322445223934678E-003   108.637618445008     
  4.361696574205984E-003   108.637633460992     
  4.401304358953218E-003   108.637648699544     
  4.441271814893963E-003   108.637664163293     
  4.481602208137859E-003   108.637679854875     
  4.522298834453495E-003   108.637695776934     
  4.563365019537750E-003   108.637711932119     
  4.604804119287554E-003   108.637728323083     
  4.646619520074145E-003   108.637744952483     
  4.688814639019780E-003   108.637761822980     
  4.731392924276998E-003   108.637778937237     
  4.774357855310392E-003   108.637796297912     
  4.817712943180947E-003   108.637813907664     
  4.861461730832965E-003   108.637831769152     
  4.905607793383590E-003   108.637849885027     
  4.950154738414965E-003   108.637868257934     
  4.995106206269037E-003   108.637886890516     
  5.040465870345050E-003   108.637905785395     
  5.086237437399722E-003   108.637924945195     
  5.132424647850170E-003   108.637944372517     
  5.179031276079566E-003   108.637964069952     
  5.226061130745578E-003   108.637984040075     
  5.273518055091614E-003   108.638004285436     
  5.321405927260884E-003   108.638024808570     
  5.369728660613323E-003   108.638045611984     
  5.418490204045385E-003   108.638066698163     
  5.467694542312747E-003   108.638088069558     
  5.517345696355936E-003   108.638109728595     
  5.567447723628919E-003   108.638131677660     
  5.618004718430675E-003   108.638153919107     
  5.669020812239781E-003   108.638176455247     
  5.720500174052025E-003   108.638199288352     
  5.772447010721105E-003   108.638222420644     
  5.824865567302401E-003   108.638245854298     
  5.877760127399875E-003   108.638269591437     
  5.931135013516136E-003   108.638293634127     
  5.984994587405658E-003   108.638317984372     
  6.039343250431233E-003   108.638342644114     
  6.094185443923632E-003   108.638367615229     
  6.149525649544561E-003   108.638392899520     
  6.205368389652884E-003   108.638418498710     
  6.261718227674206E-003   108.638444414446     
  6.318579768473775E-003   108.638470648290     
  6.375957658732795E-003   108.638497201706     
  6.433856587328151E-003   108.638524076073     
  6.492281285715580E-003   108.638551272665     
  6.551236528316318E-003   108.638578792647     
  6.610727132907262E-003   108.638606637077     
  6.670757961014684E-003   108.638634806894     
  6.731333918311498E-003   108.638663302917     
  6.792459955018161E-003   108.638692125828     
  6.854141066307187E-003   108.638721276181     
  6.916382292711363E-003   108.638750754383     
  6.979188720535646E-003   108.638780560691     
  7.042565482272820E-003   108.638810695208     
  7.106517757022911E-003   108.638841157872     
  7.171050770916433E-003   108.638871948448     
  7.236169797541445E-003   108.638903066520     
  7.301880158374518E-003   108.638934511488     
  7.368187223215599E-003   108.638966282551     
  7.435096410626824E-003   108.638998378704     
  7.502613188375318E-003   108.639030798728     
  7.570743073880026E-003   108.639063541177     
  7.639491634662578E-003   108.639096604374     
  7.708864488802275E-003   108.639129986396     
  7.778867305395188E-003   108.639163685065     
  7.849505805017429E-003   108.639197697937     
  7.920785760192645E-003   108.639232022291     
  7.992712995863727E-003   108.639266655120     
  8.065293389868833E-003   108.639301593109     
  8.138532873421712E-003   108.639336832639     
  8.212437431596407E-003   108.639372369756     
  8.287013103816342E-003   108.639408200172     
  8.362265984347861E-003   108.639444319243     
  8.438202222798254E-003   108.639480721956     
  8.514828024618287E-003   108.639517402921     
  8.592149651609314E-003   108.639554356341     
  8.670173422434986E-003   108.639591576015     
  8.748905713137602E-003   108.639629055304     
  8.828352957659163E-003   108.639666787126     
  8.908521648367140E-003   108.639704763935     
  8.989418336585035E-003   108.639742977699     
  9.071049633127737E-003   108.639781419887     
  9.153422208841765E-003   108.639820081450     
  9.236542795150397E-003   108.639858952793     
  9.320418184603760E-003   108.639898023765     
  9.405055231433914E-003   108.639937283630     
  9.490460852114965E-003   108.639976721049     
  9.576642025928287E-003   108.640016324054     
  9.663605795532855E-003   108.640056080029     
  9.751359267540767E-003   108.640095975682     
  9.839909613097990E-003   108.640135997022     
  9.929264068470386E-003   108.640176129331     
  1.001942993563505E-002   108.640216357140     
  1.011041458287701E-002   108.640256664199     
  1.020222544539140E-002   108.640297033450     
  1.029487002589099E-002   108.640337446998     
  1.038835589521936E-002   108.640377886079     
  1.048269069296957E-002   108.640418331028     
  1.057788212810845E-002   108.640458761249     
  1.067393797960655E-002   108.640499155182     
  1.077086609707390E-002   108.640539490263     
  1.086867440140141E-002   108.640579742896     
  1.096737088540817E-002   108.640619888411     
  1.106696361449465E-002   108.640659901027     
  1.116746072730177E-002   108.640699753814     
  1.126887043637596E-002   108.640739418649     
  1.137120102884037E-002   108.640778866181     
  1.147446086707197E-002   108.640818065779     
  1.157865838938501E-002   108.640856985497     
  1.168380211072055E-002   108.640895592017     
  1.178990062334231E-002   108.640933850612     
  1.189696259753882E-002   108.640971725093     
  1.200499678233192E-002   108.641009177754     
  1.211401200619178E-002   108.641046169328     
  1.222401717775830E-002   108.641082658927     
  1.233502128656917E-002   108.641118603988     
  1.244703340379443E-002   108.641153960217     
  1.256006268297781E-002   108.641188681529     
  1.267411836078472E-002   108.641222719987     
  1.278920975775708E-002   108.641256025739     
  1.290534627907497E-002   108.641288546954     
  1.302253741532524E-002   108.641320229751     
  1.314079274327705E-002   108.641351018136     
  1.326012192666448E-002   108.641380853927     
  1.338053471697624E-002   108.641409676680     
  1.350204095425258E-002   108.641437423616     
  1.362465056788939E-002   108.641464029537     
  1.374837357744960E-002   108.641489426754     
  1.387322009348203E-002   108.641513544995     
  1.399920031834755E-002   108.641536311325     
  1.412632454705285E-002   108.641557650055     
  1.425460316809175E-002   108.641577482649     
  1.438404666429410E-002   108.641595727635     
  1.451466561368244E-002   108.641612300500     
  1.464647069033647E-002   108.641627113598     
  1.477947266526525E-002   108.641640076040     
  1.491368240728749E-002   108.641651093593     
  1.504911088391965E-002   108.641660068563     
  1.518576916227228E-002   108.641666899690     
  1.532366840995435E-002   108.641671482025     
  1.546281989598589E-002   108.641673706808     
  1.560323499171890E-002   108.641673461354     
  1.574492517176656E-002   108.641670628910     
  1.588790201494097E-002   108.641665088536     
  1.603217720519936E-002   108.641656714960     
  1.617776253259886E-002   108.641645378442     
  1.632466989426000E-002   108.641630944629     
  1.647291129533894E-002   108.641613274401     
  1.662249885000850E-002   108.641592223724     
  1.677344478244813E-002   108.641567643486     
  1.692576142784287E-002   108.641539379335     
  1.707946123339138E-002   108.641507271509     
  1.723455675932306E-002   108.641471154666     
  1.739106067992453E-002   108.641430857701     
  1.754898578457534E-002   108.641386203560     
  1.770834497879308E-002   108.641337009054     
  1.786915128528804E-002   108.641283084659     
  1.803141784502741E-002   108.641224234315     
  1.819515791830917E-002   108.641160255218     
  1.836038488584565E-002   108.641090937600     
  1.852711224985706E-002   108.641016064516     
  1.869535363517483E-002   108.640935411607     
  1.886512279035505E-002   108.640848746870     
  1.903643358880199E-002   108.640755830411     
  1.920930002990182E-002   108.640656414199     
  1.938373624016660E-002   108.640550241806     
  1.955975647438875E-002   108.640437048140     
  1.973737511680587E-002   108.640316559172     
  1.991660668227628E-002   108.640188491656     
  2.009746581746510E-002   108.640052552834     
  2.027996730204119E-002   108.639908440140     
  2.046412604988495E-002   108.639755840889     
  2.064995711030704E-002   108.639594431956     
  2.083747566927822E-002   108.639423879456     
  2.102669705067033E-002   108.639243838396     
  2.121763671750854E-002   108.639053952334     
  2.141031027323498E-002   108.638853853016     
  2.160473346298383E-002   108.638643160007     
  2.180092217486804E-002   108.638421480313     
  2.199889244127763E-002   108.638188407981     
  2.219866044018991E-002   108.637943523704     
  2.240024249649149E-002   108.637686394393     
  2.260365508331234E-002   108.637416572758     
  2.280891482337197E-002   108.637133596858     
  2.301603849033787E-002   108.636836989649     
  2.322504301019613E-002   108.636526258512     
  2.343594546263473E-002   108.636200894769     
  2.364876308243923E-002   108.635860373186     
  2.386351326090118E-002   108.635504151458     
  2.408021354723932E-002   108.635131669681     
  2.429888165003372E-002   108.634742349804     
  2.451953543867289E-002   108.634335595071     
  2.474219294481405E-002   108.633910789439     
  2.496687236385665E-002   108.633467296983     
  2.519359205642934E-002   108.633004461284     
  2.542237054989030E-002   108.632521604796     
  2.565322653984135E-002   108.632018028190     
  2.588617889165575E-002   108.631493009690     
  2.612124664201977E-002   108.630945804377     
  2.635844900048848E-002   108.630375643479     
  2.659780535105542E-002   108.629781733635     
  2.683933525373675E-002   108.629163256145     
  2.708305844616958E-002   108.628519366188     
  2.732899484522501E-002   108.627849192021     
  2.757716454863566E-002   108.627151834158     
  2.782758783663805E-002   108.626426364513     
  2.808028517362989E-002   108.625671825532     
  2.833527720984244E-002   108.624887229288     
  2.859258478302798E-002   108.624071556554     
  2.885222892016271E-002   108.623223755847     
  2.911423083916501E-002   108.622342742445     
  2.937861195062938E-002   108.621427397371     
  2.964539385957610E-002   108.620476566351     
  2.991459836721675E-002   108.619489058741     
  3.018624747273583E-002   108.618463646417     
  3.046036337508846E-002   108.617399062640     
  3.073696847481451E-002   108.616294000878     
  3.101608537586914E-002   108.615147113602     
  3.129773688746997E-002   108.613957011043     
  3.158194602596102E-002   108.612722259909     
  3.186873601669363E-002   108.611441382068     
  3.215813029592440E-002   108.610112853192     
  3.245015251273033E-002   108.608735101361     
  3.274482653094149E-002   108.607306505621     
  3.304217643109110E-002   108.605825394510     
  3.334222651238339E-002   108.604290044527     
  3.364500129467928E-002   108.602698678570     
  3.395052552050020E-002   108.601049464319     
  3.425882415704996E-002   108.599340512572     
  3.456992239825506E-002   108.597569875539     
  3.488384566682353E-002   108.595735545078     
  3.520061961632248E-002   108.593835450885     
  3.552027013327444E-002   108.591867458630     
  3.584282333927283E-002   108.589829368035     
  3.616830559311657E-002   108.587718910903     
  3.649674349296409E-002   108.585533749084     
  3.682816387850694E-002   108.583271472384     
  3.716259383316314E-002   108.580929596411     
  3.750006068629030E-002   108.578505560367     
  3.784059201541908E-002   108.575996724763     
  3.818421564850672E-002   108.573400369081     
  3.853095966621119E-002   108.570713689356     
  3.888085240418585E-002   108.567933795701     
  3.923392245539507E-002   108.565057709753     
  3.959019867245078E-002   108.562082362044     
  3.994971016997032E-002   108.559004589307     
  4.031248632695565E-002   108.555821131689     
  4.067855678919419E-002   108.552528629901     
  4.104795147168144E-002   108.549123622275     
  4.142070056106560E-002   108.545602541741     
  4.179683451811441E-002   108.541961712721     
  4.217638408020438E-002   108.538197347927     
  4.255938026383266E-002   108.534305545076     
  4.294585436715160E-002   108.530282283509     
  4.333583797252649E-002   108.526123420715     
  4.372936294911643E-002   108.521824688753     
  4.412646145547861E-002   108.517381690582     
  4.452716594219636E-002   108.512789896279     
  4.493150915453085E-002   108.508044639154     
  4.533952413509722E-002   108.503141111761     
  4.575124422656458E-002   108.498074361789     
  4.616670307438087E-002   108.492839287847     
  4.658593462952233E-002   108.487430635126     
  4.700897315126790E-002   108.481842990944     
  4.743585320999891E-002   108.476070780163     
  4.786660969002413E-002   108.470108260487     
  4.830127779243046E-002   108.463949517625     
  4.873989303795959E-002   108.457588460321     
  4.918249126991069E-002   108.451018815254     
  4.962910865706948E-002   108.444234121786     
  5.007978169666397E-002   108.437227726586     
  5.053454721734695E-002   108.429992778084     
  5.099344238220558E-002   108.422522220799     
  5.145650469179838E-002   108.414808789497     
  5.192377198721974E-002   108.406845003195     
  5.239528245319217E-002   108.398623159012     
  5.287107462118687E-002   108.390135325844     
  5.335118737257241E-002   108.381373337876     
  5.383565994179208E-002   108.372328787924     
  5.432453191957012E-002   108.362993020596     
  5.481784325614705E-002   108.353357125274     
  5.531563426454435E-002   108.343411928911     
  5.581794562385885E-002   108.333147988637     
  5.632481838258693E-002   108.322555584182     
  5.683629396197902E-002   108.311624710084     
  5.735241415942453E-002   108.300345067714     
  5.787322115186742E-002   108.288706057082     
  5.839875749925296E-002   108.276696768440     
  5.892906614800562E-002   108.264305973663     
  5.946419043453870E-002   108.251522117421     
  6.000417408879564E-002   108.238333308117     
  6.054906123782370E-002   108.224727308602     
  6.109889640937993E-002   108.210691526657     
  6.165372453556998E-002   108.196213005235     
  6.221359095651988E-002   108.181278412465     
  6.277854142408119E-002   108.165874031401     
  6.334862210556991E-002   108.149985749531     
  6.392387958753906E-002   108.133599048018     
  6.450436087958591E-002   108.116698990689     
  6.509011341819335E-002   108.099270212755     
  6.568118507060652E-002   108.081296909261     
  6.627762413874445E-002   108.062762823258     
  6.687947936314721E-002   108.043651233704     
  6.748679992695897E-002   108.023944943072     
  6.809963545994724E-002   108.003626264673     
  6.871803604255852E-002   107.982677009688     
  6.934205221001094E-002   107.961078473903     
  6.997173495642380E-002   107.938811424133     
  7.060713573898489E-002   107.915856084356     
  7.124830648215551E-002   107.892192121522     
  7.189529958191369E-002   107.867798631057     
  7.254816791003592E-002   107.842654122044     
  7.320696481841783E-002   107.816736502088     
  7.387174414343406E-002   107.790023061848     
  7.454256021033767E-002   107.762490459248     
  7.521946783769969E-002   107.734114703349     
  7.590252234188867E-002   107.704871137891     
  7.659177954159127E-002   107.674734424496     
  7.728729576237359E-002   107.643678525529     
  7.798912784128412E-002   107.611676686617     
  7.869733313149838E-002   107.578701418825     
  7.941196950700580E-002   107.544724480483     
  8.013309536733916E-002   107.509716858667     
  8.086076964234691E-002   107.473648750330     
  8.159505179700889E-002   107.436489543087     
  8.233600183629576E-002   107.398207795643     
  8.308368031007257E-002   107.358771217880     
  8.383814831804683E-002   107.318146650593     
  8.459946751476155E-002   107.276300044872     
  8.536770011463360E-002   107.233196441151     
  8.614290889703780E-002   107.188799947903     
  8.692515721143723E-002   107.143073719997     
  8.771450898256013E-002   107.095979936727     
  8.851102871562364E-002   107.047479779492     
  8.931478150160525E-002   106.997533409168     
  9.012583302256207E-002   106.946099943145     
  9.094424955699799E-002   106.893137432054     
  9.177009798528030E-002   106.838602836187     
  9.260344579510478E-002   106.782452001618     
  9.344436108701097E-002   106.724639636038     
  9.429291257994715E-002   106.665119284302     
  9.514916961688608E-002   106.603843303721     
  9.601320217049161E-002   106.540762839092     
  9.688508084883680E-002   106.475827797488     
  9.776487690117397E-002   106.408986822825     
  9.865266222375718E-002   106.340187270217     
  9.954850936571744E-002   106.269375180146     
  0.100452491534991        106.196495252451     
  0.101364682604304        106.121490820177     
  0.102285157117204        106.044303823283     
  0.103213990294160        105.964874782260     
  0.104151258038700        105.883142771660     
  0.105097036943621        105.799045393574     
  0.106051404297245        105.712518751102     
  0.107014438089735        105.623497421815     
  0.107986217019468        105.531914431275     
  0.108966820499469        105.437701226631     
  0.109956328663897        105.340787650334     
  0.110954822374594        105.241101914006     
  0.111962383227697        105.138570572517     
  0.112979093560299        105.033118498310     
  0.114005036457184        104.924668856011     
  0.115040295757613        104.813143077398     
  0.116084956062177        104.698460836760     
  0.117139102739709        104.580540026718     
  0.118202821934262        104.459296734560     
  0.119276200572147        104.334645219149     
  0.120359326369037        104.206497888487     
  0.121452287837136        104.074765277983     
  0.122555174292411        103.939356029510     
  0.123668075861892        103.800176871327     
  0.124791083491036        103.657132598940     
  0.125924288951158        103.510126056989     
  0.127067784846934        103.359058122258     
  0.128221664623966        103.203827687872     
  0.129386022576418        103.044331648814     
  0.130560953854722        102.880464888825     
  0.131746554473356        102.712120268821     
  0.132942921318686        102.539188616914     
  0.134150152156887        102.361558720160     
  0.135368345641932        102.179117318146     
  0.136597601323650        101.991749098543     
  0.137838019655868        101.799336694745     
  0.139089702004613        101.601760685726     
  0.140352750656400        101.398899598255     
  0.141627268826590        101.190629911602     
  0.142913360667823        100.976826064885     
  0.144211131278532        100.757360467208     
  0.145520686711529        100.532103510738     
  0.146842133982673        100.300923586884     
  0.148175581079613        100.063687105750     
  0.149521136970618        99.8202585190140     
  0.150878911613475        99.5705003464207     
  0.152249015964480        99.3142732060565     
  0.153631561987502        99.0514358485961     
  0.155026662663136        98.7818451957032     
  0.156434431997930        98.5053563827765     
  0.157854985033708        98.2218228062385     
  0.159288437856966        97.9310961755634     
  0.160734907608363        97.6330265702487     
  0.162194512492290        97.3274625019364     
  0.163667371786531        97.0142509818921     
  0.165153605852010        96.6932375940552     
  0.166653336142626        96.3642665738757     
  0.168166685215182        96.0271808931528     
  0.169693776739395        95.6818223510957     
  0.171234735508005        95.3280316718259     
  0.172789687446973        94.9656486085426     
  0.174358759625770        94.5945120545716     
  0.175942080267764        94.2144601615196     
  0.177539778760694        93.8253304647530     
  0.179151985667247        93.4269600164209     
  0.180778832735727        93.0191855262375     
  0.182420452910821        92.6018435102368     
  0.184076980344461        92.1747704477104     
  0.185748550406789        91.7378029465300     
  0.187435299697222        91.2907779170554     
  0.189137366055607        90.8335327548204     
  0.190854888573494        90.3659055321756     
  0.192588007605496        89.8877351990706     
  0.194336864780763        89.3988617931327     
  0.196101603014552        88.8991266592010     
  0.197882366519910        88.3883726784539     
  0.199679300819454        87.8664445072554     
  0.201492552757268        87.3331888258335     
  0.203322270510900        86.7884545968829     
  0.205168603603472        86.2320933341658     
  0.207031702915898        85.6639593811675     
  0.208911720699217        85.0839101998377     
  0.210808810587028        84.4918066694265     
  0.212723127608054        83.8875133953985     
  0.214654828198802        83.2708990283803     
  0.216604070216353        82.6418365930663     
  0.218571012951261        82.0002038269799     
  0.220555817140565        81.3458835289489     
  0.222558644980932        80.6787639171219     
  0.224579660141907        79.9987389963145     
  0.226619027779287        79.3057089344321     
  0.228676914548621        78.5995804476785     
  0.230753488618827        77.8802671942115     
  0.232848919685935        77.1476901758628     
  0.234963378986952        76.4017781474919     
  0.237097039313861        75.6424680334920     
  0.239250075027736        74.8697053509146     
  0.241422662072992        74.0834446386262     
  0.243614977991765        73.2836498918508     
  0.245827201938420        72.4702950014003     
  0.248059514694189        71.6433641968285     
  0.250312098681946        70.8028524926870     
  0.252585137981115        69.9487661369987     
  0.254878818342713        69.0811230609972     
  0.257193327204528        68.1999533291196     
  0.259528853706437        67.3052995881704     
  0.261885588705861        66.3972175145082     
  0.264263724793366        65.4757762580403     
  0.266663456308395        64.5410588817422     
  0.269084979355156        63.5931627953494     
  0.271528491818641        62.6322001818050     
  0.273994193380802        61.6582984149768     
  0.276482285536867        60.6716004670938     
  0.278992971611806        59.6722653042876     
  0.281526456776946        58.6604682685618     
  0.284082948066738        57.6364014444522     
  0.286662654395676        56.6002740085848     
  0.289265786575370        55.5523125602840     
  0.291892557331770        54.4927614313338     
  0.294543181322555        53.4218829729481     
  0.297217875154671        52.3399578179684     
  0.299916857402032        51.2472851162697     
  0.302640348623383        50.1441827413272     
  0.305388571380323        49.0309874658747     
  0.308161750255495        47.9080551045708     
  0.310960111870934        46.7757606215820     
  0.313783884906591        45.6344982009940     
  0.316633300119018        44.4846812779740     
  0.319508590360225        43.3267425286284     
  0.322409990596710        42.1611338165312     
  0.325337737928661        40.9883260939428     
  0.328292071609329        39.8088092557931     
  0.331273233064581        38.6230919445720     
  0.334281465912628        37.4317013043474     
  0.337317015983937        36.2351826822288     
  0.340380131341314        35.0340992756998     
  0.343471062300182        33.8290317243661     
  0.346590061449032        32.6205776448019     
  0.349737383670066        31.4093511073311     
  0.352913286160024        30.1959820537444     
  0.356118028451207        28.9811156551376     
  0.359351872432679        27.7654116092534     
  0.362615082371674        26.5495433769227     
  0.365907924935188        25.3341973574264     
  0.369230669211772        24.1200720028463     
  0.372583586733523        22.9078768717241     
  0.375966951498272        21.6983316226243     
  0.379381039991974        20.4921649484740     
  0.382826131211305        19.2901134528526     
  0.386302506686460        18.0929204697074     
  0.389810450504156        16.9013348282890     
  0.393350249330855        15.7161095654230     
  0.396922192436183        14.5380005875683     
  0.400526571716572        13.3677652854444     
  0.404163681719114        12.2061611043560     
  0.407833819665630        11.0539440736776     
  0.411537285476958        9.91186729930732     
  0.415274381797464        8.78067942323248     
  0.419045414019775        7.66112305468202     
  0.422850690309732        6.55393317766625     
  0.426690521631574        5.45983554001520     
  0.430565221773352        4.37954502932794     
  0.434475107372569        3.31376404152677     
  0.438420497942058        2.26318084797552     
  0.442401715896089        1.22846796736120     
  0.446419086576719       0.210280548756419     
  0.450472938280378      -0.790745227533947     
  0.454563602284696       -1.77399372457850     
  0.458691412875578       -2.73887139199257     
  0.462856707374517       -3.68480827070560     
  0.467059826166163       -4.61125945230208     
  0.471301112726138       -5.51770648590749     
  0.475580913649105       -6.40365872562809     
  0.479899578677090       -7.26865461163522     
  0.484257460728065       -8.11226287811306     
  0.488654915924785       -8.93408368146664     
  0.493092303623894       -9.73374964241209     
  0.497569986445287       -10.5109267958474     
  0.502088330301748       -11.2653154427275     
  0.506647704428847       -11.9966508985409     
  0.511248481415116       -12.7047041334106     
  0.515891037232499       -13.3892822993098     
  0.520575751267072       -14.0502291403994     
  0.525303006350049       -14.6874252830555     
  0.530073188789063       -15.3007884027494     
  0.534886688399742       -15.8902732655808     
  0.539743898537555       -16.4558716429358     
  0.544645216129964       -16.9976120984313     
  0.549591041708859       -17.5155596470370     
  0.554581779443286       -18.0098152869983     
  0.559617837172480       -18.4805154059384     
  0.564699626439189       -18.9278310632780     
  0.569827562523307       -19.3519671518678     
  0.575002064475812       -19.7531614424839     
  0.580223555153008       -20.1316835155765     
  0.585492461251080       -20.4878335853843     
  0.590809213340967       -20.8219412222211     
  0.596174245903543       -21.1343639794034     
  0.601587997365127       -21.4254859319098     
  0.607050910133307       -21.6957161344399     
  0.612563430633096       -21.9454870070645     
  0.618126009343414       -22.1752526571235     
  0.623739100833896       -22.3854871464336     
  0.629403163802045       -22.5766827132011     
  0.635118661110713       -22.7493479583014     
  0.640886059825926       -22.9040060057723     
  0.646705831255053       -23.0411926474821     
  0.652578450985323       -23.1614544819632     
  0.658504398922684       -23.2653470573547     
  0.664484159331025       -23.3534330282652     
  0.670518220871751       -23.4262803361621     
  0.676607076643709       -23.4844604226037     
  0.682751224223493       -23.5285464842688     
  0.688951165706098       -23.5591117783056     
  0.695207407745954       -23.5767279860193     
  0.701520461598329       -23.5819636423539     
  0.707890843161110       -23.5753826380033     
  0.714319073016959       -23.5575428003176     
  0.720805676475855       -23.5289945584544     
  0.727351183618024       -23.4902796974794     
  0.733956129337255       -23.4419302053420     
  0.740621053384613       -23.3844672158580     
  0.747346500412543       -23.3184000500245     
  0.754133020019384       -23.2442253571848     
  0.760981166794277       -23.1624263567601     
  0.767891500362488       -23.0734721804756     
  0.774864585431140       -22.9778173142468     
  0.781900991835361       -22.8759011381571     
  0.789001294584848       -22.7681475622591     
  0.796166073910859       -22.6549647552850     
  0.803395915313629       -22.5367449627438     
  0.810691409610213       -22.4138644103398     
  0.818053152982771       -22.2866832881604     
  0.825481747027288       -22.1555458106559     
  0.832977798802733       -22.0207803470792     
  0.840541920880667       -21.8826996167635     
  0.848174731395307       -21.7416009433983     
  0.855876854094033       -21.5977665623107     
  0.863648918388365       -21.4514639746802     
  0.871491559405396       -21.3029463425990     
  0.879405418039692       -21.1524529189376     
  0.887391141005670       -21.0002095060873     
  0.895449380890446       -20.8464289378168     
  0.903580796207159       -20.6913115787015     
  0.911786051448790       -20.5350458358479     
  0.920065817142461       -20.3778086779463     
  0.928420769904231       -20.2197661570289     
  0.936851592494388       -20.0610739286835     
  0.945358973873245       -19.9018777668708     
  0.953943609257437       -19.7423140699056     
  0.962606200176739       -19.5825103545896     
  0.971347454531391       -19.4225857359071     
  0.980168086649951       -19.2626513901245     
  0.989068817347663       -19.1028109995526     
  0.998050373985366       -18.9431611776327     
   1.00711349052893       -18.7837918733992     
   1.01625890760925       -18.6247867547330     
   1.02548737258274       -18.4662235701580     
   1.03479963959243       -18.3081744892459     
   1.04419646962960       -18.1507064219665     
   1.05367863059593       -17.9938813175682     
   1.06324689736629       -17.8377564437785     
   1.07290205185207       -17.6823846472907     
   1.08264488306503       -17.5278145966353     
   1.09247618718181       -17.3740910086430     
   1.10239676760899       -17.2212548597712     
   1.11240743504875       -17.0693435836045     
   1.12250900756509       -16.9183912558499     
   1.13270231065073       -16.7684287681260     
   1.14298817729452       -16.6194839918061     
   1.15336744804953       -16.4715819331088     
   1.16384097110177       -16.3247448805535     
   1.17440960233945       -16.1789925458003     
   1.18507420542294       -16.0343421987908     
   1.19583565185538       -15.8908087979954     
   1.20669482105387       -15.7484051164533     
   1.21765260042132       -15.6071418641790     
   1.22870988541900       -15.4670278073893     
   1.23986757963970       -15.3280698848976     
   1.25112659488158       -15.1902733219151     
   1.26248785122267       -15.0536417414025     
   1.27395227709606       -14.9181772730306     
   1.28552080936579       -14.7838806597298     
   1.29719439340338       -14.6507513617451     
   1.30897398316510       -14.5187876580613     
   1.32086054126993       -14.3879867450206     
   1.33285503907822       -14.2583448319278     
   1.34495845677106       -14.1298572334204     
   1.35717178343042       -14.0025184583736     
   1.36949601711990       -13.8763222951142     
   1.38193216496637       -13.7512618927295     
   1.39448124324223       -13.6273298382748     
   1.40714427744847       -13.5045182297131     
   1.41992230239846       -13.3828187444476     
   1.43281636230253       -13.2622227033449     
   1.44582751085330       -13.1427211301847     
   1.45895681131179       -13.0243048065095     
   1.47220533659429       -12.9069643218886     
   1.48557416936005       -12.7906901196485     
   1.49906440209977       -12.6754725381593     
   1.51267713722484       -12.5613018478021     
   1.52641348715747       -12.4481682837724     
   1.54027457442158       -12.3360620749029     
   1.55426153173450       -12.2249734687157     
   1.56837550209958       -12.1148927529293     
   1.58261763889960       -12.0058102736638     
   1.59698910599096       -11.8977164505994     
   1.61149107779887       -11.7906017893471     
   1.62612473941325       -11.6844568912953     
   1.64089128668564       -11.5792724611936     
   1.65579192632687       -11.4750393127310     
   1.67082787600572       -11.3717483723560     
   1.68600036444838       -11.2693906815773     
   1.70131063153888       -11.1679573979693     
   1.71675992842044       -11.0674397950926     
   1.73234951759765       -10.9678292615224     
   1.74808067303973       -10.8691172991627     
   1.76395468028452       -10.7712955210036     
   1.77997283654366       -10.6743556484630     
   1.79613645080850       -10.5782895084378     
   1.81244684395712       -10.4830890301685     
   1.82890534886225       -10.3887462420098     
   1.84551331050021       -10.2952532681805     
   1.86227208606078       -10.2026023255548     
   1.87918304505818       -10.1107857205419     
   1.89624756944290       -10.0197958460921     
   1.91346705371472       -9.92962517885345     
   1.93084290503657       -9.84026627649857     
   1.94837654334963       -9.75171177523094     
   1.96606940148926       -9.66395438747423     
   1.98392292530218       -9.57698689974394     
