  1.277317494617636E-006   267.269107995451     
  1.288916585824456E-006   267.269107995368     
  1.300621006299365E-006   267.269107995283     
  1.312431712518564E-006   267.269107995197     
  1.324349669643847E-006   267.269107995109     
  1.336375851601465E-006   267.269107995020     
  1.348511241161723E-006   267.269107994929     
  1.360756830019284E-006   267.269107994837     
  1.373113618874213E-006   267.269107994743     
  1.385582617513755E-006   267.269107994647     
  1.398164844894847E-006   267.269107994549     
  1.410861329227398E-006   267.269107994450     
  1.423673108058301E-006   267.269107994348     
  1.436601228356230E-006   267.269107994245     
  1.449646746597191E-006   267.269107994140     
  1.462810728850863E-006   267.269107994033     
  1.476094250867710E-006   267.269107993925     
  1.489498398166893E-006   267.269107993814     
  1.503024266124978E-006   267.269107993701     
  1.516672960065451E-006   267.269107993586     
  1.530445595349041E-006   267.269107993469     
  1.544343297464868E-006   267.269107993350     
  1.558367202122417E-006   267.269107993228     
  1.572518455344347E-006   267.269107993105     
  1.586798213560143E-006   267.269107992979     
  1.601207643700622E-006   267.269107992851     
  1.615747923293286E-006   267.269107992721     
  1.630420240558556E-006   267.269107992588     
  1.645225794506868E-006   267.269107992453     
  1.660165795036659E-006   267.269107992315     
  1.675241463033235E-006   267.269107992175     
  1.690454030468544E-006   267.269107992032     
  1.705804740501848E-006   267.269107991886     
  1.721294847581318E-006   267.269107991738     
  1.736925617546543E-006   267.269107991588     
  1.752698327731974E-006   267.269107991434     
  1.768614267071308E-006   267.269107991278     
  1.784674736202818E-006   267.269107991119     
  1.800881047575638E-006   267.269107990957     
  1.817234525557021E-006   267.269107990792     
  1.833736506540558E-006   267.269107990624     
  1.850388339055391E-006   267.269107990453     
  1.867191383876417E-006   267.269107990279     
  1.884147014135482E-006   267.269107990101     
  1.901256615433598E-006   267.269107989921     
  1.918521585954170E-006   267.269107989737     
  1.935943336577258E-006   267.269107989549     
  1.953523290994870E-006   267.269107989359     
  1.971262885827305E-006   267.269107989165     
  1.989163570740554E-006   267.269107988967     
  2.007226808564765E-006   267.269107988766     
  2.025454075413785E-006   267.269107988561     
  2.043846860805786E-006   267.269107988352     
  2.062406667784987E-006   267.269107988140     
  2.081135013044482E-006   267.269107987923     
  2.100033427050185E-006   267.269107987703     
  2.119103454165893E-006   267.269107987478     
  2.138346652779497E-006   267.269107987250     
  2.157764595430328E-006   267.269107987017     
  2.177358868937665E-006   267.269107986781     
  2.197131074530408E-006   267.269107986539     
  2.217082827977930E-006   267.269107986294     
  2.237215759722116E-006   267.269107986044     
  2.257531515010601E-006   267.269107985789     
  2.278031754031220E-006   267.269107985530     
  2.298718152047674E-006   267.269107985266     
  2.319592399536437E-006   267.269107984997     
  2.340656202324893E-006   267.269107984723     
  2.361911281730740E-006   267.269107984445     
  2.383359374702655E-006   267.269107984161     
  2.405002233962234E-006   267.269107983872     
  2.426841628147221E-006   267.269107983578     
  2.448879341956045E-006   267.269107983278     
  2.471117176293662E-006   267.269107982973     
  2.493556948418721E-006   267.269107982662     
  2.516200492092072E-006   267.269107982346     
  2.539049657726619E-006   267.269107982024     
  2.562106312538532E-006   267.269107981696     
  2.585372340699839E-006   267.269107981362     
  2.608849643492396E-006   267.269107981022     
  2.632540139463257E-006   267.269107980676     
  2.656445764581459E-006   267.269107980323     
  2.680568472396227E-006   267.269107979964     
  2.704910234196615E-006   267.269107979599     
  2.729473039172601E-006   267.269107979226     
  2.754258894577640E-006   267.269107978848     
  2.779269825892698E-006   267.269107978462     
  2.804507876991766E-006   267.269107978069     
  2.829975110308891E-006   267.269107977669     
  2.855673607006715E-006   267.269107977261     
  2.881605467146543E-006   267.269107976846     
  2.907772809859962E-006   267.269107976424     
  2.934177773522012E-006   267.269107975994     
  2.960822515925931E-006   267.269107975556     
  2.987709214459495E-006   267.269107975110     
  3.014840066282947E-006   267.269107974656     
  3.042217288508546E-006   267.269107974193     
  3.069843118381752E-006   267.269107973722     
  3.097719813464049E-006   267.269107973243     
  3.125849651817434E-006   267.269107972755     
  3.154234932190574E-006   267.269107972258     
  3.182877974206662E-006   267.269107971752     
  3.211781118552973E-006   267.269107971236     
  3.240946727172146E-006   267.269107970712     
  3.270377183455193E-006   267.269107970177     
  3.300074892436276E-006   267.269107969633     
  3.330042280989242E-006   267.269107969079     
  3.360281798025940E-006   267.269107968515     
  3.390795914696352E-006   267.269107967941     
  3.421587124590530E-006   267.269107967356     
  3.452657943942369E-006   267.269107966760     
  3.484010911835233E-006   267.269107966154     
  3.515648590409448E-006   267.269107965536     
  3.547573565071676E-006   267.269107964907     
  3.579788444706195E-006   267.269107964267     
  3.612295861888089E-006   267.269107963615     
  3.645098473098392E-006   267.269107962952     
  3.678198958941160E-006   267.269107962276     
  3.711600024362534E-006   267.269107961587     
  3.745304398871790E-006   267.269107960887     
  3.779314836764387E-006   267.269107960173     
  3.813634117347044E-006   267.269107959446     
  3.848265045164870E-006   267.269107958706     
  3.883210450230545E-006   267.269107957953     
  3.918473188255585E-006   267.269107957186     
  3.954056140883712E-006   267.269107956405     
  3.989962215926337E-006   267.269107955609     
  4.026194347600186E-006   267.269107954800     
  4.062755496767080E-006   267.269107953975     
  4.099648651175897E-006   267.269107953135     
  4.136876825706727E-006   267.269107952280     
  4.174443062617244E-006   267.269107951410     
  4.212350431791320E-006   267.269107950523     
  4.250602030989891E-006   267.269107949621     
  4.289200986104106E-006   267.269107948702     
  4.328150451410771E-006   267.269107947766     
  4.367453609830113E-006   267.269107946813     
  4.407113673185889E-006   267.269107945842     
  4.447133882467850E-006   267.269107944854     
  4.487517508096596E-006   267.269107943848     
  4.528267850190828E-006   267.269107942824     
  4.569388238837034E-006   267.269107941780     
  4.610882034361622E-006   267.269107940718     
  4.652752627605521E-006   267.269107939637     
  4.695003440201276E-006   267.269107938536     
  4.737637924852668E-006   267.269107937414     
  4.780659565616860E-006   267.269107936272     
  4.824071878189113E-006   267.269107935110     
  4.867878410190088E-006   267.269107933926     
  4.912082741455754E-006   267.269107932720     
  4.956688484329923E-006   267.269107931493     
  5.001699283959462E-006   267.269107930243     
  5.047118818592158E-006   267.269107928970     
  5.092950799877308E-006   267.269107927675     
  5.139198973169031E-006   267.269107926355     
  5.185867117832336E-006   267.269107925011     
  5.232959047551966E-006   267.269107923643     
  5.280478610644055E-006   267.269107922250     
  5.328429690370603E-006   267.269107920832     
  5.376816205256817E-006   267.269107919387     
  5.425642109411331E-006   267.269107917917     
  5.474911392849327E-006   267.269107916419     
  5.524628081818602E-006   267.269107914894     
  5.574796239128588E-006   267.269107913342     
  5.625419964482360E-006   267.269107911761     
  5.676503394811663E-006   267.269107910151     
  5.728050704614975E-006   267.269107908512     
  5.780066106298649E-006   267.269107906842     
  5.832553850521145E-006   267.269107905143     
  5.885518226540389E-006   267.269107903412     
  5.938963562564289E-006   267.269107901650     
  5.992894226104436E-006   267.269107899856     
  6.047314624333006E-006   267.269107898029     
  6.102229204442922E-006   267.269107896168     
  6.157642454011264E-006   267.269107894274     
  6.213558901365998E-006   267.269107892345     
  6.269983115956019E-006   267.269107890381     
  6.326919708724577E-006   267.269107888381     
  6.384373332486063E-006   267.269107886345     
  6.442348682306246E-006   267.269107884271     
  6.500850495885944E-006   267.269107882160     
  6.559883553948190E-006   267.269107880010     
  6.619452680628903E-006   267.269107877821     
  6.679562743871112E-006   267.269107875592     
  6.740218655822770E-006   267.269107873322     
  6.801425373238163E-006   267.269107871011     
  6.863187897882975E-006   267.269107868658     
  6.925511276943027E-006   267.269107866262     
  6.988400603436729E-006   267.269107863822     
  7.051861016631279E-006   267.269107861337     
  7.115897702462637E-006   267.269107858807     
  7.180515893959322E-006   267.269107856232     
  7.245720871670043E-006   267.269107853609     
  7.311517964095228E-006   267.269107850938     
  7.377912548122462E-006   267.269107848218     
  7.444910049465881E-006   267.269107845449     
  7.512515943109557E-006   267.269107842630     
  7.580735753754918E-006   267.269107839758     
  7.649575056272207E-006   267.269107836835     
  7.719039476156066E-006   267.269107833858     
  7.789134689985251E-006   267.269107830827     
  7.859866425886505E-006   267.269107827741     
  7.931240464002670E-006   267.269107824598     
  8.003262636965023E-006   267.269107821398     
  8.075938830369926E-006   267.269107818140     
  8.149274983259778E-006   267.269107814822     
  8.223277088608367E-006   267.269107811443     
  8.297951193810596E-006   267.269107808003     
  8.373303401176679E-006   267.269107804500     
  8.449339868430814E-006   267.269107800934     
  8.526066809214390E-006   267.269107797302     
  8.603490493593758E-006   267.269107793604     
  8.681617248572621E-006   267.269107789838     
  8.760453458609064E-006   267.269107786004     
  8.840005566137295E-006   267.269107782100     
  8.920280072094108E-006   267.269107778125     
  9.001283536450145E-006   267.269107774077     
  9.083022578745960E-006   267.269107769955     
  9.165503878632974E-006   267.269107765758     
  9.248734176419314E-006   267.269107761484     
  9.332720273620650E-006   267.269107757133     
  9.417469033515992E-006   267.269107752702     
  9.502987381708550E-006   267.269107748190     
  9.589282306691706E-006   267.269107743596     
  9.676360860420089E-006   267.269107738918     
  9.764230158885870E-006   267.269107734155     
  9.852897382700263E-006   267.269107729305     
  9.942369777680334E-006   267.269107724366     
  1.003265465544111E-005   267.269107719338     
  1.012375939399307E-005   267.269107714217     
  1.021569143834512E-005   267.269107709003     
  1.030845830111291E-005   267.269107703694     
  1.040206756313285E-005   267.269107698289     
  1.049652687408154E-005   267.269107692784     
  1.059184395310092E-005   267.269107687179     
  1.068802658942910E-005   267.269107681472     
  1.078508264303684E-005   267.269107675661     
  1.088302004526989E-005   267.269107669744     
  1.098184679949714E-005   267.269107663718     
  1.108157098176462E-005   267.269107657583     
  1.118220074145551E-005   267.269107651336     
  1.128374430195606E-005   267.269107644975     
  1.138620996132763E-005   267.269107638498     
  1.148960609298476E-005   267.269107631903     
  1.159394114637950E-005   267.269107625187     
  1.169922364769185E-005   267.269107618349     
  1.180546220052651E-005   267.269107611386     
  1.191266548661597E-005   267.269107604296     
  1.202084226653001E-005   267.269107597077     
  1.213000138039153E-005   267.269107589726     
  1.224015174859904E-005   267.269107582241     
  1.235130237255555E-005   267.269107574619     
  1.246346233540424E-005   267.269107566859     
  1.257664080277064E-005   267.269107558956     
  1.269084702351173E-005   267.269107550910     
  1.280609033047167E-005   267.269107542717     
  1.292238014124451E-005   267.269107534374     
  1.303972595894379E-005   267.269107525879     
  1.315813737297911E-005   267.269107517229     
  1.327762405983980E-005   267.269107508421     
  1.339819578388564E-005   267.269107499453     
  1.351986239814480E-005   267.269107490321     
  1.364263384511906E-005   267.269107481022     
  1.376652015759626E-005   267.269107471554     
  1.389153145947018E-005   267.269107461913     
  1.401767796656789E-005   267.269107452096     
  1.414496998748453E-005   267.269107442100     
  1.427341792442575E-005   267.269107431922     
  1.440303227405778E-005   267.269107421558     
  1.453382362836518E-005   267.269107411004     
  1.466580267551643E-005   267.269107400259     
  1.479898020073733E-005   267.269107389317     
  1.493336708719242E-005   267.269107378176     
  1.506897431687429E-005   267.269107366831     
  1.520581297150101E-005   267.269107355279     
  1.534389423342179E-005   267.269107343517     
  1.548322938653073E-005   267.269107331540     
  1.562382981718892E-005   267.269107319345     
  1.576570701515501E-005   267.269107306927     
  1.590887257452405E-005   267.269107294282     
  1.605333819467499E-005   267.269107281407     
  1.619911568122677E-005   267.269107268297     
  1.634621694700300E-005   267.269107254948     
  1.649465401300555E-005   267.269107241355     
  1.664443900939681E-005   267.269107227514     
  1.679558417649103E-005   267.269107213421     
  1.694810186575455E-005   267.269107199070     
  1.710200454081516E-005   267.269107184458     
  1.725730477848062E-005   267.269107169579     
  1.741401526976644E-005   267.269107154429     
  1.757214882093293E-005   267.269107139002     
  1.773171835453181E-005   267.269107123294     
  1.789273691046213E-005   267.269107107299     
  1.805521764703595E-005   267.269107091013     
  1.821917384205358E-005   267.269107074429     
  1.838461889388868E-005   267.269107057543     
  1.855156632258312E-005   267.269107040349     
  1.872002977095187E-005   267.269107022841     
  1.889002300569784E-005   267.269107005013     
  1.906155991853690E-005   267.269106986861     
  1.923465452733310E-005   267.269106968377     
  1.940932097724421E-005   267.269106949556     
  1.958557354187764E-005   267.269106930391     
  1.976342662445687E-005   267.269106910877     
  1.994289475899847E-005   267.269106891007     
  2.012399261149981E-005   267.269106870775     
  2.030673498113755E-005   267.269106850173     
  2.049113680147702E-005   267.269106829195     
  2.067721314169258E-005   267.269106807835     
  2.086497920779908E-005   267.269106786085     
  2.105445034389443E-005   267.269106763938     
  2.124564203341357E-005   267.269106741387     
  2.143856990039373E-005   267.269106718425     
  2.163324971075122E-005   267.269106695044     
  2.182969737356981E-005   267.269106671236     
  2.202792894240079E-005   267.269106646994     
  2.222796061657492E-005   267.269106622310     
  2.242980874252613E-005   267.269106597175     
  2.263348981512741E-005   267.269106571582     
  2.283902047903873E-005   267.269106545522     
  2.304641753006722E-005   267.269106518986     
  2.325569791653976E-005   267.269106491966     
  2.346687874068792E-005   267.269106464454     
  2.367997726004556E-005   267.269106436439     
  2.389501088885914E-005   267.269106407913     
  2.411199719951076E-005   267.269106378867     
  2.433095392395415E-005   267.269106349291     
  2.455189895516378E-005   267.269106319175     
  2.477485034859696E-005   267.269106288510     
  2.499982632366941E-005   267.269106257285     
  2.522684526524408E-005   267.269106225491     
  2.545592572513358E-005   267.269106193117     
  2.568708642361619E-005   267.269106160152     
  2.592034625096569E-005   267.269106126585     
  2.615572426899504E-005   267.269106092407     
  2.639323971261412E-005   267.269106057604     
  2.663291199140157E-005   267.269106022167     
  2.687476069119094E-005   267.269105986083     
  2.711880557567121E-005   267.269105949341     
  2.736506658800191E-005   267.269105911929     
  2.761356385244277E-005   267.269105873834     
  2.786431767599838E-005   267.269105835044     
  2.811734855007756E-005   267.269105795546     
  2.837267715216794E-005   267.269105755328     
  2.863032434752573E-005   267.269105714376     
  2.889031119088076E-005   267.269105672676     
  2.915265892815712E-005   267.269105630217     
  2.941738899820932E-005   267.269105586982     
  2.968452303457424E-005   267.269105542959     
  2.995408286723907E-005   267.269105498132     
  3.022609052442517E-005   267.269105452488     
  3.050056823438824E-005   267.269105406011     
  3.077753842723480E-005   267.269105358686     
  3.105702373675510E-005   267.269105310497     
  3.133904700227284E-005   267.269105261430     
  3.162363127051150E-005   267.269105211467     
  3.191079979747772E-005   267.269105160593     
  3.220057605036176E-005   267.269105108790     
  3.249298370945525E-005   267.269105056043     
  3.278804667008628E-005   267.269105002333     
  3.308578904457217E-005   267.269104947643     
  3.338623516418983E-005   267.269104891956     
  3.368940958116413E-005   267.269104835252     
  3.399533707067435E-005   267.269104777514     
  3.430404263287867E-005   267.269104718723     
  3.461555149495727E-005   267.269104658859     
  3.492988911317378E-005   267.269104597903     
  3.524708117495566E-005   267.269104535834     
  3.556715360099324E-005   267.269104472634     
  3.589013254735802E-005   267.269104408280     
  3.621604440764010E-005   267.269104342753     
  3.654491581510503E-005   267.269104276029     
  3.687677364487026E-005   267.269104208089     
  3.721164501610140E-005   267.269104138909     
  3.754955729422829E-005   267.269104068467     
  3.789053809318139E-005   267.269103996739     
  3.823461527764825E-005   267.269103923703     
  3.858181696535072E-005   267.269103849335     
  3.893217152934260E-005   267.269103773610     
  3.928570760032830E-005   267.269103696503     
  3.964245406900255E-005   267.269103617990     
  4.000244008841129E-005   267.269103538044     
  4.036569507633405E-005   267.269103456640     
  4.073224871768791E-005   267.269103373750     
  4.110213096695343E-005   267.269103289348     
  4.147537205062236E-005   267.269103203407     
  4.185200246966785E-005   267.269103115897     
  4.223205300203691E-005   267.269103026791     
  4.261555470516558E-005   267.269102936059     
  4.300253891851687E-005   267.269102843672     
  4.339303726614190E-005   267.269102749600     
  4.378708165926407E-005   267.269102653811     
  4.418470429888691E-005   267.269102556274     
  4.458593767842548E-005   267.269102456959     
  4.499081458636172E-005   267.269102355831     
  4.539936810892393E-005   267.269102252858     
  4.581163163279044E-005   267.269102148006     
  4.622763884781811E-005   267.269102041242     
  4.664742374979529E-005   267.269101932530     
  4.707102064322001E-005   267.269101821834     
  4.749846414410330E-005   267.269101709119     
  4.792978918279797E-005   267.269101594348     
  4.836503100685313E-005   267.269101477482     
  4.880422518389454E-005   267.269101358485     
  4.924740760453121E-005   267.269101237316     
  4.969461448528830E-005   267.269101113937     
  5.014588237156678E-005   267.269100988307     
  5.060124814062987E-005   267.269100860385     
  5.106074900461656E-005   267.269100730129     
  5.152442251358263E-005   267.269100597497     
  5.199230655856919E-005   267.269100462445     
  5.246443937469908E-005   267.269100324929     
  5.294085954430148E-005   267.269100184904     
  5.342160600006473E-005   267.269100042325     
  5.390671802821797E-005   267.269099897144     
  5.439623527174153E-005   267.269099749315     
  5.489019773360655E-005   267.269099598789     
  5.538864578004397E-005   267.269099445516     
  5.589162014384325E-005   267.269099289447     
  5.639916192768101E-005   267.269099130531     
  5.691131260747987E-005   267.269098968716     
  5.742811403579792E-005   267.269098803948     
  5.794960844524880E-005   267.269098636174     
  5.847583845195296E-005   267.269098465340     
  5.900684705902017E-005   267.269098291388     
  5.954267766006377E-005   267.269098114263     
  6.008337404274670E-005   267.269097933907     
  6.062898039235984E-005   267.269097750260     
  6.117954129543276E-005   267.269097563263     
  6.173510174337729E-005   267.269097372854     
  6.229570713616423E-005   267.269097178971     
  6.286140328603341E-005   267.269096981551     
  6.343223642123735E-005   267.269096780529     
  6.400825318981906E-005   267.269096575840     
  6.458950066342405E-005   267.269096367417     
  6.517602634114704E-005   267.269096155191     
  6.576787815341349E-005   267.269095939093     
  6.636510446589647E-005   267.269095719052     
  6.696775408346906E-005   267.269095494998     
  6.757587625419263E-005   267.269095266855     
  6.818952067334140E-005   267.269095034550     
  6.880873748746343E-005   267.269094798007     
  6.943357729847858E-005   267.269094557149     
  7.006409116781376E-005   267.269094311896     
  7.070033062057546E-005   267.269094062169     
  7.134234764976042E-005   267.269093807885     
  7.199019472050454E-005   267.269093548963     
  7.264392477437016E-005   267.269093285317     
  7.330359123367248E-005   267.269093016861     
  7.396924800584516E-005   267.269092743507     
  7.464094948784556E-005   267.269092465166     
  7.531875057060012E-005   267.269092181747     
  7.600270664348995E-005   267.269091893157     
  7.669287359887715E-005   267.269091599302     
  7.738930783667236E-005   267.269091300086     
  7.809206626894373E-005   267.269090995411     
  7.880120632456761E-005   267.269090685178     
  7.951678595392183E-005   267.269090369284     
  8.023886363362108E-005   267.269090047628     
  8.096749837129576E-005   267.269089720103     
  8.170274971041397E-005   267.269089386602     
  8.244467773514741E-005   267.269089047018     
  8.319334307528129E-005   267.269088701237     
  8.394880691116914E-005   267.269088349149     
  8.471113097873221E-005   267.269087990637     
  8.548037757450468E-005   267.269087625584     
  8.625660956072431E-005   267.269087253871     
  8.703989037046960E-005   267.269086875377     
  8.783028401284349E-005   267.269086489977     
  8.862785507820409E-005   267.269086097546     
  8.943266874344295E-005   267.269085697955     
  9.024479077731135E-005   267.269085291074     
  9.106428754579475E-005   267.269084876770     
  9.189122601753623E-005   267.269084454908     
  9.272567376930919E-005   267.269084025349     
  9.356769899153950E-005   267.269083587953     
  9.441737049387816E-005   267.269083142577     
  9.527475771082415E-005   267.269082689075     
  9.613993070739880E-005   267.269082227300     
  9.701296018487131E-005   267.269081757101     
  9.789391748653639E-005   267.269081278322     
  9.878287460354447E-005   267.269080790809     
  9.967990418078469E-005   267.269080294402     
  1.005850795228214E-004   267.269079788938     
  1.014984745998847E-004   267.269079274253     
  1.024201640539148E-004   267.269078750178     
  1.033502232046621E-004   267.269078216541     
  1.042887280558425E-004   267.269077673168     
  1.052357553013474E-004   267.269077119883     
  1.061913823315122E-004   267.269076556503     
  1.071556872394398E-004   267.269075982844     
  1.081287488273826E-004   267.269075398720     
  1.091106466131822E-004   267.269074803939     
  1.101014608367675E-004   267.269074198307     
  1.111012724667116E-004   267.269073581625     
  1.121101632068490E-004   267.269072953693     
  1.131282155029518E-004   267.269072314304     
  1.141555125494675E-004   267.269071663251     
  1.151921382963175E-004   267.269071000319     
  1.162381774557574E-004   267.269070325293     
  1.172937155092994E-004   267.269069637952     
  1.183588387146983E-004   267.269068938071     
  1.194336341129999E-004   267.269068225422     
  1.205181895356541E-004   267.269067499770     
  1.216125936116927E-004   267.269066760880     
  1.227169357749716E-004   267.269066008509     
  1.238313062714796E-004   267.269065242412     
  1.249557961667132E-004   267.269064462338     
  1.260904973531183E-004   267.269063668033     
  1.272355025575995E-004   267.269062859236     
  1.283909053490981E-004   267.269062035683     
  1.295568001462380E-004   267.269061197105     
  1.307332822250416E-004   267.269060343229     
  1.319204477267161E-004   267.269059473774     
  1.331183936655093E-004   267.269058588456     
  1.343272179366384E-004   267.269057686987     
  1.355470193242895E-004   267.269056769072     
  1.367778975096898E-004   267.269055834409     
  1.380199530792543E-004   267.269054882695     
  1.392732875328050E-004   267.269053913618     
  1.405380032918656E-004   267.269052926860     
  1.418142037080313E-004   267.269051922100     
  1.431019930714147E-004   267.269050899009     
  1.444014766191680E-004   267.269049857253     
  1.457127605440834E-004   267.269048796491     
  1.470359520032705E-004   267.269047716376     
  1.483711591269138E-004   267.269046616556     
  1.497184910271082E-004   267.269045496670     
  1.510780578067762E-004   267.269044356353     
  1.524499705686653E-004   267.269043195232     
  1.538343414244268E-004   267.269042012927     
  1.552312835037782E-004   267.269040809052     
  1.566409109637475E-004   267.269039583214     
  1.580633389980020E-004   267.269038335011     
  1.594986838462625E-004   267.269037064036     
  1.609470628038015E-004   267.269035769873     
  1.624085942310290E-004   267.269034452100     
  1.638833975631646E-004   267.269033110284     
  1.653715933199978E-004   267.269031743989     
  1.668733031157366E-004   267.269030352767     
  1.683886496689459E-004   267.269028936163     
  1.699177568125759E-004   267.269027493714     
  1.714607495040817E-004   267.269026024949     
  1.730177538356343E-004   267.269024529388     
  1.745888970444255E-004   267.269023006542     
  1.761743075230651E-004   267.269021455913     
  1.777741148300731E-004   267.269019876994     
  1.793884497004673E-004   267.269018269269     
  1.810174440564467E-004   267.269016632213     
  1.826612310181720E-004   267.269014965290     
  1.843199449146447E-004   267.269013267955     
  1.859937212946833E-004   267.269011539654     
  1.876826969380011E-004   267.269009779822     
  1.893870098663836E-004   267.269007987883     
  1.911067993549670E-004   267.269006163253     
  1.928422059436205E-004   267.269004305333     
  1.945933714484303E-004   267.269002413517     
  1.963604389732893E-004   267.269000487187     
  1.981435529215910E-004   267.268998525712     
  1.999428590080304E-004   267.268996528453     
  2.017585042705113E-004   267.268994494755     
  2.035906370821627E-004   267.268992423954     
  2.054394071634631E-004   267.268990315373     
  2.073049655944760E-004   267.268988168323     
  2.091874648271956E-004   267.268985982102     
  2.110870586980057E-004   267.268983755995     
  2.130039024402505E-004   267.268981489275     
  2.149381526969204E-004   267.268979181201     
  2.168899675334528E-004   267.268976831018     
  2.188595064506489E-004   267.268974437959     
  2.208469303977081E-004   267.268972001240     
  2.228524017853807E-004   267.268969520065     
  2.248760844992398E-004   267.268966993623     
  2.269181439130743E-004   267.268964421089     
  2.289787469024024E-004   267.268961801622     
  2.310580618581092E-004   267.268959134364     
  2.331562587002073E-004   267.268956418445     
  2.352735088917223E-004   267.268953652976     
  2.374099854527050E-004   267.268950837054     
  2.395658629743702E-004   267.268947969758     
  2.417413176333641E-004   267.268945050151     
  2.439365272061616E-004   267.268942077278     
  2.461516710835938E-004   267.268939050168     
  2.483869302855078E-004   267.268935967830     
  2.506424874755596E-004   267.268932829259     
  2.529185269761410E-004   267.268929633427     
  2.552152347834424E-004   267.268926379290     
  2.575327985826521E-004   267.268923065784     
  2.598714077632945E-004   267.268919691826     
  2.622312534347058E-004   267.268916256314     
  2.646125284416518E-004   267.268912758124     
  2.670154273800875E-004   267.268909196112     
  2.694401466130586E-004   267.268905569115     
  2.718868842867483E-004   267.268901875946     
  2.743558403466700E-004   267.268898115399     
  2.768472165540064E-004   267.268894286245     
  2.793612165020972E-004   267.268890387231     
  2.818980456330770E-004   267.268886417082     
  2.844579112546633E-004   267.268882374503     
  2.870410225570981E-004   267.268878258169     
  2.896475906302422E-004   267.268874066738     
  2.922778284808258E-004   267.268869798837     
  2.949319510498550E-004   267.268865453073     
  2.976101752301766E-004   267.268861028023     
  3.003127198842025E-004   267.268856522243     
  3.030398058617949E-004   267.268851934260     
  3.057916560183140E-004   267.268847262572     
  3.085684952328296E-004   267.268842505654     
  3.113705504264980E-004   267.268837661950     
  3.141980505811060E-004   267.268832729878     
  3.170512267577827E-004   267.268827707824     
  3.199303121158821E-004   267.268822594147     
  3.228355419320364E-004   267.268817387176     
  3.257671536193827E-004   267.268812085209     
  3.287253867469643E-004   267.268806686512     
  3.317104830593082E-004   267.268801189321     
  3.347226864961796E-004   267.268795591839     
  3.377622432125177E-004   267.268789892235     
  3.408294015985501E-004   267.268784088648     
  3.439244123000914E-004   267.268778179179     
  3.470475282390265E-004   267.268772161898     
  3.501990046339779E-004   267.268766034837     
  3.533790990211633E-004   267.268759795994     
  3.565880712754402E-004   267.268753443328     
  3.598261836315433E-004   267.268746974764     
  3.630937007055138E-004   267.268740388187     
  3.663908895163238E-004   267.268733681444     
  3.697180195076969E-004   267.268726852343     
  3.730753625701268E-004   267.268719898650     
  3.764631930630959E-004   267.268712818095     
  3.798817878374960E-004   267.268705608361     
  3.833314262582522E-004   267.268698267092     
  3.868123902271525E-004   267.268690791888     
  3.903249642058845E-004   267.268683180306     
  3.938694352392811E-004   267.268675429859     
  3.974460929787782E-004   267.268667538011     
  4.010552297060844E-004   267.268659502184     
  4.046971403570661E-004   267.268651319750     
  4.083721225458493E-004   267.268642988036     
  4.120804765891407E-004   267.268634504317     
  4.158225055307691E-004   267.268625865821     
  4.195985151664500E-004   267.268617069723     
  4.234088140687750E-004   267.268608113149     
  4.272537136124280E-004   267.268598993171     
  4.311335279996308E-004   267.268589706807     
  4.350485742858189E-004   267.268580251021     
  4.389991724055518E-004   267.268570622724     
  4.429856451986572E-004   267.268560818768     
  4.470083184366132E-004   267.268550835948     
  4.510675208491706E-004   267.268540671000     
  4.551635841512161E-004   267.268530320602     
  4.592968430698795E-004   267.268519781371     
  4.634676353718881E-004   267.268509049862     
  4.676763018911682E-004   267.268498122566     
  4.719231865566976E-004   267.268486995913     
  4.762086364206118E-004   267.268475666263     
  4.805330016865646E-004   267.268464129915     
  4.848966357383460E-004   267.268452383097     
  4.892998951687613E-004   267.268440421970     
  4.937431398087707E-004   267.268428242623     
  4.982267327568953E-004   267.268415841075     
  5.027510404088885E-004   267.268403213273     
  5.073164324876780E-004   267.268390355089     
  5.119232820735790E-004   267.268377262319     
  5.165719656347822E-004   267.268363930684     
  5.212628630581184E-004   267.268350355825     
  5.259963576801031E-004   267.268336533307     
  5.307728363182613E-004   267.268322458609     
  5.355926893027389E-004   267.268308127133     
  5.404563105081999E-004   267.268293534192     
  5.453640973860135E-004   267.268278675017     
  5.503164509967338E-004   267.268263544750     
  5.553137760428732E-004   267.268248138446     
  5.603564809019758E-004   267.268232451068     
  5.654449776599887E-004   267.268216477490     
  5.705796821449374E-004   267.268200212489     
  5.757610139609077E-004   267.268183650748     
  5.809893965223342E-004   267.268166786855     
  5.862652570886029E-004   267.268149615295     
  5.915890267989647E-004   267.268132130458     
  5.969611407077697E-004   267.268114326626     
  6.023820378200180E-004   267.268096197981     
  6.078521611272356E-004   267.268077738596     
  6.133719576436751E-004   267.268058942437     
  6.189418784428455E-004   267.268039803361     
  6.245623786943733E-004   267.268020315110     
  6.302339177011989E-004   267.268000471316     
  6.359569589371104E-004   267.267980265491     
  6.417319700846183E-004   267.267959691030     
  6.475594230731741E-004   267.267938741208     
  6.534397941177359E-004   267.267917409177     
  6.593735637576846E-004   267.267895687964     
  6.653612168960934E-004   267.267873570469     
  6.714032428393527E-004   267.267851049462     
  6.775001353371570E-004   267.267828117581     
  6.836523926228535E-004   267.267804767330     
  6.898605174541565E-004   267.267780991078     
  6.961250171542332E-004   267.267756781050     
  7.024464036531619E-004   267.267732129336     
  7.088251935297658E-004   267.267707027874     
  7.152619080538279E-004   267.267681468462     
  7.217570732286886E-004   267.267655442744     
  7.283112198342305E-004   267.267628942212     
  7.349248834702527E-004   267.267601958204     
  7.415986046002410E-004   267.267574481900     
  7.483329285955323E-004   267.267546504319     
  7.551284057798833E-004   267.267518016314     
  7.619855914744421E-004   267.267489008575     
  7.689050460431285E-004   267.267459471619     
  7.758873349384266E-004   267.267429395790     
  7.829330287475932E-004   267.267398771259     
  7.900427032392856E-004   267.267367588014     
  7.972169394106131E-004   267.267335835862     
  8.044563235346159E-004   267.267303504425     
  8.117614472081742E-004   267.267270583133     
  8.191329074003536E-004   267.267237061226     
  8.265713065011885E-004   267.267202927747     
  8.340772523709100E-004   267.267168171537     
  8.416513583896177E-004   267.267132781235     
  8.492942435074075E-004   267.267096745275     
  8.570065322949487E-004   267.267060051875     
  8.647888549945259E-004   267.267022689042     
  8.726418475715407E-004   267.266984644563     
  8.805661517664820E-004   267.266945906002     
  8.885624151473699E-004   267.266906460697     
  8.966312911626727E-004   267.266866295753     
  9.047734391947078E-004   267.266825398042     
  9.129895246135248E-004   267.266783754196     
  9.212802188312799E-004   267.266741350601     
  9.296461993571025E-004   267.266698173397     
  9.380881498524606E-004   267.266654208472     
  9.466067601870301E-004   267.266609441452     
  9.552027264950689E-004   267.266563857707     
  9.638767512323066E-004   267.266517442335     
  9.726295432333465E-004   267.266470180164     
  9.814618177695913E-004   267.266422055745     
  9.903742966076965E-004   267.266373053349     
  9.993677080685503E-004   267.266323156956     
  1.008442787086793E-003   267.266272350259     
  1.017600275270873E-003   267.266220616648     
  1.026840920963654E-003   267.266167939214     
  1.036165479303566E-003   267.266114300739     
  1.045574712286317E-003   267.266059683688     
  1.055069388827160E-003   267.266004070209     
  1.064650284823729E-003   267.265947442124     
  1.074318183219448E-003   267.265889780923     
  1.084073874067508E-003   267.265831067757     
  1.093918154595432E-003   267.265771283436     
  1.103851829270221E-003   267.265710408416     
  1.113875709864101E-003   267.265648422800     
  1.123990615520852E-003   267.265585306327     
  1.134197372822755E-003   267.265521038366     
  1.144496815858134E-003   267.265455597909     
  1.154889786289521E-003   267.265388963566     
  1.165377133422433E-003   267.265321113555     
  1.175959714274781E-003   267.265252025700     
  1.186638393646900E-003   267.265181677417     
  1.197414044192221E-003   267.265110045711     
  1.208287546488587E-003   267.265037107168     
  1.219259789110209E-003   267.264962837947     
  1.230331668700280E-003   267.264887213772     
  1.241504090044252E-003   267.264810209923     
  1.252777966143768E-003   267.264731801230     
  1.264154218291278E-003   267.264651962064     
  1.275633776145324E-003   267.264570666329     
  1.287217577806507E-003   267.264487887450     
  1.298906569894155E-003   267.264403598372     
  1.310701707623675E-003   267.264317771541     
  1.322603954884614E-003   267.264230378905     
  1.334614284319427E-003   267.264141391897     
  1.346733677402962E-003   267.264050781432     
  1.358963124522661E-003   267.263958517890     
  1.371303625059501E-003   267.263864571116     
  1.383756187469656E-003   267.263768910400     
  1.396321829366910E-003   267.263671504475     
  1.409001577605815E-003   267.263572321501     
  1.421796468365607E-003   267.263471329061     
  1.434707547234878E-003   267.263368494143     
  1.447735869297023E-003   267.263263783134     
  1.460882499216461E-003   267.263157161808     
  1.474148511325636E-003   267.263048595315     
  1.487534989712816E-003   267.262938048168     
  1.501043028310675E-003   267.262825484233     
  1.514673730985697E-003   267.262710866719     
  1.528428211628379E-003   267.262594158160     
  1.542307594244259E-003   267.262475320410     
  1.556313013045765E-003   267.262354314626     
  1.570445612544908E-003   267.262231101254     
  1.584706547646805E-003   267.262105640023     
  1.599096983744060E-003   267.261977889924     
  1.613618096811998E-003   267.261847809200     
  1.628271073504767E-003   267.261715355334     
  1.643057111252307E-003   267.261580485033     
  1.657977418358204E-003   267.261443154213     
  1.673033214098434E-003   267.261303317986     
  1.688225728820998E-003   267.261160930647     
  1.703556204046469E-003   267.261015945655     
  1.719025892569442E-003   267.260868315622     
  1.734636058560919E-003   267.260717992294     
  1.750387977671611E-003   267.260564926536     
  1.766282937136182E-003   267.260409068320     
  1.782322235878446E-003   267.260250366703     
  1.798507184617512E-003   267.260088769812     
  1.814839105974892E-003   267.259924224829     
  1.831319334582587E-003   267.259756677974     
  1.847949217192153E-003   267.259586074482     
  1.864730112784757E-003   267.259412358593     
  1.881663392682226E-003   267.259235473527     
  1.898750440659119E-003   267.259055361471     
  1.915992653055802E-003   267.258871963554     
  1.933391438892556E-003   267.258685219834     
  1.950948219984725E-003   267.258495069274     
  1.968664431058904E-003   267.258301449725     
  1.986541519870179E-003   267.258104297902     
  2.004580947320445E-003   267.257903549368     
  2.022784187577782E-003   267.257699138509     
  2.041152728196927E-003   267.257490998516     
  2.059688070240836E-003   267.257279061359     
  2.078391728403347E-003   267.257063257769     
  2.097265231132962E-003   267.256843517212     
  2.116310120757751E-003   267.256619767869     
  2.135527953611387E-003   267.256391936608     
  2.154920300160330E-003   267.256159948967     
  2.174488745132166E-003   267.255923729123     
  2.194234887645106E-003   267.255683199871     
  2.214160341338670E-003   267.255438282597     
  2.234266734505547E-003   267.255188897254     
  2.254555710224659E-003   267.254934962335     
  2.275028926495436E-003   267.254676394844     
  2.295688056373301E-003   267.254413110274     
  2.316534788106396E-003   267.254145022576     
  2.337570825273538E-003   267.253872044130     
  2.358797886923443E-003   267.253594085719     
  2.380217707715196E-003   267.253311056498     
  2.401832038060011E-003   267.253022863966     
  2.423642644264274E-003   267.252729413934     
  2.445651308673883E-003   267.252430610494     
  2.467859829819895E-003   267.252126355992     
  2.490270022565512E-003   267.251816550989     
  2.512883718254378E-003   267.251501094235     
  2.535702764860243E-003   267.251179882632     
  2.558729027137974E-003   267.250852811201     
  2.581964386775945E-003   267.250519773050     
  2.605410742549801E-003   267.250180659336     
  2.629070010477633E-003   267.249835359232     
  2.652944123976544E-003   267.249483759888     
  2.677035034020655E-003   267.249125746396     
  2.701344709300530E-003   267.248761201755     
  2.725875136384063E-003   267.248390006826     
  2.750628319878812E-003   267.248012040299     
  2.775606282595817E-003   267.247627178653     
  2.800811065714903E-003   267.247235296111     
  2.826244728951485E-003   267.246836264604     
  2.851909350724881E-003   267.246429953728     
  2.877807028328164E-003   267.246016230698     
  2.903939878099552E-003   267.245594960310     
  2.930310035595345E-003   267.245166004894     
  2.956919655764453E-003   267.244729224266     
  2.983770913124487E-003   267.244284475688     
  3.010866001939464E-003   267.243831613820     
  3.038207136399119E-003   267.243370490669     
  3.065796550799848E-003   267.242900955544     
  3.093636499727289E-003   267.242422855005     
  3.121729258240572E-003   267.241936032816     
  3.150077122058230E-003   267.241440329888     
  3.178682407745802E-003   267.240935584234     
  3.207547452905147E-003   267.240421630912     
  3.236674616365464E-003   267.239898301972     
  3.266066278376062E-003   267.239365426400     
  3.295724840800860E-003   267.238822830066     
  3.325652727314679E-003   267.238270335661     
  3.355852383601295E-003   267.237707762646     
  3.386326277553299E-003   267.237134927187     
  3.417076899473772E-003   267.236551642101     
  3.448106762279793E-003   267.235957716788     
  3.479418401707788E-003   267.235352957174     
  3.511014376520752E-003   267.234737165647     
  3.542897268717350E-003   267.234110140989     
  3.575069683742910E-003   267.233471678317     
  3.607534250702346E-003   267.232821569006     
  3.640293622574999E-003   267.232159600633     
  3.673350476431443E-003   267.231485556898     
  3.706707513652248E-003   267.230799217558     
  3.740367460148736E-003   267.230100358354     
  3.774333066585745E-003   267.229388750937     
  3.808607108606402E-003   267.228664162796     
  3.843192387058957E-003   267.227926357181     
  3.878091728225657E-003   267.227175093022     
  3.913307984053712E-003   267.226410124857     
  3.948844032388355E-003   267.225631202747     
  3.984702777208014E-003   267.224838072196     
  4.020887148861628E-003   267.224030474068     
  4.057400104308104E-003   267.223208144504     
  4.094244627357966E-003   267.222370814832     
  4.131423728917188E-003   267.221518211483     
  4.168940447233238E-003   267.220650055899     
  4.206797848143366E-003   267.219766064446     
  4.244999025325142E-003   267.218865948317     
  4.283547100549266E-003   267.217949413440     
  4.322445223934678E-003   267.217016160384     
  4.361696574205984E-003   267.216065884257     
  4.401304358953218E-003   267.215098274609     
  4.441271814893963E-003   267.214113015332     
  4.481602208137859E-003   267.213109784555     
  4.522298834453495E-003   267.212088254538     
  4.563365019537750E-003   267.211048091569     
  4.604804119287554E-003   267.209988955852     
  4.646619520074145E-003   267.208910501396     
  4.688814639019780E-003   267.207812375904     
  4.731392924276998E-003   267.206694220658     
  4.774357855310392E-003   267.205555670401     
  4.817712943180947E-003   267.204396353219     
  4.861461730832965E-003   267.203215890417     
  4.905607793383590E-003   267.202013896401     
  4.950154738414965E-003   267.200789978546     
  4.995106206269037E-003   267.199543737074     
  5.040465870345050E-003   267.198274764917     
  5.086237437399722E-003   267.196982647592     
  5.132424647850170E-003   267.195666963060     
  5.179031276079566E-003   267.194327281590     
  5.226061130745578E-003   267.192963165622     
  5.273518055091614E-003   267.191574169619     
  5.321405927260884E-003   267.190159839927     
  5.369728660613323E-003   267.188719714624     
  5.418490204045385E-003   267.187253323371     
  5.467694542312747E-003   267.185760187257     
  5.517345696355936E-003   267.184239818647     
  5.567447723628919E-003   267.182691721017     
  5.618004718430675E-003   267.181115388800     
  5.669020812239781E-003   267.179510307213     
  5.720500174052025E-003   267.177875952097     
  5.772447010721105E-003   267.176211789741     
  5.824865567302401E-003   267.174517276710     
  5.877760127399875E-003   267.172791859670     
  5.931135013516136E-003   267.171034975203     
  5.984994587405658E-003   267.169246049631     
  6.039343250431233E-003   267.167424498820     
  6.094185443923632E-003   267.165569727999     
  6.149525649544561E-003   267.163681131561     
  6.205368389652884E-003   267.161758092866     
  6.261718227674206E-003   267.159799984042     
  6.318579768473775E-003   267.157806165783     
  6.375957658732795E-003   267.155775987135     
  6.433856587328151E-003   267.153708785288     
  6.492281285715580E-003   267.151603885363     
  6.551236528316318E-003   267.149460600185     
  6.610727132907262E-003   267.147278230069     
  6.670757961014684E-003   267.145056062583     
  6.731333918311498E-003   267.142793372324     
  6.792459955018161E-003   267.140489420677     
  6.854141066307187E-003   267.138143455579     
  6.916382292711363E-003   267.135754711271     
  6.979188720535646E-003   267.133322408050     
  7.042565482272820E-003   267.130845752020     
  7.106517757022911E-003   267.128323934824     
  7.171050770916433E-003   267.125756133395     
  7.236169797541445E-003   267.123141509674     
  7.301880158374518E-003   267.120479210351     
  7.368187223215599E-003   267.117768366578     
  7.435096410626824E-003   267.115008093692     
  7.502613188375318E-003   267.112197490928     
  7.570743073880026E-003   267.109335641122     
  7.639491634662578E-003   267.106421610418     
  7.708864488802275E-003   267.103454447963     
  7.778867305395188E-003   267.100433185599     
  7.849505805017429E-003   267.097356837548     
  7.920785760192645E-003   267.094224400090     
  7.992712995863727E-003   267.091034851244     
  8.065293389868833E-003   267.087787150430     
  8.138532873421712E-003   267.084480238134     
  8.212437431596407E-003   267.081113035565     
  8.287013103816342E-003   267.077684444303     
  8.362265984347861E-003   267.074193345946     
  8.438202222798254E-003   267.070638601746     
  8.514828024618287E-003   267.067019052237     
  8.592149651609314E-003   267.063333516866     
  8.670173422434986E-003   267.059580793604     
  8.748905713137602E-003   267.055759658559     
  8.828352957659163E-003   267.051868865582     
  8.908521648367140E-003   267.047907145859     
  8.989418336585035E-003   267.043873207505     
  9.071049633127737E-003   267.039765735140     
  9.153422208841765E-003   267.035583389469     
  9.236542795150397E-003   267.031324806845     
  9.320418184603760E-003   267.026988598831     
  9.405055231433914E-003   267.022573351745     
  9.490460852114965E-003   267.018077626210     
  9.576642025928287E-003   267.013499956683     
  9.663605795532855E-003   267.008838850986     
  9.751359267540767E-003   267.004092789819     
  9.839909613097990E-003   266.999260226271     
  9.929264068470386E-003   266.994339585321     
  1.001942993563505E-002   266.989329263329     
  1.011041458287701E-002   266.984227627518     
  1.020222544539140E-002   266.979033015444     
  1.029487002589099E-002   266.973743734465     
  1.038835589521936E-002   266.968358061190     
  1.048269069296957E-002   266.962874240925     
  1.057788212810845E-002   266.957290487106     
  1.067393797960655E-002   266.951604980723     
  1.077086609707390E-002   266.945815869737     
  1.086867440140141E-002   266.939921268475     
  1.096737088540817E-002   266.933919257032     
  1.106696361449465E-002   266.927807880644     
  1.116746072730177E-002   266.921585149065     
  1.126887043637596E-002   266.915249035921     
  1.137120102884037E-002   266.908797478062     
  1.147446086707197E-002   266.902228374896     
  1.157865838938501E-002   266.895539587710     
  1.168380211072055E-002   266.888728938990     
  1.178990062334231E-002   266.881794211713     
  1.189696259753882E-002   266.874733148640     
  1.200499678233192E-002   266.867543451587     
  1.211401200619178E-002   266.860222780688     
  1.222401717775830E-002   266.852768753643     
  1.233502128656917E-002   266.845178944957     
  1.244703340379443E-002   266.837450885155     
  1.256006268297781E-002   266.829582059996     
  1.267411836078472E-002   266.821569909663     
  1.278920975775708E-002   266.813411827943     
  1.290534627907497E-002   266.805105161392     
  1.302253741532524E-002   266.796647208487     
  1.314079274327705E-002   266.788035218757     
  1.326012192666448E-002   266.779266391906     
  1.338053471697624E-002   266.770337876916     
  1.350204095425258E-002   266.761246771133     
  1.362465056788939E-002   266.751990119341     
  1.374837357744960E-002   266.742564912820     
  1.387322009348203E-002   266.732968088377     
  1.399920031834755E-002   266.723196527377     
  1.412632454705285E-002   266.713247054743     
  1.425460316809175E-002   266.703116437940     
  1.438404666429410E-002   266.692801385950     
  1.451466561368244E-002   266.682298548222     
  1.464647069033647E-002   266.671604513600     
  1.477947266526525E-002   266.660715809240     
  1.491368240728749E-002   266.649628899506     
  1.504911088391965E-002   266.638340184842     
  1.518576916227228E-002   266.626846000629     
  1.532366840995435E-002   266.615142616020     
  1.546281989598589E-002   266.603226232753     
  1.560323499171890E-002   266.591092983951     
  1.574492517176656E-002   266.578738932887     
  1.588790201494097E-002   266.566160071741     
  1.603217720519936E-002   266.553352320327     
  1.617776253259886E-002   266.540311524803     
  1.632466989426000E-002   266.527033456354     
  1.647291129533894E-002   266.513513809852     
  1.662249885000850E-002   266.499748202500     
  1.677344478244813E-002   266.485732172441     
  1.692576142784287E-002   266.471461177354     
  1.707946123339138E-002   266.456930593016     
  1.723455675932306E-002   266.442135711847     
  1.739106067992453E-002   266.427071741423     
  1.754898578457534E-002   266.411733802969     
  1.770834497879308E-002   266.396116929820     
  1.786915128528804E-002   266.380216065864     
  1.803141784502741E-002   266.364026063947     
  1.819515791830917E-002   266.347541684259     
  1.836038488584565E-002   266.330757592691     
  1.852711224985706E-002   266.313668359157     
  1.869535363517483E-002   266.296268455899     
  1.886512279035505E-002   266.278552255749     
  1.903643358880199E-002   266.260514030376     
  1.920930002990182E-002   266.242147948486     
  1.938373624016660E-002   266.223448074009     
  1.955975647438875E-002   266.204408364241     
  1.973737511680587E-002   266.185022667963     
  1.991660668227628E-002   266.165284723520     
  2.009746581746510E-002   266.145188156879     
  2.027996730204119E-002   266.124726479637     
  2.046412604988495E-002   266.103893087015     
  2.064995711030704E-002   266.082681255802     
  2.083747566927822E-002   266.061084142270     
  2.102669705067033E-002   266.039094780058     
  2.121763671750854E-002   266.016706078010     
  2.141031027323498E-002   265.993910817988     
  2.160473346298383E-002   265.970701652641     
  2.180092217486804E-002   265.947071103136     
  2.199889244127763E-002   265.923011556857     
  2.219866044018991E-002   265.898515265058     
  2.240024249649149E-002   265.873574340485     
  2.260365508331234E-002   265.848180754948     
  2.280891482337197E-002   265.822326336861     
  2.301603849033787E-002   265.796002768741     
  2.322504301019613E-002   265.769201584657     
  2.343594546263473E-002   265.741914167647     
  2.364876308243923E-002   265.714131747086     
  2.386351326090118E-002   265.685845396014     
  2.408021354723932E-002   265.657046028413     
  2.429888165003372E-002   265.627724396452     
  2.451953543867289E-002   265.597871087674     
  2.474219294481405E-002   265.567476522144     
  2.496687236385665E-002   265.536530949549     
  2.519359205642934E-002   265.505024446249     
  2.542237054989030E-002   265.472946912282     
  2.565322653984135E-002   265.440288068322     
  2.588617889165575E-002   265.407037452583     
  2.612124664201977E-002   265.373184417676     
  2.635844900048848E-002   265.338718127418     
  2.659780535105542E-002   265.303627553583     
  2.683933525373675E-002   265.267901472606     
  2.708305844616958E-002   265.231528462235     
  2.732899484522501E-002   265.194496898128     
  2.757716454863566E-002   265.156794950392     
  2.782758783663805E-002   265.118410580076     
  2.808028517362989E-002   265.079331535601     
  2.833527720984244E-002   265.039545349138     
  2.859258478302798E-002   264.999039332927     
  2.885222892016271E-002   264.957800575539     
  2.911423083916501E-002   264.915815938082     
  2.937861195062938E-002   264.873072050344     
  2.964539385957610E-002   264.829555306880     
  2.991459836721675E-002   264.785251863037     
  3.018624747273583E-002   264.740147630918     
  3.046036337508846E-002   264.694228275285     
  3.073696847481451E-002   264.647479209397     
  3.101608537586914E-002   264.599885590791     
  3.129773688746997E-002   264.551432316993     
  3.158194602596102E-002   264.502104021163     
  3.186873601669363E-002   264.451885067686     
  3.215813029592440E-002   264.400759547683     
  3.245015251273033E-002   264.348711274466     
  3.274482653094149E-002   264.295723778920     
  3.304217643109110E-002   264.241780304819     
  3.334222651238339E-002   264.186863804075     
  3.364500129467928E-002   264.130956931913     
  3.395052552050020E-002   264.074042041983     
  3.425882415704996E-002   264.016101181398     
  3.456992239825506E-002   263.957116085697     
  3.488384566682353E-002   263.897068173744     
  3.520061961632248E-002   263.835938542551     
  3.552027013327444E-002   263.773707962025     
  3.584282333927283E-002   263.710356869650     
  3.616830559311657E-002   263.645865365086     
  3.649674349296409E-002   263.580213204699     
  3.682816387850694E-002   263.513379796015     
  3.716259383316314E-002   263.445344192096     
  3.750006068629030E-002   263.376085085848     
  3.784059201541908E-002   263.305580804239     
  3.818421564850672E-002   263.233809302457     
  3.853095966621119E-002   263.160748157975     
  3.888085240418585E-002   263.086374564549     
  3.923392245539507E-002   263.010665326137     
  3.959019867245078E-002   262.933596850732     
  3.994971016997032E-002   262.855145144129     
  4.031248632695565E-002   262.775285803604     
  4.067855678919419E-002   262.693994011515     
  4.104795147168144E-002   262.611244528830     
  4.142070056106560E-002   262.527011688572     
  4.179683451811441E-002   262.441269389182     
  4.217638408020438E-002   262.353991087808     
  4.255938026383266E-002   262.265149793514     
  4.294585436715160E-002   262.174718060405     
  4.333583797252649E-002   262.082667980682     
  4.372936294911643E-002   261.988971177611     
  4.412646145547861E-002   261.893598798413     
  4.452716594219636E-002   261.796521507085     
  4.493150915453085E-002   261.697709477130     
  4.533952413509722E-002   261.597132384221     
  4.575124422656458E-002   261.494759398785     
  4.616670307438087E-002   261.390559178503     
  4.658593462952233E-002   261.284499860748     
  4.700897315126790E-002   261.176549054938     
  4.743585320999891E-002   261.066673834818     
  4.786660969002413E-002   260.954840730668     
  4.830127779243046E-002   260.841015721443     
  4.873989303795959E-002   260.725164226839     
  4.918249126991069E-002   260.607251099283     
  4.962910865706948E-002   260.487240615870     
  5.007978169666397E-002   260.365096470217     
  5.053454721734695E-002   260.240781764261     
  5.099344238220558E-002   260.114258999988     
  5.145650469179838E-002   259.985490071108     
  5.192377198721974E-002   259.854436254656     
  5.239528245319217E-002   259.721058202551     
  5.287107462118687E-002   259.585315933085     
  5.335118737257241E-002   259.447168822369     
  5.383565994179208E-002   259.306575595719     
  5.432453191957012E-002   259.163494319004     
  5.481784325614705E-002   259.017882389934     
  5.531563426454435E-002   258.869696529322     
  5.581794562385885E-002   258.718892772291     
  5.632481838258693E-002   258.565426459456     
  5.683629396197902E-002   258.409252228067     
  5.735241415942453E-002   258.250324003122     
  5.787322115186742E-002   258.088594988464     
  5.839875749925296E-002   257.924017657847     
  5.892906614800562E-002   257.756543745986     
  5.946419043453870E-002   257.586124239605     
  6.000417408879564E-002   257.412709368463     
  6.054906123782370E-002   257.236248596391     
  6.109889640937993E-002   257.056690612325     
  6.165372453556998E-002   256.873983321347     
  6.221359095651988E-002   256.688073835747     
  6.277854142408119E-002   256.498908466095     
  6.334862210556991E-002   256.306432712355     
  6.392387958753906E-002   256.110591255016     
  6.450436087958591E-002   255.911327946276     
  6.509011341819335E-002   255.708585801270     
  6.568118507060652E-002   255.502306989353     
  6.627762413874445E-002   255.292432825448     
  6.687947936314721E-002   255.078903761466     
  6.748679992695897E-002   254.861659377808     
  6.809963545994724E-002   254.640638374954     
  6.871803604255852E-002   254.415778565153     
  6.934205221001094E-002   254.187016864228     
  6.997173495642380E-002   253.954289283489     
  7.060713573898489E-002   253.717530921789     
  7.124830648215551E-002   253.476675957714     
  7.189529958191369E-002   253.231657641926     
  7.254816791003592E-002   252.982408289680     
  7.320696481841783E-002   252.728859273506     
  7.387174414343406E-002   252.470941016096     
  7.454256021033767E-002   252.208582983385     
  7.521946783769969E-002   251.941713677856     
  7.590252234188867E-002   251.670260632076     
  7.659177954159127E-002   251.394150402488     
  7.728729576237359E-002   251.113308563453     
  7.798912784128412E-002   250.827659701588     
  7.869733313149838E-002   250.537127410395     
  7.941196950700580E-002   250.241634285204     
  8.013309536733916E-002   249.941101918451     
  8.086076964234691E-002   249.635450895314     
  8.159505179700889E-002   249.324600789709     
  8.233600183629576E-002   249.008470160692     
  8.308368031007257E-002   248.686976549263     
  8.383814831804683E-002   248.360036475612     
  8.459946751476155E-002   248.027565436816     
  8.536770011463360E-002   247.689477905024     
  8.614290889703780E-002   247.345687326138     
  8.692515721143723E-002   246.996106119027     
  8.771450898256013E-002   246.640645675294     
  8.851102871562364E-002   246.279216359624     
  8.931478150160525E-002   245.911727510738     
  9.012583302256207E-002   245.538087442983     
  9.094424955699799E-002   245.158203448586     
  9.177009798528030E-002   244.771981800603     
  9.260344579510478E-002   244.379327756590     
  9.344436108701097E-002   243.980145563028     
  9.429291257994715E-002   243.574338460542     
  9.514916961688608E-002   243.161808689937     
  9.601320217049161E-002   242.742457499089     
  9.688508084883680E-002   242.316185150730     
  9.776487690117397E-002   241.882890931154     
  9.865266222375718E-002   241.442473159896     
  9.954850936571744E-002   240.994829200404     
  0.100452491534991        240.539855471760     
  0.101364682604304        240.077447461477     
  0.102285157117204        239.607499739418     
  0.103213990294160        239.129905972890     
  0.104151258038700        238.644558942932     
  0.105097036943621        238.151350561865     
  0.106051404297245        237.650171892137     
  0.107014438089735        237.140913166513     
  0.107986217019468        236.623463809654     
  0.108966820499469        236.097712461139     
  0.109956328663897        235.563546999974     
  0.110954822374594        235.020854570642     
  0.111962383227697        234.469521610747     
  0.112979093560299        233.909433880294     
  0.114005036457184        233.340476492676     
  0.115040295757613        232.762533947407     
  0.116084956062177        232.175490164660     
  0.117139102739709        231.579228521678     
  0.118202821934262        230.973631891094     
  0.119276200572147        230.358582681236     
  0.120359326369037        229.733962878469     
  0.121452287837136        229.099654091636     
  0.122555174292411        228.455537598650     
  0.123668075861892        227.801494395313     
  0.124791083491036        227.137405246409     
  0.125924288951158        226.463150739144     
  0.127067784846934        225.778611338988     
  0.128221664623966        225.083667447994     
  0.129386022576418        224.378199465639     
  0.130560953854722        223.662087852266     
  0.131746554473356        222.935213195196     
  0.132942921318686        222.197456277551     
  0.134150152156887        221.448698149875     
  0.135368345641932        220.688820204611     
  0.136597601323650        219.917704253492     
  0.137838019655868        219.135232607915     
  0.139089702004613        218.341288162365     
  0.140352750656400        217.535754480941     
  0.141627268826590        216.718515887057     
  0.142913360667823        215.889457556375     
  0.144211131278532        215.048465613027     
  0.145520686711529        214.195427229190     
  0.146842133982673        213.330230728071     
  0.148175581079613        212.452765690351     
  0.149521136970618        211.562923064155     
  0.150878911613475        210.660595278584     
  0.152249015964480        209.745676360875     
  0.153631561987502        208.818062057222     
  0.155026662663136        207.877649957313     
  0.156434431997930        206.924339622623     
  0.157854985033708        205.958032718489     
  0.159288437856966        204.978633150023     
  0.160734907608363        203.986047201875     
  0.162194512492290        202.980183681879     
  0.163667371786531        201.960954068610     
  0.165153605852010        200.928272662857     
  0.166653336142626        199.882056743038     
  0.168166685215182        198.822226724544     
  0.169693776739395        197.748706323038     
  0.171234735508005        196.661422721673     
  0.172789687446973        195.560306742248     
  0.174358759625770        194.445293020248     
  0.175942080267764        193.316320183770     
  0.177539778760694        192.173331036280     
  0.179151985667247        191.016272743161     
  0.180778832735727        189.845097022005     
  0.182420452910821        188.659760336573     
  0.184076980344461        187.460224094360     
  0.185748550406789        186.246454847677     
  0.187435299697222        185.018424498153     
  0.189137366055607        183.776110504553     
  0.190854888573494        182.519496093792     
  0.192588007605496        181.248570475012     
  0.194336864780763        179.963329056577     
  0.196101603014552        178.663773665829     
  0.197882366519910        177.349912771425     
  0.199679300819454        176.021761708075     
  0.201492552757268        174.679342903474     
  0.203322270510900        173.322686107199     
  0.205168603603472        171.951828621346     
  0.207031702915898        170.566815532648     
  0.208911720699217        169.167699945792     
  0.210808810587028        167.754543217663     
  0.212723127608054        166.327415192190     
  0.214654828198802        164.886394435463     
  0.216604070216353        163.431568470791     
  0.218571012951261        161.963034013302     
  0.220555817140565        160.480897203723     
  0.222558644980932        158.985273840905     
  0.224579660141907        157.476289612677     
  0.226619027779287        155.954080324556     
  0.228676914548621        154.418792125845     
  0.230753488618827        152.870581732625     
  0.232848919685935        151.309616647094     
  0.234963378986952        149.736075372727     
  0.237097039313861        148.150147624678     
  0.239250075027736        146.552034534837     
  0.241422662072992        144.941948850905     
  0.243614977991765        143.320115128885     
  0.245827201938420        141.686769918284     
  0.248059514694189        140.042161939372     
  0.250312098681946        138.386552251782     
  0.252585137981115        136.720214413713     
  0.254878818342713        135.043434631006     
  0.257193327204528        133.356511895300     
  0.259528853706437        131.659758110500     
  0.261885588705861        129.953498206742     
  0.264263724793366        128.238070241019     
  0.266663456308395        126.513825483652     
  0.269084979355156        124.781128489726     
  0.271528491818641        123.040357154641     
  0.273994193380802        121.291902752891     
  0.276482285536867        119.536169959184     
  0.278992971611806        117.773576851011     
  0.281526456776946        116.004554891757     
  0.284082948066738        114.229548893462     
  0.286662654395676        112.449016958325     
  0.289265786575370        110.663430398048     
  0.291892557331770        108.873273630137     
  0.294543181322555        107.079044050276     
  0.297217875154671        105.281251879897     
  0.299916857402032        103.480419988104     
  0.302640348623383        101.677083687113     
  0.305388571380323        99.8717905004088     
  0.308161750255495        98.0650999028315     
  0.310960111870934        96.2575830318573     
  0.313783884906591        94.4498223693667     
  0.316633300119018        92.6424113932372     
  0.319508590360225        90.8359541981484     
  0.322409990596710        89.0310650850409     
  0.325337737928661        87.2283681187265     
  0.328292071609329        85.4284966532157     
  0.331273233064581        83.6320928243971     
  0.334281465912628        81.8398070097762     
  0.337317015983937        80.0522972550695     
  0.340380131341314        78.2702286675311     
  0.343471062300182        76.4942727759847     
  0.346590061449032        74.7251068576360     
  0.349737383670066        72.9634132318409     
  0.352913286160024        71.2098785211199     
  0.356118028451207        69.4651928798238     
  0.359351872432679        67.7300491909793     
  0.362615082371674        66.0051422319697     
  0.365907924935188        64.2911678098394     
  0.369230669211772        62.5888218671489     
  0.372583586733523        60.8987995594469     
  0.375966951498272        59.2217943055769     
  0.379381039991974        57.5584968121794     
  0.382826131211305        55.9095940739103     
  0.386302506686460        54.2757683510474     
  0.389810450504156        52.6576961263164     
  0.393350249330855        51.0560470429285     
  0.396922192436183        49.4714828259777     
  0.400526571716572        47.9046561895100     
  0.404163681719114        46.3562097317327     
  0.407833819665630        44.8267748209902     
  0.411537285476958        43.3169704752851     
  0.415274381797464        41.8274022382764     
  0.419045414019775        40.3586610548298     
  0.422850690309732        38.9113221493330     
  0.426690521631574        37.4859439101260     
  0.430565221773352        36.0830667835141     
  0.434475107372569        34.7032121809494     
  0.438420497942058        33.3468814030689     
  0.442401715896089        32.0145545843670     
  0.446419086576719        30.7066896623602     
  0.450472938280378        29.4237213751629     
  0.454563602284696        28.1660602914425     
  0.458691412875578        26.9340918767480     
  0.462856707374517        25.7281756002251     
  0.467059826166163        24.5486440857132     
  0.471301112726138        23.3958023112006     
  0.475580913649105        22.2699268605586     
  0.479899578677090        21.1712652314023     
  0.484257460728065        20.1000352028336     
  0.488654915924785        19.0564242666985     
  0.493092303623894        18.0405891258456     
  0.497569986445287        17.0526552627057     
  0.502088330301748        16.0927165813143     
  0.506647704428847        15.1608351256789     
  0.511248481415116        14.2570408771465     
  0.515891037232499        13.3813316331569     
  0.520575751267072        12.5336729694701     
  0.525303006350049        11.7139982876373     
  0.530073188789063        10.9222089491439     
  0.534886688399742        10.1581744972880     
  0.539743898537555        9.42173296747649     
  0.544645216129964        8.71269128621639     
  0.549591041708859        8.03082575866503     
  0.554581779443286        7.37588264416822     
  0.559617837172480        6.74757881877418     
  0.564699626439189        6.14560252325906     
  0.569827562523307        5.56961419474277     
  0.575002064475812        5.01924737951445     
  0.580223555153008        4.49410972422800     
  0.585492461251080        3.99378404217435     
  0.590809213340967        3.51782945089090     
  0.596174245903543        3.06578257693473     
  0.601587997365127        2.63715882322780     
  0.607050910133307        2.23145369398458     
  0.612563430633096        1.84814417185693     
  0.618126009343414        1.48669014158467     
  0.623739100833896        1.14653585412376     
  0.629403163802045       0.827111424943419     
  0.635118661110713       0.527834359940476     
  0.640886059825926       0.248111102218611     
  0.646705831255053      -1.266140717690423E-002
  0.652578450985323      -0.255094161587491     
  0.658504398922684      -0.479804521211687     
  0.664484159331025      -0.687414652805669     
  0.670518220871751      -0.878549983659161     
  0.676607076643709       -1.05383767679511     
  0.682751224223493       -1.21390513419269     
  0.688951165706098       -1.35937853462946     
  0.695207407745954       -1.49088141248451     
  0.701520461598329       -1.60903328353812     
  0.707890843161110       -1.71444832344976     
  0.714319073016959       -1.80773410419594     
  0.720805676475855       -1.88949039330714     
  0.727351183618024       -1.96030802026146     
  0.733956129337255       -2.02076781387758     
  0.740621053384613       -2.07143961400445     
  0.747346500412543       -2.11288136023628     
  0.754133020019384       -2.14563825979452     
  0.760981166794277       -2.17024203611905     
  0.767891500362488       -2.18721025910536     
  0.774864585431140       -2.19704575732015     
  0.781900991835361       -2.20023611192990     
  0.789001294584848       -2.19725323149287     
  0.796166073910859       -2.18855300620090     
  0.803395915313629       -2.17457503961944     
  0.810691409610213       -2.15574245546794     
  0.818053152982771       -2.13246177651446     
  0.825481747027288       -2.10512287223176     
  0.832977798802733       -2.07409897148307     
  0.840541920880667       -2.03974673617653     
  0.848174731395307       -2.00240639155208     
  0.855876854094033       -1.96240190854483     
  0.863648918388365       -1.92004123350681     
  0.871491559405396       -1.87561656046420     
  0.879405418039692       -1.82940464104043     
  0.887391141005670       -1.78166712718476     
  0.895449380890446       -1.73265094191043     
  0.903580796207159       -1.68258867336197     
  0.911786051448790       -1.63169898769596     
  0.920065817142461       -1.58018705646770     
  0.928420769904231       -1.52824499446471     
  0.936851592494388       -1.47605230420984     
  0.945358973873245       -1.42377632366809     
  0.953943609257437       -1.37157267402435     
  0.962606200176739       -1.31958570474965     
  0.971347454531391       -1.26794893353331     
  0.980168086649951       -1.21678547902306     
  0.989068817347663       -1.16620848467696     
  0.998050373985366       -1.11632153238596     
   1.00711349052893       -1.06721904486685     
   1.01625890760925       -1.01898667614891     
   1.02548737258274      -0.971701689777986     
   1.03479963959243      -0.925433324636645     
   1.04419646962960      -0.880243148523660     
   1.05367863059593      -0.836185399849840     
   1.06324689736629      -0.793307317986781     
   1.07290205185207      -0.751649462950675     
   1.08264488306503      -0.711246025214051     
   1.09247618718181      -0.672125126514903     
   1.10239676760899      -0.634309112576184     
   1.11240743504875      -0.597814838660783     
   1.12250900756509      -0.562653948870127     
   1.13270231065073      -0.528833150051204     
   1.14298817729452      -0.496354481110044     
   1.15336744804953      -0.465215578443096     
   1.16384097110177      -0.435409938094892     
   1.17440960233945      -0.406927175134695     
   1.18507420542294      -0.379753280620202     
   1.19583565185538      -0.353870876386433     
   1.20669482105387      -0.329259467766326     
   1.21765260042132      -0.305895694219502     
   1.22870988541900      -0.283753577720365     
   1.23986757963970      -0.262804768638879     
   1.25112659488158      -0.243018788739468     
   1.26248785122267      -0.224363270827589     
   1.27395227709606      -0.206804194491294     
   1.28552080936579      -0.190306117317768     
   1.29719439340338      -0.174832400913331     
   1.30897398316510      -0.160345431020053     
   1.32086054126993      -0.146806831003255     
   1.33285503907822      -0.134177667981275     
   1.34495845677106      -0.122418650881541     
   1.35717178343042      -0.111490319734298     
   1.36949601711990      -0.101353225556158     
   1.38193216496637      -9.196810022869013E-002
   1.39448124324223      -8.329601584104536E-002
   1.40714427744847      -7.529853303849757E-002
   1.41992230239846      -6.793783799913289E-002
   1.43281636230253      -6.117686774692944E-002
   1.44582751085330      -5.497942359946364E-002
   1.45895681131179      -4.931027264069551E-002
   1.47220533659429      -4.413523720209165E-002
   1.48557416936005      -3.942127242715228E-002
   1.49906440209977      -3.513653208376076E-002
   1.51267713722484      -3.125042287433849E-002
   1.52641348715747      -2.773364757435726E-002
   1.54027457442158      -2.455823740431085E-002
   1.55426153173450      -2.169757410790642E-002
   1.56837550209958      -1.912640226928550E-002
   1.58261763889960      -1.682083245400356E-002
   1.59698910599096      -1.475833580191015E-002
   1.61149107779887      -1.291773073477251E-002
   1.62612473941325      -1.127916246742738E-002
   1.64089128668564      -9.824076028516260E-003
   1.65579192632687      -8.535183505691052E-003
   1.67082787600572      -7.396426230909948E-003
   1.68600036444838      -6.392932614536707E-003
   1.70131063153888      -5.510972322946233E-003
   1.71675992842044      -4.737907473847645E-003
   1.73234951759765      -4.062141497234988E-003
   1.74808067303973      -3.473066278487718E-003
   1.76395468028452      -2.961008164412600E-003
   1.77997283654366      -2.517173373706897E-003
   1.79613645080850      -2.133593311191151E-003
   1.81244684395712      -1.803070240952953E-003
   1.82890534886225      -1.519123727986406E-003
   1.84551331050021      -1.275938211693298E-003
   1.86227208606078      -1.068312028377531E-003
   1.87918304505818      -8.916081542105139E-004
   1.89624756944290      -7.417068956128039E-004
   1.91346705371472      -6.149607110667178E-004
   1.93084290503657      -5.081513074644151E-004
   1.94837654334963      -4.184491155590543E-004
   1.96606940148926      -3.433752132125231E-004
   1.98392292530218      -2.807657321461593E-004
