  2.146701755894792E-006   86.3003819962626     
  2.165914361518037E-006   86.3003819961954     
  2.185298916604603E-006   86.3003819961270     
  2.204856960072141E-006   86.3003819960573     
  2.224590044611347E-006   86.3003819959864     
  2.244499736809227E-006   86.3003819959143     
  2.264587617273470E-006   86.3003819958408     
  2.284855280757924E-006   86.3003819957660     
  2.305304336289205E-006   86.3003819956899     
  2.325936407294439E-006   86.3003819956124     
  2.346753131730139E-006   86.3003819955335     
  2.367756162212245E-006   86.3003819954532     
  2.388947166147318E-006   86.3003819953715     
  2.410327825864916E-006   86.3003819952882     
  2.431899838751157E-006   86.3003819952035     
  2.453664917383463E-006   86.3003819951173     
  2.475624789666529E-006   86.3003819950295     
  2.497781198969491E-006   86.3003819949401     
  2.520135904264338E-006   86.3003819948491     
  2.542690680265549E-006   86.3003819947565     
  2.565447317570986E-006   86.3003819946623     
  2.588407622804053E-006   86.3003819945663     
  2.611573418757114E-006   86.3003819944686     
  2.634946544536208E-006   86.3003819943691     
  2.658528855707052E-006   86.3003819942679     
  2.682322224442351E-006   86.3003819941648     
  2.706328539670428E-006   86.3003819940599     
  2.730549707225186E-006   86.3003819939531     
  2.754987649997409E-006   86.3003819938444     
  2.779644308087414E-006   86.3003819937337     
  2.804521638959081E-006   86.3003819936211     
  2.829621617595246E-006   86.3003819935064     
  2.854946236654501E-006   86.3003819933896     
  2.880497506629378E-006   86.3003819932708     
  2.906277456005972E-006   86.3003819931498     
  2.932288131424970E-006   86.3003819930266     
  2.958531597844137E-006   86.3003819929012     
  2.985009938702249E-006   86.3003819927736     
  3.011725256084495E-006   86.3003819926437     
  3.038679670889360E-006   86.3003819925114     
  3.065875322996998E-006   86.3003819923768     
  3.093314371439119E-006   86.3003819922397     
  3.120998994570385E-006   86.3003819921002     
  3.148931390241359E-006   86.3003819919581     
  3.177113775972976E-006   86.3003819918135     
  3.205548389132597E-006   86.3003819916664     
  3.234237487111633E-006   86.3003819915165     
  3.263183347504752E-006   86.3003819913640     
  3.292388268290694E-006   86.3003819912087     
  3.321854568014711E-006   86.3003819910506     
  3.351584585972628E-006   86.3003819908897     
  3.381580682396558E-006   86.3003819907260     
  3.411845238642281E-006   86.3003819905592     
  3.442380657378295E-006   86.3003819903894     
  3.473189362776558E-006   86.3003819902166     
  3.504273800704949E-006   86.3003819900408     
  3.535636438921430E-006   86.3003819898617     
  3.567279767269974E-006   86.3003819896794     
  3.599206297878216E-006   86.3003819894938     
  3.631418565356896E-006   86.3003819893049     
  3.663919127001079E-006   86.3003819891127     
  3.696710562993172E-006   86.3003819889169     
  3.729795476607765E-006   86.3003819887176     
  3.763176494418299E-006   86.3003819885148     
  3.796856266505591E-006   86.3003819883083     
  3.830837466668217E-006   86.3003819880981     
  3.865122792634782E-006   86.3003819878841     
  3.899714966278091E-006   86.3003819876662     
  3.934616733831237E-006   86.3003819874445     
  3.969830866105615E-006   86.3003819872187     
  4.005360158710906E-006   86.3003819869889     
  4.041207432276999E-006   86.3003819867550     
  4.077375532677934E-006   86.3003819865168     
  4.113867331257825E-006   86.3003819862744     
  4.150685725058814E-006   86.3003819860276     
  4.187833637051066E-006   86.3003819857764     
  4.225314016364813E-006   86.3003819855207     
  4.263129838524492E-006   86.3003819852603     
  4.301284105684963E-006   86.3003819849953     
  4.339779846869846E-006   86.3003819847255     
  4.378620118211994E-006   86.3003819844509     
  4.417808003196114E-006   86.3003819841713     
  4.457346612903565E-006   86.3003819838867     
  4.497239086259340E-006   86.3003819835970     
  4.537488590281258E-006   86.3003819833021     
  4.578098320331398E-006   86.3003819830019     
  4.619071500369771E-006   86.3003819826963     
  4.660411383210268E-006   86.3003819823851     
  4.702121250778891E-006   86.3003819820684     
  4.744204414374311E-006   86.3003819817460     
  4.786664214930744E-006   86.3003819814178     
  4.829504023283177E-006   86.3003819810837     
  4.872727240434989E-006   86.3003819807436     
  4.916337297827941E-006   86.3003819803974     
  4.960337657614600E-006   86.3003819800449     
  5.004731812933189E-006   86.3003819796862     
  5.049523288184914E-006   86.3003819793209     
  5.094715639313752E-006   86.3003819789491     
  5.140312454088758E-006   86.3003819785706     
  5.186317352388896E-006   86.3003819781853     
  5.232733986490408E-006   86.3003819777931     
  5.279566041356776E-006   86.3003819773938     
  5.326817234931259E-006   86.3003819769874     
  5.374491318432059E-006   86.3003819765736     
  5.422592076650123E-006   86.3003819761524     
  5.471123328249622E-006   86.3003819757236     
  5.520088926071098E-006   86.3003819752872     
  5.569492757437343E-006   86.3003819748428     
  5.619338744462012E-006   86.3003819743905     
  5.669630844360991E-006   86.3003819739301     
  5.720373049766554E-006   86.3003819734613     
  5.771569389044339E-006   86.3003819729842     
  5.823223926613151E-006   86.3003819724984     
  5.875340763267637E-006   86.3003819720039     
  5.927924036503835E-006   86.3003819715006     
  5.980977920847648E-006   86.3003819709882     
  6.034506628186265E-006   86.3003819704666     
  6.088514408102520E-006   86.3003819699356     
  6.143005548212275E-006   86.3003819693950     
  6.197984374504806E-006   86.3003819688447     
  6.253455251686236E-006   86.3003819682846     
  6.309422583526044E-006   86.3003819677143     
  6.365890813206676E-006   86.3003819671338     
  6.422864423676288E-006   86.3003819665429     
  6.480347938004635E-006   86.3003819659414     
  6.538345919742158E-006   86.3003819653290     
  6.596862973282278E-006   86.3003819647056     
  6.655903744226929E-006   86.3003819640711     
  6.715472919755372E-006   86.3003819634251     
  6.775575228996307E-006   86.3003819627674     
  6.836215443403304E-006   86.3003819620980     
  6.897398377133612E-006   86.3003819614165     
  6.959128887430347E-006   86.3003819607228     
  7.021411875008099E-006   86.3003819600166     
  7.084252284442001E-006   86.3003819592977     
  7.147655104560265E-006   86.3003819585659     
  7.211625368840248E-006   86.3003819578209     
  7.276168155808049E-006   86.3003819570626     
  7.341288589441686E-006   86.3003819562906     
  7.406991839577886E-006   86.3003819555047     
  7.473283122322513E-006   86.3003819547047     
  7.540167700464664E-006   86.3003819538903     
  7.607650883894483E-006   86.3003819530612     
  7.675738030024698E-006   86.3003819522173     
  7.744434544215951E-006   86.3003819513582     
  7.813745880205909E-006   86.3003819504836     
  7.883677540542248E-006   86.3003819495933     
  7.954235077019478E-006   86.3003819486870     
  8.025424091119698E-006   86.3003819477644     
  8.097250234457296E-006   86.3003819468252     
  8.169719209227625E-006   86.3003819458691     
  8.242836768659684E-006   86.3003819448959     
  8.316608717472871E-006   86.3003819439051     
  8.391040912337803E-006   86.3003819428966     
  8.466139262341279E-006   86.3003819418699     
  8.541909729455392E-006   86.3003819408247     
  8.618358329010847E-006   86.3003819397607     
  8.695491130174500E-006   86.3003819386776     
  8.773314256431198E-006   86.3003819375751     
  8.851833886069900E-006   86.3003819364527     
  8.931056252674175E-006   86.3003819353102     
  9.010987645617081E-006   86.3003819341470     
  9.091634410560457E-006   86.3003819329630     
  9.173002949958711E-006   86.3003819317577     
  9.255099723567100E-006   86.3003819305307     
  9.337931248954558E-006   86.3003819292817     
  9.421504102021129E-006   86.3003819280102     
  9.505824917520009E-006   86.3003819267158     
  9.590900389584269E-006   86.3003819253982     
  9.676737272258319E-006   86.3003819240569     
  9.763342380034066E-006   86.3003819226914     
  9.850722588391949E-006   86.3003819213015     
  9.938884834346735E-006   86.3003819198865     
  1.002783611699828E-005   86.3003819184460     
  1.011758349808714E-005   86.3003819169797     
  1.020813410255524E-005   86.3003819154870     
  1.029949511911148E-005   86.3003819139675     
  1.039167380080243E-005   86.3003819124207     
  1.048467746558818E-005   86.3003819108460     
  1.057851349692329E-005   86.3003819092431     
  1.067318934434293E-005   86.3003819076113     
  1.076871252405432E-005   86.3003819059502     
  1.086509061953341E-005   86.3003819042592     
  1.096233128212694E-005   86.3003819025378     
  1.106044223165989E-005   86.3003819007854     
  1.115943125704828E-005   86.3003818990016     
  1.125930621691759E-005   86.3003818971856     
  1.136007504022665E-005   86.3003818953371     
  1.146174572689703E-005   86.3003818934552     
  1.156432634844826E-005   86.3003818915396     
  1.166782504863851E-005   86.3003818895895     
  1.177225004411120E-005   86.3003818876044     
  1.187760962504724E-005   86.3003818855835     
  1.198391215582324E-005   86.3003818835263     
  1.209116607567550E-005   86.3003818814322     
  1.219937989937002E-005   86.3003818793003     
  1.230856221787847E-005   86.3003818771302     
  1.241872169906020E-005   86.3003818749210     
  1.252986708835040E-005   86.3003818726721     
  1.264200720945437E-005   86.3003818703828     
  1.275515096504805E-005   86.3003818680523     
  1.286930733748474E-005   86.3003818656799     
  1.298448538950827E-005   86.3003818632649     
  1.310069426497240E-005   86.3003818608064     
  1.321794318956682E-005   86.3003818583038     
  1.333624147154953E-005   86.3003818557561     
  1.345559850248579E-005   86.3003818531626     
  1.357602375799374E-005   86.3003818505226     
  1.369752679849664E-005   86.3003818478350     
  1.382011726998189E-005   86.3003818450991     
  1.394380490476677E-005   86.3003818423140     
  1.406859952227109E-005   86.3003818394788     
  1.419451102979679E-005   86.3003818365927     
  1.432154942331440E-005   86.3003818336547     
  1.444972478825664E-005   86.3003818306639     
  1.457904730031910E-005   86.3003818276192     
  1.470952722626807E-005   86.3003818245199     
  1.484117492475559E-005   86.3003818213648     
  1.497400084714185E-005   86.3003818181530     
  1.510801553832487E-005   86.3003818148834     
  1.524322963757766E-005   86.3003818115550     
  1.537965387939288E-005   86.3003818081669     
  1.551729909433501E-005   86.3003818047177     
  1.565617620990021E-005   86.3003818012066     
  1.579629625138379E-005   86.3003817976324     
  1.593767034275555E-005   86.3003817939938     
  1.608030970754287E-005   86.3003817902899     
  1.622422566972174E-005   86.3003817865194     
  1.636942965461575E-005   86.3003817826810     
  1.651593318980316E-005   86.3003817787737     
  1.666374790603200E-005   86.3003817747961     
  1.681288553814352E-005   86.3003817707470     
  1.696335792600369E-005   86.3003817666251     
  1.711517701544326E-005   86.3003817624291     
  1.726835485920604E-005   86.3003817581576     
  1.742290361790583E-005   86.3003817538093     
  1.757883556099175E-005   86.3003817493829     
  1.773616306772239E-005   86.3003817448769     
  1.789489862814853E-005   86.3003817402898     
  1.805505484410469E-005   86.3003817356203     
  1.821664443020967E-005   86.3003817308668     
  1.837968021487581E-005   86.3003817260279     
  1.854417514132758E-005   86.3003817211019     
  1.871014226862897E-005   86.3003817160874     
  1.887759477272037E-005   86.3003817109827     
  1.904654594746450E-005   86.3003817057862     
  1.921700920570185E-005   86.3003817004964     
  1.938899808031547E-005   86.3003816951114     
  1.956252622530536E-005   86.3003816896295     
  1.973760741687244E-005   86.3003816840491     
  1.991425555451219E-005   86.3003816783684     
  2.009248466211820E-005   86.3003816725856     
  2.027230888909540E-005   86.3003816666987     
  2.045374251148346E-005   86.3003816607061     
  2.063679993309010E-005   86.3003816546056     
  2.082149568663460E-005   86.3003816483955     
  2.100784443490153E-005   86.3003816420738     
  2.119586097190484E-005   86.3003816356384     
  2.138556022406230E-005   86.3003816290872     
  2.157695725138052E-005   86.3003816224183     
  2.177006724865055E-005   86.3003816156295     
  2.196490554665414E-005   86.3003816087186     
  2.216148761338087E-005   86.3003816016835     
  2.235982905525613E-005   86.3003815945218     
  2.255994561838008E-005   86.3003815872314     
  2.276185318977774E-005   86.3003815798100     
  2.296556779866021E-005   86.3003815722550     
  2.317110561769723E-005   86.3003815645643     
  2.337848296430113E-005   86.3003815567353     
  2.358771630192220E-005   86.3003815487655     
  2.379882224135575E-005   86.3003815406524     
  2.401181754206081E-005   86.3003815323935     
  2.422671911349063E-005   86.3003815239860     
  2.444354401643512E-005   86.3003815154274     
  2.466230946437526E-005   86.3003815067149     
  2.488303282484970E-005   86.3003814978458     
  2.510573162083351E-005   86.3003814888172     
  2.533042353212934E-005   86.3003814796262     
  2.555712639677098E-005   86.3003814702700     
  2.578585821243949E-005   86.3003814607456     
  2.601663713789205E-005   86.3003814510499     
  2.624948149440354E-005   86.3003814411800     
  2.648440976722104E-005   86.3003814311325     
  2.672144060703137E-005   86.3003814209044     
  2.696059283144173E-005   86.3003814104924     
  2.720188542647363E-005   86.3003813998932     
  2.744533754807015E-005   86.3003813891034     
  2.769096852361669E-005   86.3003813781197     
  2.793879785347542E-005   86.3003813669384     
  2.818884521253330E-005   86.3003813555561     
  2.844113045176411E-005   86.3003813439692     
  2.869567359980437E-005   86.3003813321739     
  2.895249486454341E-005   86.3003813201666     
  2.921161463472763E-005   86.3003813079434     
  2.947305348157914E-005   86.3003812955004     
  2.973683216042891E-005   86.3003812828336     
  3.000297161236448E-005   86.3003812699392     
  3.027149296589247E-005   86.3003812568128     
  3.054241753861595E-005   86.3003812434505     
  3.081576683892681E-005   86.3003812298480     
  3.109156256771328E-005   86.3003812160008     
  3.136982662008274E-005   86.3003812019047     
  3.165058108710000E-005   86.3003811875552     
  3.193384825754098E-005   86.3003811729476     
  3.221965061966229E-005   86.3003811580774     
  3.250801086298650E-005   86.3003811429398     
  3.279895188010343E-005   86.3003811275301     
  3.309249676848760E-005   86.3003811118433     
  3.338866883233187E-005   86.3003810958745     
  3.368749158439757E-005   86.3003810796185     
  3.398898874788112E-005   86.3003810630703     
  3.429318425829741E-005   86.3003810462245     
  3.460010226538002E-005   86.3003810290759     
  3.490976713499840E-005   86.3003810116189     
  3.522220345109229E-005   86.3003809938481     
  3.553743601762340E-005   86.3003809757577     
  3.585548986054456E-005   86.3003809573421     
  3.617639022978648E-005   86.3003809385954     
  3.650016260126237E-005   86.3003809195116     
  3.682683267889040E-005   86.3003809000847     
  3.715642639663432E-005   86.3003808803085     
  3.748896992056233E-005   86.3003808601767     
  3.782448965092434E-005   86.3003808396830     
  3.816301222424792E-005   86.3003808188207     
  3.850456451545287E-005   86.3003807975835     
  3.884917363998487E-005   86.3003807759643     
  3.919686695596807E-005   86.3003807539565     
  3.954767206637706E-005   86.3003807315529     
  3.990161682122823E-005   86.3003807087465     
  4.025872931979074E-005   86.3003806855301     
  4.061903791281731E-005   86.3003806618963     
  4.098257120479495E-005   86.3003806378375     
  4.134935805621583E-005   86.3003806133462     
  4.171942758586844E-005   86.3003805884145     
  4.209280917314942E-005   86.3003805630345     
  4.246953246039579E-005   86.3003805371983     
  4.284962735523837E-005   86.3003805108974     
  4.323312403297602E-005   86.3003804841238     
  4.362005293897125E-005   86.3003804568687     
  4.401044479106728E-005   86.3003804291236     
  4.440433058202660E-005   86.3003804008796     
  4.480174158199157E-005   86.3003803721278     
  4.520270934096682E-005   86.3003803428591     
  4.560726569132401E-005   86.3003803130641     
  4.601544275032901E-005   86.3003802827334     
  4.642727292269155E-005   86.3003802518574     
  4.684278890313786E-005   86.3003802204262     
  4.726202367900630E-005   86.3003801884299     
  4.768501053286610E-005   86.3003801558584     
  4.811178304515968E-005   86.3003801227012     
  4.854237509686856E-005   86.3003800889478     
  4.897682087220313E-005   86.3003800545875     
  4.941515486131647E-005   86.3003800196095     
  4.985741186304252E-005   86.3003799840026     
  5.030362698765870E-005   86.3003799477555     
  5.075383565967327E-005   86.3003799108566     
  5.120807362063766E-005   86.3003798732943     
  5.166637693198393E-005   86.3003798350567     
  5.212878197788766E-005   86.3003797961316     
  5.259532546815645E-005   86.3003797565066     
  5.306604444114426E-005   86.3003797161691     
  5.354097626669186E-005   86.3003796751064     
  5.402015864909352E-005   86.3003796333054     
  5.450362963009041E-005   86.3003795907528     
  5.499142759189059E-005   86.3003795474352     
  5.548359126021623E-005   86.3003795033387     
  5.598015970737789E-005   86.3003794584493     
  5.648117235537652E-005   86.3003794127529     
  5.698666897903306E-005   86.3003793662348     
  5.749668970914619E-005   86.3003793188804     
  5.801127503567820E-005   86.3003792706745     
  5.853046581096945E-005   86.3003792216019     
  5.905430325298165E-005   86.3003791716470     
  5.958282894857002E-005   86.3003791207940     
  6.011608485678490E-005   86.3003790690266     
  6.065411331220281E-005   86.3003790163284     
  6.119695702828728E-005   86.3003789626827     
  6.174465910077995E-005   86.3003789080725     
  6.229726301112171E-005   86.3003788524804     
  6.285481262990489E-005   86.3003787958888     
  6.341735222035581E-005   86.3003787382797     
  6.398492644184905E-005   86.3003786796348     
  6.455758035345273E-005   86.3003786199355     
  6.513535941750575E-005   86.3003785591627     
  6.571830950322701E-005   86.3003784972974     
  6.630647689035696E-005   86.3003784343196     
  6.689990827283155E-005   86.3003783702096     
  6.749865076248934E-005   86.3003783049469     
  6.810275189281164E-005   86.3003782385107     
  6.871225962269605E-005   86.3003781708801     
  6.932722234026398E-005   86.3003781020335     
  6.994768886670207E-005   86.3003780319490     
  7.057370846013798E-005   86.3003779606045     
  7.120533081955108E-005   86.3003778879772     
  7.184260608871792E-005   86.3003778140440     
  7.248558486019304E-005   86.3003777387816     
  7.313431817932555E-005   86.3003776621659     
  7.378885754831145E-005   86.3003775841728     
  7.444925493028250E-005   86.3003775047773     
  7.511556275343130E-005   86.3003774239543     
  7.578783391517369E-005   86.3003773416782     
  7.646612178634813E-005   86.3003772579227     
  7.715048021545268E-005   86.3003771726613     
  7.784096353292016E-005   86.3003770858670     
  7.853762655543119E-005   86.3003769975121     
  7.924052459026619E-005   86.3003769075686     
  7.994971343969594E-005   86.3003768160080     
  8.066524940541193E-005   86.3003767228011     
  8.138718929299585E-005   86.3003766279184     
  8.211559041642951E-005   86.3003765313297     
  8.285051060264477E-005   86.3003764330044     
  8.359200819611446E-005   86.3003763329112     
  8.434014206348422E-005   86.3003762310184     
  8.509497159824595E-005   86.3003761272936     
  8.585655672545283E-005   86.3003760217038     
  8.662495790647688E-005   86.3003759142155     
  8.740023614380877E-005   86.3003758047946     
  8.818245298590083E-005   86.3003756934064     
  8.897167053205332E-005   86.3003755800154     
  8.976795143734431E-005   86.3003754645857     
  9.057135891760393E-005   86.3003753470806     
  9.138195675443293E-005   86.3003752274628     
  9.219980930026624E-005   86.3003751056942     
  9.302498148348186E-005   86.3003749817364     
  9.385753881355534E-005   86.3003748555497     
  9.469754738626073E-005   86.3003747270943     
  9.554507388891758E-005   86.3003745963293     
  9.640018560568536E-005   86.3003744632131     
  9.726295042290503E-005   86.3003743277036     
  9.813343683448839E-005   86.3003741897577     
  9.901171394735582E-005   86.3003740493315     
  9.989785148692252E-005   86.3003739063804     
  1.007919198026340E-004   86.3003737608592     
  1.016939898735511E-004   86.3003736127215     
  1.026041333139847E-004   86.3003734619203     
  1.035224223791812E-004   86.3003733084078     
  1.044489299710592E-004   86.3003731521352     
  1.053837296439963E-004   86.3003729930528     
  1.063268956106691E-004   86.3003728311101     
  1.072785027479449E-004   86.3003726662558     
  1.082386266028254E-004   86.3003724984374     
  1.092073433984452E-004   86.3003723276017     
  1.101847300401225E-004   86.3003721536944     
  1.111708641214645E-004   86.3003719766603     
  1.121658239305279E-004   86.3003717964432     
  1.131696884560336E-004   86.3003716129858     
  1.141825373936379E-004   86.3003714262299     
  1.152044511522593E-004   86.3003712361161     
  1.162355108604618E-004   86.3003710425842     
  1.172757983728963E-004   86.3003708455726     
  1.183253962767982E-004   86.3003706450188     
  1.193843878985444E-004   86.3003704408591     
  1.204528573102681E-004   86.3003702330287     
  1.215308893365338E-004   86.3003700214615     
  1.226185695610705E-004   86.3003698060904     
  1.237159843335671E-004   86.3003695868470     
  1.248232207765269E-004   86.3003693636616     
  1.259403667921844E-004   86.3003691364634     
  1.270675110694836E-004   86.3003689051802     
  1.282047430911195E-004   86.3003686697387     
  1.293521531406410E-004   86.3003684300639     
  1.305098323096194E-004   86.3003681860799     
  1.316778725048795E-004   86.3003679377091     
  1.328563664557962E-004   86.3003676848726     
  1.340454077216560E-004   86.3003674274903     
  1.352450906990848E-004   86.3003671654802     
  1.364555106295415E-004   86.3003668987593     
  1.376767636068799E-004   86.3003666272428     
  1.389089465849765E-004   86.3003663508445     
  1.401521573854285E-004   86.3003660694766     
  1.414064947053190E-004   86.3003657830498     
  1.426720581250528E-004   86.3003654914731     
  1.439489481162621E-004   86.3003651946539     
  1.452372660497824E-004   86.3003648924981     
  1.465371142037006E-004   86.3003645849095     
  1.478485957714747E-004   86.3003642717906     
  1.491718148701259E-004   86.3003639530418     
  1.505068765485046E-004   86.3003636285621     
  1.518538867956303E-004   86.3003632982482     
  1.532129525491053E-004   86.3003629619955     
  1.545841817036052E-004   86.3003626196969     
  1.559676831194437E-004   86.3003622712440     
  1.573635666312155E-004   86.3003619165259     
  1.587719430565158E-004   86.3003615554301     
  1.601929242047376E-004   86.3003611878419     
  1.616266228859488E-004   86.3003608136446     
  1.630731529198475E-004   86.3003604327193     
  1.645326291447981E-004   86.3003600449450     
  1.660051674269486E-004   86.3003596501986     
  1.674908846694285E-004   86.3003592483549     
  1.689898988216301E-004   86.3003588392860     
  1.705023288885719E-004   86.3003584228622     
  1.720282949403468E-004   86.3003579989513     
  1.735679181216539E-004   86.3003575674185     
  1.751213206614162E-004   86.3003571281268     
  1.766886258824841E-004   86.3003566809369     
  1.782699582114263E-004   86.3003562257065     
  1.798654431884072E-004   86.3003557622912     
  1.814752074771539E-004   86.3003552905438     
  1.830993788750115E-004   86.3003548103146     
  1.847380863230895E-004   86.3003543214509     
  1.863914599164973E-004   86.3003538237976     
  1.880596309146730E-004   86.3003533171967     
  1.897427317518039E-004   86.3003528014871     
  1.914408960473397E-004   86.3003522765052     
  1.931542586166013E-004   86.3003517420843     
  1.948829554814829E-004   86.3003511980547     
  1.966271238812510E-004   86.3003506442435     
  1.983869022834393E-004   86.3003500804750     
  2.001624303948421E-004   86.3003495065700     
  2.019538491726050E-004   86.3003489223464     
  2.037613008354153E-004   86.3003483276186     
  2.055849288747926E-004   86.3003477221977     
  2.074248780664809E-004   86.3003471058915     
  2.092812944819414E-004   86.3003464785043     
  2.111543254999497E-004   86.3003458398368     
  2.130441198182955E-004   86.3003451896863     
  2.149508274655879E-004   86.3003445278462     
  2.168745998131654E-004   86.3003438541064     
  2.188155895871142E-004   86.3003431682530     
  2.207739508803916E-004   86.3003424700680     
  2.227498391650606E-004   86.3003417593299     
  2.247434113046314E-004   86.3003410358129     
  2.267548255665156E-004   86.3003402992872     
  2.287842416345905E-004   86.3003395495191     
  2.308318206218758E-004   86.3003387862702     
  2.328977250833250E-004   86.3003380092984     
  2.349821190287298E-004   86.3003372183568     
  2.370851679357410E-004   86.3003364131943     
  2.392070387630053E-004   86.3003355935551     
  2.413478999634204E-004   86.3003347591791     
  2.435079214975077E-004   86.3003339098012     
  2.456872748469057E-004   86.3003330451517     
  2.478861330279835E-004   86.3003321649560     
  2.501046706055768E-004   86.3003312689347     
  2.523430637068457E-004   86.3003303568031     
  2.546014900352577E-004   86.3003294282717     
  2.568801288846955E-004   86.3003284830454     
  2.591791611536903E-004   86.3003275208243     
  2.614987693597841E-004   86.3003265413027     
  2.638391376540185E-004   86.3003255441695     
  2.662004518355552E-004   86.3003245291082     
  2.685828993664254E-004   86.3003234957963     
  2.709866693864131E-004   86.3003224439057     
  2.734119527280704E-004   86.3003213731024     
  2.758589419318670E-004   86.3003202830464     
  2.783278312614765E-004   86.3003191733914     
  2.808188167191985E-004   86.3003180437852     
  2.833320960615185E-004   86.3003168938689     
  2.858678688148083E-004   86.3003157232774     
  2.884263362911660E-004   86.3003145316390     
  2.910077016043973E-004   86.3003133185752     
  2.936121696861416E-004   86.3003120837009     
  2.962399473021402E-004   86.3003108266239     
  2.988912430686519E-004   86.3003095469450     
  3.015662674690145E-004   86.3003082442577     
  3.042652328703547E-004   86.3003069181485     
  3.069883535404481E-004   86.3003055681963     
  3.097358456647295E-004   86.3003041939722     
  3.125079273634556E-004   86.3003027950400     
  3.153048187090209E-004   86.3003013709553     
  3.181267417434297E-004   86.3002999212659     
  3.209739204959234E-004   86.3002984455116     
  3.238465810007659E-004   86.3002969432236     
  3.267449513151885E-004   86.3002954139248     
  3.296692615374944E-004   86.3002938571297     
  3.326197438253269E-004   86.3002922723438     
  3.355966324140993E-004   86.3002906590639     
  3.386001636355912E-004   86.3002890167776     
  3.416305759367100E-004   86.3002873449635     
  3.446881098984216E-004   86.3002856430906     
  3.477730082548493E-004   86.3002839106185     
  3.508855159125445E-004   86.3002821469970     
  3.540258799699292E-004   86.3002803516661     
  3.571943497369136E-004   86.3002785240557     
  3.603911767546873E-004   86.3002766635853     
  3.636166148156904E-004   86.3002747696641     
  3.668709199837604E-004   86.3002728416908     
  3.701543506144618E-004   86.3002708790530     
  3.734671673755959E-004   86.3002688811276     
  3.768096332678954E-004   86.3002668472800     
  3.801820136459039E-004   86.3002647768644     
  3.835845762390413E-004   86.3002626692232     
  3.870175911728594E-004   86.3002605236873     
  3.904813309904865E-004   86.3002583395753     
  3.939760706742639E-004   86.3002561161935     
  3.975020876675772E-004   86.3002538528359     
  4.010596618968816E-004   86.3002515487837     
  4.046490757939254E-004   86.3002492033054     
  4.082706143181714E-004   86.3002468156560     
  4.119245649794199E-004   86.3002443850774     
  4.156112178606339E-004   86.3002419107976     
  4.193308656409679E-004   86.3002393920310     
  4.230838036190038E-004   86.3002368279776     
  4.268703297361945E-004   86.3002342178234     
  4.306907446005163E-004   86.3002315607392     
  4.345453515103349E-004   86.3002288558815     
  4.384344564784830E-004   86.3002261023912     
  4.423583682565548E-004   86.3002232993939     
  4.463173983594175E-004   86.3002204459995     
  4.503118610899416E-004   86.3002175413019     
  4.543420735639537E-004   86.3002145843787     
  4.584083557354113E-004   86.3002115742908     
  4.625110304218044E-004   86.3002085100824     
  4.666504233297824E-004   86.3002053907804     
  4.708268630810132E-004   86.3002022153943     
  4.750406812382703E-004   86.3001989829157     
  4.792922123317568E-004   86.3001956923181     
  4.835817938856623E-004   86.3001923425564     
  4.879097664449591E-004   86.3001889325671     
  4.922764736024373E-004   86.3001854612671     
  4.966822620259826E-004   86.3001819275541     
  5.011274814860977E-004   86.3001783303061     
  5.056124848836700E-004   86.3001746683806     
  5.101376282779885E-004   86.3001709406147     
  5.147032709150103E-004   86.3001671458248     
  5.193097752558812E-004   86.3001632828056     
  5.239575070057110E-004   86.3001593503305     
  5.286468351426061E-004   86.3001553471507     
  5.333781319469627E-004   86.3001512719949     
  5.381517730310214E-004   86.3001471235690     
  5.429681373686869E-004   86.3001429005557     
  5.478276073256137E-004   86.3001386016139     
  5.527305686895625E-004   86.3001342253785     
  5.576774107010269E-004   86.3001297704596     
  5.626685260841349E-004   86.3001252354427     
  5.677043110778269E-004   86.3001206188875     
  5.727851654673126E-004   86.3001159193282     
  5.779114926158093E-004   86.3001111352722     
  5.830836994965647E-004   86.3001062652003     
  5.883021967251660E-004   86.3001013075661     
  5.935673985921382E-004   86.3000962607952     
  5.988797230958338E-004   86.3000911232849     
  6.042395919756182E-004   86.3000858934038     
  6.096474307453496E-004   86.3000805694911     
  6.151036687271613E-004   86.3000751498561     
  6.206087390855449E-004   86.3000696327778     
  6.261630788617381E-004   86.3000640165042     
  6.317671290084217E-004   86.3000582992518     
  6.374213344247252E-004   86.3000524792050     
  6.431261439915487E-004   86.3000465545157     
  6.488820106071968E-004   86.3000405233024     
  6.546893912233357E-004   86.3000343836499     
  6.605487468812686E-004   86.3000281336084     
  6.664605427485382E-004   86.3000217711932     
  6.724252481558548E-004   86.3000152943839     
  6.784433366343571E-004   86.3000087011237     
  6.845152859532050E-004   86.3000019893189     
  6.906415781575082E-004   86.2999951568381     
  6.968226996065962E-004   86.2999882015115     
  7.030591410126294E-004   86.2999811211306     
  7.093513974795567E-004   86.2999739134468     
  7.156999685424207E-004   86.2999665761713     
  7.221053582070150E-004   86.2999591069741     
  7.285680749898972E-004   86.2999515034833     
  7.350886319587593E-004   86.2999437632843     
  7.416675467731591E-004   86.2999358839193     
  7.483053417256179E-004   86.2999278628861     
  7.550025437830828E-004   86.2999196976375     
  7.617596846287638E-004   86.2999113855805     
  7.685773007043420E-004   86.2999029240758     
  7.754559332525583E-004   86.2998943104362     
  7.823961283601815E-004   86.2998855419265     
  7.893984370013615E-004   86.2998766157621     
  7.964634150813705E-004   86.2998675291086     
  8.035916234807359E-004   86.2998582790803     
  8.107836280997677E-004   86.2998488627399     
  8.180399999034849E-004   86.2998392770971     
  8.253613149669434E-004   86.2998295191081     
  8.327481545209706E-004   86.2998195856740     
  8.402011049983078E-004   86.2998094736406     
  8.477207580801675E-004   86.2997991797965     
  8.553077107432049E-004   86.2997887008731     
  8.629625653069124E-004   86.2997780335427     
  8.706859294814365E-004   86.2997671744177     
  8.784784164158235E-004   86.2997561200498     
  8.863406447466964E-004   86.2997448669288     
  8.942732386473677E-004   86.2997334114810     
  9.022768278773922E-004   86.2997217500688     
  9.103520478325629E-004   86.2997098789890     
  9.184995395953536E-004   86.2996977944720     
  9.267199499858143E-004   86.2996854926802     
  9.350139316129220E-004   86.2996729697071     
  9.433821429263896E-004   86.2996602215761     
  9.518252482689397E-004   86.2996472442390     
  9.603439179290464E-004   86.2996340335747     
  9.689388281941487E-004   86.2996205853881     
  9.776106614043398E-004   86.2996068954088     
  9.863601060065375E-004   86.2995929592895     
  9.951878566091389E-004   86.2995787726046     
  1.004094614037166E-003   86.2995643308493     
  1.013081085387901E-003   86.2995496294374     
  1.022147984087024E-003   86.2995346637005     
  1.031296029945250E-003   86.2995194288862     
  1.040525949215474E-003   86.2995039201567     
  1.049838474650427E-003   86.2994881325872     
  1.059234345560851E-003   86.2994720611642     
  1.068714307874189E-003   86.2994557007843     
  1.078279114193801E-003   86.2994390462523     
  1.087929523858721E-003   86.2994220922794     
  1.097666303003932E-003   86.2994048334819     
  1.107490224621190E-003   86.2993872643794     
  1.117402068620394E-003   86.2993693793926     
  1.127402621891500E-003   86.2993511728423     
  1.137492678366991E-003   86.2993326389469     
  1.147673039084908E-003   86.2993137718210     
  1.157944512252441E-003   86.2992945654735     
  1.168307913310095E-003   86.2992750138052     
  1.178764064996424E-003   86.2992551106076     
  1.189313797413347E-003   86.2992348495605     
  1.199957948092053E-003   86.2992142242300     
  1.210697362059487E-003   86.2991932280666     
  1.221532891905438E-003   86.2991718544030     
  1.232465397850223E-003   86.2991500964520     
  1.243495747812984E-003   86.2991279473044     
  1.254624817480585E-003   86.2991053999268     
  1.265853490377134E-003   86.2990824471595     
  1.277182657934128E-003   86.2990590817138     
  1.288613219561218E-003   86.2990352961700     
  1.300146082717614E-003   86.2990110829753     
  1.311782162984129E-003   86.2989864344407     
  1.323522384135864E-003   86.2989613427393     
  1.335367678215544E-003   86.2989357999033     
  1.347318985607516E-003   86.2989097978217     
  1.359377255112401E-003   86.2988833282377     
  1.371543444022420E-003   86.2988563827460     
  1.383818518197391E-003   86.2988289527902     
  1.396203452141412E-003   86.2988010296602     
  1.408699229080219E-003   86.2987726044891     
  1.421306841039248E-003   86.2987436682506     
  1.434027288922390E-003   86.2987142117564     
  1.446861582591449E-003   86.2986842256527     
  1.459810740946316E-003   86.2986537004177     
  1.472875792005861E-003   86.2986226263583     
  1.486057772989539E-003   86.2985909936072     
  1.499357730399741E-003   86.2985587921198     
  1.512776720104870E-003   86.2985260116707     
  1.526315807423168E-003   86.2984926418509     
  1.539976067207287E-003   86.2984586720640     
  1.553758583929624E-003   86.2984240915234     
  1.567664451768414E-003   86.2983888892484     
  1.581694774694597E-003   86.2983530540609     
  1.595850666559459E-003   86.2983165745818     
  1.610133251183060E-003   86.2982794392276     
  1.624543662443454E-003   86.2982416362063     
  1.639083044366706E-003   86.2982031535142     
  1.653752551217712E-003   86.2981639789315     
  1.668553347591840E-003   86.2981241000189     
  1.683486608507382E-003   86.2980835041134     
  1.698553519498837E-003   86.2980421783245     
  1.713755276711033E-003   86.2980001095297     
  1.729093086994083E-003   86.2979572843707     
  1.744568167999199E-003   86.2979136892492     
  1.760181748275359E-003   86.2978693103222     
  1.775935067366838E-003   86.2978241334980     
  1.791829375911618E-003   86.2977781444314     
  1.807865935740669E-003   86.2977313285196     
  1.824046019978131E-003   86.2976836708969     
  1.840370913142381E-003   86.2976351564307     
  1.856841911248011E-003   86.2975857697162     
  1.873460321908719E-003   86.2975354950715     
  1.890227464441114E-003   86.2974843165331     
  1.907144669969460E-003   86.2974322178504     
  1.924213281531352E-003   86.2973791824805     
  1.941434654184333E-003   86.2973251935833     
  1.958810155113477E-003   86.2972702340159     
  1.976341163739926E-003   86.2972142863273     
  1.994029071830397E-003   86.2971573327526     
  2.011875283607680E-003   86.2970993552077     
  2.029881215862111E-003   86.2970403352833     
  2.048048298064052E-003   86.2969802542392     
  2.066377972477377E-003   86.2969190929985     
  2.084871694273967E-003   86.2968568321410     
  2.103530931649239E-003   86.2967934518976     
  2.122357165938701E-003   86.2967289321438     
  2.141351891735557E-003   86.2966632523934     
  2.160516617009356E-003   86.2965963917918     
  2.179852863225713E-003   86.2965283291096     
  2.199362165467096E-003   86.2964590427356     
  2.219046072554689E-003   86.2963885106703     
  2.238906147171359E-003   86.2963167105188     
  2.258943965985707E-003   86.2962436194833     
  2.279161119777247E-003   86.2961692143566     
  2.299559213562689E-003   86.2960934715139     
  2.320139866723362E-003   86.2960163669060     
  2.340904713133779E-003   86.2959378760514     
  2.361855401291338E-003   86.2958579740284     
  2.382993594447204E-003   86.2957766354673     
  2.404320970738352E-003   86.2956938345425     
  2.425839223320784E-003   86.2956095449640     
  2.447550060503957E-003   86.2955237399694     
  2.469455205886396E-003   86.2954363923151     
  2.491556398492534E-003   86.2953474742678     
  2.513855392910768E-003   86.2952569575957     
  2.536353959432754E-003   86.2951648135596     
  2.559053884193950E-003   86.2950710129036     
  2.581956969315413E-003   86.2949755258460     
  2.605065033046870E-003   86.2948783220697     
  2.628379909911065E-003   86.2947793707127     
  2.651903450849398E-003   86.2946786403583     
  2.675637523368874E-003   86.2945760990249     
  2.699584011690358E-003   86.2944717141564     
  2.723744816898162E-003   86.2943654526111     
  2.748121857090972E-003   86.2942572806519     
  2.772717067534122E-003   86.2941471639351     
  2.797532400813229E-003   86.2940350674999     
  2.822569826989215E-003   86.2939209557570     
  2.847831333754701E-003   86.2938047924773     
  2.873318926591809E-003   86.2936865407806     
  2.899034628931375E-003   86.2935661631241     
  2.924980482313591E-003   86.2934436212896     
  2.951158546550072E-003   86.2933188763726     
  2.977570899887391E-003   86.2931918887691     
  3.004219639172064E-003   86.2930626181630     
  3.031106880017015E-003   86.2929310235141     
  3.058234756969535E-003   86.2927970630442     
  3.085605423680741E-003   86.2926606942244     
  3.113221053076552E-003   86.2925218737613     
  3.141083837530190E-003   86.2923805575836     
  3.169195989036241E-003   86.2922367008275     
  3.197559739386249E-003   86.2920902578234     
  3.226177340345907E-003   86.2919411820805     
  3.255051063833817E-003   86.2917894262728     
  3.284183202101855E-003   86.2916349422233     
  3.313576067917148E-003   86.2914776808896     
  3.343231994745689E-003   86.2913175923477     
  3.373153336937582E-003   86.2911546257762     
  3.403342469913953E-003   86.2909887294409     
  3.433801790355532E-003   86.2908198506771     
  3.464533716392923E-003   86.2906479358744     
  3.495540687798576E-003   86.2904729304584     
  3.526825166180478E-003   86.2902947788742     
  3.558389635177578E-003   86.2901134245684     
  3.590236600656961E-003   86.2899288099715     
  3.622368590912781E-003   86.2897408764791     
  3.654788156866986E-003   86.2895495644340     
  3.687497872271829E-003   86.2893548131068     
  3.720500333914194E-003   86.2891565606766     
  3.753798161821757E-003   86.2889547442120     
  3.787393999470980E-003   86.2887492996504     
  3.821290513996982E-003   86.2885401617780     
  3.855490396405273E-003   86.2883272642095     
  3.889996361785392E-003   86.2881105393662     
  3.924811149526454E-003   86.2878899184556     
  3.959937523534630E-003   86.2876653314486     
  3.995378272452567E-003   86.2874367070582     
  4.031136209880777E-003   86.2872039727162     
  4.067214174601006E-003   86.2869670545505     
  4.103615030801598E-003   86.2867258773619     
  4.140341668304882E-003   86.2864803645996     
  4.177397002796597E-003   86.2862304383379     
  4.214783976057354E-003   86.2859760192505     
  4.252505556196190E-003   86.2857170265862     
  4.290564737886198E-003   86.2854533781426     
  4.328964542602271E-003   86.2851849902407     
  4.367708018860976E-003   86.2849117776980     
  4.406798242462570E-003   86.2846336538014     
  4.446238316735186E-003   86.2843505302802     
  4.486031372781199E-003   86.2840623172777     
  4.526180569725805E-003   86.2837689233228     
  4.566689094967818E-003   86.2834702553013     
  4.607560164432716E-003   86.2831662184260     
  4.648797022827945E-003   86.2828567162071     
  4.690402943900517E-003   86.2825416504212     
  4.732381230696909E-003   86.2822209210805     
  4.774735215825287E-003   86.2818944264011     
  4.817468261720073E-003   86.2815620627706     
  4.860583760908898E-003   86.2812237247153     
  4.904085136281915E-003   86.2808793048670     
  4.947975841363549E-003   86.2805286939289     
  4.992259360586665E-003   86.2801717806409     
  5.036939209569194E-003   86.2798084517445     
  5.082018935393231E-003   86.2794385919467     
  5.127502116886637E-003   86.2790620838839     
  5.173392364907158E-003   86.2786788080843     
  5.219693322629085E-003   86.2782886429306     
  5.266408665832482E-003   86.2778914646208     
  5.313542103195003E-003   86.2774871471298     
  5.361097376586320E-003   86.2770755621688     
  5.409078261365182E-003   86.2766565791451     
  5.457488566679142E-003   86.2762300651209     
  5.506332135766956E-003   86.2757958847708     
  5.555612846263694E-003   86.2753539003391     
  5.605334610508589E-003   86.2749039715965     
  5.655501375855619E-003   86.2744459557956     
  5.706117124986892E-003   86.2739797076254     
  5.757185876228830E-003   86.2735050791657     
  5.808711683871167E-003   86.2730219198404     
  5.860698638488829E-003   86.2725300763695     
  5.913150867266665E-003   86.2720293927207     
  5.966072534327114E-003   86.2715197100603     
  6.019467841060781E-003   86.2710008667029     
  6.073341026459983E-003   86.2704726980599     
  6.127696367455274E-003   86.2699350365881     
  6.182538179254995E-003   86.2693877117360     
  6.237870815687844E-003   86.2688305498905     
  6.293698669548526E-003   86.2682633743218     
  6.350026172946490E-003   86.2676860051272     
  6.406857797657794E-003   86.2670982591749     
  6.464198055480105E-003   86.2664999500456     
  6.522051498590894E-003   86.2658908879736     
  6.580422719908825E-003   86.2652708797873     
  6.639316353458379E-003   86.2646397288476     
  6.698737074737748E-003   86.2639972349861     
  6.758689601090021E-003   86.2633431944419     
  6.819178692077673E-003   86.2626773997968     
  6.880209149860440E-003   86.2619996399105     
  6.941785819576544E-003   86.2613096998533     
  7.003913589727350E-003   86.2606073608386     
  7.066597392565454E-003   86.2598924001534     
  7.129842204486253E-003   86.2591645910887     
  7.193653046423012E-003   86.2584237028672     
  7.258034984245472E-003   86.2576695005707     
  7.322993129162022E-003   86.2569017450662     
  7.388532638125475E-003   86.2561201929301     
  7.454658714242469E-003   86.2553245963715     
  7.521376607186537E-003   86.2545147031543     
  7.588691613614873E-003   86.2536902565171     
  7.656609077588829E-003   86.2528509950925     
  7.725134390998172E-003   86.2519966528247     
  7.794272993989137E-003   86.2511269588857     
  7.864030375396323E-003   86.2502416375894     
  7.934412073178434E-003   86.2493404083053     
  8.005423674857938E-003   86.2484229853697     
  8.077070817964657E-003   86.2474890779957     
  8.149359190483315E-003   86.2465383901815     
  8.222294531305109E-003   86.2455706206172     
  8.295882630683303E-003   86.2445854625900     
  8.370129330692927E-003   86.2435826038874     
  8.445040525694550E-003   86.2425617266989     
  8.520622162802248E-003   86.2415225075157     
  8.596880242355720E-003   86.2404646170295     
  8.673820818396665E-003   86.2393877200281     
  8.751449999149390E-003   86.2382914752900     
  8.829773947505750E-003   86.2371755354774     
  8.908798881514399E-003   86.2360395470266     
  8.988531074874441E-003   86.2348831500369     
  9.068976857433495E-003   86.2337059781571     
  9.150142615690204E-003   86.2325076584705     
  9.232034793301265E-003   86.2312878113778     
  9.314659891592967E-003   86.2300460504773     
  9.398024470077341E-003   86.2287819824437     
  9.482135146972905E-003   86.2274952069047     
  9.566998599730075E-003   86.2261853163147     
  9.652621565561275E-003   86.2248518958271     
  9.739010841975810E-003   86.2234945231637     
  9.826173287319504E-003   86.2221127684824     
  9.914115821319177E-003   86.2207061942422     
  1.000284542563200E-002   86.2192743550655     
  1.009236914439975E-002   86.2178167975986     
  1.018269408480804E-002   86.2163330603695     
  1.027382741765055E-002   86.2148226736429     
  1.036577637789833E-002   86.2132851592729     
  1.045854826527414E-002   86.2117200305532     
  1.055215044483197E-002   86.2101267920643     
  1.064659034754180E-002   86.2085049395185     
  1.074187547087944E-002   86.2068539596015     
  1.083801337942184E-002   86.2051733298120     
  1.093501170544757E-002   86.2034625182975     
  1.103287814954276E-002   86.2017209836882     
  1.113162048121247E-002   86.1999481749276     
  1.123124653949741E-002   86.1981435310994     
  1.133176423359641E-002   86.1963064812526     
  1.143318154349419E-002   86.1944364442226     
  1.153550652059496E-002   86.1925328284497     
  1.163874728836160E-002   86.1905950317938     
  1.174291204296054E-002   86.1886224413463     
  1.184800905391250E-002   86.1866144332389     
  1.195404666474894E-002   86.1845703724482     
  1.206103329367447E-002   86.1824896125979     
  1.216897743423516E-002   86.1803714957566     
  1.227788765599286E-002   86.1782153522327     
  1.238777260520546E-002   86.1760205003654     
  1.249864100551338E-002   86.1737862463120     
  1.261050165863208E-002   86.1715118838316     
  1.272336344505084E-002   86.1691966940653     
  1.283723532473778E-002   86.1668399453116     
  1.295212633785114E-002   86.1644408927990     
  1.306804560545702E-002   86.1619987784538     
  1.318500233025346E-002   86.1595128306645     
  1.330300579730105E-002   86.1569822640412     
  1.342206537476004E-002   86.1544062791718     
  1.354219051463407E-002   86.1517840623732     
  1.366339075352057E-002   86.1491147854385     
  1.378567571336785E-002   86.1463976053796     
  1.390905510223899E-002   86.1436316641657     
  1.403353871508251E-002   86.1408160884565     
  1.415913643451002E-002   86.1379499893316     
  1.428585823158079E-002   86.1350324620148     
  1.441371416659332E-002   86.1320625855932     
  1.454271438988401E-002   86.1290394227321     
  1.467286914263301E-002   86.1259620193849     
  1.480418875767725E-002   86.1228294044973     
  1.493668366033073E-002   86.1196405897068     
  1.507036436921220E-002   86.1163945690373     
  1.520524149708020E-002   86.1130903185879     
  1.534132575167562E-002   86.1097267962165     
  1.547862793657173E-002   86.1063029412179     
  1.561715895203194E-002   86.1028176739963     
  1.575692979587506E-002   86.0992698957325     
  1.589795156434850E-002   86.0956584880445     
  1.604023545300911E-002   86.0919823126433     
  1.618379275761206E-002   86.0882402109819     
  1.632863487500751E-002   86.0844310038989     
  1.647477330404547E-002   86.0805534912553     
  1.662221964648863E-002   86.0766064515658     
  1.677098560793344E-002   86.0725886416230     
  1.692108299873939E-002   86.0684987961160     
  1.707252373496661E-002   86.0643356272415     
  1.722531983932191E-002   86.0600978243090     
  1.737948344211322E-002   86.0557840533387     
  1.753502678221258E-002   86.0513929566532     
  1.769196220802784E-002   86.0469231524614     
  1.785030217848290E-002   86.0423732344358     
  1.801005926400687E-002   86.0377417712826     
  1.817124614753202E-002   86.0330273063040     
  1.833387562550062E-002   86.0282283569539     
  1.849796060888088E-002   86.0233434143852     
  1.866351412419192E-002   86.0183709429896     
  1.883054931453792E-002   86.0133093799300     
  1.899907944065155E-002   86.0081571346649     
  1.916911788194671E-002   86.0029125884638     
  1.934067813758075E-002   85.9975740939159     
  1.951377382752608E-002   85.9921399744295     
  1.968841869365151E-002   85.9866085237230     
  1.986462660081316E-002   85.9809780053077     
  2.004241153795520E-002   85.9752466519619     
  2.022178761922039E-002   85.9694126651954     
  2.040276908507063E-002   85.9634742147061     
  2.058537030341743E-002   85.9574294378268     
  2.076960577076262E-002   85.9512764389629     
  2.095549011334919E-002   85.9450132890207     
  2.114303808832246E-002   85.9386380248259     
  2.133226458490157E-002   85.9321486485333     
  2.152318462556162E-002   85.9255431270253     
  2.171581336722623E-002   85.9188193913014     
  2.191016610247082E-002   85.9119753358574     
  2.210625826073670E-002   85.9050088180543     
  2.230410540955599E-002   85.8979176574762     
  2.250372325578749E-002   85.8906996352784     
  2.270512764686365E-002   85.8833524935243     
  2.290833457204866E-002   85.8758739345115     
  2.311336016370784E-002   85.8682616200869     
  2.332022069858836E-002   85.8605131709501     
  2.352893259911144E-002   85.8526261659462     
  2.373951243467608E-002   85.8445981413465     
  2.395197692297453E-002   85.8364265901172     
  2.416634293131944E-002   85.8281089611772     
  2.438262747798299E-002   85.8196426586423     
  2.460084773354790E-002   85.8110250410592     
  2.482102102227060E-002   85.8022534206248     
  2.504316482345663E-002   85.7933250623947     
  2.526729677284820E-002   85.7842371834782     
  2.549343466402437E-002   85.7749869522204     
  2.572159644981362E-002   85.7655714873710     
  2.595180024371910E-002   85.7559878572403     
  2.618406432135666E-002   85.7462330788414     
  2.641840712190570E-002   85.7363041170186     
  2.665484724957306E-002   85.7261978835624     
  2.689340347506999E-002   85.7159112363099     
  2.713409473710232E-002   85.7054409782317     
  2.737694014387399E-002   85.6947838565036     
  2.762195897460402E-002   85.6839365615642     
  2.786917068105708E-002   85.6728957261580     
  2.811859488908774E-002   85.6616579243627     
  2.837025140019851E-002   85.6502196706022     
  2.862416019311192E-002   85.6385774186435     
  2.888034142535656E-002   85.6267275605790     
  2.913881543486739E-002   85.6146664257920     
  2.939960274160031E-002   85.6023902799072     
  2.966272404916128E-002   85.5898953237246     
  2.992820024644987E-002   85.5771776921371     
  3.019605240931769E-002   85.5642334530321     
  3.046630180224151E-002   85.5510586061758     
  3.073896988001147E-002   85.5376490820810     
  3.101407828943434E-002   85.5240007408577     
  3.129164887105199E-002   85.5101093710467     
  3.157170366087538E-002   85.4959706884352     
  3.185426489213386E-002   85.4815803348556     
  3.213935499704033E-002   85.4669338769658     
  3.242699660857209E-002   85.4520268050118     
  3.271721256226759E-002   85.4368545315719     
  3.301002589803940E-002   85.4214123902831     
  3.330545986200324E-002   85.4056956345480     
  3.360353790832356E-002   85.3896994362242     
  3.390428370107542E-002   85.3734188842934     
  3.420772111612327E-002   85.3568489835127     
  3.451387424301634E-002   85.3399846530459     
  3.482276738690115E-002   85.3228207250754     
  3.513442507045099E-002   85.3053519433950     
  3.544887203581282E-002   85.2875729619823     
  3.576613324657151E-002   85.2694783435518     
  3.608623388973160E-002   85.2510625580874     
  3.640919937771697E-002   85.2323199813552     
  3.673505535038823E-002   85.2132448933953     
  3.706382767707826E-002   85.1938314769936     
  3.739554245864596E-002   85.1740738161330     
  3.773022602954835E-002   85.1539658944232     
  3.806790495993124E-002   85.1335015935102     
  3.840860605773860E-002   85.1126746914646     
  3.875235637084083E-002   85.0914788611487     
  3.909918318918202E-002   85.0699076685622     
  3.944911404694650E-002   85.0479545711670     
  3.980217672474474E-002   85.0256129161899     
  4.015839925181884E-002   85.0028759389044     
  4.051780990826769E-002   84.9797367608907     
  4.088043722729213E-002   84.9561883882738     
  4.124630999746016E-002   84.9322237099399     
  4.161545726499245E-002   84.9078354957316     
  4.198790833606825E-002   84.8830163946205     
  4.236369277915202E-002   84.8577589328586     
  4.274284042734078E-002   84.8320555121076     
  4.312538138073255E-002   84.8058984075459     
  4.351134600881604E-002   84.7792797659551     
  4.390076495288147E-002   84.7521916037831     
  4.429366912845333E-002   84.7246258051867     
  4.469008972774463E-002   84.6965741200516     
  4.509005822213324E-002   84.6680281619917     
  4.549360636466034E-002   84.6389794063258     
  4.590076619255132E-002   84.6094191880340     
  4.631157002975912E-002   84.5793386996919     
  4.672605048953039E-002   84.5487289893844     
  4.714424047699468E-002   84.5175809585975     
  4.756617319177667E-002   84.4858853600908     
  4.799188213063189E-002   84.4536327957478     
  4.842140109010597E-002   84.4208137144074     
  4.885476416921773E-002   84.3874184096737     
  4.929200577216625E-002   84.3534370177076     
  4.973316061106218E-002   84.3188595149979     
  5.017826370868349E-002   84.2836757161131     
  5.062735040125589E-002   84.2478752714355     
  5.108045634125814E-002   84.2114476648755     
  5.153761750025246E-002   84.1743822115690     
  5.199887017174025E-002   84.1366680555567     
  5.246425097404345E-002   84.0982941674466     
  5.293379685321153E-002   84.0592493420600     
  5.340754508595466E-002   84.0195221960610     
  5.388553328260308E-002   83.9791011655717     
  5.436779939009289E-002   83.9379745037718     
  5.485438169497865E-002   83.8961302784843     
  5.534531882647287E-002   83.8535563697481     
  5.584064975951281E-002   83.8102404673783     
  5.634041381785453E-002   83.7661700685136     
  5.684465067719492E-002   83.7213324751542     
  5.735340036832139E-002   83.6757147916891     
  5.786670328028987E-002   83.6293039224139     
  5.838460016363135E-002   83.5820865690412     
  5.890713213358689E-002   83.5340492282041     
  5.943434067337180E-002   83.4851781889529     
  5.996626763746894E-002   83.4354595302486     
  6.050295525495145E-002   83.3848791184514     
  6.104444613283529E-002   83.3334226048082     
  6.159078325946179E-002   83.2810754229386     
  6.214201000791041E-002   83.2278227863222     
  6.269817013944211E-002   83.1736496857873     
  6.325930780697345E-002   83.1185408870037     
  6.382546755858193E-002   83.0624809279813     
  6.439669434104252E-002   83.0054541165749     
  6.497303350339599E-002   82.9474445279982     
  6.555453080054911E-002   82.8884360023494     
  6.614123239690704E-002   82.8284121421480     
  6.673318487003833E-002   82.7673563098877     
  6.733043521437262E-002   82.7052516256058     
  6.793303084493148E-002   82.6420809644715     
  6.854101960109263E-002   82.5778269543962     
  6.915444975038788E-002   82.5124719736673     
  6.977336999233504E-002   82.4459981486091     
  7.039782946230400E-002   82.3783873512720     
  7.102787773541774E-002   82.3096211971542     
  7.166356483048787E-002   82.2396810429581     
  7.230494121398560E-002   82.1685479843842     
  7.295205780404831E-002   82.0962028539659     
  7.360496597452175E-002   82.0226262189482     
  7.426371755903864E-002   81.9477983792144     
  7.492836485513367E-002   81.8716993652624     
  7.559896062839527E-002   81.7943089362372     
  7.627555811665475E-002   81.7156065780199     
  7.695821103421265E-002   81.6355715013795     
  7.764697357610310E-002   81.5541826401915     
  7.834190042239642E-002   81.4714186497255     
  7.904304674253984E-002   81.3872579050079     
  7.975046819973763E-002   81.3016784992646     
  8.046422095536999E-002   81.2146582424455     
  8.118436167345165E-002   81.1261746598397     
  8.191094752513034E-002   81.0362049907823     
  8.264403619322562E-002   80.9447261874613     
  8.338368587680817E-002   80.8517149138275     
  8.412995529582019E-002   80.7571475446143     
  8.488290369573714E-002   80.6610001644726     
  8.564259085227106E-002   80.5632485672268     
  8.640907707611627E-002   80.4638682552573     
  8.718242321773716E-002   80.3628344390174     
  8.796269067219922E-002   80.2601220366890     
  8.874994138404303E-002   80.1557056739852     
  8.954423785220195E-002   80.0495596841063     
  9.034564313496390E-002   79.9416581078560     
  9.115422085497747E-002   79.8319746939254     
  9.197003520430284E-002   79.7204828993526     
  9.279315094950785E-002   79.6071558901647     
  9.362363343680992E-002   79.4919665422110     
  9.446154859726356E-002   79.3748874421956     
  9.530696295199484E-002   79.2558908889173     
  9.615994361748215E-002   79.1349488947262     
  9.702055831088476E-002   79.0120331872048     
  9.788887535541857E-002   78.8871152110846     
  9.876496368578042E-002   78.7601661304053     
  9.964889285362057E-002   78.6311568309279     
  0.100540733033064        78.5000579228121     
  0.101440555026284        78.3668397435656     
  0.102348430269117        78.2314723612785     
  0.103264430836740        78.0939255781523     
  0.104188629449392        77.9541689343343     
  0.105121099478143        77.8121717120684     
  0.106061914950720        77.6679029401752     
  0.107011150557389        77.5213313988712     
  0.107968881656879        77.3724256249407     
  0.108935184282365        77.2211539172715     
  0.109910135147507        77.0674843427674     
  0.110893811652540        76.9113847426510     
  0.111886291890416        76.7528227391681     
  0.112887654653005        76.5917657427085     
  0.113897979437352        76.4281809593566     
  0.114917346451985        76.2620353988843     
  0.115945836623286        76.0932958832019     
  0.116983531601912        75.9219290552803     
  0.118030513769282        75.7479013885591     
  0.119086866244110        75.5711791968554     
  0.120152672889013        75.3917286447883     
  0.121228018317159        75.2095157587345     
  0.122312987898993        75.0245064383291     
  0.123407667769008        74.8366664685293     
  0.124512144832587        74.6459615322544     
  0.125626506772900        74.4523572236193     
  0.126750842057867        74.2558190617776     
  0.127885239947181        74.0563125053892     
  0.129029790499391        73.8538029677304     
  0.130184584579056        73.6482558324608     
  0.131349713863958        73.4396364700657     
  0.132525270852377        73.2279102549885     
  0.133711348870439        73.0130425834702     
  0.134908042079519        72.7949988921134     
  0.136115445483723        72.5737446771862     
  0.137333654937426        72.3492455146825     
  0.138562767152882        72.1214670811555     
  0.139802879707904        71.8903751753409     
  0.141054091053610        71.6559357405850     
  0.142316500522236        71.4181148880938     
  0.143590208335027        71.1768789210198     
  0.144875315610188        70.9321943594011     
  0.146171924370915        70.6840279659667     
  0.147480137553495        70.4323467728265     
  0.148800059015476        70.1771181090555     
  0.150131793543912        69.9183096291900     
  0.151475446863685        69.6558893426476     
  0.152831125645893        69.3898256440838     
  0.154198937516326        69.1200873446979     
  0.155578991064002        68.8466437044991     
  0.156971395849793        68.5694644655452     
  0.158376262415124        68.2885198861614     
  0.159793702290742        68.0037807761508     
  0.161223828005579        67.7152185330031     
  0.162666753095678        67.4228051791095     
  0.164122592113213        67.1265133999897     
  0.165591460635576        66.8263165835348     
  0.167073475274560        66.5221888602720     
  0.168568753685611        66.2141051446507     
  0.170077414577172        65.9020411773517     
  0.171599577720105        65.5859735686197     
  0.173135363957200        65.2658798426151     
  0.174684895212771        64.9417384827809     
  0.176248294502330        64.6135289782200     
  0.177825685942358        64.2812318710729     
  0.179417194760158        63.9448288048872     
  0.181022947303794        63.6043025739654     
  0.182643071052124        63.2596371736764     
  0.184277694624917        62.9108178517143     
  0.185926947793070        62.5578311602839     
  0.187590961488905        62.2006650091906     
  0.189269867816566        61.8393087198099     
  0.190963800062505        61.4737530799080     
  0.192672892706065        61.1039903992819     
  0.194397281430156        60.7300145661850     
  0.196137103132026        60.3518211045003     
  0.197892495934130        59.9694072316196     
  0.199663599195094        59.5827719169840     
  0.201450553520779        59.1919159412364     
  0.203253500775446        58.7968419559351     
  0.205072584093015        58.3975545437692     
  0.206907947888428        57.9940602792180     
  0.208759737869118        57.5863677895868     
  0.210628101046573        57.1744878163512     
  0.212513185748008        56.7584332767356     
  0.214415141628141        56.3382193254467     
  0.216334119681073        55.9138634164792     
  0.218270272252277        55.4853853649045     
  0.220223753050691        55.0528074085504     
  0.222194717160920        54.6161542694717     
  0.224183321055550        54.1754532151094     
  0.226189722607569        53.7307341190290     
  0.228214081102901        53.2820295211232     
  0.230256557253052        52.8293746871602     
  0.232317313207866        52.3728076675518     
  0.234396512568400        51.9123693552110     
  0.236494320399914        51.4481035423619     
  0.238610903244971        50.9800569761625     
  0.240746429136662        50.5082794129899     
  0.242901067611945        50.0328236712383     
  0.245074989725102        49.5537456824688     
  0.247268368061324        49.0711045407502     
  0.249481376750408        48.5849625500191     
  0.251714191480581        48.0953852692873     
  0.253966989512450        47.6024415555166     
  0.256239949693075        47.1062036039765     
  0.258533252470163        46.6067469858977     
  0.260847079906398        46.1041506832259     
  0.263181615693894        45.5984971202808     
  0.265537045168776        45.0898721921177     
  0.267913555325895        44.5783652893875     
  0.270311334833674        44.0640693194860     
  0.272730574049085        43.5470807237834     
  0.275171465032762        43.0274994907187     
  0.277634201564247        42.5054291645449     
  0.280118979157376        41.9809768495079     
  0.282625995075800        41.4542532092421     
  0.285155448348644        40.9253724611639     
  0.287707539786311        40.3944523656471     
  0.290282471996419        39.8616142097624     
  0.292880449399890        39.3269827853675     
  0.295501678247180        38.7906863613362     
  0.298146366634647        38.2528566497168     
  0.300814724521077        37.7136287656172     
  0.303506963744350        37.1731411806161     
  0.306223298038258        36.6315356695094     
  0.308963943049473        36.0889572502047     
  0.311729116354666        35.5455541165880     
  0.314519037477784        35.0014775641931     
  0.317333927907472        34.4568819085180     
  0.320174011114662        33.9119243958408     
  0.323039512570310        33.3667651064037     
  0.325930659763299        32.8215668498446     
  0.328847682218496        32.2764950527740     
  0.331790811514977        31.7317176384101     
  0.334760281304411        31.1874048982022     
  0.337756327329606        30.6437293553931     
  0.340779187443230        30.1008656204925     
  0.343829101626687        29.5589902386513     
  0.346906312009177        29.0182815289561     
  0.350011062886911        28.4789194156811     
  0.353143600742509        27.9410852515659     
  0.356304174264568        27.4049616332117     
  0.359493034367404        26.8707322087169     
  0.362710434210973        26.3385814777041     
  0.365956629220967        25.8086945839197     
  0.369231877109095        25.2812571006194     
  0.372536437893539        24.7564548089853     
  0.375870573919600        24.2344734698545     
  0.379234549880523        23.7154985890720     
  0.382628632838510        23.1997151768179     
  0.386053092245925        22.6873075012913     
  0.389508199966682        22.1784588371724     
  0.392994230297831        21.6733512093180     
  0.396511459991332        21.1721651321836     
  0.400060168276026        20.6750793454999     
  0.403640636879804        20.1822705467690     
  0.407253150051972        19.6939131211799     
  0.410897994585819        19.2101788695778     
  0.414575459841383        18.7312367351566     
  0.418285837768422        18.2572525295748     
  0.422029422929596        17.7883886592287     
  0.425806512523847        17.3248038524441     
  0.429617406409999        16.8666528883782     
  0.433462407130556        16.4140863284463     
  0.437341819935728        15.9672502511133     
  0.441255952807657        15.5262859909107     
  0.445205116484877        15.0913298825544     
  0.449189624486972        14.6625130110584     
  0.453209793139476        14.2399609687449     
  0.457265941598977        13.8237936200623     
  0.461358391878462        13.4141248751243     
  0.465487468872877        13.0110624728828     
  0.469653500384921        12.6147077748402     
  0.473856817151069        12.2251555702006     
  0.478097752867831        11.8424938933379     
  0.482376644218242        11.4668038544461     
  0.486693830898590        11.0981594842052     
  0.491049655645388        10.7366275932700     
  0.495444464262579        10.3822676473506     
  0.499878605648992        10.0351316586138     
  0.504352431826037        9.69526409408546     
  0.508866297965658        9.36270180168337     
  0.513420562418524        9.03747395445223     
  0.518015586742478        8.71960201350812     
  0.522651735731245        8.40909971013321     
  0.527329377443391        8.10597304738758     
  0.532048883231538        7.81022032152784     
  0.536810627771853        7.52183216344014     
  0.541614989093786        7.24079160020910     
  0.546462348610087        6.96707413685530     
  0.551353091147083        6.70064785818062     
  0.556287604975228        6.44147355056612     
  0.561266281839930        6.18950484346997     
  0.566289516992650        5.94468837027395     
  0.571357709222280        5.70696394802798     
  0.576471260886802        5.47626477554259     
  0.581630577945234        5.25251764918022     
  0.586836069989854        5.03564319559898     
  0.592088150278720        4.82555612060676     
  0.597387235768479        4.62216547319135     
  0.602733747147465        4.42537492370349     
  0.608128108869100        4.23508305508530     
  0.613570749185590        4.05118366595752     
  0.619062100181922        3.87356608430640     
  0.624602597810172        3.70211549044461     
  0.630192681924105        3.53671324786196     
  0.635832796314107        3.37723724053153     
  0.641523388742404        3.22356221519503     
  0.647264910978621        3.07556012711916     
  0.653057818835639        2.93310048779206     
  0.658902572205786        2.79605071301737     
  0.664799635097345        2.66427646986170     
  0.670749475671393        2.53764202092049     
  0.676752566278967        2.41601056438808     
  0.682809383498561        2.29924456844892     
  0.688920408173966        2.18720609854885     
  0.695086125452441        2.07975713615913     
  0.701307024823225        1.97675988770842     
  0.707583600156404        1.87807708243206     
  0.713916349742112        1.78357225797041     
  0.720305776330094        1.69311003263984     
  0.726752387169617        1.60655636339963     
  0.733256694049742        1.52377878864492     
  0.739819213339950        1.44464665506901     
  0.746440466031139        1.36903132795665     
  0.753120977776988        1.29680638439242     
  0.759861278935679        1.22784778899373     
  0.766661904612011        1.16203405190514     
  0.773523394699877        1.09924636891835     
  0.780446293925126        1.03936874370921     
  0.787431151888805       0.982288092307979     
  0.794478523110800       0.927894330040689     
  0.801588967073848       0.876080441297027     
  0.808763048267961       0.826742532591416     
  0.816001336235238       0.779779869489326     
  0.823304405615080       0.735094898067962     
  0.830672836189811       0.692593251669301     
  0.838107212930704       0.652183743782723     
  0.845608126044423       0.613778347963782     
  0.853176171019879       0.577292165754240     
  0.860811948675506       0.542643383616132     
  0.868516065206955       0.509753219928832     
  0.876289132235224       0.478545863122962     
  0.884131766855213       0.448948402038394     
  0.892044591684712       0.420890749595723     
  0.900028234913831       0.394305560861863     
  0.908083330354873       0.369128146571092     
  0.916210517492650       0.345296383133730     
  0.924410441535251       0.322750620126163     
  0.932683753465266       0.301433586209121     
  0.941031110091462       0.281290294366666     
  0.949453174100935       0.262267947297378     
  0.957950614111709       0.244315843722661     
  0.966524104725827       0.227385286305997     
  0.975174326582900       0.211429491802531     
  0.983901966414145       0.196403503981482     
  0.992707717096904       0.182264109785865     
   1.00159227770965       0.168969759115727     
   1.01055635358749       0.156480488543644     
   1.01960065637814       0.144757849195590     
   1.02872590409846       0.133764838957276     
   1.03793282119144       0.123465839096519     
   1.04722213858367       0.113826555326854     
   1.05659459374345       0.104813963277034     
   1.06605093073926       9.639625827582131E-002
   1.07559190029889       8.854280931192839E-002
   1.08521825986898       8.122411698543580E-002
   1.09493077367522       7.441177522971298E-002
   1.10473021278297       6.807843655180827E-002
   1.11461735515847       6.219778051454448E-002
   1.12459298573067       5.674448516496060E-002
   1.13465789645345       5.169420110114657E-002
   1.14481288636856       4.702352786262581E-002
   1.15505876166903       4.270999232791824E-002
   1.16539633576319       3.873202880638130E-002
   1.17582642933921       3.506896051940202E-002
   1.18634987043029       3.170098217806486E-002
   1.19696749448039       2.860914337998612E-002
   1.20768014441052       2.577533256661121E-002
   1.21848867068571       2.318226130334590E-002
   1.22939393138249       2.081344866793707E-002
   1.24039679225704       1.865320555699397E-002
   1.25149812681389       1.668661874596649E-002
   1.26269881637530       1.489953456378498E-002
   1.27399975015119       1.327854206928683E-002
   1.28540182530977       1.181095564209454E-002
   1.29690594704874       1.048479692540470E-002
   1.30851302866717       9.288776081873061E-003
   1.32022399163798       8.212272346156220E-003
   1.33203976568113       7.245313878458519E-003
   1.34396128883741       6.378556942442075E-003
   1.35598950754289       5.603264447940601E-003
   1.36812537670410       4.911283913966192E-003
   1.38036985977381       4.295024920448193E-003
   1.39272392882752       3.747436127964082E-003
   1.40518856464064       3.261981953422501E-003
   1.41776475676635       2.832618996273710E-003
   1.43045350361416       2.453772314421130E-003
   1.44325581252915       2.120311651678553E-003
   1.45617269987200       1.827527719474579E-003
   1.46920519109960       1.571108634678139E-003
   1.48235432084653       1.347116613051877E-003
   1.49562113300715       1.151965014089028E-003
   1.50900668081851       9.823958280177800E-004
   1.52251202694393       8.354576897340329E-004
   1.53613824355740       7.084844975191175E-004
   1.54988641242865       5.990747067842456E-004
   1.56375762500909       5.050713609253719E-004
   1.57775298251841       4.245429128335634E-004
   1.59187359603204       3.557648818421123E-004
   1.60612058656934       2.972023820501105E-004
   1.62049508518257       2.474935491792285E-004
   1.63499823304674       2.054338845220926E-004
   1.64963118155017       1.699615262399511E-004
   1.66439509238590       1.401434503641268E-004
   1.67929113764392       1.151625964365787E-004
   1.69432049990422       9.430590586162265E-005
   1.70948437233067       7.695325479150775E-005
   1.72478395876577       6.256725777674324E-005
   1.74022047382618       5.068391350762537E-005
   1.75579514299916       4.090405977275051E-005
   1.77150920273988       3.288560126707936E-005
   1.78736390056958       2.633647108819428E-005
   1.80336049517457       2.100828464571055E-005
   1.81950025650620       1.669064324668077E-005
   1.83578446588165       1.320604377206969E-005
   1.85221441608569       1.040535058173206E-005
   1.86879141147325       8.163786027814671E-006
   1.88551676807305       6.377396664852122E-006
   1.90239181369200       4.959953361868855E-006
   1.91941788802067       3.840244988844703E-006
   1.93659634273963       2.959727108007278E-006
   1.95392854162674       2.270489091603962E-006
   1.97141586066544       1.733505256137751E-006
   1.98905968815399       1.317137895543476E-006
