                                                  

     Z,SCF,CCSD
   1.679,   -127.5049183,   -128.2887284
   1.629,   -127.5053838,   -128.2916995
   1.579,   -127.5049504,   -128.2938586
   1.529,   -127.5034354,   -128.2949460
   1.479,   -127.5006098,   -128.2946522
   1.429,   -127.4961776,   -128.2925797
   1.379,   -127.4897460,   -128.2882522
   1.329,   -127.4807932,   -128.2810720
   1.279,   -127.4686337,   -128.2703024
   1.229,   -127.4523775,   -128.2550128
   1.179,   -127.4308798,   -128.2340288
                                                  
