                                                  

          SCF,CCSD
        0.00000,        0.00000
        0.00000,        0.00000
        0.00000,        0.00000
        0.00000,        0.00000
        0.00000,        0.00000
        0.00000,        0.00000
        0.00000,        0.00000
        0.00000,        0.00000
        0.00000,        0.00000
        0.00000,        0.00000
        0.00000,        0.00000
        0.00000,        0.00000
   -17811.71201,   -17814.47240
                                                  
