  1.215775037524561E-006  -4112558.08783814     
  1.226830421750313E-006  -4075498.03053856     
  1.237986335693001E-006  -4038771.93396054     
  1.249243693497602E-006  -4002376.78867097     
  1.260603417621676E-006  -3966309.61235576     
  1.272066438910944E-006  -3930567.44957544     
  1.283633696675570E-006  -3895147.37152305     
  1.295306138767131E-006  -3860046.47578407     
  1.307084721656284E-006  -3825261.88609863     
  1.318970410511143E-006  -3790790.75212580     
  1.330964179276365E-006  -3756630.24921005     
  1.343067010752962E-006  -3722777.57814977     
  1.355279896678832E-006  -3689229.96496792     
  1.367603837810021E-006  -3655984.66068467     
  1.380039844002736E-006  -3623038.94109222     
  1.392588934296086E-006  -3590390.10653150     
  1.405252136995594E-006  -3558035.48167098     
  1.418030489757448E-006  -3525972.41528748     
  1.430925039673541E-006  -3494198.28004885     
  1.443936843357265E-006  -3462710.47229874     
  1.457066967030092E-006  -3431506.41184324     
  1.470316486608951E-006  -3400583.54173941     
  1.483686487794382E-006  -3369939.32808581     
  1.497178066159505E-006  -3339571.25981484     
  1.510792327239798E-006  -3309476.84848699     
  1.524530386623681E-006  -3279653.62808689     
  1.538393370043933E-006  -3250099.15482129     
  1.552382413469940E-006  -3220811.00691881     
  1.566498663200774E-006  -3191786.78443142     
  1.580743275959129E-006  -3163024.10903789     
  1.595117418986103E-006  -3134520.62384880     
  1.609622270136845E-006  -3106273.99321349     
  1.624259017977073E-006  -3078281.90252862     
  1.639028861880466E-006  -3050542.05804854     
  1.653933012126946E-006  -3023052.18669731     
  1.668972690001851E-006  -2995810.03588244     
  1.684149127896008E-006  -2968813.37331033     
  1.699463569406722E-006  -2942059.98680331     
  1.714917269439678E-006  -2915547.68411842     
  1.730511494311769E-006  -2889274.29276773     
  1.746247521854867E-006  -2863237.65984032     
  1.762126641520526E-006  -2837435.65182591     
  1.778150154485646E-006  -2811866.15443997     
  1.794319373759094E-006  -2786527.07245053     
  1.810635624289298E-006  -2761416.32950645     
  1.827100243072811E-006  -2736531.86796729     
  1.843714579263874E-006  -2711871.64873472     
  1.860479994284967E-006  -2687433.65108541     
  1.877397861938365E-006  -2663215.87250544     
  1.894469568518716E-006  -2639216.32852624     
  1.911696512926634E-006  -2615433.05256194     
  1.929080106783329E-006  -2591864.09574825     
  1.946621774546280E-006  -2568507.52678275     
  1.964322953625958E-006  -2545361.43176665     
  1.982185094503613E-006  -2522423.91404795     
  2.000209660850127E-006  -2499693.09406601     
  2.018398129645952E-006  -2477167.10919755     
  2.036751991302144E-006  -2454844.11360403     
  2.055272749782477E-006  -2432722.27808038     
  2.073961922726699E-006  -2410799.78990512     
  2.092821041574877E-006  -2389074.85269180     
  2.111851651692896E-006  -2367545.68624183     
  2.131055312499086E-006  -2346210.52639861     
  2.150433597592007E-006  -2325067.62490291     
  2.169988094879394E-006  -2304115.24924969     
  2.189720406708272E-006  -2283351.68254609     
  2.209632149996258E-006  -2262775.22337074     
  2.229724956364056E-006  -2242384.18563438     
  2.250000472269157E-006  -2222176.89844165     
  2.270460359140750E-006  -2202151.70595419     
  2.291106293515870E-006  -2182306.96725499     
  2.311939967176771E-006  -2162641.05621386     
  2.332963087289563E-006  -2143152.36135425     
  2.354177376544093E-006  -2123839.28572115     
  2.375584573295115E-006  -2104700.24675026     
  2.397186431704728E-006  -2085733.67613832     
  2.418984721886122E-006  -2066938.01971454     
  2.440981230048625E-006  -2048311.73731334     
  2.463177758644066E-006  -2029853.30264805     
  2.485576126514476E-006  -2011561.20318591     
  2.508178169041131E-006  -1993433.94002409     
  2.530985738294940E-006  -1975470.02776690     
  2.554000703188216E-006  -1957667.99440404     
  2.577224949627819E-006  -1940026.38118999     
  2.600660380669686E-006  -1922543.74252450     
  2.624308916674781E-006  -1905218.64583407     
  2.648172495466446E-006  -1888049.67145466     
  2.672253072489201E-006  -1871035.41251527     
  2.696552620968965E-006  -1854174.47482268     
  2.721073132074761E-006  -1837465.47674726     
  2.745816615081871E-006  -1820907.04910967     
  2.770785097536482E-006  -1804497.83506873     
  2.795980625421825E-006  -1788236.49001020     
  2.821405263325837E-006  -1772121.68143665     
  2.847061094610328E-006  -1756152.08885818     
  2.872950221581709E-006  -1740326.40368432     
  2.899074765663249E-006  -1724643.32911672     
  2.925436867568917E-006  -1709101.58004295     
  2.952038687478797E-006  -1693699.88293113     
  2.978882405216097E-006  -1678436.97572562     
  3.005970220425769E-006  -1663311.60774360     
  3.033304352754756E-006  -1648322.53957257     
  3.060887042033876E-006  -1633468.54296879     
  3.088720548461358E-006  -1618748.40075665     
  3.116807152788046E-006  -1604160.90672890     
  3.145149156504296E-006  -1589704.86554787     
  3.173748882028561E-006  -1575379.09264744     
  3.202608672897700E-006  -1561182.41413605     
  3.231730893959008E-006  -1547113.66670045     
  3.261117931564005E-006  -1533171.69751042     
  3.290772193763975E-006  -1519355.36412426     
  3.320696110507288E-006  -1505663.53439523     
  3.350892133838518E-006  -1492095.08637872     
  3.381362738099372E-006  -1478648.90824035     
  3.412110420131440E-006  -1465323.89816486     
  3.443137699480794E-006  -1452118.96426582     
  3.474447118604449E-006  -1439033.02449616     
  3.506041243078693E-006  -1426065.00655950     
  3.537922661809324E-006  -1413213.84782228     
  3.570093987243787E-006  -1400478.49522669     
  3.602557855585245E-006  -1387857.90520440     
  3.635316927008598E-006  -1375351.04359101     
  3.668373885878466E-006  -1362956.88554132     
  3.701731440969149E-006  -1350674.41544537     
  3.735392325686595E-006  -1338502.62684521     
  3.769359298292378E-006  -1326440.52235241     
  3.803635142129723E-006  -1314487.11356634     
  3.838222665851578E-006  -1302641.42099320     
  3.873124703650757E-006  -1290902.47396573     
  3.908344115492190E-006  -1279269.31056369     
  3.943883787347273E-006  -1267740.97753502     
  3.979746631430350E-006  -1256316.53021773     
  4.015935586437346E-006  -1244995.03246252     
  4.052453617786579E-006  -1233775.55655603     
  4.089303717861747E-006  -1222657.18314485     
  4.126488906257133E-006  -1211639.00116016     
  4.164012230025044E-006  -1200720.10774311     
  4.201876763925485E-006  -1189899.60817081     
  4.240085610678122E-006  -1179176.61578301     
  4.278641901216521E-006  -1168550.25190946     
  4.317548794944710E-006  -1158019.64579792     
  4.356809479996062E-006  -1147583.93454277     
  4.396427173494547E-006  -1137242.26301435     
  4.436405121818345E-006  -1126993.78378883     
  4.476746600865867E-006  -1116837.65707884     
  4.517454916324189E-006  -1106773.05066459     
  4.558533403939929E-006  -1096799.13982571     
  4.599985429792585E-006  -1086915.10727368     
  4.641814390570366E-006  -1077120.14308483     
  4.684023713848518E-006  -1067413.44463399     
  4.726616858370195E-006  -1057794.21652871     
  4.769597314329873E-006  -1048261.67054410     
  4.812968603659350E-006  -1038815.02555822     
  4.856734280316338E-006  -1029453.50748811     
  4.900897930575686E-006  -1020176.34922630     
  4.945463173323248E-006  -1010982.79057801     
  4.990433660352426E-006  -1001872.07819881     
  5.035813076663405E-006  -992843.465532938     
  5.081605140765114E-006  -983896.212752081     
  5.127813604979927E-006  -975029.586694774     
  5.174442255751142E-006  -966242.860806319     
  5.221494913953250E-006  -957535.315079246     
  5.268975435205028E-006  -948906.235994317     
  5.316887710185476E-006  -940354.916462060     
  5.365235664952637E-006  -931880.655764822     
  5.414023261265301E-006  -923482.759499356     
  5.463254496907642E-006  -915160.539519917     
  5.512933406016814E-006  -906913.313881874     
  5.563064059413512E-006  -898740.406785830     
  5.613650564935550E-006  -890641.148522246     
  5.664697067774460E-006  -882614.875416562     
  5.716207750815174E-006  -874660.929774813     
  5.768186834978766E-006  -866778.659829739     
  5.820638579568341E-006  -858967.419687373     
  5.873567282618032E-006  -851226.569274119     
  5.926977281245215E-006  -843555.474284301     
  5.980872952005890E-006  -835953.506128184     
  6.035258711253311E-006  -828420.041880471     
  6.090139015499875E-006  -820954.464229253     
  6.145518361782295E-006  -813556.161425429     
  6.201401288030110E-006  -806224.527232575     
  6.257792373437524E-006  -798958.960877271     
  6.314696238838641E-006  -791758.866999867     
  6.372117547086107E-006  -784623.655605703     
  6.430061003433205E-006  -777552.742016757     
  6.488531355919403E-006  -770545.546823741     
  6.547533395759427E-006  -763601.495838622     
  6.607071957735868E-006  -756720.020047565     
  6.667151920595352E-006  -749900.555564316     
  6.727778207448322E-006  -743142.543583988     
  6.788955786172447E-006  -736445.430337275     
  6.850689669819703E-006  -729808.667045073     
  6.912984917027163E-006  -723231.709873513     
  6.975846632431499E-006  -716714.019889397     
  7.039279967087289E-006  -710255.063016037     
  7.103290118889093E-006  -703854.309989489     
  7.167882332997389E-006  -697511.236315187     
  7.233061902268377E-006  -691225.322224964     
  7.298834167687678E-006  -684996.052634457     
  7.365204518808008E-006  -678822.917100906     
  7.432178394190792E-006  -672705.409781321     
  7.499761281851830E-006  -666643.029391034     
  7.567958719710984E-006  -660635.279162626     
  7.636776296045988E-006  -654681.666805215     
  7.706219649950349E-006  -648781.704464118     
  7.776294471795441E-006  -642934.908680878     
  7.847006503696785E-006  -637140.800353644     
  7.918361539984566E-006  -631398.904697915     
  7.990365427678453E-006  -625708.751207634     
  8.063024066966700E-006  -620069.873616633     
  8.136343411689639E-006  -614481.809860424     
  8.210329469827537E-006  -608944.102038343     
  8.284988303992923E-006  -603456.296376021     
  8.360326031927360E-006  -598017.943188203     
  8.436348827002760E-006  -592628.596841903     
  8.513062918727238E-006  -587287.815719880     
  8.590474593255582E-006  -581995.162184461     
  8.668590193904344E-006  -576750.202541669     
  8.747416121671649E-006  -571552.507005694     
  8.826958835761685E-006  -566401.649663670     
  8.907224854114010E-006  -561297.208440776     
  8.988220753937634E-006  -556238.765065650     
  9.069953172249977E-006  -551225.905036115     
  9.152428806420727E-006  -546258.217585214     
  9.235654414720636E-006  -541335.295647548     
  9.319636816875310E-006  -536456.735825925     
  9.404382894624042E-006  -531622.138358300     
  9.489899592283712E-006  -526831.107085019     
  9.576193917317826E-006  -522083.249416358     
  9.663272940910726E-006  -517378.176300350     
  9.751143798547024E-006  -512715.502190908     
  9.839813690596293E-006  -508094.845016233     
  9.929289882903098E-006  -503515.826147500     
  1.001957970738237E-005  -498978.070367842     
  1.011069056262019E-005  -494481.205841593     
  1.020262991448010E-005  -490024.864083827     
  1.029540529671478E-005  -485608.679930161     
  1.038902431158350E-005  -481232.291506829     
  1.048349463047497E-005  -476895.340201035     
  1.057882399453602E-005  -472597.470631562     
  1.067502021530589E-005  -468338.330619655     
  1.077209117535634E-005  -464117.571160160     
  1.087004482893758E-005  -459934.846392928     
  1.096888920263005E-005  -455789.813574470     
  1.106863239600215E-005  -451682.133049878     
  1.116928258227392E-005  -447611.468224987     
  1.127084800898679E-005  -443577.485538798     
  1.137333699867941E-005  -439579.854436141     
  1.147675794956962E-005  -435618.247340591     
  1.158111933624259E-005  -431692.339627625     
  1.168642971034531E-005  -427801.809598024     
  1.179269770128726E-005  -423946.338451506     
  1.189993201694761E-005  -420125.610260607     
  1.200814144438869E-005  -416339.311944795     
  1.211733485057607E-005  -412587.133244809     
  1.222752118310513E-005  -408868.766697242     
  1.233870947093426E-005  -405183.907609343     
  1.245090882512470E-005  -401532.254034049     
  1.256412843958712E-005  -397913.506745246     
  1.267837759183501E-005  -394327.369213248     
  1.279366564374492E-005  -390773.547580497     
  1.291000204232356E-005  -387251.750637486     
  1.302739632048191E-005  -383761.689798894     
  1.314585809781641E-005  -380303.079079943     
  1.326539708139719E-005  -376875.635072957     
  1.338602306656351E-005  -373479.076924144     
  1.350774593772639E-005  -370113.126310583     
  1.363057566917857E-005  -366777.507417411     
  1.375452232591186E-005  -363471.946915228     
  1.387959606444186E-005  -360196.173937699     
  1.400580713364022E-005  -356949.920059354     
  1.413316587557445E-005  -353732.919273599     
  1.426168272635542E-005  -350544.907970915     
  1.439136821699245E-005  -347385.624917255     
  1.452223297425633E-005  -344254.811232643     
  1.465428772155003E-005  -341152.210369958     
  1.478754327978746E-005  -338077.568093910     
  1.492201056828012E-005  -335030.632460211     
  1.505770060563190E-005  -332011.153794928     
  1.519462451064195E-005  -329018.884674024     
  1.533279350321579E-005  -326053.579903084     
  1.547221890528467E-005  -323114.996497223     
  1.561291214173337E-005  -320202.893661174     
  1.575488474133635E-005  -317317.032769559     
  1.589814833770247E-005  -314457.177347334     
  1.604271467022824E-005  -311623.093050410     
  1.618859558505982E-005  -308814.547646454     
  1.633580303606371E-005  -306031.310995856     
  1.648434908580628E-005  -303273.155032872     
  1.663424590654220E-005  -300539.853746937     
  1.678550578121186E-005  -297831.183164141     
  1.693814110444791E-005  -295146.921328880     
  1.709216438359087E-005  -292486.848285669     
  1.724758823971400E-005  -289850.746061114     
  1.740442540865757E-005  -287238.398646054     
  1.756268874207238E-005  -284649.591977858     
  1.772239120847294E-005  -282084.113922889     
  1.788354589430009E-005  -279541.754259115     
  1.804616600499336E-005  -277022.304658887     
  1.821026486607307E-005  -274525.558671868     
  1.837585592423220E-005  -272051.311708114     
  1.854295274843834E-005  -269599.361021309     
  1.871156903104549E-005  -267169.505692155     
  1.888171858891607E-005  -264761.546611905     
  1.905341536455314E-005  -262375.286466046     
  1.922667342724283E-005  -260010.529718137     
  1.940150697420726E-005  -257667.082593779     
  1.957793033176788E-005  -255344.753064741     
  1.975595795651941E-005  -253043.350833222     
  1.993560443651446E-005  -250762.687316262     
  2.011688449245888E-005  -248502.575630282     
  2.029981297891806E-005  -246262.830575776     
  2.048440488553410E-005  -244043.268622135     
  2.067067533825417E-005  -241843.707892603     
  2.085863960056990E-005  -239663.968149381     
  2.104831307476815E-005  -237503.870778850     
  2.123971130319311E-005  -235363.238776942     
  2.143284996951986E-005  -233241.896734629     
  2.162774490003957E-005  -231139.670823557     
  2.182441206495631E-005  -229056.388781796     
  2.202286757969570E-005  -226991.879899727     
  2.222312770622546E-005  -224945.975006053     
  2.242520885438798E-005  -222918.506453937     
  2.262912758324492E-005  -220909.308107263     
  2.283490060243416E-005  -218918.215327028     
  2.304254477353902E-005  -216945.064957841     
  2.325207711146994E-005  -214989.695314563     
  2.346351478585873E-005  -213051.946169055     
  2.367687512246545E-005  -211131.658737047     
  2.389217560459821E-005  -209228.675665126     
  2.410943387454574E-005  -207342.841017846     
  2.432866773502306E-005  -205474.000264949     
  2.454989515063029E-005  -203622.000268699     
  2.477313424932471E-005  -201786.689271337     
  2.499840332390619E-005  -199967.916882645     
  2.522572083351621E-005  -198165.534067622     
  2.545510540515038E-005  -196379.393134270     
  2.568657583518483E-005  -194609.347721498     
  2.592015109091644E-005  -192855.252787119     
  2.615585031211701E-005  -191116.964595974     
  2.639369281260170E-005  -189394.340708149     
  2.663369808181163E-005  -187687.239967304     
  2.687588578641086E-005  -185995.522489107     
  2.712027577189795E-005  -184319.049649770     
  2.736688806423221E-005  -182657.684074693     
  2.761574287147457E-005  -181011.289627204     
  2.786686058544356E-005  -179379.731397402     
  2.812026178338625E-005  -177762.875691110     
  2.837596722966443E-005  -176160.590018910     
  2.863399787745601E-005  -174572.743085294     
  2.889437487047208E-005  -172999.204777900     
  2.915711954468944E-005  -171439.846156853     
  2.942225343009892E-005  -169894.539444201     
  2.968979825246959E-005  -168363.158013439     
  2.995977593512907E-005  -166845.576379139     
  3.023220860075995E-005  -165341.670186663     
  3.050711857321260E-005  -163851.316201977     
  3.078452837933444E-005  -162374.392301547     
  3.106446075081582E-005  -160910.777462339     
  3.134693862605278E-005  -159460.351751897     
  3.163198515202662E-005  -158022.996318516     
  3.191962368620065E-005  -156598.593381506     
  3.220987779843418E-005  -155187.026221537     
  3.250277127291385E-005  -153788.179171077     
  3.279832811010261E-005  -152401.937604914     
  3.309657252870638E-005  -151028.187930761     
  3.339752896765854E-005  -149666.817579951     
  3.370122208812262E-005  -148317.714998211     
  3.400767677551299E-005  -146980.769636521     
  3.431691814153412E-005  -145655.871942055     
  3.462897152623827E-005  -144342.913349207     
  3.494386250010190E-005  -143041.786270690     
  3.526161686612102E-005  -141752.384088722     
  3.558226066192552E-005  -140474.601146293     
  3.590582016191280E-005  -139208.332738502     
  3.623232187940073E-005  -137953.475103978     
  3.656179256880021E-005  -136709.925416383     
  3.689425922780758E-005  -135477.581775977     
  3.722974909961676E-005  -134256.343201277     
  3.756828967515173E-005  -133046.109620776     
  3.790990869531917E-005  -131846.781864746     
  3.825463415328160E-005  -130658.261657111     
  3.860249429675125E-005  -129480.451607394     
  3.895351763030475E-005  -128313.255202736     
  3.930773291771884E-005  -127156.576799990     
  3.966516918432738E-005  -126010.321617879     
  4.002585571939975E-005  -124874.395729233     
  4.038982207854088E-005  -123748.706053294     
  4.075709808611315E-005  -122633.160348082     
  4.112771383768023E-005  -121527.667202845     
  4.150169970247322E-005  -120432.136030561     
  4.187908632587916E-005  -119346.477060519     
  4.225990463195226E-005  -118270.601330964     
  4.264418582594776E-005  -117204.420681803     
  4.303196139687917E-005  -116147.847747386     
  4.342326312009836E-005  -115100.795949342     
  4.381812305989947E-005  -114063.179489489     
  4.421657357214622E-005  -113034.913342800     
  4.461864730692338E-005  -112015.913250438     
  4.502437721121202E-005  -111006.095712851     
  4.543379653158946E-005  -110005.377982930     
  4.584693881695344E-005  -109013.678059226     
  4.626383792127128E-005  -108030.914679236     
  4.668452800635395E-005  -107057.007312740     
  4.710904354465535E-005  -106091.876155201     
  4.753741932209709E-005  -105135.442121230     
  4.796969044091900E-005  -104187.626838103     
  4.840589232255539E-005  -103248.352639337     
  4.884606071053764E-005  -102317.542558332     
  4.929023167342313E-005  -101395.120322055     
  4.973844160775074E-005  -100481.010344800     
  5.019072724102335E-005  -99575.1377219859     
  5.064712563471734E-005  -98677.4282240238     
  5.110767418731948E-005  -97787.8082902322     
  5.157241063739154E-005  -96906.2050228101     
  5.204137306666261E-005  -96032.5461808630     
  5.251459990314965E-005  -95166.7601744838     
  5.299212992430642E-005  -94308.7760588861     
  5.347400226020093E-005  -93458.5235285910     
  5.396025639672192E-005  -92615.9329116662     
  5.445093217881440E-005  -91780.9351640166     
  5.494606981374467E-005  -90953.4618637270     
  5.544570987439503E-005  -90133.4452054550     
  5.594989330258837E-005  -89320.8179948753     
  5.645866141244312E-005  -88515.5136431734     
  5.697205589375860E-005  -87717.4661615890     
  5.749011881543115E-005  -86926.6101560089     
  5.801289262890149E-005  -86142.8808216085     
  5.854042017163315E-005  -85366.2139375414     
  5.907274467062279E-005  -84596.5458616769     
  5.960990974594233E-005  -83833.8135253851     
  6.015195941431323E-005  -83077.9544283688     
  6.069893809271341E-005  -82328.9066335423     
  6.125089060201679E-005  -81586.6087619560     
  6.180786217066619E-005  -80850.9999877665     
  6.236989843837927E-005  -80122.0200332528     
  6.293704545988859E-005  -79399.6091638770     
  6.350934970871526E-005  -78683.7081833892     
  6.408685808097723E-005  -77974.2584289769     
  6.466961789923196E-005  -77271.2017664581     
  6.525767691635434E-005  -76574.4805855178     
  6.585108331944947E-005  -75884.0377949866     
  6.644988573380143E-005  -75199.8168181635     
  6.705413322685762E-005  -74521.7615881788     
  6.766387531224957E-005  -73849.8165434007     
  6.827916195385015E-005  -73183.9266228819     
  6.890004356986783E-005  -72524.0372618480     
  6.952657103697793E-005  -71870.0943872263     
  7.015879569449178E-005  -71222.0444132146     
  7.079676934856344E-005  -70579.8342368909     
  7.144054427643494E-005  -69943.4112338612     
  7.209017323071993E-005  -69312.7232539481     
  7.274570944372642E-005  -68687.7186169168     
  7.340720663181872E-005  -68068.3461082409     
  7.407471899981926E-005  -67454.5549749051     
  7.474830124545004E-005  -66846.2949212469     
  7.542800856381487E-005  -66243.5161048350     
  7.611389665192219E-005  -65646.1691323851     
  7.680602171324893E-005  -65054.2050557126     
  7.750444046234606E-005  -64467.5753677214     
  7.820921012948598E-005  -63886.2319984294     
  7.892038846535194E-005  -63310.1273110292     
  7.963803374577039E-005  -62739.2140979852     
  8.036220477648639E-005  -62173.4455771643     
  8.109296089798202E-005  -61612.7753880036     
  8.183036199033911E-005  -61057.1575877106     
  8.257446847814592E-005  -60506.5466474988     
  8.332534133544848E-005  -59960.8974488572     
  8.408304209074692E-005  -59420.1652798530     
  8.484763283203734E-005  -58884.3058314677     
  8.561917621189949E-005  -58353.2751939661     
  8.639773545263061E-005  -57827.0298532990     
  8.718337435142599E-005  -57305.5266875366     
  8.797615728560690E-005  -56788.7229633356     
  8.877614921789557E-005  -56276.5763324373     
  8.958341570173859E-005  -55769.0448281974     
  9.039802288667844E-005  -55266.0868621474     
  9.122003752377400E-005  -54767.6612205865     
  9.204952697107028E-005  -54273.7270612044     
  9.288655919911796E-005  -53784.2439097348     
  9.373120279654303E-005  -53299.1716566388     
  9.458352697566714E-005  -52818.4705538179     
  9.544360157817901E-005  -52342.1012113573     
  9.631149708085756E-005  -51870.0245942981     
  9.718728460134677E-005  -51402.2020194386     
  9.807103590398340E-005  -50938.5951521645     
  9.896282340567751E-005  -50479.1660033076     
  9.986272018184645E-005  -50023.8769260332     
  1.007707999724029E-004  -49572.6906127547     
  1.016871371877974E-004  -49125.5700920769     
  1.026118069151154E-004  -48682.4787257664     
  1.035448849242306E-004  -48243.3802057493     
  1.044864476740132E-004  -47808.2385511360     
  1.054365723185956E-004  -47377.0181052730     
  1.063953367136943E-004  -46949.6835328208     
  1.073628194229899E-004  -46526.1998168587     
  1.083390997245644E-004  -46106.5322560153     
  1.093242576173978E-004  -45690.6464616251     
  1.103183738279234E-004  -45278.5083549104     
  1.113215298166424E-004  -44870.0841641889     
  1.123338077847995E-004  -44465.3404221064     
  1.133552906811184E-004  -44064.2439628944     
  1.143860622085987E-004  -43666.7619196522     
  1.154262068313750E-004  -43272.8617216541     
  1.164758097816382E-004  -42882.5110916801     
  1.175349570666190E-004  -42495.6780433711     
  1.186037354756366E-004  -42112.3308786081     
  1.196822325872095E-004  -41732.4381849144     
  1.207705367762324E-004  -41355.9688328818     
  1.218687372212178E-004  -40982.8919736198     
  1.229769239116034E-004  -40613.1770362277     
  1.240951876551263E-004  -40246.7937252894     
  1.252236200852637E-004  -39883.7120183913     
  1.263623136687419E-004  -39523.9021636615     
  1.275113617131132E-004  -39167.3346773328     
  1.286708583744015E-004  -38813.9803413259     
  1.298408986648180E-004  -38463.8102008556     
  1.310215784605467E-004  -38116.7955620580     
  1.322129945096006E-004  -37772.9079896394     
  1.334152444397497E-004  -37432.1193045461     
  1.346284267665207E-004  -37094.4015816554     
  1.358526409012696E-004  -36759.7271474874     
  1.370879871593279E-004  -36428.0685779372     
  1.383345667682227E-004  -36099.3986960278     
  1.395924818759712E-004  -35773.6905696833     
  1.408618355594515E-004  -35450.9175095216     
  1.421427318328487E-004  -35131.0530666679     
  1.434352756561779E-004  -34814.0710305870     
  1.447395729438854E-004  -34499.9454269358     
  1.460557305735272E-004  -34188.6505154346     
  1.473838563945269E-004  -33880.1607877584     
  1.487240592370134E-004  -33574.4509654462     
  1.500764489207386E-004  -33271.4959978296     
  1.514411362640759E-004  -32971.2710599804     
  1.528182330931018E-004  -32673.7515506764     
  1.542078522507584E-004  -32378.9130903851     
  1.556101076061006E-004  -32086.7315192663     
  1.570251140636266E-004  -31797.1828951922     
  1.584529875726934E-004  -31510.2434917858     
  1.598938451370181E-004  -31225.8897964765     
  1.613478048242657E-004  -30944.0985085732     
  1.628149857757236E-004  -30664.8465373555     
  1.642955082160641E-004  -30388.1110001811     
  1.657894934631968E-004  -30113.8692206111     
  1.672970639382087E-004  -29842.0987265515     
  1.688183431753964E-004  -29572.7772484121     
  1.703534558323884E-004  -29305.8827172814     
  1.719025277003603E-004  -29041.3932631183     
  1.734656857143421E-004  -28779.2872129602     
  1.750430579636197E-004  -28519.5430891468     
  1.766347737022308E-004  -28262.1396075604     
  1.782409633595568E-004  -28007.0556758814     
  1.798617585510096E-004  -27754.2703918604     
  1.814972920888173E-004  -27503.7630416055     
  1.831476979929071E-004  -27255.5130978842     
  1.848131115018867E-004  -27009.5002184422     
  1.864936690841269E-004  -26765.7042443360     
  1.881895084489433E-004  -26524.1051982812     
  1.899007685578814E-004  -26284.6832830155     
  1.916275896361030E-004  -26047.4188796764     
  1.933701131838766E-004  -25812.2925461935     
  1.951284819881726E-004  -25579.2850156957     
  1.969028401343633E-004  -25348.3771949321     
  1.986933330180300E-004  -25119.5501627074     
  2.005001073568766E-004  -24892.7851683319     
  2.023233112027527E-004  -24668.0636300844     
  2.041630939537847E-004  -24445.3671336901     
  2.060196063666181E-004  -24224.6774308113     
  2.078930005687714E-004  -24005.9764375525     
  2.097834300711011E-004  -23789.2462329780     
  2.116910497803809E-004  -23574.4690576440     
  2.136160160119957E-004  -23361.6273121427     
  2.155584865027499E-004  -23150.7035556609     
  2.175186204237932E-004  -22941.6805045503     
  2.194965783936631E-004  -22734.5410309114     
  2.214925224914468E-004  -22529.2681611900     
  2.235066162700622E-004  -22325.8450747864     
  2.255390247696596E-004  -22124.2551026769     
  2.275899145311462E-004  -21924.4817260482     
  2.296594536098321E-004  -21726.5085749435     
  2.317478115892019E-004  -21530.3194269212     
  2.338551595948103E-004  -21335.8982057257     
  2.359816703083049E-004  -21143.2289799699     
  2.381275179815760E-004  -20952.2959618298     
  2.402928784510353E-004  -20763.0835057510     
  2.424779291520245E-004  -20575.5761071662     
  2.446828491333547E-004  -20389.7584012254     
  2.469078190719783E-004  -20205.6151615361     
  2.491530212877937E-004  -20023.1312989161     
  2.514186397585858E-004  -19842.2918601571     
  2.537048601351011E-004  -19663.0820267989     
  2.560118697562602E-004  -19485.4871139157     
  2.583398576645096E-004  -19309.4925689125     
  2.606890146213119E-004  -19135.0839703326     
  2.630595331227770E-004  -18962.2470266760     
  2.654516074154362E-004  -18790.9675752281     
  2.678654335121592E-004  -18621.2315808995     
  2.703012092082159E-004  -18453.0251350757     
  2.727591340974838E-004  -18286.3344544773     
  2.752394095888041E-004  -18121.1458800309     
  2.777422389224850E-004  -17957.4458757495     
  2.802678271869560E-004  -17795.2210276234     
  2.828163813355733E-004  -17634.4580425213     
  2.853881102035782E-004  -17475.1437471006     
  2.879832245252096E-004  -17317.2650867283     
  2.906019369509720E-004  -17160.8091244110     
  2.932444620650607E-004  -17005.7630397349     
  2.959110164029456E-004  -16852.1141278156     
  2.986018184691143E-004  -16699.8497982563     
  3.013170887549774E-004  -16548.9575741167     
  3.040570497569354E-004  -16399.4250908905     
  3.068219259946117E-004  -16251.2400954921     
  3.096119440292494E-004  -16104.3904452526     
  3.124273324822766E-004  -15958.8641069249     
  3.152683220540408E-004  -15814.6491556972     
  3.181351455427121E-004  -15671.7337742168     
  3.210280378633601E-004  -15530.1062516206     
  3.239472360672031E-004  -15389.7549825764     
  3.268929793610327E-004  -15250.6684663315     
  3.298655091268153E-004  -15112.8353057703     
  3.328650689414711E-004  -14976.2442064806     
  3.358919045968340E-004  -14840.8839758279     
  3.389462641197920E-004  -14706.7435220382     
  3.420283977926113E-004  -14573.8118532894     
  3.451385581734453E-004  -14442.0780768105     
  3.482770001170293E-004  -14311.5313979886     
  3.514439807955649E-004  -14182.1611194852     
  3.546397597197925E-004  -14053.9566403587     
  3.578645987602564E-004  -13926.9074551964     
  3.611187621687640E-004  -13801.0031532534     
  3.644025166000382E-004  -13676.2334175995     
  3.677161311335683E-004  -13552.5880242739     
  3.710598772956593E-004  -13430.0568414474     
  3.744340290816809E-004  -13308.6298285920     
  3.778388629785201E-004  -13188.2970356585     
  3.812746579872366E-004  -13069.0486022609     
  3.847416956459252E-004  -12950.8747568683     
  3.882402600527859E-004  -12833.7658160046     
  3.917706378894034E-004  -12717.7121834548     
  3.953331184442387E-004  -12602.7043494783     
  3.989279936363341E-004  -12488.7328900304     
  4.025555580392338E-004  -12375.7884659895     
  4.062161089051221E-004  -12263.8618223919     
  4.099099461891809E-004  -12152.9437876737     
  4.136373725741689E-004  -12043.0252729188     
  4.173986934952244E-004  -11934.0972711147     
  4.211942171648931E-004  -11826.1508564140     
  4.250242545983840E-004  -11719.1771834031     
  4.288891196390549E-004  -11613.1674863775     
  4.327891289841297E-004  -11508.1130786233     
  4.367246022106489E-004  -11404.0053517057     
  4.406958618016569E-004  -11300.8357747633     
  4.447032331726273E-004  -11198.5958938092     
  4.487470446981279E-004  -11097.2773310383     
  4.528276277387288E-004  -10996.8717841407     
  4.569453166681551E-004  -10897.3710256213     
  4.611004489006858E-004  -10798.7669021261     
  4.652933649188031E-004  -10701.0513337732     
  4.695244083010922E-004  -10604.2163134918     
  4.737939257503948E-004  -10508.2539063652     
  4.781022671222190E-004  -10413.1562489811     
  4.824497854534075E-004  -10318.9155487868     
  4.868368369910662E-004  -10225.5240834512     
  4.912637812217563E-004  -10132.9742002317     
  4.957309809009507E-004  -10041.2583153470     
  5.002388020827607E-004  -9950.36891335609     
  5.047876141499301E-004  -9860.29854654187     
  5.093777898441038E-004  -9771.03983430131     
  5.140097052963713E-004  -9682.58546254043     
  5.186837400580879E-004  -9594.92818307506     
  5.234002771319760E-004  -9508.06081303685     
  5.281597030035097E-004  -9421.97623428474     
  5.329624076725841E-004  -9336.66739282162     
  5.378087846854723E-004  -9252.12729821636     
  5.426992311670754E-004  -9168.34902303096     
  5.476341478534621E-004  -9085.32570225293     
  5.526139391247072E-004  -9003.05053273272     
  5.576390130380271E-004  -8921.51677262627     
  5.627097813612172E-004  -8840.71774084257     
  5.678266596063931E-004  -8760.64681649616     
  5.729900670640391E-004  -8681.29743836467     
  5.782004268373657E-004  -8602.66310435108     
  5.834581658769797E-004  -8524.73737095101     
  5.887637150158699E-004  -8447.51385272466     
  5.941175090047109E-004  -8370.98622177359     
  5.995199865474868E-004  -8295.14820722222     
  6.049715903374407E-004  -8219.99359470395     
  6.104727670933500E-004  -8145.51622585192     
  6.160239675961312E-004  -8071.70999779444     
  6.216256467257786E-004  -7998.56886265484     
  6.272782634986383E-004  -7926.08682705593     
  6.329822811050205E-004  -7854.25795162887     
  6.387381669471559E-004  -7783.07635052649     
  6.445463926774944E-004  -7712.53619094099     
  6.504074342373549E-004  -7642.63169262597     
  6.563217718959240E-004  -7573.35712742279     
  6.622898902896112E-004  -7504.70681879120     
  6.683122784617611E-004  -7436.67514134419     
  6.743894299027270E-004  -7369.25652038701     
  6.805218425903086E-004  -7302.44543146036     
  6.867100190305580E-004  -7236.23639988774     
  6.929544662989560E-004  -7170.62400032681     
  6.992556960819628E-004  -7105.60285632484     
  7.056142247189482E-004  -7041.16763987814     
  7.120305732445008E-004  -6977.31307099544     
  7.185052674311232E-004  -6914.03391726531     
  7.250388378323147E-004  -6851.32499342734     
  7.316318198260474E-004  -6789.18116094724     
  7.382847536586357E-004  -6727.59732759581     
  7.449981844890053E-004  -6666.56844703168     
  7.517726624333656E-004  -6606.08951838776     
  7.586087426102871E-004  -6546.15558586145     
  7.655069851861897E-004  -6486.76173830861     
  7.724679554212442E-004  -6427.90310884105     
  7.794922237156906E-004  -6369.57487442781     
  7.865803656565791E-004  -6311.77225549985     
  7.937329620649345E-004  -6254.49051555849     
  8.009505990433503E-004  -6197.72496078723     
  8.082338680240165E-004  -6141.47093966715     
  8.155833658171812E-004  -6085.72384259576     
  8.229996946600566E-004  -6030.47910150925     
  8.304834622661668E-004  -5975.73218950818     
  8.380352818751463E-004  -5921.47862048657     
  8.456557723029893E-004  -5867.71394876425     
  8.533455579927584E-004  -5814.43376872258     
  8.611052690657523E-004  -5761.63371444345     
  8.689355413731400E-004  -5709.30945935154     
  8.768370165480636E-004  -5657.45671585976     
  8.848103420582162E-004  -5606.07123501792     
  8.928561712588962E-004  -5555.14880616459     
  9.009751634465457E-004  -5504.68525658203     
  9.091679839127747E-004  -5454.67645115427     
  9.174353039988768E-004  -5405.11829202829     
  9.257778011508408E-004  -5356.00671827823     
  9.341961589748620E-004  -5307.33770557260     
  9.426910672933596E-004  -5259.10726584454     
  9.512632222015017E-004  -5211.31144696502     
  9.599133261242453E-004  -5163.94633241898     
  9.686420878738951E-004  -5117.00804098444     
  9.774502227081854E-004  -5070.49272641442     
  9.863384523888907E-004  -5024.39657712177     
  9.953075052409673E-004  -4978.71581586687     
  1.004358116212235E-003  -4933.44669944809     
  1.013491026933603E-003  -4888.58551839507     
  1.022706985779836E-003  -4844.12859666476     
  1.032006747930882E-003  -4800.07229134017     
  1.041391075433752E-003  -4756.41299233190     
  1.050860737264966E-003  -4713.14712208229     
  1.060416509393564E-003  -4670.27113527228     
  1.070059174844687E-003  -4627.78151853088     
  1.079789523763749E-003  -4585.67479014730     
  1.089608353481175E-003  -4543.94749978564     
  1.099516468577740E-003  -4502.59622820214     
  1.109514680950499E-003  -4461.61758696503     
  1.119603809879314E-003  -4421.00821817685     
  1.129784682093992E-003  -4380.76479419933     
  1.140058131842022E-003  -4340.88401738065     
  1.150425000956944E-003  -4301.36261978528     
  1.160886138927326E-003  -4262.19736292618     
  1.171442402966373E-003  -4223.38503749943     
  1.182094658082173E-003  -4184.92246312123     
  1.192843777148572E-003  -4146.80648806733     
  1.203690640976707E-003  -4109.03398901474     
  1.214636138387178E-003  -4071.60187078582     
  1.225681166282878E-003  -4034.50706609461     
  1.236826629722492E-003  -3997.74653529554     
  1.248073441994658E-003  -3961.31726613434     
  1.259422524692804E-003  -3925.21627350117     
  1.270874807790667E-003  -3889.44059918607     
  1.282431229718495E-003  -3853.98731163652     
  1.294092737439948E-003  -3818.85350571722     
  1.305860286529691E-003  -3784.03630247206     
  1.317734841251699E-003  -3749.53284888818     
  1.329717374638271E-003  -3715.34031766222     
  1.341808868569760E-003  -3681.45590696863     
  1.354010313855036E-003  -3647.87684023005     
  1.366322710312672E-003  -3614.60036588984     
  1.378747066852870E-003  -3581.62375718659     
  1.391284401560139E-003  -3548.94431193067     
  1.403935741776714E-003  -3516.55935228282     
  1.416702124186745E-003  -3484.46622453472     
  1.429584594901240E-003  -3452.66229889153     
  1.442584209543789E-003  -3421.14496925642     
  1.455702033337064E-003  -3389.91165301697     
  1.468939141190107E-003  -3358.95979083361     
  1.482296617786410E-003  -3328.28684642985     
  1.495775557672796E-003  -3297.89030638449     
  1.509377065349111E-003  -3267.76767992561     
  1.523102255358726E-003  -3237.91649872653     
  1.536952252379874E-003  -3208.33431670351     
  1.550928191317798E-003  -3179.01870981534     
  1.565031217397754E-003  -3149.96727586466     
  1.579262486258857E-003  -3121.17763430119     
  1.593623164048769E-003  -3092.64742602659     
  1.608114427519263E-003  -3064.37431320120     
  1.622737464122647E-003  -3036.35597905243     
  1.637493472109064E-003  -3008.59012768497     
  1.652383660624685E-003  -2981.07448389260     
  1.667409249810786E-003  -2953.80679297180     
  1.682571470903732E-003  -2926.78482053698     
  1.697871566335864E-003  -2900.00635233737     
  1.713310789837312E-003  -2873.46919407561     
  1.728890406538725E-003  -2847.17117122791     
  1.744611693074942E-003  -2821.11012886589     
  1.760475937689599E-003  -2795.28393148000     
  1.776484440340697E-003  -2769.69046280451     
  1.792638512807117E-003  -2744.32762564413     
  1.808939478796118E-003  -2719.19334170212     
  1.825388674051798E-003  -2694.28555141001     
  1.841987446464553E-003  -2669.60221375886     
  1.858737156181526E-003  -2645.14130613195     
  1.875639175718059E-003  -2620.90082413913     
  1.892694890070162E-003  -2596.87878145248     
  1.909905696828005E-003  -2573.07320964361     
  1.927273006290435E-003  -2549.48215802235     
  1.944798241580546E-003  -2526.10369347689     
  1.962482838762289E-003  -2502.93590031540     
  1.980328246958149E-003  -2479.97688010901     
  1.998335928467888E-003  -2457.22475153631     
  2.016507358888371E-003  -2434.67765022914     
  2.034844027234481E-003  -2412.33372861983     
  2.053347436061133E-003  -2390.19115578983     
  2.072019101586393E-003  -2368.24811731964     
  2.090860553815727E-003  -2346.50281514018     
  2.109873336667370E-003  -2324.95346738540     
  2.129059008098839E-003  -2303.59830824633     
  2.148419140234597E-003  -2282.43558782630     
  2.167955319494877E-003  -2261.46357199766     
  2.187669146725678E-003  -2240.68054225957     
  2.207562237329941E-003  -2220.08479559727     
  2.227636221399918E-003  -2199.67464434248     
  2.247892743850751E-003  -2179.44841603512     
  2.268333464555258E-003  -2159.40445328627     
  2.288960058479945E-003  -2139.54111364237     
  2.309774215822261E-003  -2119.85676945060     
  2.330777642149095E-003  -2100.34980772555     
  2.351972058536535E-003  -2081.01863001702     
  2.373359201710899E-003  -2061.86165227902     
  2.394940824191044E-003  -2042.87730474004     
  2.416718694431974E-003  -2024.06403177433     
  2.438694596969753E-003  -2005.42029177450     
  2.460870332567731E-003  -1986.94455702517     
  2.483247718364107E-003  -1968.63531357777     
  2.505828588020829E-003  -1950.49106112650     
  2.528614791873847E-003  -1932.51031288541     
  2.551608197084736E-003  -1914.69159546654     
  2.574810687793698E-003  -1897.03344875919     
  2.598224165273950E-003  -1879.53442581028     
  2.621850548087519E-003  -1862.19309270581     
  2.645691772242462E-003  -1845.00802845332     
  2.669749791351496E-003  -1827.97782486546     
  2.694026576792089E-003  -1811.10108644464     
  2.718524117868000E-003  -1794.37643026862     
  2.743244421972284E-003  -1777.80248587722     
  2.768189514751789E-003  -1761.37789516006     
  2.793361440273135E-003  -1745.10131224518     
  2.818762261190217E-003  -1728.97140338885     
  2.844394058913222E-003  -1712.98684686623     
  2.870258933779184E-003  -1697.14633286307     
  2.896359005224093E-003  -1681.44856336840     
  2.922696411956564E-003  -1665.89225206814     
  2.949273312133095E-003  -1650.47612423974     
  2.976091883534903E-003  -1635.19891664768     
  3.003154323746385E-003  -1620.05937743997     
  3.030462850335191E-003  -1605.05626604560     
  3.058019701033935E-003  -1590.18835307285     
  3.085827133923564E-003  -1575.45442020857     
  3.113887427618390E-003  -1560.85326011834     
  3.142202881452805E-003  -1546.38367634755     
  3.170775815669696E-003  -1532.04448322336     
  3.199608571610569E-003  -1517.83450575751     
  3.228703511907409E-003  -1503.75257955010     
  3.258063020676277E-003  -1489.79755069412     
  3.287689503712670E-003  -1475.96827568093     
  3.317585388688662E-003  -1462.26362130654     
  3.347753125351831E-003  -1448.68246457878     
  3.378195185725997E-003  -1435.22369262525     
  3.408914064313792E-003  -1421.88620260215     
  3.439912278301056E-003  -1408.66890160390     
  3.471192367763110E-003  -1395.57070657358     
  3.502756895872896E-003  -1382.59054421420     
  3.534608449111006E-003  -1369.72735090076     
  3.566749637477627E-003  -1356.98007259304     
  3.599183094706413E-003  -1344.34766474932     
  3.631911478480297E-003  -1331.82909224069     
  3.664937470649270E-003  -1319.42332926630     
  3.698263777450142E-003  -1307.12935926930     
  3.731893129728291E-003  -1294.94617485349     
  3.765828283161444E-003  -1282.87277770083     
  3.800072018485474E-003  -1270.90817848961     
  3.834627141722275E-003  -1259.05139681338     
  3.869496484409682E-003  -1247.30146110064     
  3.904682903833499E-003  -1235.65740853519     
  3.940189283261637E-003  -1224.11828497727     
  3.976018532180371E-003  -1212.68314488536     
  4.012173586532749E-003  -1201.35105123869     
  4.048657408959181E-003  -1190.12107546050     
  4.085472989040193E-003  -1178.99229734191     
  4.122623343541415E-003  -1167.96380496652     
  4.160111516660766E-003  -1157.03469463573     
  4.197940580277918E-003  -1146.20407079465     
  4.236113634206008E-003  -1135.47104595870     
  4.274633806445644E-003  -1124.83474064095     
  4.313504253441223E-003  -1114.29428328000     
  4.352728160339579E-003  -1103.84881016861     
  4.392308741250983E-003  -1093.49746538287     
  4.432249239512513E-003  -1083.23940071212     
  4.472552927953821E-003  -1073.07377558940     
  4.513223109165322E-003  -1062.99975702263     
  4.554263115768812E-003  -1053.01651952630     
  4.595676310690557E-003  -1043.12324505386     
  4.637466087436854E-003  -1033.31912293067     
  4.679635870372108E-003  -1023.60334978761     
  4.722189114999433E-003  -1013.97512949519     
  4.765129308243801E-003  -1004.43367309837     
  4.808459968737778E-003  -994.978198751914     
  4.852184647109842E-003  -985.607931656272     
  4.896306926275335E-003  -976.322103994147     
  4.940830421730054E-003  -967.119954867556     
  4.985758781846518E-003  -958.000730235488     
  5.031095688172923E-003  -948.963682852117     
  5.076844855734817E-003  -940.008072205572     
  5.123010033339516E-003  -931.133164457266     
  5.169595003883303E-003  -922.338232381758     
  5.216603584661395E-003  -913.622555307168     
  5.264039627680746E-003  -904.985419056129     
  5.311907019975697E-003  -896.426115887262     
  5.360209683926482E-003  -887.943944437190     
  5.408951577580644E-003  -879.538209663067     
  5.458136694977360E-003  -871.208222785627     
  5.507769066474735E-003  -862.953301232745     
  5.557852759080046E-003  -854.772768583513     
  5.608391876783017E-003  -846.665954512809     
  5.659390560892100E-003  -838.632194736376     
  5.710852990373834E-003  -830.670830956393     
  5.762783382195268E-003  -822.781210807531     
  5.815185991669524E-003  -814.962687803502     
  5.868065112804482E-003  -807.214621284089     
  5.921425078654642E-003  -799.536376362649     
  5.975270261676185E-003  -791.927323874095     
  6.029605074085267E-003  -784.386840323342     
  6.084433968219566E-003  -776.914307834220     
  6.139761436903121E-003  -769.509114098846     
  6.195592013814475E-003  -762.170652327458     
  6.251930273858195E-003  -754.898321198692     
  6.308780833539735E-003  -747.691524810313     
  6.366148351343730E-003  -740.549672630392     
  6.424037528115731E-003  -733.472179448914     
  6.482453107447394E-003  -726.458465329836     
  6.541399876065192E-003  -719.507955563564     
  6.600882664222641E-003  -712.620080619865     
  6.660906346096118E-003  -705.794276101205     
  6.721475840184253E-003  -699.029982696502     
  6.782596109710964E-003  -692.326646135299     
  6.844272163032162E-003  -685.683717142354     
  6.906509054046150E-003  -679.100651392628     
  6.969311882607742E-003  -672.576909466697     
  7.032685794946169E-003  -666.111956806543     
  7.096635984086773E-003  -659.705263671765     
  7.161167690276533E-003  -653.356305096171     
  7.226286201413467E-003  -647.064560844769     
  7.291996853479941E-003  -640.829515371137     
  7.358305030979899E-003  -634.650657775191     
  7.425216167380103E-003  -628.527481761318     
  7.492735745555352E-003  -622.459485596899     
  7.560869298237766E-003  -616.446172071199     
  7.629622408470155E-003  -610.487048454630     
  7.699000710063507E-003  -604.581626458382     
  7.769009888058637E-003  -598.729422194417     
  7.839655679192033E-003  -592.929956135821     
  7.910943872365945E-003  -587.182753077521     
  7.982880309122732E-003  -581.487342097348     
  8.055470884123546E-003  -575.843256517455     
  8.128721545631349E-003  -570.250033866083     
  8.202638295998326E-003  -564.707215839671     
  8.277227192157744E-003  -559.214348265310     
  8.352494346120265E-003  -553.770981063527     
  8.428445925474778E-003  -548.376668211422     
  8.505088153893798E-003  -543.030967706113     
  8.582427311643442E-003  -537.733441528538     
  8.660469736098049E-003  -532.483655607557     
  8.739221822259492E-003  -527.281179784401     
  8.818690023281185E-003  -522.125587777423     
  8.898880850996885E-003  -517.016457147179     
  8.979800876454287E-003  -511.953369261819     
  9.061456730453466E-003  -506.935909262792     
  9.143855104090224E-003  -501.963666030857     
  9.227002749304384E-003  -497.036232152403     
  9.310906479433053E-003  -492.153203886077     
  9.395573169768927E-003  -487.314181129702     
  9.481009758123675E-003  -482.518767387506     
  9.567223245396437E-003  -477.766569737637     
  9.654220696147495E-003  -473.057198799976     
  9.742009239177164E-003  -468.390268704242     
  9.830596068109944E-003  -463.765397058375     
  9.919988441983987E-003  -459.182204917218     
  1.001019368584592E-002  -454.640316751471     
  1.010121919135108E-002  -450.139360416931     
  1.019307241736920E-002  -445.678967124005     
  1.028576089059561E-002  -441.258771407502     
  1.037929220616801E-002  -436.878411096696     
  1.047367402828880E-002  -432.537527285658     
  1.056891409085315E-002  -428.235764303859     
  1.066502019808271E-002  -423.972769687032     
  1.076200022516509E-002  -419.748194148308     
  1.085986211889921E-002  -415.561691549599     
  1.095861389834648E-002  -411.412918873248     
  1.105826365548788E-002  -407.301536193936     
  1.115881955588703E-002  -403.227206650835     
  1.126028983935933E-002  -399.189596420018     
  1.136268282064715E-002  -395.188374687118     
  1.146600689010114E-002  -391.223213620232     
  1.157027051436776E-002  -387.293788343071     
  1.167548223708306E-002  -383.399776908350     
  1.178165067957281E-002  -379.540860271419     
  1.188878454155889E-002  -375.716722264138     
  1.199689260187220E-002  -371.927049568978     
  1.210598371917202E-002  -368.171531693363     
  1.221606683267191E-002  -364.449860944241     
  1.232715096287221E-002  -360.761732402884     
  1.243924521229922E-002  -357.106843899920     
  1.255235876625104E-002  -353.484895990585     
  1.266650089355031E-002  -349.895591930201     
  1.278168094730364E-002  -346.338637649875     
  1.289790836566809E-002  -342.813741732419     
  1.301519267262452E-002  -339.320615388486     
  1.313354347875806E-002  -335.858972432924     
  1.325297048204555E-002  -332.428529261338     
  1.337348346865028E-002  -329.029004826869     
  1.349509231372389E-002  -325.660120617186     
  1.361780698221551E-002  -322.321600631673     
  1.374163752968839E-002  -319.013171358839     
  1.386659410314382E-002  -315.734561753919     
  1.399268694185265E-002  -312.485503216682     
  1.411992637819428E-002  -309.265729569443     
  1.424832283850335E-002  -306.074977035270     
  1.437788684392407E-002  -302.912984216388     
  1.450862901127241E-002  -299.779492072779     
  1.464056005390601E-002  -296.674243900976     
  1.477369078260208E-002  -293.596985313051     
  1.490803210644327E-002  -290.547464215788     
  1.504359503371159E-002  -287.525430790047     
  1.518039067279045E-002  -284.530637470317     
  1.531843023307492E-002  -281.562838924451     
  1.545772502589024E-002  -278.621792033585     
  1.559828646541872E-002  -275.707255872238     
  1.574012606963504E-002  -272.818991688597     
  1.588325546125004E-002  -269.956762884974     
  1.602768636866317E-002  -267.120334998442     
  1.617343062692348E-002  -264.309475681649     
  1.632050017869948E-002  -261.523954683805     
  1.646890707525771E-002  -258.763543831837     
  1.661866347745026E-002  -256.028017011719     
  1.676978165671126E-002  -253.317150149972     
  1.692227399606246E-002  -250.630721195328     
  1.707615299112791E-002  -247.968510100563     
  1.723143125115785E-002  -245.330298804492     
  1.738812150006201E-002  -242.715871214131     
  1.754623657745219E-002  -240.125013187017     
  1.770578943969441E-002  -237.557512513693     
  1.786679316097054E-002  -235.013158900344     
  1.802926093434970E-002  -232.491743951601     
  1.819320607286926E-002  -229.993061153492     
  1.835864201062579E-002  -227.516905856554     
  1.852558230387590E-002  -225.063075259093     
  1.869404063214701E-002  -222.631368390601     
  1.886403079935839E-002  -220.221586095319     
  1.903556673495216E-002  -217.833531015957     
  1.920866249503483E-002  -215.467007577548     
  1.938333226352900E-002  -213.121821971466     
  1.955959035333569E-002  -210.797782139576     
  1.973745120750714E-002  -208.494697758534     
  1.991692940043033E-002  -206.212380224229     
  2.009803963902124E-002  -203.950642636364     
  2.028079676392996E-002  -201.709299783184     
  2.046521575075680E-002  -199.488168126333     
  2.065131171127940E-002  -197.287065785860     
  2.083909989469105E-002  -195.105812525352     
  2.102859568885025E-002  -192.944229737207     
  2.121981462154160E-002  -190.802140428042     
  2.141277236174824E-002  -188.679369204233     
  2.160748472093576E-002  -186.575742257585     
  2.180396765434785E-002  -184.491087351132     
  2.200223726231372E-002  -182.425233805077     
  2.220230979156742E-002  -180.378012482842     
  2.240420163657908E-002  -178.349255777262     
  2.260792934089840E-002  -176.338797596898     
  2.281350959851020E-002  -174.346473352474     
  2.302095925520240E-002  -172.372119943438     
  2.323029530994642E-002  -170.415575744655     
  2.344153491629009E-002  -168.476680593204     
  2.365469538376328E-002  -166.555275775316     
  2.386979417929630E-002  -164.651204013414     
  2.408684892865113E-002  -162.764309453283     
  2.430587741786577E-002  -160.894437651357     
  2.452689759471170E-002  -159.041435562113     
  2.474992757016449E-002  -157.205151525592     
  2.497498561988792E-002  -155.385435255029     
  2.520209018573152E-002  -153.582137824596     
  2.543125987724174E-002  -151.795111657259     
  2.566251347318686E-002  -150.024210512748     
  2.589586992309579E-002  -148.269289475637     
  2.613134834881083E-002  -146.530204943529     
  2.636896804605457E-002  -144.806814615357     
  2.660874848601103E-002  -143.098977479788     
  2.685070931692118E-002  -141.406553803735     
  2.709487036569296E-002  -139.729405120975     
  2.734125163952598E-002  -138.067394220876     
  2.758987332755092E-002  -136.420385137218     
  2.784075580248391E-002  -134.788243137127     
  2.809391962229592E-002  -133.170834710110     
  2.834938553189732E-002  -131.568027557184     
  2.860717446483778E-002  -129.979690580117     
  2.886730754502164E-002  -128.405693870758     
  2.912980608843883E-002  -126.845908700472     
  2.939469160491156E-002  -125.300207509674     
  2.966198579985693E-002  -123.768463897455     
  2.993171057606546E-002  -122.250552611309     
  3.020388803549592E-002  -120.746349536952     
  3.047854048108643E-002  -119.255731688240     
  3.075569041858196E-002  -117.778577197177     
  3.103536055837857E-002  -116.314765304020     
  3.131757381738431E-002  -114.864176347471     
  3.160235332089715E-002  -113.426691754964     
  3.188972240449987E-002  -112.002194033048     
  3.217970461597228E-002  -110.590566757848     
  3.247232371722078E-002  -109.191694565625     
  3.276760368622544E-002  -107.805463143423     
  3.306556871900485E-002  -106.431759219800     
  3.336624323159882E-002  -105.070470555650     
  3.366965186206906E-002  -103.721485935110     
  3.397581947251811E-002  -102.384695156553     
  3.428477115112658E-002  -101.059989023664     
  3.459653221420897E-002  -99.7472593366058     
  3.491112820828816E-002  -98.4463988832596     
  3.522858491218871E-002  -97.1573014305575     
  3.554892833914933E-002  -95.8798617158914     
  3.587218473895438E-002  -94.6139754386058     
  3.619838060008489E-002  -93.3595392515708     
  3.652754265188913E-002  -92.1164507528356     
  3.685969786677282E-002  -90.8846084773617     
  3.719487346240934E-002  -89.6639118888347     
  3.753309690397007E-002  -88.4542613715543     
  3.787439590637486E-002  -87.2555582224030     
  3.821879843656317E-002  -86.0677046428903     
  3.856633271578565E-002  -84.8906037312749     
  3.891702722191677E-002  -83.7241594747616     
  3.927091069178827E-002  -82.5682767417742     
  3.962801212354403E-002  -81.4228612743022     
  3.998836077901616E-002  -80.2878196803227     
  4.035198618612285E-002  -79.1630594262951     
  4.071891814128797E-002  -78.0484888297283     
  4.108918671188264E-002  -76.9440170518214     
  4.146282223868903E-002  -75.8495540901750     
  4.183985533838658E-002  -74.7650107715746     
  4.222031690606078E-002  -73.6902987448444     
  4.260423811773486E-002  -72.6253304737706     
  4.299165043292436E-002  -71.5700192300957     
  4.338258559721508E-002  -70.5242790865805     
  4.377707564486430E-002  -69.4880249101354     
  4.417515290142586E-002  -68.4611723550197     
  4.457684998639892E-002  -67.4436378561082     
  4.498219981590090E-002  -66.4353386222247     
  4.539123560536480E-002  -65.4361926295429     
  4.580399087226081E-002  -64.4461186150517     
  4.622049943884295E-002  -63.4650360700883     
  4.664079543492047E-002  -62.4928652339340     
  4.706491330065461E-002  -61.5295270874764     
  4.749288778938066E-002  -60.5749433469348     
  4.792475397045575E-002  -59.6290364576497     
  4.836054723213253E-002  -58.6917295879352     
  4.880030328445900E-002  -57.7629466229944     
  4.924405816220466E-002  -56.8426121588971     
  4.969184822781329E-002  -55.9306514966192     
  5.014371017438263E-002  -55.0269906361437     
  5.059968102867101E-002  -54.1315562706230     
  5.105979815413154E-002  -53.2442757806011     
  5.152409925397369E-002  -52.3650772282965     
  5.199262237425282E-002  -51.4938893519452     
  5.246540590698776E-002  -50.6306415602022     
  5.294248859330676E-002  -49.7752639266023     
  5.342390952662206E-002  -48.9276871840803     
  5.390970815583328E-002  -48.0878427195481     
  5.439992428855994E-002  -47.2556625685305     
  5.489459809440350E-002  -46.4310794098578     
  5.539377010823885E-002  -45.6140265604167     
  5.589748123353592E-002  -44.8044379699557     
  5.640577274571136E-002  -44.0022482159495     
  5.691868629551083E-002  -43.2073924985170     
  5.743626391242191E-002  -42.4198066353963     
  5.795854800811812E-002  -41.6394270569750     
  5.848558137993426E-002  -40.8661908013744     
  5.901740721437332E-002  -40.1000355095895     
  5.955406909064532E-002  -39.3408994206824     
  6.009561098423826E-002  -38.5887213670301     
  6.064207727052165E-002  -37.8434407696260     
  6.119351272838270E-002  -37.1049976334342     
  6.174996254389560E-002  -36.3733325427972     
  6.231147231402426E-002  -35.6483866568964     
  6.287808805035859E-002  -34.9301017052643     
  6.344985618288480E-002  -34.2184199833500     
  6.402682356379004E-002  -33.5132843481350     
  6.460903747130158E-002  -32.8146382138018     
  6.519654561356085E-002  -32.1224255474529     
  6.578939613253292E-002  -31.4365908648812     
  6.638763760795117E-002  -30.7570792263907     
  6.699131906129822E-002  -30.0838362326681     
  6.760048995982283E-002  -29.4168080207040     
  6.821520022059331E-002  -28.7559412597641     
  6.883550021458792E-002  -28.1011831474105     
  6.946144077082241E-002  -27.4524814055714     
  7.009307318051504E-002  -26.8097842766610     
  7.073044920128954E-002  -26.1730405197473     
  7.137362106141627E-002  -25.5421994067694     
  7.202264146409193E-002  -24.9172107188019     
  7.267756359175821E-002  -24.2980247423693     
  7.333844111045970E-002  -23.6845922658064     
  7.400532817424141E-002  -23.0768645756677     
  7.467827942958628E-002  -22.4747934531837     
  7.535735001989317E-002  -21.8783311707643     
  7.604259558999528E-002  -21.2874304885500     
  7.673407229071995E-002  -20.7020446510088     
  7.743183678348979E-002  -20.1221273835807     
  7.813594624496566E-002  -19.5476328893677     
  7.884645837173186E-002  -18.9785158458710     
  7.956343138502395E-002  -18.4147314017729     
  8.028692403549956E-002  -17.8562351737659     
  8.101699560805256E-002  -17.3029832434262     
  8.175370592667104E-002  -16.7549321541331     
  8.249711535933942E-002  -16.2120389080338     
  8.324728482298518E-002  -15.6742609630526     
  8.400427578847056E-002  -15.1415562299457     
  8.476815028562962E-002  -14.6138830693995     
  8.553897090835115E-002  -14.0912002891747     
  8.631680081970773E-002  -13.5734671412939     
  8.710170375713155E-002  -13.0606433192731     
  8.789374403763722E-002  -12.5526889553972     
  8.869298656309202E-002  -12.0495646180401     
  8.949949682553411E-002  -11.5512313090271     
  9.031334091253920E-002  -11.0576504610413     
  9.113458551263597E-002  -10.5687839350730     
  9.196329792077054E-002  -10.0845940179124     
  9.279954604382096E-002  -9.60504341968490     
  9.364339840616155E-002  -9.13009527142906     
  9.449492415527810E-002  -8.65971312271690     
  9.535419306743394E-002  -8.19386093931699     
  9.622127555338748E-002  -7.73250310089919     
  9.709624266416203E-002  -7.27560439878155     
  9.797916609686783E-002  -6.82313003371893     
  9.887011820057706E-002  -6.37504561373336     
  9.976917198225239E-002  -5.93131715198552     
  0.100676401112729       -5.49191106468768     
  0.101591879932753       -5.05679416905766     
  0.102515683459070       -4.62593368131353     
  0.103447887390574       -4.19929721470900     
  0.104388568114513       -3.77685277760941     
  0.105337802712743       -3.35856877160776     
  0.106295668968047       -2.94441398968100     
  0.107262245370510       -2.53435761438602     
  0.108237611123949       -2.12836921609547     
  0.109221846152404       -1.72641875127274     
  0.110215031106686       -1.32847656078642     
  0.111217247370987      -0.934513368263623     
  0.112228577069547      -0.544500278481920     
  0.113249103073387      -0.158408775800076     
  0.114278909007096       0.223789277373250     
  0.115318079255685       0.602121642072596     
  0.116366698971503       0.976615704231143     
  0.117424854081211        1.34729847609876     
  0.118492631292828        1.71419659762263     
  0.119570118102830        2.07733633779132     
  0.120657402803326        2.43674359594185     
  0.121754574489289        2.79244390303087     
  0.122861723065856        3.14446242286964     
  0.123978939255701        3.49282395332339     
  0.125106314606459        3.83755292747558     
  0.126243941498239        4.17867341475704     
  0.127391913151184        4.51620912204056     
  0.128550323633116        4.85018339470166     
  0.129719267867243        5.18061921764512     
  0.130898841639933        5.50753921629858     
  0.132089141608570        5.83096565757310     
  0.133290265309470        6.15092045079126     
  0.134502311165872        6.46742514858345     
  0.135725378496007        6.78050094775242     
  0.136959567521235        7.09016869010732     
  0.138204979374256        7.39644886326693     
  0.139461716107398        7.69936160143325     
  0.140729880700981        7.99892668613582     
  0.142009577071751        8.29516354694731     
  0.143300910081402        8.58809126217124     
  0.144603985545162        8.87772855950210     
  0.145918910240467        9.16409381665905     
  0.147245791915712        9.44720506199352     
  0.148584739299077        9.72707997507160     
  0.149935862107437        10.0037358872321     
  0.151299271055356        10.2771897821209     
  0.152675077864154        10.5474582962024     
  0.154063395271066        10.8145577192494     
  0.155464337038479        11.0785039948118     
  0.156878017963250        11.3393127206650     
  0.158304553886121        11.5969991492400     
  0.159744061701202        11.8515781880346     
  0.161196659365557        12.1030644000082     
  0.162662465908865        12.3514720039608     
  0.164141601443176        12.5968148748974     
  0.165634187172753        12.8391065443782     
  0.167140345404002        13.0783602008579     
  0.168660199555497        13.3145886900131     
  0.170193874168092        13.5478045150607     
  0.171741494915125        13.7780198370681     
  0.173303188612717        14.0052464752566     
  0.174879083230164        14.2294959073005     
  0.176469307900424        14.4507792696213     
  0.178073992930694        14.6691073576817     
  0.179693269813094        14.8844906262783     
  0.181327271235438        15.0969391898364     
  0.182976131092107        15.3064628227087     
  0.184639984495023        15.5130709594786     
  0.186318967784716        15.7167726952720     
  0.188013218541500        15.9175767860775     
  0.189722875596747        16.1154916490795     
  0.191448079044259        16.3105253630039     
  0.193188970251752        16.5026856684813     
  0.194945691872439        16.6919799684277     
  0.196718387856717        16.8784153284473     
  0.198507203463965        17.0619984772582     
  0.200312285274447        17.2427358071445     
  0.202133781201322        17.4206333744382     
  0.203971840502766        17.5956969000323     
  0.205826613794199        17.7679317699291     
  0.207698253060632        17.9373430358268     
  0.209586911669118        18.1039354157463     
  0.211492744381318        18.2677132947037     
  0.213415907366187        18.4286807254296     
  0.215356558212765        18.5868414291404     
  0.217314855943096        18.7421987963639     
  0.219290961025256        18.8947558878242     
  0.221285035386500        19.0445154353888     
  0.223297242426536        19.1914798430825     
  0.225327747030910        19.3356511881713     
  0.227376715584518        19.4770312223225     
  0.229444315985243        19.6156213728424     
  0.231530717657707        19.7514227439997     
  0.233636091567162        19.8844361184357     
  0.235760610233491        20.0146619586687     
  0.237904447745352        20.1421004086971     
  0.240067779774438        20.2667512957045     
  0.242250783589875        20.3886141318748     
  0.244453638072748        20.5076881163204     
  0.246676523730756        20.6239721371308     
  0.248919622713006        20.7374647735457     
  0.251183118824938        20.8481642982604     
  0.253467197543388        20.9560686798674     
  0.255772046031783        21.0611755854422     
  0.258097853155481        21.1634823832791     
  0.260444809497244        21.2629861457833     
  0.262813107372859        21.3596836525259     
  0.265202940846892        21.4535713934702     
  0.267614505748596        21.5446455723737     
  0.270047999687952        21.6329021103763     
  0.272503622071863        21.7183366497791     
  0.274981574120498        21.8009445580239     
  0.277482058883777        21.8807209318797     
  0.280005281258007        21.9576606018445     
  0.282551448002679        22.0317581367713     
  0.285120767757403        22.1030078487261     
  0.287713451059009        22.1714037980856     
  0.290329710358798        22.2369397988856     
  0.292969760039949        22.2996094244265     
  0.295633816435088        22.3594060131471     
  0.298322097844016        22.4163226747739     
  0.301034824551593        22.4703522967579     
  0.303772218845792        22.5214875510054     
  0.306534505035915        22.5697209009162     
  0.309321909470968        22.6150446087354     
  0.312134660558215        22.6574507432318     
  0.314972988781890        22.6969311877123     
  0.317837126722086        22.7334776483814     
  0.320727309073811        22.7670816630590     
  0.323643772666222        22.7977346102645     
  0.326586756482030        22.8254277186796     
  0.329556501677080        22.8501520770007     
  0.332553251600120        22.8718986441915     
  0.335577251812732        22.8906582601464     
  0.338628750109461        22.9064216567778     
  0.341707996538116        22.9191794695364     
  0.344815243420264        22.9289222493777     
  0.347950745371899        22.9356404751845     
  0.351114759324312        22.9393245666587     
  0.354307544545142        22.9399648976921     
  0.357529362659622        22.9375518102286     
  0.360780477672017        22.9320756286293     
  0.364061155987255        22.9235266745514     
  0.367371666432761        22.9118952823525     
  0.370712280280483        22.8971718150317     
  0.374083271269120        22.8793466807183     
  0.377484915626556        22.8584103497191     
  0.380917492092490        22.8343533721354     
  0.384381281941282        22.8071663960600     
  0.387876569004998        22.7768401863645     
  0.391403639696668        22.7433656440872     
  0.394962783033757        22.7067338264318     
  0.398554290661847        22.6669359673847     
  0.402178456878535        22.6239634989623     
  0.405835578657548        22.5778080730951     
  0.409525955673082        22.5284615841574     
  0.413249890324350        22.4759161921500     
  0.417007687760369        22.4201643465437     
  0.420799655904961        22.3611988107889     
  0.424626105481986        22.2990126874982     
  0.428487350040804        22.2335994443059     
  0.432383705981966        22.1649529404099     
  0.436315492583144        22.0930674537981     
  0.440283032025290        22.0179377091632     
  0.444286649419038        21.9395589065061     
  0.448326672831347        21.8579267504289     
  0.452403433312378        21.7730374801177     
  0.456517264922625        21.6848879000117     
  0.460668504760289        21.5934754111569     
  0.464857492988898        21.4987980432389     
  0.469084572865185        21.4008544872903     
  0.473350090767211        21.2996441290638     
  0.477654396222751        21.1951670830629     
  0.481997841937934        21.0874242272192     
  0.486380783826145        20.9764172382043     
  0.490803581037189        20.8621486273613     
  0.495266595986722        20.7446217772404     
  0.499770194385947        20.6238409787192     
  0.504314745271583        20.4998114686886     
  0.508900621036101        20.3725394682804     
  0.513528197458243        20.2420322216117     
  0.518197853733814        20.1082980350189     
  0.522909972506751        19.9713463167509     
  0.527664939900481        19.8311876170882     
  0.532463145549559        19.6878336688534     
  0.537304982631597        19.5412974282734     
  0.542190847899482        19.3915931161517     
  0.547121141713887        19.2387362593084     
  0.552096268076076        19.0827437322362     
  0.557116634661010        18.9236337989254     
  0.562182652850754        18.7614261548000     
  0.567294737768184        18.5961419687089     
  0.572453308311008        18.4278039249097     
  0.577658787186086        18.2564362649799     
  0.582911600944071        18.0820648295863     
  0.588212180014362        17.9047171000394     
  0.593560958740373        17.7244222395566     
  0.598958375415124        17.5412111341516     
  0.604404872317157        17.3551164330671     
  0.609900895746778        17.1661725886591     
  0.615446896062625        16.9744158956419     
  0.621043327718578        16.7798845295938     
  0.626690649300988        16.5826185846230     
  0.632389323566267        16.3826601100877     
  0.638139817478795        16.1800531462582     
  0.643942602249194        15.9748437588079     
  0.649798153372937        15.7670800720143     
  0.655706950669310        15.5568123005447     
  0.661669478320729        15.3440927797022     
  0.667686224912420        15.1289759939973     
  0.673757683472450        14.9115186039132     
  0.679884351512128        14.6917794707218     
  0.686066731066776        14.4698196792110     
  0.692305328736862        14.2457025581740     
  0.698600655729515        14.0194936985115     
  0.704953227900414        13.7912609687949     
  0.711363565796059        13.5610745281325     
  0.717832194696427        13.3290068361816     
  0.724359644658010        13.0951326601452     
  0.730946450557257        12.8595290785894     
  0.737593152134396        12.6222754819185     
  0.744300294037665        12.3834535693406     
  0.751068425867942        12.1431473421579     
  0.757898102223782        11.9014430932140     
  0.764789882746857        11.6584293923328     
  0.771744332167820        11.4141970675806     
  0.778762020352580        11.1688391821899     
  0.785843522348994        10.9224510069789     
  0.792989418433994        10.6751299881086     
  0.800200294161129        10.4269757100205     
  0.807476740408557        10.1780898534009     
  0.814819353427451        9.92857614802507     
  0.822228734890868        9.67854032033886     
  0.829705491943046        9.42809003564134     
  0.837250237249154        9.17733483474086     
  0.844863589045501        8.92638606496433     
  0.852546171190191        8.67535680540913     
  0.860298613214246        8.42436178633747     
  0.868121550373188        8.17351730262424     
  0.876015623699099        7.92294112118205     
  0.883981480053145        7.67275238230043     
  0.892019772178582        7.42307149485110     
  0.900131158754245        7.17402002532654     
  0.908316304448519        6.92572058069650     
  0.916575879973807        6.67829668508479     
  0.924910562141488        6.43187265028792     
  0.933321033917377        6.18657344017759     
  0.941807984477689        5.94252452905036     
  0.950372109265514        5.69985175401059     
  0.959014110047798        5.45868116149609     
  0.967734694972854        5.21913884808100     
  0.976534578628386        4.98135079571585     
  0.985414482100045        4.74544270159151     
  0.994375133030515        4.51153980284145     
   1.00341726567914        4.27976669632494     
   1.01254162098210        4.05024715376310     
   1.02174894661309        3.82310393252953     
   1.03103999704464        3.59845858242739     
   1.04041553360991        3.37643124881600     
   1.04987632456505        3.15714047248072     
   1.05942314515220        2.94070298667116     
   1.06905677766300        2.72723351176457     
   1.07877801150267        2.51684454804156     
   1.08858764325472        2.30964616709273     
   1.09848647674623        2.10574580240502     
   1.10847532311369        1.90524803970574     
   1.11855500086948        1.70825440767151     
   1.12872633596897        1.51486316963645     
   1.13899016187813        1.32516911696032     
   1.14934731964192        1.13926336474183     
   1.15979865795312       0.957233150585187     
   1.17034503322193       0.779161637148376     
   1.18098730964612       0.605127719220199     
   1.19172635928186       0.435205836088691     
   1.20256306211518       0.269465789976335     
   1.21349830613405       0.107972571327252     
   1.22453298740118      -4.921380826205457E-002
   1.23566801012741      -0.202038474674234     
   1.24690428674586      -0.350451840671775     
   1.25824273798663      -0.494409745279049     
   1.26968429295228      -0.633873582367378     
   1.28122988919397      -0.768810417679015     
   1.29288047278829      -0.899193093544573     
   1.30463699841473       -1.02500032057221     
   1.31650042943399       -1.14621675561551     
   1.32847173796685       -1.26283306536068     
   1.34055190497388       -1.37484597491279     
   1.35274192033579       -1.48225830080491     
   1.36504278293455       -1.58507896790339     
   1.37745550073526       -1.68332300973727     
   1.38998109086870       -1.77701155183943     
   1.40262057971474       -1.86617177775202     
   1.41537500298639       -1.95083687741813     
   1.42824540581469       -2.03104597775595     
   1.44123284283437       -2.10684405529037     
   1.45433837827023       -2.17828183079903     
   1.46756308602436       -2.24541564601654     
   1.48090804976417       -2.30830732252973     
   1.49437436301114       -2.36702400308876     
   1.50796312923046       -2.42163797565346     
   1.52167546192143       -2.47222648058981     
   1.53551248470871       -2.51887150152868     
   1.54947533143442       -2.56165954049564     
   1.56356514625099       -2.60068137801760     
   1.57778308371498       -2.63603181900749     
   1.59213030888163       -2.66780942532145     
   1.60660799740038       -2.69611623597426     
   1.62121733561117       -2.72105747608513     
   1.63595952064165       -2.74274125570959     
   1.65083576050531       -2.76127825978968     
   1.66584727420045       -2.77678143052696     
   1.68099529181002       -2.78936564354656     
   1.69628105460252       -2.79914737927783     
   1.71170581513361       -2.80624439102521     
   1.72727083734882       -2.81077537124253     
   1.74297739668705       -2.81285961755328     
   1.75882678018518       -2.81261670007882     
   1.77482028658344       -2.81016613164504     
   1.79095922643187       -2.80562704243519     
   1.80724492219774       -2.79911786064254     
   1.82367870837386       -2.79075600065080     
   1.84026193158795       -2.78065756023269     
   1.85699595071303       -2.76893702820758     
   1.87388213697871       -2.75570700393885     
   1.89092187408357       -2.74107792997907     
   1.90811655830857       -2.72515783908877     
   1.92546759863144       -2.70805211676107     
   1.94297641684212       -2.68986328028203     
   1.96064444765932       -2.67069077524505     
   1.97847313884803       -2.65063079031814     
   1.99646395133817       -2.62977609093687     
