                                                  

     Z,SCF,CCSD
   1.985,   -142.0417343,   -143.0144610
   1.935,   -142.0407678,   -143.0173396
   1.885,   -142.0380883,   -143.0193362
   1.835,   -142.0333114,   -143.0201550
   1.785,   -142.0259925,   -143.0193941
   1.735,   -142.0156251,   -143.0165051
   1.685,   -142.0016413,   -143.0107294
   1.635,   -141.9834124,   -143.0010804
   1.585,   -141.9602448,   -142.9863174
   1.535,   -141.9313809,   -142.9649265
   1.485,   -141.8960529,   -142.9350405
                                                  

     Z,SCF,CCSD
   1.985,   -142.0417343,   -143.0144610
   1.935,   -142.0407678,   -143.0173396
   1.885,   -142.0380883,   -143.0193362
   1.835,   -142.0333114,   -143.0201550
   1.785,   -142.0259925,   -143.0193941
   1.735,   -142.0156251,   -143.0165051
   1.685,   -142.0016413,   -143.0107294
   1.635,   -141.9834124,   -143.0010804
   1.585,   -141.9602448,   -142.9863174
   1.535,   -141.9313809,   -142.9649265
   1.485,   -141.8960529,   -142.9350405
                                                  
