  1.215775037524561E-006   18.2682224876653     
  1.226830421750313E-006   18.2682224876650     
  1.237986335693001E-006   18.2682224876648     
  1.249243693497602E-006   18.2682224876645     
  1.260603417621676E-006   18.2682224876642     
  1.272066438910944E-006   18.2682224876639     
  1.283633696675570E-006   18.2682224876637     
  1.295306138767131E-006   18.2682224876634     
  1.307084721656284E-006   18.2682224876631     
  1.318970410511143E-006   18.2682224876628     
  1.330964179276365E-006   18.2682224876625     
  1.343067010752962E-006   18.2682224876622     
  1.355279896678832E-006   18.2682224876619     
  1.367603837810021E-006   18.2682224876616     
  1.380039844002736E-006   18.2682224876612     
  1.392588934296086E-006   18.2682224876609     
  1.405252136995594E-006   18.2682224876606     
  1.418030489757448E-006   18.2682224876602     
  1.430925039673541E-006   18.2682224876599     
  1.443936843357265E-006   18.2682224876595     
  1.457066967030092E-006   18.2682224876592     
  1.470316486608951E-006   18.2682224876588     
  1.483686487794382E-006   18.2682224876584     
  1.497178066159505E-006   18.2682224876580     
  1.510792327239798E-006   18.2682224876576     
  1.524530386623681E-006   18.2682224876573     
  1.538393370043933E-006   18.2682224876568     
  1.552382413469940E-006   18.2682224876564     
  1.566498663200774E-006   18.2682224876560     
  1.580743275959129E-006   18.2682224876556     
  1.595117418986103E-006   18.2682224876552     
  1.609622270136845E-006   18.2682224876547     
  1.624259017977073E-006   18.2682224876543     
  1.639028861880466E-006   18.2682224876538     
  1.653933012126946E-006   18.2682224876534     
  1.668972690001851E-006   18.2682224876529     
  1.684149127896008E-006   18.2682224876524     
  1.699463569406722E-006   18.2682224876519     
  1.714917269439678E-006   18.2682224876514     
  1.730511494311769E-006   18.2682224876509     
  1.746247521854867E-006   18.2682224876504     
  1.762126641520526E-006   18.2682224876499     
  1.778150154485646E-006   18.2682224876493     
  1.794319373759094E-006   18.2682224876488     
  1.810635624289298E-006   18.2682224876482     
  1.827100243072811E-006   18.2682224876476     
  1.843714579263874E-006   18.2682224876471     
  1.860479994284967E-006   18.2682224876465     
  1.877397861938365E-006   18.2682224876459     
  1.894469568518716E-006   18.2682224876453     
  1.911696512926634E-006   18.2682224876446     
  1.929080106783329E-006   18.2682224876440     
  1.946621774546280E-006   18.2682224876434     
  1.964322953625958E-006   18.2682224876427     
  1.982185094503613E-006   18.2682224876420     
  2.000209660850127E-006   18.2682224876414     
  2.018398129645952E-006   18.2682224876407     
  2.036751991302144E-006   18.2682224876400     
  2.055272749782477E-006   18.2682224876392     
  2.073961922726699E-006   18.2682224876385     
  2.092821041574877E-006   18.2682224876378     
  2.111851651692896E-006   18.2682224876370     
  2.131055312499086E-006   18.2682224876362     
  2.150433597592007E-006   18.2682224876354     
  2.169988094879394E-006   18.2682224876347     
  2.189720406708272E-006   18.2682224876338     
  2.209632149996258E-006   18.2682224876330     
  2.229724956364056E-006   18.2682224876322     
  2.250000472269157E-006   18.2682224876313     
  2.270460359140750E-006   18.2682224876304     
  2.291106293515870E-006   18.2682224876295     
  2.311939967176771E-006   18.2682224876286     
  2.332963087289563E-006   18.2682224876277     
  2.354177376544093E-006   18.2682224876268     
  2.375584573295115E-006   18.2682224876258     
  2.397186431704728E-006   18.2682224876248     
  2.418984721886122E-006   18.2682224876238     
  2.440981230048625E-006   18.2682224876228     
  2.463177758644066E-006   18.2682224876218     
  2.485576126514476E-006   18.2682224876207     
  2.508178169041131E-006   18.2682224876197     
  2.530985738294940E-006   18.2682224876186     
  2.554000703188216E-006   18.2682224876175     
  2.577224949627819E-006   18.2682224876163     
  2.600660380669686E-006   18.2682224876152     
  2.624308916674781E-006   18.2682224876140     
  2.648172495466446E-006   18.2682224876128     
  2.672253072489201E-006   18.2682224876116     
  2.696552620968965E-006   18.2682224876104     
  2.721073132074761E-006   18.2682224876091     
  2.745816615081871E-006   18.2682224876078     
  2.770785097536482E-006   18.2682224876065     
  2.795980625421825E-006   18.2682224876052     
  2.821405263325837E-006   18.2682224876038     
  2.847061094610328E-006   18.2682224876025     
  2.872950221581709E-006   18.2682224876011     
  2.899074765663249E-006   18.2682224875996     
  2.925436867568917E-006   18.2682224875982     
  2.952038687478797E-006   18.2682224875967     
  2.978882405216097E-006   18.2682224875952     
  3.005970220425769E-006   18.2682224875936     
  3.033304352754756E-006   18.2682224875921     
  3.060887042033876E-006   18.2682224875905     
  3.088720548461358E-006   18.2682224875889     
  3.116807152788046E-006   18.2682224875872     
  3.145149156504296E-006   18.2682224875855     
  3.173748882028561E-006   18.2682224875838     
  3.202608672897700E-006   18.2682224875821     
  3.231730893959008E-006   18.2682224875803     
  3.261117931564005E-006   18.2682224875785     
  3.290772193763975E-006   18.2682224875766     
  3.320696110507288E-006   18.2682224875748     
  3.350892133838518E-006   18.2682224875729     
  3.381362738099372E-006   18.2682224875709     
  3.412110420131440E-006   18.2682224875689     
  3.443137699480794E-006   18.2682224875669     
  3.474447118604449E-006   18.2682224875649     
  3.506041243078693E-006   18.2682224875628     
  3.537922661809324E-006   18.2682224875606     
  3.570093987243787E-006   18.2682224875585     
  3.602557855585245E-006   18.2682224875563     
  3.635316927008598E-006   18.2682224875540     
  3.668373885878466E-006   18.2682224875517     
  3.701731440969149E-006   18.2682224875494     
  3.735392325686595E-006   18.2682224875470     
  3.769359298292378E-006   18.2682224875446     
  3.803635142129723E-006   18.2682224875422     
  3.838222665851578E-006   18.2682224875397     
  3.873124703650757E-006   18.2682224875371     
  3.908344115492190E-006   18.2682224875345     
  3.943883787347273E-006   18.2682224875319     
  3.979746631430350E-006   18.2682224875292     
  4.015935586437346E-006   18.2682224875264     
  4.052453617786579E-006   18.2682224875236     
  4.089303717861747E-006   18.2682224875208     
  4.126488906257133E-006   18.2682224875179     
  4.164012230025044E-006   18.2682224875149     
  4.201876763925485E-006   18.2682224875119     
  4.240085610678122E-006   18.2682224875089     
  4.278641901216521E-006   18.2682224875058     
  4.317548794944710E-006   18.2682224875026     
  4.356809479996062E-006   18.2682224874994     
  4.396427173494547E-006   18.2682224874961     
  4.436405121818345E-006   18.2682224874927     
  4.476746600865867E-006   18.2682224874893     
  4.517454916324189E-006   18.2682224874859     
  4.558533403939929E-006   18.2682224874823     
  4.599985429792585E-006   18.2682224874787     
  4.641814390570366E-006   18.2682224874751     
  4.684023713848518E-006   18.2682224874713     
  4.726616858370195E-006   18.2682224874675     
  4.769597314329873E-006   18.2682224874637     
  4.812968603659350E-006   18.2682224874597     
  4.856734280316338E-006   18.2682224874557     
  4.900897930575686E-006   18.2682224874516     
  4.945463173323248E-006   18.2682224874475     
  4.990433660352426E-006   18.2682224874432     
  5.035813076663405E-006   18.2682224874389     
  5.081605140765114E-006   18.2682224874345     
  5.127813604979927E-006   18.2682224874301     
  5.174442255751142E-006   18.2682224874255     
  5.221494913953250E-006   18.2682224874209     
  5.268975435205028E-006   18.2682224874162     
  5.316887710185476E-006   18.2682224874114     
  5.365235664952637E-006   18.2682224874065     
  5.414023261265301E-006   18.2682224874015     
  5.463254496907642E-006   18.2682224873964     
  5.512933406016814E-006   18.2682224873912     
  5.563064059413512E-006   18.2682224873860     
  5.613650564935550E-006   18.2682224873806     
  5.664697067774460E-006   18.2682224873751     
  5.716207750815174E-006   18.2682224873696     
  5.768186834978766E-006   18.2682224873639     
  5.820638579568341E-006   18.2682224873582     
  5.873567282618032E-006   18.2682224873523     
  5.926977281245215E-006   18.2682224873463     
  5.980872952005890E-006   18.2682224873402     
  6.035258711253311E-006   18.2682224873341     
  6.090139015499875E-006   18.2682224873277     
  6.145518361782295E-006   18.2682224873213     
  6.201401288030110E-006   18.2682224873148     
  6.257792373437524E-006   18.2682224873081     
  6.314696238838641E-006   18.2682224873013     
  6.372117547086107E-006   18.2682224872944     
  6.430061003433205E-006   18.2682224872874     
  6.488531355919403E-006   18.2682224872803     
  6.547533395759427E-006   18.2682224872730     
  6.607071957735868E-006   18.2682224872655     
  6.667151920595352E-006   18.2682224872580     
  6.727778207448322E-006   18.2682224872503     
  6.788955786172447E-006   18.2682224872424     
  6.850689669819703E-006   18.2682224872345     
  6.912984917027163E-006   18.2682224872263     
  6.975846632431499E-006   18.2682224872181     
  7.039279967087289E-006   18.2682224872096     
  7.103290118889093E-006   18.2682224872011     
  7.167882332997389E-006   18.2682224871923     
  7.233061902268377E-006   18.2682224871834     
  7.298834167687678E-006   18.2682224871744     
  7.365204518808008E-006   18.2682224871651     
  7.432178394190792E-006   18.2682224871557     
  7.499761281851830E-006   18.2682224871462     
  7.567958719710984E-006   18.2682224871364     
  7.636776296045988E-006   18.2682224871265     
  7.706219649950349E-006   18.2682224871164     
  7.776294471795441E-006   18.2682224871061     
  7.847006503696785E-006   18.2682224870957     
  7.918361539984566E-006   18.2682224870850     
  7.990365427678453E-006   18.2682224870742     
  8.063024066966700E-006   18.2682224870631     
  8.136343411689639E-006   18.2682224870518     
  8.210329469827537E-006   18.2682224870404     
  8.284988303992923E-006   18.2682224870287     
  8.360326031927360E-006   18.2682224870168     
  8.436348827002760E-006   18.2682224870047     
  8.513062918727238E-006   18.2682224869924     
  8.590474593255582E-006   18.2682224869798     
  8.668590193904344E-006   18.2682224869671     
  8.747416121671649E-006   18.2682224869541     
  8.826958835761685E-006   18.2682224869408     
  8.907224854114010E-006   18.2682224869273     
  8.988220753937634E-006   18.2682224869136     
  9.069953172249977E-006   18.2682224868996     
  9.152428806420727E-006   18.2682224868853     
  9.235654414720636E-006   18.2682224868708     
  9.319636816875310E-006   18.2682224868561     
  9.404382894624042E-006   18.2682224868410     
  9.489899592283712E-006   18.2682224868257     
  9.576193917317826E-006   18.2682224868101     
  9.663272940910726E-006   18.2682224867942     
  9.751143798547024E-006   18.2682224867781     
  9.839813690596293E-006   18.2682224867616     
  9.929289882903098E-006   18.2682224867448     
  1.001957970738237E-005   18.2682224867278     
  1.011069056262019E-005   18.2682224867104     
  1.020262991448010E-005   18.2682224866927     
  1.029540529671478E-005   18.2682224866747     
  1.038902431158350E-005   18.2682224866563     
  1.048349463047497E-005   18.2682224866376     
  1.057882399453602E-005   18.2682224866186     
  1.067502021530589E-005   18.2682224865992     
  1.077209117535634E-005   18.2682224865795     
  1.087004482893758E-005   18.2682224865594     
  1.096888920263005E-005   18.2682224865389     
  1.106863239600215E-005   18.2682224865181     
  1.116928258227392E-005   18.2682224864969     
  1.127084800898679E-005   18.2682224864753     
  1.137333699867941E-005   18.2682224864533     
  1.147675794956962E-005   18.2682224864309     
  1.158111933624259E-005   18.2682224864081     
  1.168642971034531E-005   18.2682224863849     
  1.179269770128726E-005   18.2682224863612     
  1.189993201694761E-005   18.2682224863371     
  1.200814144438869E-005   18.2682224863126     
  1.211733485057607E-005   18.2682224862876     
  1.222752118310513E-005   18.2682224862622     
  1.233870947093426E-005   18.2682224862363     
  1.245090882512470E-005   18.2682224862100     
  1.256412843958712E-005   18.2682224861831     
  1.267837759183501E-005   18.2682224861558     
  1.279366564374492E-005   18.2682224861280     
  1.291000204232356E-005   18.2682224860996     
  1.302739632048191E-005   18.2682224860708     
  1.314585809781641E-005   18.2682224860414     
  1.326539708139719E-005   18.2682224860114     
  1.338602306656351E-005   18.2682224859810     
  1.350774593772639E-005   18.2682224859500     
  1.363057566917857E-005   18.2682224859184     
  1.375452232591186E-005   18.2682224858862     
  1.387959606444186E-005   18.2682224858534     
  1.400580713364022E-005   18.2682224858201     
  1.413316587557445E-005   18.2682224857861     
  1.426168272635542E-005   18.2682224857515     
  1.439136821699245E-005   18.2682224857163     
  1.452223297425633E-005   18.2682224856804     
  1.465428772155003E-005   18.2682224856439     
  1.478754327978746E-005   18.2682224856067     
  1.492201056828012E-005   18.2682224855689     
  1.505770060563190E-005   18.2682224855303     
  1.519462451064195E-005   18.2682224854911     
  1.533279350321579E-005   18.2682224854511     
  1.547221890528467E-005   18.2682224854104     
  1.561291214173337E-005   18.2682224853689     
  1.575488474133635E-005   18.2682224853267     
  1.589814833770247E-005   18.2682224852837     
  1.604271467022824E-005   18.2682224852400     
  1.618859558505982E-005   18.2682224851954     
  1.633580303606371E-005   18.2682224851500     
  1.648434908580628E-005   18.2682224851038     
  1.663424590654220E-005   18.2682224850568     
  1.678550578121186E-005   18.2682224850088     
  1.693814110444791E-005   18.2682224849601     
  1.709216438359087E-005   18.2682224849104     
  1.724758823971400E-005   18.2682224848598     
  1.740442540865757E-005   18.2682224848083     
  1.756268874207238E-005   18.2682224847558     
  1.772239120847294E-005   18.2682224847024     
  1.788354589430009E-005   18.2682224846480     
  1.804616600499336E-005   18.2682224845927     
  1.821026486607307E-005   18.2682224845363     
  1.837585592423220E-005   18.2682224844789     
  1.854295274843834E-005   18.2682224844204     
  1.871156903104549E-005   18.2682224843609     
  1.888171858891607E-005   18.2682224843002     
  1.905341536455314E-005   18.2682224842385     
  1.922667342724283E-005   18.2682224841756     
  1.940150697420726E-005   18.2682224841116     
  1.957793033176788E-005   18.2682224840464     
  1.975595795651941E-005   18.2682224839801     
  1.993560443651446E-005   18.2682224839125     
  2.011688449245888E-005   18.2682224838437     
  2.029981297891806E-005   18.2682224837736     
  2.048440488553410E-005   18.2682224837022     
  2.067067533825417E-005   18.2682224836296     
  2.085863960056990E-005   18.2682224835556     
  2.104831307476815E-005   18.2682224834803     
  2.123971130319311E-005   18.2682224834036     
  2.143284996951986E-005   18.2682224833254     
  2.162774490003957E-005   18.2682224832459     
  2.182441206495631E-005   18.2682224831649     
  2.202286757969570E-005   18.2682224830824     
  2.222312770622546E-005   18.2682224829984     
  2.242520885438798E-005   18.2682224829129     
  2.262912758324492E-005   18.2682224828259     
  2.283490060243416E-005   18.2682224827372     
  2.304254477353902E-005   18.2682224826469     
  2.325207711146994E-005   18.2682224825550     
  2.346351478585873E-005   18.2682224824613     
  2.367687512246545E-005   18.2682224823660     
  2.389217560459821E-005   18.2682224822689     
  2.410943387454574E-005   18.2682224821701     
  2.432866773502306E-005   18.2682224820695     
  2.454989515063029E-005   18.2682224819670     
  2.477313424932471E-005   18.2682224818626     
  2.499840332390619E-005   18.2682224817563     
  2.522572083351621E-005   18.2682224816481     
  2.545510540515038E-005   18.2682224815380     
  2.568657583518483E-005   18.2682224814258     
  2.592015109091644E-005   18.2682224813115     
  2.615585031211701E-005   18.2682224811952     
  2.639369281260170E-005   18.2682224810767     
  2.663369808181163E-005   18.2682224809561     
  2.687588578641086E-005   18.2682224808333     
  2.712027577189795E-005   18.2682224807082     
  2.736688806423221E-005   18.2682224805808     
  2.761574287147457E-005   18.2682224804512     
  2.786686058544356E-005   18.2682224803191     
  2.812026178338625E-005   18.2682224801846     
  2.837596722966443E-005   18.2682224800477     
  2.863399787745601E-005   18.2682224799083     
  2.889437487047208E-005   18.2682224797663     
  2.915711954468944E-005   18.2682224796218     
  2.942225343009892E-005   18.2682224794745     
  2.968979825246959E-005   18.2682224793247     
  2.995977593512907E-005   18.2682224791720     
  3.023220860075995E-005   18.2682224790166     
  3.050711857321260E-005   18.2682224788583     
  3.078452837933444E-005   18.2682224786972     
  3.106446075081582E-005   18.2682224785331     
  3.134693862605278E-005   18.2682224783660     
  3.163198515202662E-005   18.2682224781958     
  3.191962368620065E-005   18.2682224780226     
  3.220987779843418E-005   18.2682224778462     
  3.250277127291385E-005   18.2682224776665     
  3.279832811010261E-005   18.2682224774836     
  3.309657252870638E-005   18.2682224772973     
  3.339752896765854E-005   18.2682224771077     
  3.370122208812262E-005   18.2682224769145     
  3.400767677551299E-005   18.2682224767179     
  3.431691814153412E-005   18.2682224765176     
  3.462897152623827E-005   18.2682224763137     
  3.494386250010190E-005   18.2682224761061     
  3.526161686612102E-005   18.2682224758946     
  3.558226066192552E-005   18.2682224756793     
  3.590582016191280E-005   18.2682224754601     
  3.623232187940073E-005   18.2682224752369     
  3.656179256880021E-005   18.2682224750095     
  3.689425922780758E-005   18.2682224747781     
  3.722974909961676E-005   18.2682224745424     
  3.756828967515173E-005   18.2682224743024     
  3.790990869531917E-005   18.2682224740580     
  3.825463415328160E-005   18.2682224738091     
  3.860249429675125E-005   18.2682224735557     
  3.895351763030475E-005   18.2682224732977     
  3.930773291771884E-005   18.2682224730350     
  3.966516918432738E-005   18.2682224727674     
  4.002585571939975E-005   18.2682224724950     
  4.038982207854088E-005   18.2682224722176     
  4.075709808611315E-005   18.2682224719351     
  4.112771383768023E-005   18.2682224716475     
  4.150169970247322E-005   18.2682224713546     
  4.187908632587916E-005   18.2682224710564     
  4.225990463195226E-005   18.2682224707527     
  4.264418582594776E-005   18.2682224704434     
  4.303196139687917E-005   18.2682224701286     
  4.342326312009836E-005   18.2682224698079     
  4.381812305989947E-005   18.2682224694814     
  4.421657357214622E-005   18.2682224691490     
  4.461864730692338E-005   18.2682224688104     
  4.502437721121202E-005   18.2682224684657     
  4.543379653158946E-005   18.2682224681147     
  4.584693881695344E-005   18.2682224677573     
  4.626383792127128E-005   18.2682224673933     
  4.668452800635395E-005   18.2682224670227     
  4.710904354465535E-005   18.2682224666453     
  4.753741932209709E-005   18.2682224662610     
  4.796969044091900E-005   18.2682224658697     
  4.840589232255539E-005   18.2682224654713     
  4.884606071053764E-005   18.2682224650656     
  4.929023167342313E-005   18.2682224646524     
  4.973844160775074E-005   18.2682224642318     
  5.019072724102335E-005   18.2682224638034     
  5.064712563471734E-005   18.2682224633672     
  5.110767418731948E-005   18.2682224629230     
  5.157241063739154E-005   18.2682224624708     
  5.204137306666261E-005   18.2682224620102     
  5.251459990314965E-005   18.2682224615413     
  5.299212992430642E-005   18.2682224610637     
  5.347400226020093E-005   18.2682224605775     
  5.396025639672192E-005   18.2682224600824     
  5.445093217881440E-005   18.2682224595782     
  5.494606981374467E-005   18.2682224590648     
  5.544570987439503E-005   18.2682224585420     
  5.594989330258837E-005   18.2682224580097     
  5.645866141244312E-005   18.2682224574677     
  5.697205589375860E-005   18.2682224569157     
  5.749011881543115E-005   18.2682224563537     
  5.801289262890149E-005   18.2682224557814     
  5.854042017163315E-005   18.2682224551987     
  5.907274467062279E-005   18.2682224546053     
  5.960990974594233E-005   18.2682224540010     
  6.015195941431323E-005   18.2682224533857     
  6.069893809271341E-005   18.2682224527592     
  6.125089060201679E-005   18.2682224521213     
  6.180786217066619E-005   18.2682224514717     
  6.236989843837927E-005   18.2682224508102     
  6.293704545988859E-005   18.2682224501366     
  6.350934970871526E-005   18.2682224494507     
  6.408685808097723E-005   18.2682224487523     
  6.466961789923196E-005   18.2682224480411     
  6.525767691635434E-005   18.2682224473170     
  6.585108331944947E-005   18.2682224465796     
  6.644988573380143E-005   18.2682224458287     
  6.705413322685762E-005   18.2682224450642     
  6.766387531224957E-005   18.2682224442856     
  6.827916195385015E-005   18.2682224434928     
  6.890004356986783E-005   18.2682224426856     
  6.952657103697793E-005   18.2682224418636     
  7.015879569449178E-005   18.2682224410266     
  7.079676934856344E-005   18.2682224401743     
  7.144054427643494E-005   18.2682224393064     
  7.209017323071993E-005   18.2682224384226     
  7.274570944372642E-005   18.2682224375228     
  7.340720663181872E-005   18.2682224366064     
  7.407471899981926E-005   18.2682224356734     
  7.474830124545004E-005   18.2682224347233     
  7.542800856381487E-005   18.2682224337558     
  7.611389665192219E-005   18.2682224327707     
  7.680602171324893E-005   18.2682224317675     
  7.750444046234606E-005   18.2682224307461     
  7.820921012948598E-005   18.2682224297059     
  7.892038846535194E-005   18.2682224286468     
  7.963803374577039E-005   18.2682224275683     
  8.036220477648639E-005   18.2682224264701     
  8.109296089798202E-005   18.2682224253519     
  8.183036199033911E-005   18.2682224242132     
  8.257446847814592E-005   18.2682224230537     
  8.332534133544848E-005   18.2682224218731     
  8.408304209074692E-005   18.2682224206708     
  8.484763283203734E-005   18.2682224194467     
  8.561917621189949E-005   18.2682224182001     
  8.639773545263061E-005   18.2682224169308     
  8.718337435142599E-005   18.2682224156382     
  8.797615728560690E-005   18.2682224143221     
  8.877614921789557E-005   18.2682224129819     
  8.958341570173859E-005   18.2682224116173     
  9.039802288667844E-005   18.2682224102277     
  9.122003752377400E-005   18.2682224088127     
  9.204952697107028E-005   18.2682224073718     
  9.288655919911796E-005   18.2682224059047     
  9.373120279654303E-005   18.2682224044107     
  9.458352697566714E-005   18.2682224028895     
  9.544360157817901E-005   18.2682224013404     
  9.631149708085756E-005   18.2682223997631     
  9.718728460134677E-005   18.2682223981569     
  9.807103590398340E-005   18.2682223965214     
  9.896282340567751E-005   18.2682223948560     
  9.986272018184645E-005   18.2682223931602     
  1.007707999724029E-004   18.2682223914334     
  1.016871371877974E-004   18.2682223896751     
  1.026118069151154E-004   18.2682223878846     
  1.035448849242306E-004   18.2682223860614     
  1.044864476740132E-004   18.2682223842050     
  1.054365723185956E-004   18.2682223823146     
  1.063953367136943E-004   18.2682223803896     
  1.073628194229899E-004   18.2682223784295     
  1.083390997245644E-004   18.2682223764336     
  1.093242576173978E-004   18.2682223744012     
  1.103183738279234E-004   18.2682223723317     
  1.113215298166424E-004   18.2682223702244     
  1.123338077847995E-004   18.2682223680786     
  1.133552906811184E-004   18.2682223658936     
  1.143860622085987E-004   18.2682223636687     
  1.154262068313750E-004   18.2682223614031     
  1.164758097816382E-004   18.2682223590961     
  1.175349570666190E-004   18.2682223567470     
  1.186037354756366E-004   18.2682223543550     
  1.196822325872095E-004   18.2682223519192     
  1.207705367762324E-004   18.2682223494390     
  1.218687372212178E-004   18.2682223469134     
  1.229769239116034E-004   18.2682223443417     
  1.240951876551263E-004   18.2682223417231     
  1.252236200852637E-004   18.2682223390566     
  1.263623136687419E-004   18.2682223363413     
  1.275113617131132E-004   18.2682223335765     
  1.286708583744015E-004   18.2682223307612     
  1.298408986648180E-004   18.2682223278944     
  1.310215784605467E-004   18.2682223249752     
  1.322129945096006E-004   18.2682223220028     
  1.334152444397497E-004   18.2682223189760     
  1.346284267665207E-004   18.2682223158939     
  1.358526409012696E-004   18.2682223127555     
  1.370879871593279E-004   18.2682223095598     
  1.383345667682227E-004   18.2682223063057     
  1.395924818759712E-004   18.2682223029921     
  1.408618355594515E-004   18.2682222996180     
  1.421427318328487E-004   18.2682222961823     
  1.434352756561779E-004   18.2682222926838     
  1.447395729438854E-004   18.2682222891214     
  1.460557305735272E-004   18.2682222854938     
  1.473838563945269E-004   18.2682222818001     
  1.487240592370134E-004   18.2682222780388     
  1.500764489207386E-004   18.2682222742088     
  1.514411362640759E-004   18.2682222703089     
  1.528182330931018E-004   18.2682222663377     
  1.542078522507584E-004   18.2682222622939     
  1.556101076061006E-004   18.2682222581763     
  1.570251140636266E-004   18.2682222539835     
  1.584529875726934E-004   18.2682222497140     
  1.598938451370181E-004   18.2682222453666     
  1.613478048242657E-004   18.2682222409397     
  1.628149857757236E-004   18.2682222364320     
  1.642955082160641E-004   18.2682222318419     
  1.657894934631968E-004   18.2682222271679     
  1.672970639382087E-004   18.2682222224086     
  1.688183431753964E-004   18.2682222175623     
  1.703534558323884E-004   18.2682222126274     
  1.719025277003603E-004   18.2682222076024     
  1.734656857143421E-004   18.2682222024856     
  1.750430579636197E-004   18.2682221972754     
  1.766347737022308E-004   18.2682221919699     
  1.782409633595568E-004   18.2682221865675     
  1.798617585510096E-004   18.2682221810664     
  1.814972920888173E-004   18.2682221754649     
  1.831476979929071E-004   18.2682221697609     
  1.848131115018867E-004   18.2682221639528     
  1.864936690841269E-004   18.2682221580386     
  1.881895084489433E-004   18.2682221520163     
  1.899007685578814E-004   18.2682221458840     
  1.916275896361030E-004   18.2682221396396     
  1.933701131838766E-004   18.2682221332812     
  1.951284819881726E-004   18.2682221268066     
  1.969028401343633E-004   18.2682221202137     
  1.986933330180300E-004   18.2682221135004     
  2.005001073568766E-004   18.2682221066644     
  2.023233112027527E-004   18.2682220997036     
  2.041630939537847E-004   18.2682220926156     
  2.060196063666181E-004   18.2682220853980     
  2.078930005687714E-004   18.2682220780487     
  2.097834300711011E-004   18.2682220705650     
  2.116910497803809E-004   18.2682220629447     
  2.136160160119957E-004   18.2682220551851     
  2.155584865027499E-004   18.2682220472837     
  2.175186204237932E-004   18.2682220392380     
  2.194965783936631E-004   18.2682220310453     
  2.214925224914468E-004   18.2682220227030     
  2.235066162700622E-004   18.2682220142082     
  2.255390247696596E-004   18.2682220055583     
  2.275899145311462E-004   18.2682219967503     
  2.296594536098321E-004   18.2682219877814     
  2.317478115892019E-004   18.2682219786486     
  2.338551595948103E-004   18.2682219693490     
  2.359816703083049E-004   18.2682219598795     
  2.381275179815760E-004   18.2682219502370     
  2.402928784510353E-004   18.2682219404183     
  2.424779291520245E-004   18.2682219304203     
  2.446828491333547E-004   18.2682219202396     
  2.469078190719783E-004   18.2682219098729     
  2.491530212877937E-004   18.2682218993168     
  2.514186397585858E-004   18.2682218885678     
  2.537048601351011E-004   18.2682218776225     
  2.560118697562602E-004   18.2682218664772     
  2.583398576645096E-004   18.2682218551283     
  2.606890146213119E-004   18.2682218435721     
  2.630595331227770E-004   18.2682218318048     
  2.654516074154362E-004   18.2682218198224     
  2.678654335121592E-004   18.2682218076212     
  2.703012092082159E-004   18.2682217951970     
  2.727591340974838E-004   18.2682217825459     
  2.752394095888041E-004   18.2682217696636     
  2.777422389224850E-004   18.2682217565460     
  2.802678271869560E-004   18.2682217431888     
  2.828163813355733E-004   18.2682217295875     
  2.853881102035782E-004   18.2682217157377     
  2.879832245252096E-004   18.2682217016349     
  2.906019369509720E-004   18.2682216872745     
  2.932444620650607E-004   18.2682216726517     
  2.959110164029456E-004   18.2682216577617     
  2.986018184691143E-004   18.2682216425998     
  3.013170887549774E-004   18.2682216271608     
  3.040570497569354E-004   18.2682216114398     
  3.068219259946117E-004   18.2682215954315     
  3.096119440292494E-004   18.2682215791309     
  3.124273324822766E-004   18.2682215625324     
  3.152683220540408E-004   18.2682215456306     
  3.181351455427121E-004   18.2682215284201     
  3.210280378633601E-004   18.2682215108951     
  3.239472360672031E-004   18.2682214930500     
  3.268929793610327E-004   18.2682214748789     
  3.298655091268153E-004   18.2682214563758     
  3.328650689414711E-004   18.2682214375347     
  3.358919045968340E-004   18.2682214183493     
  3.389462641197920E-004   18.2682213988134     
  3.420283977926113E-004   18.2682213789207     
  3.451385581734453E-004   18.2682213586645     
  3.482770001170293E-004   18.2682213380382     
  3.514439807955649E-004   18.2682213170352     
  3.546397597197925E-004   18.2682212956484     
  3.578645987602564E-004   18.2682212738709     
  3.611187621687640E-004   18.2682212516955     
  3.644025166000382E-004   18.2682212291150     
  3.677161311335683E-004   18.2682212061220     
  3.710598772956593E-004   18.2682211827089     
  3.744340290816809E-004   18.2682211588680     
  3.778388629785201E-004   18.2682211345917     
  3.812746579872366E-004   18.2682211098718     
  3.847416956459252E-004   18.2682210847003     
  3.882402600527859E-004   18.2682210590689     
  3.917706378894034E-004   18.2682210329692     
  3.953331184442387E-004   18.2682210063928     
  3.989279936363341E-004   18.2682209793308     
  4.025555580392338E-004   18.2682209517744     
  4.062161089051221E-004   18.2682209237146     
  4.099099461891809E-004   18.2682208951421     
  4.136373725741689E-004   18.2682208660476     
  4.173986934952244E-004   18.2682208364216     
  4.211942171648931E-004   18.2682208062544     
  4.250242545983840E-004   18.2682207755360     
  4.288891196390549E-004   18.2682207442565     
  4.327891289841297E-004   18.2682207124054     
  4.367246022106489E-004   18.2682206799725     
  4.406958618016569E-004   18.2682206469471     
  4.447032331726273E-004   18.2682206133183     
  4.487470446981279E-004   18.2682205790751     
  4.528276277387288E-004   18.2682205442063     
  4.569453166681551E-004   18.2682205087005     
  4.611004489006858E-004   18.2682204725461     
  4.652933649188031E-004   18.2682204357311     
  4.695244083010922E-004   18.2682203982435     
  4.737939257503948E-004   18.2682203600711     
  4.781022671222190E-004   18.2682203212013     
  4.824497854534075E-004   18.2682202816214     
  4.868368369910662E-004   18.2682202413184     
  4.912637812217563E-004   18.2682202002790     
  4.957309809009507E-004   18.2682201584899     
  5.002388020827607E-004   18.2682201159374     
  5.047876141499301E-004   18.2682200726075     
  5.093777898441038E-004   18.2682200284859     
  5.140097052963713E-004   18.2682199835583     
  5.186837400580879E-004   18.2682199378099     
  5.234002771319760E-004   18.2682198912257     
  5.281597030035097E-004   18.2682198437904     
  5.329624076725841E-004   18.2682197954886     
  5.378087846854723E-004   18.2682197463042     
  5.426992311670754E-004   18.2682196962214     
  5.476341478534621E-004   18.2682196452235     
  5.526139391247072E-004   18.2682195932940     
  5.576390130380271E-004   18.2682195404158     
  5.627097813612172E-004   18.2682194865715     
  5.678266596063931E-004   18.2682194317435     
  5.729900670640391E-004   18.2682193759138     
  5.782004268373657E-004   18.2682193190642     
  5.834581658769797E-004   18.2682192611760     
  5.887637150158699E-004   18.2682192022302     
  5.941175090047109E-004   18.2682191422075     
  5.995199865474868E-004   18.2682190810882     
  6.049715903374407E-004   18.2682190188524     
  6.104727670933500E-004   18.2682189554795     
  6.160239675961312E-004   18.2682188909489     
  6.216256467257786E-004   18.2682188252393     
  6.272782634986383E-004   18.2682187583293     
  6.329822811050205E-004   18.2682186901968     
  6.387381669471559E-004   18.2682186208197     
  6.445463926774944E-004   18.2682185501750     
  6.504074342373549E-004   18.2682184782398     
  6.563217718959240E-004   18.2682184049903     
  6.622898902896112E-004   18.2682183304027     
  6.683122784617611E-004   18.2682182544524     
  6.743894299027270E-004   18.2682181771145     
  6.805218425903086E-004   18.2682180983637     
  6.867100190305580E-004   18.2682180181742     
  6.929544662989560E-004   18.2682179365197     
  6.992556960819628E-004   18.2682178533734     
  7.056142247189482E-004   18.2682177687081     
  7.120305732445008E-004   18.2682176824960     
  7.185052674311232E-004   18.2682175947090     
  7.250388378323147E-004   18.2682175053181     
  7.316318198260474E-004   18.2682174142941     
  7.382847536586357E-004   18.2682173216071     
  7.449981844890053E-004   18.2682172272268     
  7.517726624333656E-004   18.2682171311223     
  7.586087426102871E-004   18.2682170332621     
  7.655069851861897E-004   18.2682169336139     
  7.724679554212442E-004   18.2682168321453     
  7.794922237156906E-004   18.2682167288230     
  7.865803656565791E-004   18.2682166236130     
  7.937329620649345E-004   18.2682165164809     
  8.009505990433503E-004   18.2682164073916     
  8.082338680240165E-004   18.2682162963093     
  8.155833658171812E-004   18.2682161831976     
  8.229996946600566E-004   18.2682160680194     
  8.304834622661668E-004   18.2682159507371     
  8.380352818751463E-004   18.2682158313120     
  8.456557723029893E-004   18.2682157097052     
  8.533455579927584E-004   18.2682155858767     
  8.611052690657523E-004   18.2682154597859     
  8.689355413731400E-004   18.2682153313916     
  8.768370165480636E-004   18.2682152006516     
  8.848103420582162E-004   18.2682150675231     
  8.928561712588962E-004   18.2682149319624     
  9.009751634465457E-004   18.2682147939251     
  9.091679839127747E-004   18.2682146533660     
  9.174353039988768E-004   18.2682145102389     
  9.257778011508408E-004   18.2682143644971     
  9.341961589748620E-004   18.2682142160926     
  9.426910672933596E-004   18.2682140649770     
  9.512632222015017E-004   18.2682139111005     
  9.599133261242453E-004   18.2682137544128     
  9.686420878738951E-004   18.2682135948626     
  9.774502227081854E-004   18.2682134323975     
  9.863384523888907E-004   18.2682132669643     
  9.953075052409673E-004   18.2682130985088     
  1.004358116212235E-003   18.2682129269757     
  1.013491026933603E-003   18.2682127523088     
  1.022706985779836E-003   18.2682125744509     
  1.032006747930882E-003   18.2682123933436     
  1.041391075433752E-003   18.2682122089277     
  1.050860737264966E-003   18.2682120211426     
  1.060416509393564E-003   18.2682118299268     
  1.070059174844687E-003   18.2682116352177     
  1.079789523763749E-003   18.2682114369513     
  1.089608353481175E-003   18.2682112350628     
  1.099516468577740E-003   18.2682110294860     
  1.109514680950499E-003   18.2682108201534     
  1.119603809879314E-003   18.2682106069964     
  1.129784682093992E-003   18.2682103899453     
  1.140058131842022E-003   18.2682101689287     
  1.150425000956944E-003   18.2682099438744     
  1.160886138927326E-003   18.2682097147085     
  1.171442402966373E-003   18.2682094813559     
  1.182094658082173E-003   18.2682092437401     
  1.192843777148572E-003   18.2682090017833     
  1.203690640976707E-003   18.2682087554061     
  1.214636138387178E-003   18.2682085045278     
  1.225681166282878E-003   18.2682082490661     
  1.236826629722492E-003   18.2682079889373     
  1.248073441994658E-003   18.2682077240561     
  1.259422524692804E-003   18.2682074543358     
  1.270874807790667E-003   18.2682071796879     
  1.282431229718495E-003   18.2682069000224     
  1.294092737439948E-003   18.2682066152476     
  1.305860286529691E-003   18.2682063252702     
  1.317734841251699E-003   18.2682060299951     
  1.329717374638271E-003   18.2682057293255     
  1.341808868569760E-003   18.2682054231630     
  1.354010313855036E-003   18.2682051114071     
  1.366322710312672E-003   18.2682047939556     
  1.378747066852870E-003   18.2682044707046     
  1.391284401560139E-003   18.2682041415479     
  1.403935741776714E-003   18.2682038063779     
  1.416702124186745E-003   18.2682034650845     
  1.429584594901240E-003   18.2682031175560     
  1.442584209543789E-003   18.2682027636784     
  1.455702033337064E-003   18.2682024033357     
  1.468939141190107E-003   18.2682020364098     
  1.482296617786410E-003   18.2682016627804     
  1.495775557672796E-003   18.2682012823251     
  1.509377065349111E-003   18.2682008949192     
  1.523102255358726E-003   18.2682005004357     
  1.536952252379874E-003   18.2682000987453     
  1.550928191317798E-003   18.2681996897162     
  1.565031217397754E-003   18.2681992732145     
  1.579262486258857E-003   18.2681988491037     
  1.593623164048769E-003   18.2681984172446     
  1.608114427519263E-003   18.2681979774959     
  1.622737464122647E-003   18.2681975297132     
  1.637493472109064E-003   18.2681970737499     
  1.652383660624685E-003   18.2681966094564     
  1.667409249810786E-003   18.2681961366807     
  1.682571470903732E-003   18.2681956552678     
  1.697871566335864E-003   18.2681951650597     
  1.713310789837312E-003   18.2681946658960     
  1.728890406538725E-003   18.2681941576129     
  1.744611693074942E-003   18.2681936400438     
  1.760475937689599E-003   18.2681931130191     
  1.776484440340697E-003   18.2681925763661     
  1.792638512807117E-003   18.2681920299089     
  1.808939478796118E-003   18.2681914734683     
  1.825388674051798E-003   18.2681909068619     
  1.841987446464553E-003   18.2681903299041     
  1.858737156181526E-003   18.2681897424056     
  1.875639175718059E-003   18.2681891441741     
  1.892694890070162E-003   18.2681885350132     
  1.909905696828005E-003   18.2681879147235     
  1.927273006290435E-003   18.2681872831015     
  1.944798241580546E-003   18.2681866399403     
  1.962482838762289E-003   18.2681859850290     
  1.980328246958149E-003   18.2681853181530     
  1.998335928467888E-003   18.2681846390936     
  2.016507358888371E-003   18.2681839476284     
  2.034844027234481E-003   18.2681832435306     
  2.053347436061133E-003   18.2681825265694     
  2.072019101586393E-003   18.2681817965099     
  2.090860553815727E-003   18.2681810531128     
  2.109873336667370E-003   18.2681802961343     
  2.129059008098839E-003   18.2681795253265     
  2.148419140234597E-003   18.2681787404365     
  2.167955319494877E-003   18.2681779412072     
  2.187669146725678E-003   18.2681771273766     
  2.207562237329941E-003   18.2681762986779     
  2.227636221399918E-003   18.2681754548395     
  2.247892743850751E-003   18.2681745955848     
  2.268333464555258E-003   18.2681737206322     
  2.288960058479945E-003   18.2681728296948     
  2.309774215822261E-003   18.2681719224807     
  2.330777642149095E-003   18.2681709986925     
  2.351972058536535E-003   18.2681700580273     
  2.373359201710899E-003   18.2681691001770     
  2.394940824191044E-003   18.2681681248273     
  2.416718694431974E-003   18.2681671316588     
  2.438694596969753E-003   18.2681661203459     
  2.460870332567731E-003   18.2681650905570     
  2.483247718364107E-003   18.2681640419547     
  2.505828588020829E-003   18.2681629741951     
  2.528614791873847E-003   18.2681618869285     
  2.551608197084736E-003   18.2681607797982     
  2.574810687793698E-003   18.2681596524415     
  2.598224165273950E-003   18.2681585044889     
  2.621850548087519E-003   18.2681573355641     
  2.645691772242462E-003   18.2681561452838     
  2.669749791351496E-003   18.2681549332580     
  2.694026576792089E-003   18.2681536990895     
  2.718524117868000E-003   18.2681524423736     
  2.743244421972284E-003   18.2681511626984     
  2.768189514751789E-003   18.2681498596445     
  2.793361440273135E-003   18.2681485327849     
  2.818762261190217E-003   18.2681471816845     
  2.844394058913222E-003   18.2681458059005     
  2.870258933779184E-003   18.2681444049819     
  2.896359005224093E-003   18.2681429784697     
  2.922696411956564E-003   18.2681415258961     
  2.949273312133095E-003   18.2681400467851     
  2.976091883534903E-003   18.2681385406518     
  3.003154323746385E-003   18.2681370070027     
  3.030462850335191E-003   18.2681354453349     
  3.058019701033935E-003   18.2681338551366     
  3.085827133923564E-003   18.2681322358866     
  3.113887427618390E-003   18.2681305870541     
  3.142202881452805E-003   18.2681289080987     
  3.170775815669696E-003   18.2681271984700     
  3.199608571610569E-003   18.2681254576077     
  3.228703511907409E-003   18.2681236849412     
  3.258063020676277E-003   18.2681218798893     
  3.287689503712670E-003   18.2681200418606     
  3.317585388688662E-003   18.2681181702524     
  3.347753125351831E-003   18.2681162644513     
  3.378195185725997E-003   18.2681143238327     
  3.408914064313792E-003   18.2681123477605     
  3.439912278301056E-003   18.2681103355869     
  3.471192367763110E-003   18.2681082866524     
  3.502756895872896E-003   18.2681062002854     
  3.534608449111006E-003   18.2681040758020     
  3.566749637477627E-003   18.2681019125060     
  3.599183094706413E-003   18.2680997096881     
  3.631911478480297E-003   18.2680974666265     
  3.664937470649270E-003   18.2680951825857     
  3.698263777450142E-003   18.2680928568173     
  3.731893129728291E-003   18.2680904885588     
  3.765828283161444E-003   18.2680880770341     
  3.800072018485474E-003   18.2680856214525     
  3.834627141722275E-003   18.2680831210094     
  3.869496484409682E-003   18.2680805748850     
  3.904682903833499E-003   18.2680779822449     
  3.940189283261637E-003   18.2680753422392     
  3.976018532180371E-003   18.2680726540026     
  4.012173586532749E-003   18.2680699166539     
  4.048657408959181E-003   18.2680671292959     
  4.085472989040193E-003   18.2680642910150     
  4.122623343541415E-003   18.2680614008808     
  4.160111516660766E-003   18.2680584579460     
  4.197940580277918E-003   18.2680554612461     
  4.236113634206008E-003   18.2680524097987     
  4.274633806445644E-003   18.2680493026036     
  4.313504253441223E-003   18.2680461386425     
  4.352728160339579E-003   18.2680429168781     
  4.392308741250983E-003   18.2680396362545     
  4.432249239512513E-003   18.2680362956965     
  4.472552927953821E-003   18.2680328941089     
  4.513223109165322E-003   18.2680294303769     
  4.554263115768812E-003   18.2680259033651     
  4.595676310690557E-003   18.2680223119175     
  4.637466087436854E-003   18.2680186548568     
  4.679635870372108E-003   18.2680149309844     
  4.722189114999433E-003   18.2680111390797     
  4.765129308243801E-003   18.2680072778997     
  4.808459968737778E-003   18.2680033461789     
  4.852184647109842E-003   18.2679993426285     
  4.896306926275335E-003   18.2679952659362     
  4.940830421730054E-003   18.2679911147659     
  4.985758781846518E-003   18.2679868877568     
  5.031095688172923E-003   18.2679825835234     
  5.076844855734817E-003   18.2679782006550     
  5.123010033339516E-003   18.2679737377148     
  5.169595003883303E-003   18.2679691932401     
  5.216603584661395E-003   18.2679645657413     
  5.264039627680746E-003   18.2679598537015     
  5.311907019975697E-003   18.2679550555764     
  5.360209683926482E-003   18.2679501697931     
  5.408951577580644E-003   18.2679451947502     
  5.458136694977360E-003   18.2679401288171     
  5.507769066474735E-003   18.2679349703332     
  5.557852759080046E-003   18.2679297176077     
  5.608391876783017E-003   18.2679243689189     
  5.659390560892100E-003   18.2679189225136     
  5.710852990373834E-003   18.2679133766066     
  5.762783382195268E-003   18.2679077293800     
  5.815185991669524E-003   18.2679019789829     
  5.868065112804482E-003   18.2678961235303     
  5.921425078654642E-003   18.2678901611031     
  5.975270261676185E-003   18.2678840897469     
  6.029605074085267E-003   18.2678779074715     
  6.084433968219566E-003   18.2678716122507     
  6.139761436903121E-003   18.2678652020209     
  6.195592013814475E-003   18.2678586746811     
  6.251930273858195E-003   18.2678520280918     
  6.308780833539735E-003   18.2678452600742     
  6.366148351343730E-003   18.2678383684102     
  6.424037528115731E-003   18.2678313508406     
  6.482453107447394E-003   18.2678242050654     
  6.541399876065192E-003   18.2678169287422     
  6.600882664222641E-003   18.2678095194862     
  6.660906346096118E-003   18.2678019748686     
  6.721475840184253E-003   18.2677942924166     
  6.782596109710964E-003   18.2677864696121     
  6.844272163032162E-003   18.2677785038908     
  6.906509054046150E-003   18.2677703926419     
  6.969311882607742E-003   18.2677621332065     
  7.032685794946169E-003   18.2677537228776     
  7.096635984086773E-003   18.2677451588983     
  7.161167690276533E-003   18.2677364384617     
  7.226286201413467E-003   18.2677275587093     
  7.291996853479941E-003   18.2677185167305     
  7.358305030979899E-003   18.2677093095617     
  7.425216167380103E-003   18.2676999341848     
  7.492735745555352E-003   18.2676903875270     
  7.560869298237766E-003   18.2676806664590     
  7.629622408470155E-003   18.2676707677945     
  7.699000710063507E-003   18.2676606882889     
  7.769009888058637E-003   18.2676504246384     
  7.839655679192033E-003   18.2676399734788     
  7.910943872365945E-003   18.2676293313845     
  7.982880309122732E-003   18.2676184948672     
  8.055470884123546E-003   18.2676074603750     
  8.128721545631349E-003   18.2675962242910     
  8.202638295998326E-003   18.2675847829324     
  8.277227192157744E-003   18.2675731325488     
  8.352494346120265E-003   18.2675612693216     
  8.428445925474778E-003   18.2675491893623     
  8.505088153893798E-003   18.2675368887114     
  8.582427311643442E-003   18.2675243633369     
  8.660469736098049E-003   18.2675116091334     
  8.739221822259492E-003   18.2674986219204     
  8.818690023281185E-003   18.2674853974409     
  8.898880850996885E-003   18.2674719313603     
  8.979800876454287E-003   18.2674582192646     
  9.061456730453466E-003   18.2674442566595     
  9.143855104090224E-003   18.2674300389682     
  9.227002749304384E-003   18.2674155615306     
  9.310906479433053E-003   18.2674008196013     
  9.395573169768927E-003   18.2673858083483     
  9.481009758123675E-003   18.2673705228511     
  9.567223245396437E-003   18.2673549580996     
  9.654220696147495E-003   18.2673391089921     
  9.742009239177164E-003   18.2673229703335     
  9.830596068109944E-003   18.2673065368340     
  9.919988441983987E-003   18.2672898031071     
  1.001019368584592E-002   18.2672727636678     
  1.010121919135108E-002   18.2672554129311     
  1.019307241736920E-002   18.2672377452097     
  1.028576089059561E-002   18.2672197547127     
  1.037929220616801E-002   18.2672014355431     
  1.047367402828880E-002   18.2671827816964     
  1.056891409085315E-002   18.2671637870583     
  1.066502019808271E-002   18.2671444454027     
  1.076200022516509E-002   18.2671247503901     
  1.085986211889921E-002   18.2671046955647     
  1.095861389834648E-002   18.2670842743531     
  1.105826365548788E-002   18.2670634800618     
  1.115881955588703E-002   18.2670423058748     
  1.126028983935933E-002   18.2670207448518     
  1.136268282064715E-002   18.2669987899256     
  1.146600689010114E-002   18.2669764338998     
  1.157027051436776E-002   18.2669536694468     
  1.167548223708306E-002   18.2669304891049     
  1.178165067957281E-002   18.2669068852760     
  1.188878454155889E-002   18.2668828502235     
  1.199689260187220E-002   18.2668583760693     
  1.210598371917202E-002   18.2668334547912     
  1.221606683267191E-002   18.2668080782208     
  1.232715096287221E-002   18.2667822380401     
  1.243924521229922E-002   18.2667559257794     
  1.255235876625104E-002   18.2667291328142     
  1.266650089355031E-002   18.2667018503624     
  1.278168094730364E-002   18.2666740694815     
  1.289790836566809E-002   18.2666457810655     
  1.301519267262452E-002   18.2666169758423     
  1.313354347875806E-002   18.2665876443702     
  1.325297048204555E-002   18.2665577770349     
  1.337348346865028E-002   18.2665273640468     
  1.349509231372389E-002   18.2664963954373     
  1.361780698221551E-002   18.2664648610555     
  1.374163752968839E-002   18.2664327505652     
  1.386659410314382E-002   18.2664000534416     
  1.399268694185265E-002   18.2663667589671     
  1.411992637819428E-002   18.2663328562288     
  1.424832283850335E-002   18.2662983341141     
  1.437788684392407E-002   18.2662631813075     
  1.450862901127241E-002   18.2662273862869     
  1.464056005390601E-002   18.2661909373195     
  1.477369078260208E-002   18.2661538224582     
  1.490803210644327E-002   18.2661160295378     
  1.504359503371159E-002   18.2660775461706     
  1.518039067279045E-002   18.2660383597427     
  1.531843023307492E-002   18.2659984574099     
  1.545772502589024E-002   18.2659578260931     
  1.559828646541872E-002   18.2659164524744     
  1.574012606963504E-002   18.2658743229926     
  1.588325546125004E-002   18.2658314238387     
  1.602768636866317E-002   18.2657877409514     
  1.617343062692348E-002   18.2657432600127     
  1.632050017869948E-002   18.2656979664427     
  1.646890707525771E-002   18.2656518453954     
  1.661866347745026E-002   18.2656048817534     
  1.676978165671126E-002   18.2655570601234     
  1.692227399606246E-002   18.2655083648305     
  1.707615299112791E-002   18.2654587799138     
  1.723143125115785E-002   18.2654082891205     
  1.738812150006201E-002   18.2653568759011     
  1.754623657745219E-002   18.2653045234037     
  1.770578943969441E-002   18.2652512144683     
  1.786679316097054E-002   18.2651969316219     
  1.802926093434970E-002   18.2651416570717     
  1.819320607286926E-002   18.2650853727004     
  1.835864201062579E-002   18.2650280600593     
  1.852558230387590E-002   18.2649697003628     
  1.869404063214701E-002   18.2649102744823     
  1.886403079935839E-002   18.2648497629393     
  1.903556673495216E-002   18.2647881458999     
  1.920866249503483E-002   18.2647254031676     
  1.938333226352900E-002   18.2646615141769     
  1.955959035333569E-002   18.2645964579869     
  1.973745120750714E-002   18.2645302132737     
  1.991692940043033E-002   18.2644627583242     
  2.009803963902124E-002   18.2643940710284     
  2.028079676392996E-002   18.2643241288724     
  2.046521575075680E-002   18.2642529089312     
  2.065131171127940E-002   18.2641803878606     
  2.083909989469105E-002   18.2641065418904     
  2.102859568885025E-002   18.2640313468157     
  2.121981462154160E-002   18.2639547779898     
  2.141277236174824E-002   18.2638768103153     
  2.160748472093576E-002   18.2637974182367     
  2.180396765434785E-002   18.2637165757315     
  2.200223726231372E-002   18.2636342563016     
  2.220230979156742E-002   18.2635504329651     
  2.240420163657908E-002   18.2634650782469     
  2.260792934089840E-002   18.2633781641703     
  2.281350959851020E-002   18.2632896622471     
  2.302095925520240E-002   18.2631995434690     
  2.323029530994642E-002   18.2631077782976     
  2.344153491629009E-002   18.2630143366548     
  2.365469538376328E-002   18.2629191879132     
  2.386979417929630E-002   18.2628223008856     
  2.408684892865113E-002   18.2627236438153     
  2.430587741786577E-002   18.2626231843654     
  2.452689759471170E-002   18.2625208896081     
  2.474992757016449E-002   18.2624167260143     
  2.497498561988792E-002   18.2623106594420     
  2.520209018573152E-002   18.2622026551258     
  2.543125987724174E-002   18.2620926776651     
  2.566251347318686E-002   18.2619806910125     
  2.589586992309579E-002   18.2618666584620     
  2.613134834881083E-002   18.2617505426373     
  2.636896804605457E-002   18.2616323054790     
  2.660874848601103E-002   18.2615119082325     
  2.685070931692118E-002   18.2613893114353     
  2.709487036569296E-002   18.2612644749039     
  2.734125163952598E-002   18.2611373577207     
  2.758987332755092E-002   18.2610079182205     
  2.784075580248391E-002   18.2608761139772     
  2.809391962229592E-002   18.2607419017892     
  2.834938553189732E-002   18.2606052376662     
  2.860717446483778E-002   18.2604660768139     
  2.886730754502164E-002   18.2603243736197     
  2.912980608843883E-002   18.2601800816378     
  2.939469160491156E-002   18.2600331535740     
  2.966198579985693E-002   18.2598835412699     
  2.993171057606546E-002   18.2597311956875     
  3.020388803549592E-002   18.2595760668928     
  3.047854048108643E-002   18.2594181040397     
  3.075569041858196E-002   18.2592572553531     
  3.103536055837857E-002   18.2590934681122     
  3.131757381738431E-002   18.2589266886330     
  3.160235332089715E-002   18.2587568622508     
  3.188972240449987E-002   18.2585839333022     
  3.217970461597228E-002   18.2584078451070     
  3.247232371722078E-002   18.2582285399495     
  3.276760368622544E-002   18.2580459590597     
  3.306556871900485E-002   18.2578600425939     
  3.336624323159882E-002   18.2576707296152     
  3.366965186206906E-002   18.2574779580734     
  3.397581947251811E-002   18.2572816647849     
  3.428477115112658E-002   18.2570817854118     
  3.459653221420897E-002   18.2568782544409     
  3.491112820828816E-002   18.2566710051620     
  3.522858491218871E-002   18.2564599696464     
  3.554892833914933E-002   18.2562450787246     
  3.587218473895438E-002   18.2560262619632     
  3.619838060008489E-002   18.2558034476424     
  3.652754265188913E-002   18.2555765627320     
  3.685969786677282E-002   18.2553455328678     
  3.719487346240934E-002   18.2551102823272     
  3.753309690397007E-002   18.2548707340041     
  3.787439590637486E-002   18.2546268093840     
  3.821879843656317E-002   18.2543784285181     
  3.856633271578565E-002   18.2541255099970     
  3.891702722191677E-002   18.2538679709243     
  3.927091069178827E-002   18.2536057268890     
  3.962801212354403E-002   18.2533386919384     
  3.998836077901616E-002   18.2530667785495     
  4.035198618612285E-002   18.2527898976005     
  4.071891814128797E-002   18.2525079583416     
  4.108918671188264E-002   18.2522208683650     
  4.146282223868903E-002   18.2519285335751     
  4.183985533838658E-002   18.2516308581573     
  4.222031690606078E-002   18.2513277445467     
  4.260423811773486E-002   18.2510190933963     
  4.299165043292436E-002   18.2507048035440     
  4.338258559721508E-002   18.2503847719800     
  4.377707564486430E-002   18.2500588938128     
  4.417515290142586E-002   18.2497270622345     
  4.457684998639892E-002   18.2493891684866     
  4.498219981590090E-002   18.2490451018234     
  4.539123560536480E-002   18.2486947494767     
  4.580399087226081E-002   18.2483379966180     
  4.622049943884295E-002   18.2479747263214     
  4.664079543492047E-002   18.2476048195251     
  4.706491330065461E-002   18.2472281549924     
  4.749288778938066E-002   18.2468446092720     
  4.792475397045575E-002   18.2464540566575     
  4.836054723213253E-002   18.2460563691464     
  4.880030328445900E-002   18.2456514163981     
  4.924405816220466E-002   18.2452390656907     
  4.969184822781329E-002   18.2448191818785     
  5.014371017438263E-002   18.2443916273469     
  5.059968102867101E-002   18.2439562619675     
  5.105979815413154E-002   18.2435129430526     
  5.152409925397369E-002   18.2430615253078     
  5.199262237425282E-002   18.2426018607850     
  5.246540590698776E-002   18.2421337988336     
  5.294248859330676E-002   18.2416571860512     
  5.342390952662206E-002   18.2411718662335     
  5.390970815583328E-002   18.2406776803228     
  5.439992428855994E-002   18.2401744663565     
  5.489459809440350E-002   18.2396620594132     
  5.539377010823885E-002   18.2391402915595     
  5.589748123353592E-002   18.2386089917945     
  5.640577274571136E-002   18.2380679859940     
  5.691868629551083E-002   18.2375170968534     
  5.743626391242191E-002   18.2369561438296     
  5.795854800811812E-002   18.2363849430818     
  5.848558137993426E-002   18.2358033074117     
  5.901740721437332E-002   18.2352110462016     
  5.955406909064532E-002   18.2346079653525     
  6.009561098423826E-002   18.2339938672201     
  6.064207727052165E-002   18.2333685505503     
  6.119351272838270E-002   18.2327318104136     
  6.174996254389560E-002   18.2320834381371     
  6.231147231402426E-002   18.2314232212374     
  6.287808805035859E-002   18.2307509433498     
  6.344985618288480E-002   18.2300663841584     
  6.402682356379004E-002   18.2293693193234     
  6.460903747130158E-002   18.2286595204081     
  6.519654561356085E-002   18.2279367548035     
  6.578939613253292E-002   18.2272007856527     
  6.638763760795117E-002   18.2264513717733     
  6.699131906129822E-002   18.2256882675780     
  6.760048995982283E-002   18.2249112229948     
  6.821520022059331E-002   18.2241199833848     
  6.883550021458792E-002   18.2233142894588     
  6.946144077082241E-002   18.2224938771927     
  7.009307318051504E-002   18.2216584777409     
  7.073044920128954E-002   18.2208078173483     
  7.137362106141627E-002   18.2199416172609     
  7.202264146409193E-002   18.2190595936342     
  7.267756359175821E-002   18.2181614574408     
  7.333844111045970E-002   18.2172469143755     
  7.400532817424141E-002   18.2163156647591     
  7.467827942958628E-002   18.2153674034404     
  7.535735001989317E-002   18.2144018196962     
  7.604259558999528E-002   18.2134185971299     
  7.673407229071995E-002   18.2124174135678     
  7.743183678348979E-002   18.2113979409537     
  7.813594624496566E-002   18.2103598452418     
  7.884645837173186E-002   18.2093027862873     
  7.956343138502395E-002   18.2082264177352     
  8.028692403549956E-002   18.2071303869070     
  8.101699560805256E-002   18.2060143346853     
  8.175370592667104E-002   18.2048778953967     
  8.249711535933942E-002   18.2037206966919     
  8.324728482298518E-002   18.2025423594242     
  8.400427578847056E-002   18.2013424975253     
  8.476815028562962E-002   18.2001207178794     
  8.553897090835115E-002   18.1988766201945     
  8.631680081970773E-002   18.1976097968719     
  8.710170375713155E-002   18.1963198328726     
  8.789374403763722E-002   18.1950063055818     
  8.869298656309202E-002   18.1936687846711     
  8.949949682553411E-002   18.1923068319576     
  9.031334091253920E-002   18.1909200012611     
  9.113458551263597E-002   18.1895078382579     
  9.196329792077054E-002   18.1880698803329     
  9.279954604382096E-002   18.1866056564283     
  9.364339840616155E-002   18.1851146868898     
  9.449492415527810E-002   18.1835964833104     
  9.535419306743394E-002   18.1820505483702     
  9.622127555338748E-002   18.1804763756749     
  9.709624266416203E-002   18.1788734495902     
  9.797916609686783E-002   18.1772412450734     
  9.887011820057706E-002   18.1755792275025     
  9.976917198225239E-002   18.1738868525016     
  0.100676401112729        18.1721635657633     
  0.101591879932753        18.1704088028682     
  0.102515683459070        18.1686219891007     
  0.103447887390574        18.1668025392618     
  0.104388568114513        18.1649498574783     
  0.105337802712743        18.1630633370087     
  0.106295668968047        18.1611423600455     
  0.107262245370510        18.1591862975141     
  0.108237611123949        18.1571945088678     
  0.109221846152404        18.1551663418792     
  0.110215031106686        18.1531011324284     
  0.111217247370987        18.1509982042863     
  0.112228577069547        18.1488568688948     
  0.113249103073387        18.1466764251429     
  0.114278909007096        18.1444561591389     
  0.115318079255685        18.1421953439779     
  0.116366698971503        18.1398932395058     
  0.117424854081211        18.1375490920791     
  0.118492631292828        18.1351621343195     
  0.119570118102830        18.1327315848653     
  0.120657402803326        18.1302566481172     
  0.121754574489289        18.1277365139808     
  0.122861723065856        18.1251703576033     
  0.123978939255701        18.1225573391062     
  0.125106314606459        18.1198966033130     
  0.126243941498239        18.1171872794721     
  0.127391913151184        18.1144284809749     
  0.128550323633116        18.1116193050684     
  0.129719267867243        18.1087588325633     
  0.130898841639933        18.1058461275366     
  0.132089141608570        18.1028802370288     
  0.133290265309470        18.0998601907360     
  0.134502311165872        18.0967850006962     
  0.135725378496007        18.0936536609709     
  0.136959567521235        18.0904651473194     
  0.138204979374256        18.0872184168695     
  0.139461716107398        18.0839124077805     
  0.140729880700981        18.0805460389013     
  0.142009577071751        18.0771182094223     
  0.143300910081402        18.0736277985209     
  0.144603985545162        18.0700736650014     
  0.145918910240467        18.0664546469276     
  0.147245791915712        18.0627695612500     
  0.148584739299077        18.0590172034258     
  0.149935862107437        18.0551963470327     
  0.151299271055356        18.0513057433756     
  0.152675077864154        18.0473441210869     
  0.154063395271066        18.0433101857191     
  0.155464337038479        18.0392026193316     
  0.156878017963250        18.0350200800689     
  0.158304553886121        18.0307612017327     
  0.159744061701202        18.0264245933461     
  0.161196659365557        18.0220088387102     
  0.162662465908865        18.0175124959534     
  0.164141601443176        18.0129340970728     
  0.165634187172753        18.0082721474682     
  0.167140345404002        18.0035251254672     
  0.168660199555497        17.9986914818433     
  0.170193874168092        17.9937696393256     
  0.171741494915125        17.9887579920993     
  0.173303188612717        17.9836549052993     
  0.174879083230164        17.9784587144939     
  0.176469307900424        17.9731677251609     
  0.178073992930694        17.9677802121545     
  0.179693269813094        17.9622944191630     
  0.181327271235438        17.9567085581585     
  0.182976131092107        17.9510208088364     
  0.184639984495023        17.9452293180467     
  0.186318967784716        17.9393321992150     
  0.188013218541500        17.9333275317548     
  0.189722875596747        17.9272133604703     
  0.191448079044259        17.9209876949488     
  0.193188970251752        17.9146485089440     
  0.194945691872439        17.9081937397495     
  0.196718387856717        17.9016212875614     
  0.198507203463965        17.8949290148321     
  0.200312285274447        17.8881147456130     
  0.202133781201322        17.8811762648871     
  0.203971840502766        17.8741113178914     
  0.205826613794199        17.8669176094286     
  0.207698253060632        17.8595928031686     
  0.209586911669118        17.8521345209384     
  0.211492744381318        17.8445403420028     
  0.213415907366187        17.8368078023324     
  0.215356558212765        17.8289343938623     
  0.217314855943096        17.8209175637389     
  0.219290961025256        17.8127547135560     
  0.221285035386500        17.8044431985793     
  0.223297242426536        17.7959803269608     
  0.225327747030910        17.7873633589404     
  0.227376715584518        17.7785895060379     
  0.229444315985243        17.7696559302324     
  0.231530717657707        17.7605597431311     
  0.233636091567162        17.7512980051265     
  0.235760610233491        17.7418677245420     
  0.237904447745352        17.7322658567669     
  0.240067779774438        17.7224893033791     
  0.242250783589875        17.7125349112571     
  0.244453638072748        17.7023994716808     
  0.246676523730756        17.6920797194201     
  0.248919622713006        17.6815723318138     
  0.251183118824938        17.6708739278358     
  0.253467197543388        17.6599810671518     
  0.255772046031783        17.6488902491636     
  0.258097853155481        17.6375979120438     
  0.260444809497244        17.6261004317591     
  0.262813107372859        17.6143941210835     
  0.265202940846892        17.6024752286006     
  0.267614505748596        17.5903399376969     
  0.270047999687952        17.5779843655434     
  0.272503622071863        17.5654045620697     
  0.274981574120498        17.5525965089265     
  0.277482058883777        17.5395561184411     
  0.280005281258007        17.5262792325623     
  0.282551448002679        17.5127616217978     
  0.285120767757403        17.4989989841439     
  0.287713451059009        17.4849869440066     
  0.290329710358798        17.4707210511161     
  0.292969760039949        17.4561967794348     
  0.295633816435088        17.4414095260585     
  0.298322097844016        17.4263546101127     
  0.301034824551593        17.4110272716434     
  0.303772218845792        17.3954226705038     
  0.306534505035915        17.3795358852371     
  0.309321909470968        17.3633619119569     
  0.312134660558215        17.3468956632253     
  0.314972988781890        17.3301319669289     
  0.317837126722086        17.3130655651560     
  0.320727309073811        17.2956911130733     
  0.323643772666222        17.2780031778044     
  0.326586756482030        17.2599962373114     
  0.329556501677080        17.2416646792799     
  0.332553251600120        17.2230028000098     
  0.335577251812732        17.2040048033114     
  0.338628750109461        17.1846647994107     
  0.341707996538116        17.1649768038627     
  0.344815243420264        17.1449347364759     
  0.347950745371899        17.1245324202499     
  0.351114759324312        17.1037635803259     
  0.354307544545142        17.0826218429538     
  0.357529362659622        17.0611007344776     
  0.360780477672017        17.0391936803394     
  0.364061155987255        17.0168940041068     
  0.367371666432761        16.9941949265233     
  0.370712280280483        16.9710895645863     
  0.374083271269120        16.9475709306532     
  0.377484915626556        16.9236319315797     
  0.380917492092490        16.8992653678924     
  0.384381281941282        16.8744639329982     
  0.387876569004998        16.8492202124345     
  0.391403639696668        16.8235266831620     
  0.394962783033757        16.7973757129050     
  0.398554290661847        16.7707595595407     
  0.402178456878535        16.7436703705434     
  0.405835578657548        16.7161001824851     
  0.409525955673082        16.6880409205980     
  0.413249890324350        16.6594843984023     
  0.417007687760369        16.6304223174040     
  0.420799655904961        16.6008462668671     
  0.424626105481986        16.5707477236643     
  0.428487350040804        16.5401180522117     
  0.432383705981966        16.5089485044933     
  0.436315492583144        16.4772302201782     
  0.440283032025290        16.4449542268389     
  0.444286649419038        16.4121114402745     
  0.448326672831347        16.3786926649455     
  0.452403433312378        16.3446885945258     
  0.456517264922625        16.3100898125799     
  0.460668504760289        16.2748867933695     
  0.464857492988898        16.2390699027986     
  0.469084572865185        16.2026293995033     
  0.473350090767211        16.1655554360936     
  0.477654396222751        16.1278380605555     
  0.481997841937934        16.0894672178209     
  0.486380783826145        16.0504327515132     
  0.490803581037189        16.0107244058781     
  0.495266595986722        15.9703318279074     
  0.499770194385947        15.9292445696651     
  0.504314745271583        15.8874520908254     
  0.508900621036101        15.8449437614318     
  0.513528197458243        15.8017088648871     
  0.518197853733814        15.7577366011849     
  0.522909972506751        15.7130160903927     
  0.527664939900481        15.6675363763965     
  0.532463145549559        15.6212864309198     
  0.537304982631597        15.5742551578255     
  0.542190847899482        15.5264313977147     
  0.547121141713887        15.4778039328324     
  0.552096268076076        15.4283614922919     
  0.557116634661010        15.3780927576321     
  0.562182652850754        15.3269863687169     
  0.567294737768184        15.2750309299920     
  0.572453308311008        15.2222150171101     
  0.577658787186086        15.1685271839383     
  0.582911600944071        15.1139559699600     
  0.588212180014362        15.0584899080852     
  0.593560958740373        15.0021175328818     
  0.598958375415124        14.9448273892414     
  0.604404872317157        14.8866080414931     
  0.609900895746778        14.8274480829786     
  0.615446896062625        14.7673361461018     
  0.621043327718578        14.7062609128664     
  0.626690649300988        14.6442111259140     
  0.632389323566267        14.5811756000773     
  0.638139817478795        14.5171432344589     
  0.643942602249194        14.4521030250505     
  0.649798153372937        14.3860440779034     
  0.655706950669310        14.3189556228632     
  0.661669478320729        14.2508270278786     
  0.667686224912420        14.1816478138976     
  0.673757683472450        14.1114076703600     
  0.679884351512128        14.0400964712958     
  0.686066731066776        13.9677042920402     
  0.692305328736862        13.8942214265722     
  0.698600655729515        13.8196384054846     
  0.704953227900414        13.7439460145923     
  0.711363565796059        13.6671353141841     
  0.717832194696427        13.5891976589218     
  0.724359644658010        13.5101247183908     
  0.730946450557257        13.4299084983029     
  0.737593152134396        13.3485413623514     
  0.744300294037665        13.2660160547182     
  0.751068425867942        13.1823257232284     
  0.757898102223782        13.0974639431479     
  0.764789882746857        13.0114247416180     
  0.771744332167820        12.9242026227160     
  0.778762020352580        12.8357925931323     
  0.785843522348994        12.7461901884490     
  0.792989418433994        12.6553915000048     
  0.800200294161129        12.5633932023264     
  0.807476740408557        12.4701925811058     
  0.814819353427451        12.3757875616973     
  0.822228734890868        12.2801767381080     
  0.829705491943046        12.1833594024502     
  0.837250237249154        12.0853355748210     
  0.844863589045501        11.9861060335715     
  0.852546171190191        11.8856723459246     
  0.860298613214246        11.7840368988951     
  0.868121550373188        11.6812029304628     
  0.876015623699099        11.5771745609461     
  0.883981480053145        11.4719568245184     
  0.892019772178582        11.3655557008041     
  0.900131158754245        11.2579781464896     
  0.908316304448519        11.1492321268782     
  0.916575879973807        11.0393266473125     
  0.924910562141488        10.9282717843861     
  0.933321033917377        10.8160787168584     
  0.941807984477689        10.7027597561846     
  0.950372109265514        10.5883283765650     
  0.959014110047798        10.4727992444175     
  0.967734694972854        10.3561882471671     
  0.976534578628386        10.2385125212457     
  0.985414482100045        10.1197904791896     
  0.994375133030515        10.0000418357171     
   1.00341726567914        9.87928763266471     
   1.01254162098210        9.75755026265630     
   1.02174894661309        9.63485349137629     
   1.03103999704464        9.51122247831239     
   1.04041553360991        9.38668379583193     
   1.04987632456505        9.26126544645151     
   1.05942314515220        9.13499687815709     
   1.06905677766300        9.00790899762958     
   1.07877801150267        8.88003418122854     
   1.08858764325472        8.75140628358533     
   1.09848647674623        8.62206064365610     
   1.10847532311369        8.49203408808435     
   1.11855500086948        8.36136493172323     
   1.12872633596897        8.23009297516842     
   1.13899016187813        8.09825949915394     
   1.14934731964192        7.96590725566569     
   1.15979865795312        7.83308045563037     
   1.17034503322193        7.69982475304148     
   1.18098730964612        7.56618722538878     
   1.19172635928186        7.43221635026335     
   1.20256306211518        7.29796197801686     
   1.21349830613405        7.16347530036152     
   1.22453298740118        7.02880881480542     
   1.23566801012741        6.89401628482803     
   1.24690428674586        6.75915269571093     
   1.25824273798663        6.62427420595101     
   1.26968429295228        6.48943809419570     
   1.28122988919397        6.35470270165427     
   1.29288047278829        6.22012736995386     
   1.30463699841473        6.08577237442505     
   1.31650042943399        5.95169885281884     
   1.32847173796685        5.81796872947529     
   1.34055190497388        5.68464463498259     
   1.35274192033579        5.55178982138603     
   1.36504278293455        5.41946807302667     
   1.37745550073526        5.28774361311151     
   1.38998109086870        5.15668100613924     
   1.40262057971474        5.02634505632885     
   1.41537500298639        4.89680070222168     
   1.42824540581469        4.76811290765201     
   1.44123284283437        4.64034654930498     
   1.45433837827023        4.51356630110574     
   1.46756308602436        4.38783651570796     
   1.48090804976417        4.26322110337422     
   1.49437436301114        4.13978340856524     
   1.50796312923046        4.01758608457830     
   1.52167546192143        3.89669096659860     
   1.53551248470871        3.77715894354941     
   1.54947533143442        3.65904982914829     
   1.56356514625099        3.54242223259680     
   1.57778308371498        3.42733342934989     
   1.59213030888163        3.31383923242828     
   1.60660799740038        3.20199386475284     
   1.62121733561117        3.09184983299331     
   1.63595952064165        2.98345780343491     
   1.65083576050531        2.87686648037589     
   1.66584727420045        2.77212248757518     
   1.68099529181002        2.66927025327332     
   1.69628105460252        2.56835189931113     
   1.71170581513361        2.46940713486832     
   1.72727083734882        2.37247315533957     
   1.74297739668705        2.27758454685742     
   1.75882678018518        2.18477319695981     
   1.77482028658344        2.09406821188547     
   1.79095922643187        2.00549584096226     
   1.80724492219774        1.91907940853209     
   1.82367870837386        1.83483925383120     
   1.84026193158795        1.75279267921647     
   1.85699595071303        1.67295390709694     
   1.87388213697871        1.59533404589533     
   1.89092187408357        1.51994106532663     
   1.90811655830857        1.44677978124031     
   1.92546759863144        1.37585185022991     
   1.94297641684212        1.30715577416784     
   1.96064444765932        1.24068691477559     
   1.97847313884803        1.17643751828994     
   1.99646395133817        1.11439675023421     
