  1.215775037524561E-006  -6.95336478290063     
  1.226830421750313E-006  -6.95336478383196     
  1.237986335693001E-006  -6.95336478336630     
  1.249243693497602E-006  -6.95336478290065     
  1.260603417621676E-006  -6.95336478429764     
  1.272066438910944E-006  -6.95336478336632     
  1.283633696675570E-006  -6.95336478383199     
  1.295306138767131E-006  -6.95336478336634     
  1.307084721656284E-006  -6.95336478383201     
  1.318970410511143E-006  -6.95336478383202     
  1.330964179276365E-006  -6.95336478336636     
  1.343067010752962E-006  -6.95336478336637     
  1.355279896678832E-006  -6.95336478383204     
  1.367603837810021E-006  -6.95336478429771     
  1.380039844002736E-006  -6.95336478336640     
  1.392588934296086E-006  -6.95336478429773     
  1.405252136995594E-006  -6.95336478336642     
  1.418030489757448E-006  -6.95336478429775     
  1.430925039673541E-006  -6.95336478383210     
  1.443936843357265E-006  -6.95336478383211     
  1.457066967030092E-006  -6.95336478336645     
  1.470316486608951E-006  -6.95336478336646     
  1.483686487794382E-006  -6.95336478383214     
  1.497178066159505E-006  -6.95336478336649     
  1.510792327239798E-006  -6.95336478336650     
  1.524530386623681E-006  -6.95336478383217     
  1.538393370043933E-006  -6.95336478336652     
  1.552382413469940E-006  -6.95336478336653     
  1.566498663200774E-006  -6.95336478383220     
  1.580743275959129E-006  -6.95336478429787     
  1.595117418986103E-006  -6.95336478383223     
  1.609622270136845E-006  -6.95336478383224     
  1.624259017977073E-006  -6.95336478336659     
  1.639028861880466E-006  -6.95336478383226     
  1.653933012126946E-006  -6.95336478383227     
  1.668972690001851E-006  -6.95336478383229     
  1.684149127896008E-006  -6.95336478336664     
  1.699463569406722E-006  -6.95336478383231     
  1.714917269439678E-006  -6.95336478429799     
  1.730511494311769E-006  -6.95336478336668     
  1.746247521854867E-006  -6.95336478383236     
  1.762126641520526E-006  -6.95336478336671     
  1.778150154485646E-006  -6.95336478336672     
  1.794319373759094E-006  -6.95336478383240     
  1.810635624289298E-006  -6.95336478383241     
  1.827100243072811E-006  -6.95336478383243     
  1.843714579263874E-006  -6.95336478336679     
  1.860479994284967E-006  -6.95336478336680     
  1.877397861938365E-006  -6.95336478383248     
  1.894469568518716E-006  -6.95336478383250     
  1.911696512926634E-006  -6.95336478383251     
  1.929080106783329E-006  -6.95336478336687     
  1.946621774546280E-006  -6.95336478383255     
  1.964322953625958E-006  -6.95336478383256     
  1.982185094503613E-006  -6.95336478383258     
  2.000209660850127E-006  -6.95336478383260     
  2.018398129645952E-006  -6.95336478429828     
  2.036751991302144E-006  -6.95336478429830     
  2.055272749782477E-006  -6.95336478336700     
  2.073961922726699E-006  -6.95336478383268     
  2.092821041574877E-006  -6.95336478383270     
  2.111851651692896E-006  -6.95336478383272     
  2.131055312499086E-006  -6.95336478383274     
  2.150433597592007E-006  -6.95336478383276     
  2.169988094879394E-006  -6.95336478290146     
  2.189720406708272E-006  -6.95336478336715     
  2.209632149996258E-006  -6.95336478336717     
  2.229724956364056E-006  -6.95336478383285     
  2.250000472269157E-006  -6.95336478383288     
  2.270460359140750E-006  -6.95336478383290     
  2.291106293515870E-006  -6.95336478383292     
  2.311939967176771E-006  -6.95336478383295     
  2.332963087289563E-006  -6.95336478383298     
  2.354177376544093E-006  -6.95336478429866     
  2.375584573295115E-006  -6.95336478336737     
  2.397186431704728E-006  -6.95336478406588     
  2.418984721886122E-006  -6.95336478383308     
  2.440981230048625E-006  -6.95336478360028     
  2.463177758644066E-006  -6.95336478360031     
  2.485576126514476E-006  -6.95336478360033     
  2.508178169041131E-006  -6.95336478360036     
  2.530985738294940E-006  -6.95336478360039     
  2.554000703188216E-006  -6.95336478383325     
  2.577224949627819E-006  -6.95336478383329     
  2.600660380669686E-006  -6.95336478383332     
  2.624308916674781E-006  -6.95336478360052     
  2.648172495466446E-006  -6.95336478360055     
  2.672253072489201E-006  -6.95336478383341     
  2.696552620968965E-006  -6.95336478360062     
  2.721073132074761E-006  -6.95336478383348     
  2.745816615081871E-006  -6.95336478360069     
  2.770785097536482E-006  -6.95336478383355     
  2.795980625421825E-006  -6.95336478406642     
  2.821405263325837E-006  -6.95336478383363     
  2.847061094610328E-006  -6.95336478383366     
  2.872950221581709E-006  -6.95336478383370     
  2.899074765663249E-006  -6.95336478360091     
  2.925436867568917E-006  -6.95336478360095     
  2.952038687478797E-006  -6.95336478406665     
  2.978882405216097E-006  -6.95336478383386     
  3.005970220425769E-006  -6.95336478360107     
  3.033304352754756E-006  -6.95336478406678     
  3.060887042033876E-006  -6.95336478406682     
  3.088720548461358E-006  -6.95336478360120     
  3.116807152788046E-006  -6.95336478360125     
  3.145149156504296E-006  -6.95336478336846     
  3.173748882028561E-006  -6.95336478406700     
  3.202608672897700E-006  -6.95336478383422     
  3.231730893959008E-006  -6.95336478406710     
  3.261117931564005E-006  -6.95336478360149     
  3.290772193763975E-006  -6.95336478360154     
  3.320696110507288E-006  -6.95336478383442     
  3.350892133838518E-006  -6.95336478360164     
  3.381362738099372E-006  -6.95336478360169     
  3.412110420131440E-006  -6.95336478383458     
  3.443137699480794E-006  -6.95336478406746     
  3.474447118604449E-006  -6.95336478383469     
  3.506041243078693E-006  -6.95336478383475     
  3.537922661809324E-006  -6.95336478406764     
  3.570093987243787E-006  -6.95336478360203     
  3.602557855585245E-006  -6.95336478383492     
  3.635316927008598E-006  -6.95336478383499     
  3.668373885878466E-006  -6.95336478360222     
  3.701731440969149E-006  -6.95336478360228     
  3.735392325686595E-006  -6.95336478383518     
  3.769359298292378E-006  -6.95336478360241     
  3.803635142129723E-006  -6.95336478406814     
  3.838222665851578E-006  -6.95336478383538     
  3.873124703650757E-006  -6.95336478406828     
  3.908344115492190E-006  -6.95336478383552     
  3.943883787347273E-006  -6.95336478360276     
  3.979746631430350E-006  -6.95336478337000     
  4.015935586437346E-006  -6.95336478383574     
  4.052453617786579E-006  -6.95336478406865     
  4.089303717861747E-006  -6.95336478360306     
  4.126488906257133E-006  -6.95336478360314     
  4.164012230025044E-006  -6.95336478383605     
  4.201876763925485E-006  -6.95336478360330     
  4.240085610678122E-006  -6.95336478360339     
  4.278641901216521E-006  -6.95336478360347     
  4.317548794944710E-006  -6.95336478383639     
  4.356809479996062E-006  -6.95336478383648     
  4.396427173494547E-006  -6.95336478360374     
  4.436405121818345E-006  -6.95336478360383     
  4.476746600865867E-006  -6.95336478360392     
  4.517454916324189E-006  -6.95336478360402     
  4.558533403939929E-006  -6.95336478383694     
  4.599985429792585E-006  -6.95336478383704     
  4.641814390570366E-006  -6.95336478383714     
  4.684023713848518E-006  -6.95336478360441     
  4.726616858370195E-006  -6.95336478337169     
  4.769597314329873E-006  -6.95336478348821     
  4.812968603659350E-006  -6.95336478372114     
  4.856734280316338E-006  -6.95336478372125     
  4.900897930575686E-006  -6.95336478372136     
  4.945463173323248E-006  -6.95336478360506     
  4.990433660352426E-006  -6.95336478372159     
  5.035813076663405E-006  -6.95336478372171     
  5.081605140765114E-006  -6.95336478348900     
  5.127813604979927E-006  -6.95336478360554     
  5.174442255751142E-006  -6.95336478348925     
  5.221494913953250E-006  -6.95336478360579     
  5.268975435205028E-006  -6.95336478360592     
  5.316887710185476E-006  -6.95336478348963     
  5.365235664952637E-006  -6.95336478348977     
  5.414023261265301E-006  -6.95336478325707     
  5.463254496907642E-006  -6.95336478349004     
  5.512933406016814E-006  -6.95336478360660     
  5.563064059413512E-006  -6.95336478349033     
  5.613650564935550E-006  -6.95336478337406     
  5.664697067774460E-006  -6.95336478360704     
  5.716207750815174E-006  -6.95336478349077     
  5.768186834978766E-006  -6.95336478360734     
  5.820638579568341E-006  -6.95336478337467     
  5.873567282618032E-006  -6.95336478349125     
  5.926977281245215E-006  -6.95336478349141     
  5.980872952005890E-006  -6.95336478337516     
  6.035258711253311E-006  -6.95336478337533     
  6.090139015499875E-006  -6.95336478325909     
  6.145518361782295E-006  -6.95336478360851     
  6.201401288030110E-006  -6.95336478337585     
  6.257792373437524E-006  -6.95336478325962     
  6.314696238838641E-006  -6.95336478337622     
  6.372117547086107E-006  -6.95336478337641     
  6.430061003433205E-006  -6.95336478337660     
  6.488531355919403E-006  -6.95336478337680     
  6.547533395759427E-006  -6.95336478326058     
  6.607071957735868E-006  -6.95336478337720     
  6.667151920595352E-006  -6.95336478337741     
  6.727778207448322E-006  -6.95336478326120     
  6.788955786172447E-006  -6.95336478337783     
  6.850689669819703E-006  -6.95336478326163     
  6.912984917027163E-006  -6.95336478314544     
  6.975846632431499E-006  -6.95336478326208     
  7.039279967087289E-006  -6.95336478326231     
  7.103290118889093E-006  -6.95336478337896     
  7.167882332997389E-006  -6.95336478314637     
  7.233061902268377E-006  -6.95336478337944     
  7.298834167687678E-006  -6.95336478314686     
  7.365204518808008E-006  -6.95336478303069     
  7.432178394190792E-006  -6.95336478303095     
  7.499761281851830E-006  -6.95336478303121     
  7.567958719710984E-006  -6.95336478314789     
  7.636776296045988E-006  -6.95336478326458     
  7.706219649950349E-006  -6.95336478314844     
  7.776294471795441E-006  -6.95336478314872     
  7.847006503696785E-006  -6.95336478314900     
  7.918361539984566E-006  -6.95336478291646     
  7.990365427678453E-006  -6.95336478291676     
  8.063024066966700E-006  -6.95336478291706     
  8.136343411689639E-006  -6.95336478280095     
  8.210329469827537E-006  -6.95336478303410     
  8.284988303992923E-006  -6.95336478291800     
  8.360326031927360E-006  -6.95336478291833     
  8.436348827002760E-006  -6.95336478303507     
  8.513062918727238E-006  -6.95336478291899     
  8.590474593255582E-006  -6.95336478280292     
  8.668590193904344E-006  -6.95336478291968     
  8.747416121671649E-006  -6.95336478292004     
  8.826958835761685E-006  -6.95336478292040     
  8.907224854114010E-006  -6.95336478280435     
  8.988220753937634E-006  -6.95336478292114     
  9.069953172249977E-006  -6.95336478268869     
  9.152428806420727E-006  -6.95336478280550     
  9.235654414720636E-006  -6.95336478268948     
  9.319636816875310E-006  -6.95336478268988     
  9.404382894624042E-006  -6.95336478269029     
  9.489899592283712E-006  -6.95336478280713     
  9.576193917317826E-006  -6.95336478269114     
  9.663272940910726E-006  -6.95336478269157     
  9.751143798547024E-006  -6.95336478269201     
  9.839813690596293E-006  -6.95336478275067     
  9.929289882903098E-006  -6.95336478251830     
  1.001957970738237E-005  -6.95336478251876     
  1.011069056262019E-005  -6.95336478246103     
  1.020262991448010E-005  -6.95336478251972     
  1.029540529671478E-005  -6.95336478240380     
  1.038902431158350E-005  -6.95336478246251     
  1.048349463047497E-005  -6.95336478240481     
  1.057882399453602E-005  -6.95336478234712     
  1.067502021530589E-005  -6.95336478246406     
  1.077209117535634E-005  -6.95336478228998     
  1.087004482893758E-005  -6.95336478240694     
  1.096888920263005E-005  -6.95336478229109     
  1.106863239600215E-005  -6.95336478229165     
  1.116928258227392E-005  -6.95336478217582     
  1.127084800898679E-005  -6.95336478223462     
  1.137333699867941E-005  -6.95336478217701     
  1.147675794956962E-005  -6.95336478211941     
  1.158111933624259E-005  -6.95336478206183     
  1.168642971034531E-005  -6.95336478206246     
  1.179269770128726E-005  -6.95336478200490     
  1.189993201694761E-005  -6.95336478194735     
  1.200814144438869E-005  -6.95336478200622     
  1.211733485057607E-005  -6.95336478200691     
  1.222752118310513E-005  -6.95336478183298     
  1.233870947093426E-005  -6.95336478183368     
  1.245090882512470E-005  -6.95336478183440     
  1.256412843958712E-005  -6.95336478183514     
  1.267837759183501E-005  -6.95336478171947     
  1.279366564374492E-005  -6.95336478172023     
  1.291000204232356E-005  -6.95336478160459     
  1.302739632048191E-005  -6.95336478172179     
  1.314585809781641E-005  -6.95336478154797     
  1.326539708139719E-005  -6.95336478154878     
  1.338602306656351E-005  -6.95336478149141     
  1.350774593772639E-005  -6.95336478143405     
  1.363057566917857E-005  -6.95336478143491     
  1.375452232591186E-005  -6.95336478137758     
  1.387959606444186E-005  -6.95336478126206     
  1.400580713364022E-005  -6.95336478132118     
  1.413316587557445E-005  -6.95336478114748     
  1.426168272635542E-005  -6.95336478114842     
  1.439136821699245E-005  -6.95336478120759     
  1.452223297425633E-005  -6.95336478109216     
  1.465428772155003E-005  -6.95336478103495     
  1.478754327978746E-005  -6.95336478103596     
  1.492201056828012E-005  -6.95336478092058     
  1.505770060563190E-005  -6.95336478080522     
  1.519462451064195E-005  -6.95336478068987     
  1.533279350321579E-005  -6.95336478069096     
  1.547221890528467E-005  -6.95336478075028     
  1.561291214173337E-005  -6.95336478057679     
  1.575488474133635E-005  -6.95336478057794     
  1.589814833770247E-005  -6.95336478052091     
  1.604271467022824E-005  -6.95336478046390     
  1.618859558505982E-005  -6.95336478040690     
  1.633580303606371E-005  -6.95336478034994     
  1.648434908580628E-005  -6.95336478023478     
  1.663424590654220E-005  -6.95336478011965     
  1.678550578121186E-005  -6.95336478017917     
  1.693814110444791E-005  -6.95336477994767     
  1.709216438359087E-005  -6.95336477994902     
  1.724758823971400E-005  -6.95336477989220     
  1.740442540865757E-005  -6.95336477989360     
  1.756268874207238E-005  -6.95336477972041     
  1.772239120847294E-005  -6.95336477972187     
  1.788354589430009E-005  -6.95336477954873     
  1.804616600499336E-005  -6.95336477949203     
  1.821026486607307E-005  -6.95336477949357     
  1.837585592423220E-005  -6.95336477932052     
  1.854295274843834E-005  -6.95336477920570     
  1.871156903104549E-005  -6.95336477920732     
  1.888171858891607E-005  -6.95336477909256     
  1.905341536455314E-005  -6.95336477909425     
  1.922667342724283E-005  -6.95336477892134     
  1.940150697420726E-005  -6.95336477883578     
  1.957793033176788E-005  -6.95336477875024     
  1.975595795651941E-005  -6.95336477860654     
  1.993560443651446E-005  -6.95336477849196     
  2.011688449245888E-005  -6.95336477843563     
  2.029981297891806E-005  -6.95336477835024     
  2.048440488553410E-005  -6.95336477823577     
  2.067067533825417E-005  -6.95336477812134     
  2.085863960056990E-005  -6.95336477806515     
  2.104831307476815E-005  -6.95336477792168     
  2.123971130319311E-005  -6.95336477783647     
  2.143284996951986E-005  -6.95336477772218     
  2.162774490003957E-005  -6.95336477757884     
  2.182441206495631E-005  -6.95336477752284     
  2.202286757969570E-005  -6.95336477735047     
  2.222312770622546E-005  -6.95336477723634     
  2.242520885438798E-005  -6.95336477709316     
  2.262912758324492E-005  -6.95336477700822     
  2.283490060243416E-005  -6.95336477689423     
  2.304254477353902E-005  -6.95336477678028     
  2.325207711146994E-005  -6.95336477663727     
  2.346351478585873E-005  -6.95336477649430     
  2.367687512246545E-005  -6.95336477635139     
  2.389217560459821E-005  -6.95336477620852     
  2.410943387454574E-005  -6.95336477606570     
  2.432866773502306E-005  -6.95336477592292     
  2.454989515063029E-005  -6.95336477575110     
  2.477313424932471E-005  -6.95336477560843     
  2.499840332390619E-005  -6.95336477549491     
  2.522572083351621E-005  -6.95336477529414     
  2.545510540515038E-005  -6.95336477515163     
  2.568657583518483E-005  -6.95336477500917     
  2.592015109091644E-005  -6.95336477483767     
  2.615585031211701E-005  -6.95336477463712     
  2.639369281260170E-005  -6.95336477446573     
  2.663369808181163E-005  -6.95336477429440     
  2.687588578641086E-005  -6.95336477418133     
  2.712027577189795E-005  -6.95336477401012     
  2.736688806423221E-005  -6.95336477380987     
  2.761574287147457E-005  -6.95336477363879     
  2.786686058544356E-005  -6.95336477346777     
  2.812026178338625E-005  -6.95336477318040     
  2.837596722966443E-005  -6.95336477300952     
  2.863399787745601E-005  -6.95336477283870     
  2.889437487047208E-005  -6.95336477266795     
  2.915711954468944E-005  -6.95336477240996     
  2.942225343009892E-005  -6.95336477223936     
  2.968979825246959E-005  -6.95336477201062     
  2.995977593512907E-005  -6.95336477178195     
  3.023220860075995E-005  -6.95336477158247     
  3.050711857321260E-005  -6.95336477135396     
  3.078452837933444E-005  -6.95336477112553     
  3.106446075081582E-005  -6.95336477089718     
  3.134693862605278E-005  -6.95336477063980     
  3.163198515202662E-005  -6.95336477041162     
  3.191962368620065E-005  -6.95336477015441     
  3.220987779843418E-005  -6.95336476989729     
  3.250277127291385E-005  -6.95336476964026     
  3.279832811010261E-005  -6.95336476938332     
  3.309657252870638E-005  -6.95336476909736     
  3.339752896765854E-005  -6.95336476886971     
  3.370122208812262E-005  -6.95336476855484     
  3.400767677551299E-005  -6.95336476832738     
  3.431691814153412E-005  -6.95336476795449     
  3.462897152623827E-005  -6.95336476772723     
  3.494386250010190E-005  -6.95336476744186     
  3.526161686612102E-005  -6.95336476715659     
  3.558226066192552E-005  -6.95336476684232     
  3.590582016191280E-005  -6.95336476652817     
  3.623232187940073E-005  -6.95336476618501     
  3.656179256880021E-005  -6.95336476584197     
  3.689425922780758E-005  -6.95336476549904     
  3.722974909961676E-005  -6.95336476515623     
  3.756828967515173E-005  -6.95336476484264     
  3.790990869531917E-005  -6.95336476447096     
  3.825463415328160E-005  -6.95336476414306     
  3.860249429675125E-005  -6.95336476380073     
  3.895351763030475E-005  -6.95336476341487     
  3.930773291771884E-005  -6.95336476304369     
  3.966516918432738E-005  -6.95336476262899     
  4.002585571939975E-005  -6.95336476227263     
  4.038982207854088E-005  -6.95336476188730     
  4.075709808611315E-005  -6.95336476147300     
  4.112771383768023E-005  -6.95336476105885     
  4.150169970247322E-005  -6.95336476064483     
  4.187908632587916E-005  -6.95336476023097     
  4.225990463195226E-005  -6.95336475980270     
  4.264418582594776E-005  -6.95336475933093     
  4.303196139687917E-005  -6.95336475888841     
  4.342326312009836E-005  -6.95336475844606     
  4.381812305989947E-005  -6.95336475796020     
  4.421657357214622E-005  -6.95336475750362     
  4.461864730692338E-005  -6.95336475701809     
  4.502437721121202E-005  -6.95336475650363     
  4.543379653158946E-005  -6.95336475601845     
  4.584693881695344E-005  -6.95336475553344     
  4.626383792127128E-005  -6.95336475499040     
  4.668452800635395E-005  -6.95336475446209     
  4.710904354465535E-005  -6.95336475393397     
  4.753741932209709E-005  -6.95336475337694     
  4.796969044091900E-005  -6.95336475283465     
  4.840589232255539E-005  -6.95336475226344     
  4.884606071053764E-005  -6.95336475169244     
  4.929023167342313E-005  -6.95336475110709     
  4.973844160775074E-005  -6.95336475052194     
  5.019072724102335E-005  -6.95336474987880     
  5.064712563471734E-005  -6.95336474926497     
  5.110767418731948E-005  -6.95336474863681     
  5.157241063739154E-005  -6.95336474799432     
  5.204137306666261E-005  -6.95336474733750     
  5.251459990314965E-005  -6.95336474665181     
  5.299212992430642E-005  -6.95336474598091     
  5.347400226020093E-005  -6.95336474529569     
  5.396025639672192E-005  -6.95336474459616     
  5.445093217881440E-005  -6.95336474388232     
  5.494606981374467E-005  -6.95336474312508     
  5.544570987439503E-005  -6.95336474241176     
  5.594989330258837E-005  -6.95336474162593     
  5.645866141244312E-005  -6.95336474085492     
  5.697205589375860E-005  -6.95336474006963     
  5.749011881543115E-005  -6.95336473928462     
  5.801289262890149E-005  -6.95336473847078     
  5.854042017163315E-005  -6.95336473764267     
  5.907274467062279E-005  -6.95336473678575     
  5.960990974594233E-005  -6.95336473592913     
  6.015195941431323E-005  -6.95336473505826     
  6.069893809271341E-005  -6.95336473415859     
  6.125089060201679E-005  -6.95336473323013     
  6.180786217066619E-005  -6.95336473231654     
  6.236989843837927E-005  -6.95336473137417     
  6.293704545988859E-005  -6.95336473041757     
  6.350934970871526E-005  -6.95336472941766     
  6.408685808097723E-005  -6.95336472844719     
  6.466961789923196E-005  -6.95336472743342     
  6.525767691635434E-005  -6.95336472639089     
  6.585108331944947E-005  -6.95336472534873     
  6.644988573380143E-005  -6.95336472429238     
  6.705413322685762E-005  -6.95336472319275     
  6.766387531224957E-005  -6.95336472209351     
  6.827916195385015E-005  -6.95336472095099     
  6.890004356986783E-005  -6.95336471980887     
  6.952657103697793E-005  -6.95336471860895     
  7.015879569449178E-005  -6.95336471743854     
  7.079676934856344E-005  -6.95336471622489     
  7.144054427643494E-005  -6.95336471498256     
  7.209017323071993E-005  -6.95336471371156     
  7.274570944372642E-005  -6.95336471245555     
  7.340720663181872E-005  -6.95336471114179     
  7.407471899981926E-005  -6.95336470981393     
  7.474830124545004E-005  -6.95336470845743     
  7.542800856381487E-005  -6.95336470708685     
  7.611389665192219E-005  -6.95336470567310     
  7.680602171324893E-005  -6.95336470424529     
  7.750444046234606E-005  -6.95336470279615     
  7.820921012948598E-005  -6.95336470132570     
  7.892038846535194E-005  -6.95336469981210     
  7.963803374577039E-005  -6.95336469826993     
  8.036220477648639E-005  -6.95336469670647     
  8.109296089798202E-005  -6.95336469512173     
  8.183036199033911E-005  -6.95336469350117     
  8.257446847814592E-005  -6.95336469183752     
  8.332534133544848E-005  -6.95336469015262     
  8.408304209074692E-005  -6.95336468844648     
  8.484763283203734E-005  -6.95336468670456     
  8.561917621189949E-005  -6.95336468493415     
  8.639773545263061E-005  -6.95336468311342     
  8.718337435142599E-005  -6.95336468127878     
  8.797615728560690E-005  -6.95336467940113     
  8.877614921789557E-005  -6.95336467750230     
  8.958341570173859E-005  -6.95336467553866     
  9.039802288667844E-005  -6.95336467357570     
  9.122003752377400E-005  -6.95336467156250     
  9.204952697107028E-005  -6.95336466951363     
  9.288655919911796E-005  -6.95336466742182     
  9.373120279654303E-005  -6.95336466528709     
  9.458352697566714E-005  -6.95336466311672     
  9.544360157817901E-005  -6.95336466091801     
  9.631149708085756E-005  -6.95336465866913     
  9.718728460134677E-005  -6.95336465639194     
  9.807103590398340E-005  -6.95336465406462     
  9.896282340567751E-005  -6.95336465167991     
  9.986272018184645E-005  -6.95336464927420     
  1.007707999724029E-004  -6.95336464680385     
  1.016871371877974E-004  -6.95336464430526     
  1.026118069151154E-004  -6.95336464175661     
  1.035448849242306E-004  -6.95336463917248     
  1.044864476740132E-004  -6.95336463652377     
  1.054365723185956E-004  -6.95336463383233     
  1.063953367136943E-004  -6.95336463109818     
  1.073628194229899E-004  -6.95336462829223     
  1.083390997245644E-004  -6.95336462546543     
  1.093242576173978E-004  -6.95336462255958     
  1.103183738279234E-004  -6.95336461961838     
  1.113215298166424E-004  -6.95336461662727     
  1.123338077847995E-004  -6.95336461356445     
  1.133552906811184E-004  -6.95336461045178     
  1.143860622085987E-004  -6.95336460728925     
  1.154262068313750E-004  -6.95336460405508     
  1.164758097816382E-004  -6.95336460076384     
  1.175349570666190E-004  -6.95336459743736     
  1.186037354756366E-004  -6.95336459402474     
  1.196822325872095E-004  -6.95336459056239     
  1.207705367762324E-004  -6.95336458702848     
  1.218687372212178E-004  -6.95336458344489     
  1.229769239116034E-004  -6.95336457977524     
  1.240951876551263E-004  -6.95336457604866     
  1.252236200852637E-004  -6.95336457225064     
  1.263623136687419E-004  -6.95336456838846     
  1.275113617131132E-004  -6.95336456445487     
  1.286708583744015E-004  -6.95336456044262     
  1.298408986648180E-004  -6.95336455635903     
  1.310215784605467E-004  -6.95336455221137     
  1.322129945096006E-004  -6.95336454798514     
  1.334152444397497E-004  -6.95336454368035     
  1.346284267665207E-004  -6.95336453929704     
  1.358526409012696E-004  -6.95336453482795     
  1.370879871593279E-004  -6.95336453027311     
  1.383345667682227E-004  -6.95336452564711     
  1.395924818759712E-004  -6.95336452094270     
  1.408618355594515E-004  -6.95336451612353     
  1.421427318328487E-004  -6.95336451123327     
  1.434352756561779E-004  -6.95336450626470     
  1.447395729438854E-004  -6.95336450119600     
  1.460557305735272E-004  -6.95336449602722     
  1.473838563945269E-004  -6.95336449077294     
  1.487240592370134E-004  -6.95336448541863     
  1.500764489207386E-004  -6.95336447997161     
  1.514411362640759E-004  -6.95336447442464     
  1.528182330931018E-004  -6.95336446877775     
  1.542078522507584E-004  -6.95336446302734     
  1.556101076061006E-004  -6.95336445717345     
  1.570251140636266E-004  -6.95336445120155     
  1.584529875726934E-004  -6.95336444512988     
  1.598938451370181E-004  -6.95336443894757     
  1.613478048242657E-004  -6.95336443265100     
  1.628149857757236E-004  -6.95336442622932     
  1.642955082160641E-004  -6.95336441970438     
  1.657894934631968E-004  -6.95336441305440     
  1.672970639382087E-004  -6.95336440627942     
  1.688183431753964E-004  -6.95336439939404     
  1.703534558323884E-004  -6.95336439238010     
  1.719025277003603E-004  -6.95336438523403     
  1.734656857143421E-004  -6.95336437794857     
  1.750430579636197E-004  -6.95336437054198     
  1.766347737022308E-004  -6.95336436300338     
  1.782409633595568E-004  -6.95336435531463     
  1.798617585510096E-004  -6.95336434748670     
  1.814972920888173E-004  -6.95336433952690     
  1.831476979929071E-004  -6.95336433141346     
  1.848131115018867E-004  -6.95336432315371     
  1.864936690841269E-004  -6.95336431474770     
  1.881895084489433E-004  -6.95336430618092     
  1.899007685578814E-004  -6.95336429746072     
  1.916275896361030E-004  -6.95336428858714     
  1.933701131838766E-004  -6.95336427954206     
  1.951284819881726E-004  -6.95336427034007     
  1.969028401343633E-004  -6.95336426097033     
  1.986933330180300E-004  -6.95336425141833     
  2.005001073568766E-004  -6.95336424170234     
  2.023233112027527E-004  -6.95336423180422     
  2.041630939537847E-004  -6.95336422173495     
  2.060196063666181E-004  -6.95336421147276     
  2.078930005687714E-004  -6.95336420102136     
  2.097834300711011E-004  -6.95336419038445     
  2.116910497803809E-004  -6.95336417955482     
  2.136160160119957E-004  -6.95336416852162     
  2.155584865027499E-004  -6.95336415729220     
  2.175186204237932E-004  -6.95336414585573     
  2.194965783936631E-004  -6.95336413420862     
  2.214925224914468E-004  -6.95336412235096     
  2.235066162700622E-004  -6.95336411028645     
  2.255390247696596E-004  -6.95336409799335     
  2.275899145311462E-004  -6.95336408547537     
  2.296594536098321E-004  -6.95336407272895     
  2.317478115892019E-004  -6.95336405975054     
  2.338551595948103E-004  -6.95336404654021     
  2.359816703083049E-004  -6.95336403308714     
  2.381275179815760E-004  -6.95336401938413     
  2.402928784510353E-004  -6.95336400543854     
  2.424779291520245E-004  -6.95336399122864     
  2.446828491333547E-004  -6.95336397676543     
  2.469078190719783E-004  -6.95336396203445     
  2.491530212877937E-004  -6.95336394703943     
  2.514186397585858E-004  -6.95336393176954     
  2.537048601351011E-004  -6.95336391621762     
  2.560118697562602E-004  -6.95336390039103     
  2.583398576645096E-004  -6.95336388427168     
  2.606890146213119E-004  -6.95336386785604     
  2.630595331227770E-004  -6.95336385115149     
  2.654516074154362E-004  -6.95336383412902     
  2.678654335121592E-004  -6.95336381679603     
  2.703012092082159E-004  -6.95336379915625     
  2.727591340974838E-004  -6.95336378118798     
  2.752394095888041E-004  -6.95336376289132     
  2.777422389224850E-004  -6.95336374427366     
  2.802678271869560E-004  -6.95336372530239     
  2.828163813355733E-004  -6.95336370598853     
  2.853881102035782E-004  -6.95336368632493     
  2.879832245252096E-004  -6.95336366630808     
  2.906019369509720E-004  -6.95336364591627     
  2.932444620650607E-004  -6.95336362516055     
  2.959110164029456E-004  -6.95336360402286     
  2.986018184691143E-004  -6.95336358249605     
  3.013170887549774E-004  -6.95336356058026     
  3.040570497569354E-004  -6.95336353826472     
  3.068219259946117E-004  -6.95336351554411     
  3.096119440292494E-004  -6.95336349241129     
  3.124273324822766E-004  -6.95336346885369     
  3.152683220540408E-004  -6.95336344486416     
  3.181351455427121E-004  -6.95336342044105     
  3.210280378633601E-004  -6.95336339557177     
  3.239472360672031E-004  -6.95336337025103     
  3.268929793610327E-004  -6.95336334446806     
  3.298655091268153E-004  -6.95336331821395     
  3.328650689414711E-004  -6.95336329148157     
  3.358919045968340E-004  -6.95336326426564     
  3.389462641197920E-004  -6.95336323654633     
  3.420283977926113E-004  -6.95336320832925     
  3.451385581734453E-004  -6.95336317959459     
  3.482770001170293E-004  -6.95336315033525     
  3.514439807955649E-004  -6.95336312054777     
  3.546397597197925E-004  -6.95336309021416     
  3.578645987602564E-004  -6.95336305932550     
  3.611187621687640E-004  -6.95336302787836     
  3.644025166000382E-004  -6.95336299585657     
  3.677161311335683E-004  -6.95336296325122     
  3.710598772956593E-004  -6.95336293005161     
  3.744340290816809E-004  -6.95336289624705     
  3.778388629785201E-004  -6.95336286182682     
  3.812746579872366E-004  -6.95336282678205     
  3.847416956459252E-004  -6.95336279109477     
  3.882402600527859E-004  -6.95336275475793     
  3.917706378894034E-004  -6.95336271776266     
  3.953331184442387E-004  -6.95336268009101     
  3.989279936363341E-004  -6.95336264173594     
  4.025555580392338E-004  -6.95336260268133     
  4.062161089051221E-004  -6.95336256291467     
  4.099099461891809E-004  -6.95336252242350     
  4.136373725741689E-004  -6.95336248119352     
  4.173986934952244E-004  -6.95336243921588     
  4.211942171648931E-004  -6.95336239647086     
  4.250242545983840E-004  -6.95336235294779     
  4.288891196390549E-004  -6.95336230863060     
  4.327891289841297E-004  -6.95336226351228     
  4.367246022106489E-004  -6.95336221756946     
  4.406958618016569E-004  -6.95336217078608     
  4.447032331726273E-004  -6.95336212315696     
  4.487470446981279E-004  -6.95336207465876     
  4.528276277387288E-004  -6.95336202527906     
  4.569453166681551E-004  -6.95336197499634     
  4.611004489006858E-004  -6.95336192380182     
  4.652933649188031E-004  -6.95336187167036     
  4.695244083010922E-004  -6.95336181859501     
  4.737939257503948E-004  -6.95336176455064     
  4.781022671222190E-004  -6.95336170952486     
  4.824497854534075E-004  -6.95336165349802     
  4.868368369910662E-004  -6.95336159644681     
  4.912637812217563E-004  -6.95336153836250     
  4.957309809009507E-004  -6.95336147922000     
  5.002388020827607E-004  -6.95336141899784     
  5.047876141499301E-004  -6.95336135768187     
  5.093777898441038E-004  -6.95336129525245     
  5.140097052963713E-004  -6.95336123168270     
  5.186837400580879E-004  -6.95336116695665     
  5.234002771319760E-004  -6.95336110105651     
  5.281597030035097E-004  -6.95336103395361     
  5.329624076725841E-004  -6.95336096563199     
  5.378087846854723E-004  -6.95336089606843     
  5.426992311670754E-004  -6.95336082523793     
  5.476341478534621E-004  -6.95336075311726     
  5.526139391247072E-004  -6.95336067968507     
  5.576390130380271E-004  -6.95336060491454     
  5.627097813612172E-004  -6.95336052878794     
  5.678266596063931E-004  -6.95336045127847     
  5.729900670640391E-004  -6.95336037235570     
  5.782004268373657E-004  -6.95336029199467     
  5.834581658769797E-004  -6.95336021017769     
  5.887637150158699E-004  -6.95336012687072     
  5.941175090047109E-004  -6.95336004205064     
  5.995199865474868E-004  -6.95335995568524     
  6.049715903374407E-004  -6.95335986774962     
  6.104727670933500E-004  -6.95335977821430     
  6.160239675961312E-004  -6.95335968705440     
  6.216256467257786E-004  -6.95335959423319     
  6.272782634986383E-004  -6.95335949972671     
  6.329822811050205E-004  -6.95335940350101     
  6.387381669471559E-004  -6.95335930552576     
  6.445463926774944E-004  -6.95335920577157     
  6.504074342373549E-004  -6.95335910420088     
  6.563217718959240E-004  -6.95335900078613     
  6.622898902896112E-004  -6.95335889549161     
  6.683122784617611E-004  -6.95335878828159     
  6.743894299027270E-004  -6.95335867912311     
  6.805218425903086E-004  -6.95335856798138     
  6.867100190305580E-004  -6.95335845482165     
  6.929544662989560E-004  -6.95335833960462     
  6.992556960819628E-004  -6.95335822229189     
  7.056142247189482E-004  -6.95335810285057     
  7.120305732445008E-004  -6.95335798123595     
  7.185052674311232E-004  -6.95335785741331     
  7.250388378323147E-004  -6.95335773134161     
  7.316318198260474E-004  -6.95335760297891     
  7.382847536586357E-004  -6.95335747228599     
  7.449981844890053E-004  -6.95335733921731     
  7.517726624333656E-004  -6.95335720373278     
  7.586087426102871E-004  -6.95335706578688     
  7.655069851861897E-004  -6.95335692533501     
  7.724679554212442E-004  -6.95335678233258     
  7.794922237156906E-004  -6.95335663673412     
  7.865803656565791E-004  -6.95335648848962     
  7.937329620649345E-004  -6.95335633755818     
  8.009505990433503E-004  -6.95335618388256     
  8.082338680240165E-004  -6.95335602741826     
  8.155833658171812E-004  -6.95335586811079     
  8.229996946600566E-004  -6.95335570591114     
  8.304834622661668E-004  -6.95335554077032     
  8.380352818751463E-004  -6.95335537263027     
  8.456557723029893E-004  -6.95335520144020     
  8.533455579927584E-004  -6.95335502714119     
  8.611052690657523E-004  -6.95335484967976     
  8.689355413731400E-004  -6.95335466899702     
  8.768370165480636E-004  -6.95335448503865     
  8.848103420582162E-004  -6.95335429773850     
  8.928561712588962E-004  -6.95335410703956     
  9.009751634465457E-004  -6.95335391288301     
  9.091679839127747E-004  -6.95335371520553     
  9.174353039988768E-004  -6.95335351394015     
  9.257778011508408E-004  -6.95335330902539     
  9.341961589748620E-004  -6.95335310039163     
  9.426910672933596E-004  -6.95335288797561     
  9.512632222015017E-004  -6.95335267170775     
  9.599133261242453E-004  -6.95335245151757     
  9.686420878738951E-004  -6.95335222733462     
  9.774502227081854E-004  -6.95335199908576     
  9.863384523888907E-004  -6.95335176670059     
  9.953075052409673E-004  -6.95335153010145     
  1.004358116212235E-003  -6.95335128921347     
  1.013491026933603E-003  -6.95335104395904     
  1.022706985779836E-003  -6.95335079425880     
  1.032006747930882E-003  -6.95335054003337     
  1.041391075433752E-003  -6.95335028120254     
  1.050860737264966E-003  -6.95335001767790     
  1.060416509393564E-003  -6.95334974938020     
  1.070059174844687E-003  -6.95334947622201     
  1.079789523763749E-003  -6.95334919811412     
  1.089608353481175E-003  -6.95334891496828     
  1.099516468577740E-003  -6.95334862669442     
  1.109514680950499E-003  -6.95334833319799     
  1.119603809879314E-003  -6.95334803438626     
  1.129784682093992E-003  -6.95334773016291     
  1.140058131842022E-003  -6.95334742042985     
  1.150425000956944E-003  -6.95334710508992     
  1.160886138927326E-003  -6.95334678404236     
  1.171442402966373E-003  -6.95334645717916     
  1.182094658082173E-003  -6.95334612439965     
  1.192843777148572E-003  -6.95334578559681     
  1.203690640976707E-003  -6.95334544066275     
  1.214636138387178E-003  -6.95334508948600     
  1.225681166282878E-003  -6.95334473195374     
  1.236826629722492E-003  -6.95334436795276     
  1.248073441994658E-003  -6.95334399736624     
  1.259422524692804E-003  -6.95334362007423     
  1.270874807790667E-003  -6.95334323595816     
  1.282431229718495E-003  -6.95334284489454     
  1.294092737439948E-003  -6.95334244675672     
  1.305860286529691E-003  -6.95334204141901     
  1.317734841251699E-003  -6.95334162875258     
  1.329717374638271E-003  -6.95334120862410     
  1.341808868569760E-003  -6.95334078090029     
  1.354010313855036E-003  -6.95334034544474     
  1.366322710312672E-003  -6.95333990211699     
  1.378747066852870E-003  -6.95333945077755     
  1.391284401560139E-003  -6.95333899128107     
  1.403935741776714E-003  -6.95333852348223     
  1.416702124186745E-003  -6.95333804722942     
  1.429584594901240E-003  -6.95333756237245     
  1.442584209543789E-003  -6.95333706875845     
  1.455702033337064E-003  -6.95333656622687     
  1.468939141190107E-003  -6.95333605461951     
  1.482296617786410E-003  -6.95333553377365     
  1.495775557672796E-003  -6.95333500352122     
  1.509377065349111E-003  -6.95333446369689     
  1.523102255358726E-003  -6.95333391412633     
  1.536952252379874E-003  -6.95333335463526     
  1.550928191317798E-003  -6.95333278504673     
  1.565031217397754E-003  -6.95333220517889     
  1.579262486258857E-003  -6.95333161484717     
  1.593623164048769E-003  -6.95333101386348     
  1.608114427519263E-003  -6.95333040203795     
  1.622737464122647E-003  -6.95332977917717     
  1.637493472109064E-003  -6.95332914508094     
  1.652383660624685E-003  -6.95332849954963     
  1.667409249810786E-003  -6.95332784237912     
  1.682571470903732E-003  -6.95332717335899     
  1.697871566335864E-003  -6.95332649227801     
  1.713310789837312E-003  -6.95332579892090     
  1.728890406538725E-003  -6.95332509306751     
  1.744611693074942E-003  -6.95332437449362     
  1.760475937689599E-003  -6.95332364297196     
  1.776484440340697E-003  -6.95332289827259     
  1.792638512807117E-003  -6.95332214015701     
  1.808939478796118E-003  -6.95332136838820     
  1.825388674051798E-003  -6.95332058271874     
  1.841987446464553E-003  -6.95331978290406     
  1.858737156181526E-003  -6.95331896868964     
  1.875639175718059E-003  -6.95331813981654     
  1.892694890070162E-003  -6.95331729602545     
  1.909905696828005E-003  -6.95331643704942     
  1.927273006290435E-003  -6.95331556261661     
  1.944798241580546E-003  -6.95331467245254     
  1.962482838762289E-003  -6.95331376627420     
  1.980328246958149E-003  -6.95331284379824     
  1.998335928467888E-003  -6.95331190473275     
  2.016507358888371E-003  -6.95331094878232     
  2.034844027234481E-003  -6.95330997564573     
  2.053347436061133E-003  -6.95330898501730     
  2.072019101586393E-003  -6.95330797658378     
  2.090860553815727E-003  -6.95330695002974     
  2.109873336667370E-003  -6.95330590503121     
  2.129059008098839E-003  -6.95330484126029     
  2.148419140234597E-003  -6.95330375838325     
  2.167955319494877E-003  -6.95330265605879     
  2.187669146725678E-003  -6.95330153394209     
  2.207562237329941E-003  -6.95330039168071     
  2.227636221399918E-003  -6.95329922891691     
  2.247892743850751E-003  -6.95329804528489     
  2.268333464555258E-003  -6.95329684041444     
  2.288960058479945E-003  -6.95329561392822     
  2.309774215822261E-003  -6.95329436544266     
  2.330777642149095E-003  -6.95329309456661     
  2.351972058536535E-003  -6.95329180090271     
  2.373359201710899E-003  -6.95329048404599     
  2.394940824191044E-003  -6.95328914358530     
  2.416718694431974E-003  -6.95328777910190     
  2.438694596969753E-003  -6.95328639016926     
  2.460870332567731E-003  -6.95328497635486     
  2.483247718364107E-003  -6.95328353721681     
  2.505828588020829E-003  -6.95328207230724     
  2.528614791873847E-003  -6.95328058116912     
  2.551608197084736E-003  -6.95327906333813     
  2.574810687793698E-003  -6.95327751834075     
  2.598224165273950E-003  -6.95327594569777     
  2.621850548087519E-003  -6.95327434491970     
  2.645691772242462E-003  -6.95327271550835     
  2.669749791351496E-003  -6.95327105695732     
  2.694026576792089E-003  -6.95326936875245     
  2.718524117868000E-003  -6.95326765036887     
  2.743244421972284E-003  -6.95326590127440     
  2.768189514751789E-003  -6.95326412092636     
  2.793361440273135E-003  -6.95326230877277     
  2.818762261190217E-003  -6.95326046425273     
  2.844394058913222E-003  -6.95325858679580     
  2.870258933779184E-003  -6.95325667582017     
  2.896359005224093E-003  -6.95325473073491     
  2.922696411956564E-003  -6.95325275094047     
  2.949273312133095E-003  -6.95325073582411     
  2.976091883534903E-003  -6.95324868476401     
  3.003154323746385E-003  -6.95324659712813     
  3.030462850335191E-003  -6.95324447227240     
  3.058019701033935E-003  -6.95324230954254     
  3.085827133923564E-003  -6.95324010827179     
  3.113887427618390E-003  -6.95323786778342     
  3.142202881452805E-003  -6.95323558738868     
  3.170775815669696E-003  -6.95323326638637     
  3.199608571610569E-003  -6.95323090406374     
  3.228703511907409E-003  -6.95322849969579     
  3.258063020676277E-003  -6.95322605254511     
  3.287689503712670E-003  -6.95322356186090     
  3.317585388688662E-003  -6.95322102688062     
  3.347753125351831E-003  -6.95321844682818     
  3.378195185725997E-003  -6.95321582091525     
  3.408914064313792E-003  -6.95321314833703     
  3.439912278301056E-003  -6.95321042827853     
  3.471192367763110E-003  -6.95320765990853     
  3.502756895872896E-003  -6.95320484238406     
  3.534608449111006E-003  -6.95320197484430     
  3.566749637477627E-003  -6.95319905641696     
  3.599183094706413E-003  -6.95319608621280     
  3.631911478480297E-003  -6.95319306332839     
  3.664937470649270E-003  -6.95318998684611     
  3.698263777450142E-003  -6.95318685583073     
  3.731893129728291E-003  -6.95318366933083     
  3.765828283161444E-003  -6.95318042638190     
  3.800072018485474E-003  -6.95317712600055     
  3.834627141722275E-003  -6.95317376718759     
  3.869496484409682E-003  -6.95317034892654     
  3.904682903833499E-003  -6.95316687018377     
  3.940189283261637E-003  -6.95316332990930     
  3.976018532180371E-003  -6.95315972703487     
  4.012173586532749E-003  -6.95315606047224     
  4.048657408959181E-003  -6.95315232911879     
  4.085472989040193E-003  -6.95314853185009     
  4.122623343541415E-003  -6.95314466752396     
  4.160111516660766E-003  -6.95314073497960     
  4.197940580277918E-003  -6.95313673303620     
  4.236113634206008E-003  -6.95313266049252     
  4.274633806445644E-003  -6.95312851612827     
  4.313504253441223E-003  -6.95312429870294     
  4.352728160339579E-003  -6.95312000695405     
  4.392308741250983E-003  -6.95311563959937     
  4.432249239512513E-003  -6.95311119533447     
  4.472552927953821E-003  -6.95310667283342     
  4.513223109165322E-003  -6.95310207074876     
  4.554263115768812E-003  -6.95309738770970     
  4.595676310690557E-003  -6.95309262232399     
  4.637466087436854E-003  -6.95308777317448     
  4.679635870372108E-003  -6.95308283882231     
  4.722189114999433E-003  -6.95307781780445     
  4.765129308243801E-003  -6.95307270863256     
  4.808459968737778E-003  -6.95306750979480     
  4.852184647109842E-003  -6.95306221975474     
  4.896306926275335E-003  -6.95305683695021     
  4.940830421730054E-003  -6.95305135979263     
  4.985758781846518E-003  -6.95304578666819     
  5.031095688172923E-003  -6.95304011593700     
  5.076844855734817E-003  -6.95303434593126     
  5.123010033339516E-003  -6.95302847495609     
  5.169595003883303E-003  -6.95302250128996     
  5.216603584661395E-003  -6.95301642318215     
  5.264039627680746E-003  -6.95301023885371     
  5.311907019975697E-003  -6.95300394649664     
  5.360209683926482E-003  -6.95299754427405     
  5.408951577580644E-003  -6.95299103031902     
  5.458136694977360E-003  -6.95298440273428     
  5.507769066474735E-003  -6.95297765959154     
  5.557852759080046E-003  -6.95297079893220     
  5.608391876783017E-003  -6.95296381876505     
  5.659390560892100E-003  -6.95295671706759     
  5.710852990373834E-003  -6.95294949178430     
  5.762783382195268E-003  -6.95294214082726     
  5.815185991669524E-003  -6.95293466207430     
  5.868065112804482E-003  -6.95292705336964     
  5.921425078654642E-003  -6.95291931252339     
  5.975270261676185E-003  -6.95291143731016     
  6.029605074085267E-003  -6.95290342546935     
  6.084433968219566E-003  -6.95289527470397     
  6.139761436903121E-003  -6.95288698268154     
  6.195592013814475E-003  -6.95287854703195     
  6.251930273858195E-003  -6.95286996534726     
  6.308780833539735E-003  -6.95286123518230     
  6.366148351343730E-003  -6.95285235405236     
  6.424037528115731E-003  -6.95284331943488     
  6.482453107447394E-003  -6.95283412876691     
  6.541399876065192E-003  -6.95282477944505     
  6.600882664222641E-003  -6.95281526882578     
  6.660906346096118E-003  -6.95280559422382     
  6.721475840184253E-003  -6.95279575291232     
  6.782596109710964E-003  -6.95278574212239     
  6.844272163032162E-003  -6.95277555904077     
  6.906509054046150E-003  -6.95276520081218     
  6.969311882607742E-003  -6.95275466453706     
  7.032685794946169E-003  -6.95274394726951     
  7.096635984086773E-003  -6.95273304602046     
  7.161167690276533E-003  -6.95272195775306     
  7.226286201413467E-003  -6.95271067938538     
  7.291996853479941E-003  -6.95269920778734     
  7.358305030979899E-003  -6.95268753978189     
  7.425216167380103E-003  -6.95267567214285     
  7.492735745555352E-003  -6.95266360159622     
  7.560869298237766E-003  -6.95265132481746     
  7.629622408470155E-003  -6.95263883843184     
  7.699000710063507E-003  -6.95262613901419     
  7.769009888058637E-003  -6.95261322308793     
  7.839655679192033E-003  -6.95260008712395     
  7.910943872365945E-003  -6.95258672754076     
  7.982880309122732E-003  -6.95257314070383     
  8.055470884123546E-003  -6.95255932292315     
  8.128721545631349E-003  -6.95254527045615     
  8.202638295998326E-003  -6.95253097950362     
  8.277227192157744E-003  -6.95251644621034     
  8.352494346120265E-003  -6.95250166666471     
  8.428445925474778E-003  -6.95248663689830     
  8.505088153893798E-003  -6.95247135288434     
  8.582427311643442E-003  -6.95245581053733     
  8.660469736098049E-003  -6.95244000571249     
  8.739221822259492E-003  -6.95242393420605     
  8.818690023281185E-003  -6.95240759175231     
  8.898880850996885E-003  -6.95239097402550     
  8.979800876454287E-003  -6.95237407663711     
  9.061456730453466E-003  -6.95235689513647     
  9.143855104090224E-003  -6.95233942500989     
  9.227002749304384E-003  -6.95232166167969     
  9.310906479433053E-003  -6.95230360050364     
  9.395573169768927E-003  -6.95228523677416     
  9.481009758123675E-003  -6.95226656571782     
  9.567223245396437E-003  -6.95224758249533     
  9.654220696147495E-003  -6.95222828219977     
  9.742009239177164E-003  -6.95220865985636     
  9.830596068109944E-003  -6.95218871042233     
  9.919988441983987E-003  -6.95216842878574     
  1.001019368584592E-002  -6.95214780976491     
  1.010121919135108E-002  -6.95212684810780     
  1.019307241736920E-002  -6.95210553849188     
  1.028576089059561E-002  -6.95208387552281     
  1.037929220616801E-002  -6.95206185373411     
  1.047367402828880E-002  -6.95203946758690     
  1.056891409085315E-002  -6.95201671146885     
  1.066502019808271E-002  -6.95199357969384     
  1.076200022516509E-002  -6.95197006650128     
  1.085986211889921E-002  -6.95194616605582     
  1.095861389834648E-002  -6.95192187244655     
  1.105826365548788E-002  -6.95189717968651     
  1.115881955588703E-002  -6.95187208171207     
  1.126028983935933E-002  -6.95184657238271     
  1.136268282064715E-002  -6.95182064548081     
  1.146600689010114E-002  -6.95179429470998     
  1.157027051436776E-002  -6.95176751369617     
  1.167548223708306E-002  -6.95174029598638     
  1.178165067957281E-002  -6.95171263504790     
  1.188878454155889E-002  -6.95168452426851     
  1.199689260187220E-002  -6.95165595695656     
  1.210598371917202E-002  -6.95162692633935     
  1.221606683267191E-002  -6.95159742556409     
  1.232715096287221E-002  -6.95156744769642     
  1.243924521229922E-002  -6.95153698572150     
  1.255235876625104E-002  -6.95150603254210     
  1.266650089355031E-002  -6.95147458098041     
  1.278168094730364E-002  -6.95144262377578     
  1.289790836566809E-002  -6.95141015358632     
  1.301519267262452E-002  -6.95137716298743     
  1.313354347875806E-002  -6.95134364447287     
  1.325297048204555E-002  -6.95130959045371     
  1.337348346865028E-002  -6.95127499325919     
  1.349509231372389E-002  -6.95123984513616     
  1.361780698221551E-002  -6.95120413824932     
  1.374163752968839E-002  -6.95116786468178     
  1.386659410314382E-002  -6.95113101643445     
  1.399268694185265E-002  -6.95109358542689     
  1.411992637819428E-002  -6.95105556349728     
  1.424832283850335E-002  -6.95101694240293     
  1.437788684392407E-002  -6.95097771382066     
  1.450862901127241E-002  -6.95093786934703     
  1.464056005390601E-002  -6.95089740049903     
  1.477369078260208E-002  -6.95085629871446     
  1.490803210644327E-002  -6.95081455535315     
  1.504359503371159E-002  -6.95077216169659     
  1.518039067279045E-002  -6.95072910894985     
  1.531843023307492E-002  -6.95068538824139     
  1.545772502589024E-002  -6.95064099062500     
  1.559828646541872E-002  -6.95059590707991     
  1.574012606963504E-002  -6.95055012851245     
  1.588325546125004E-002  -6.95050364575666     
  1.602768636866317E-002  -6.95045644957640     
  1.617343062692348E-002  -6.95040853066585     
  1.632050017869948E-002  -6.95035987965125     
  1.646890707525771E-002  -6.95031048709279     
  1.661866347745026E-002  -6.95026034348570     
  1.676978165671126E-002  -6.95020943926221     
  1.692227399606246E-002  -6.95015776479378     
  1.707615299112791E-002  -6.95010531039267     
  1.723143125115785E-002  -6.95005206631396     
  1.738812150006201E-002  -6.94999802275808     
  1.754623657745219E-002  -6.94994316987309     
  1.770578943969441E-002  -6.94988749775716     
  1.786679316097054E-002  -6.94983099646109     
  1.802926093434970E-002  -6.94977365599130     
  1.819320607286926E-002  -6.94971546631230     
  1.835864201062579E-002  -6.94965641735049     
  1.852558230387590E-002  -6.94959649899681     
  1.869404063214701E-002  -6.94953570111015     
  1.886403079935839E-002  -6.94947401352142     
  1.903556673495216E-002  -6.94941142603686     
  1.920866249503483E-002  -6.94934792844180     
  1.938333226352900E-002  -6.94928351050559     
  1.955959035333569E-002  -6.94921816198487     
  1.973745120750714E-002  -6.94915187262888     
  1.991692940043033E-002  -6.94908463218396     
  2.009803963902124E-002  -6.94901643039831     
  2.028079676392996E-002  -6.94894725702746     
  2.046521575075680E-002  -6.94887710183938     
  2.065131171127940E-002  -6.94880595462033     
  2.083909989469105E-002  -6.94873380518070     
  2.102859568885025E-002  -6.94866064336126     
  2.121981462154160E-002  -6.94858645903925     
  2.141277236174824E-002  -6.94851124213539     
  2.160748472093576E-002  -6.94843498262064     
  2.180396765434785E-002  -6.94835767052389     
  2.200223726231372E-002  -6.94827929593888     
  2.220230979156742E-002  -6.94819984903245     
  2.240420163657908E-002  -6.94811932005267     
  2.260792934089840E-002  -6.94803769933751     
  2.281350959851020E-002  -6.94795497732359     
  2.302095925520240E-002  -6.94787114455528     
  2.323029530994642E-002  -6.94778619169433     
  2.344153491629009E-002  -6.94770010953026     
  2.365469538376328E-002  -6.94761288899012     
  2.386979417929630E-002  -6.94752452114967     
  2.408684892865113E-002  -6.94743499724441     
  2.430587741786577E-002  -6.94734430868112     
  2.452689759471170E-002  -6.94725244704997     
  2.474992757016449E-002  -6.94715940413726     
  2.497498561988792E-002  -6.94706517193790     
  2.520209018573152E-002  -6.94696974266931     
  2.543125987724174E-002  -6.94687310878522     
  2.566251347318686E-002  -6.94677526299008     
  2.589586992309579E-002  -6.94667619825414     
  2.613134834881083E-002  -6.94657590782919     
  2.636896804605457E-002  -6.94647438526404     
  2.660874848601103E-002  -6.94637162442223     
  2.685070931692118E-002  -6.94626761949835     
  2.709487036569296E-002  -6.94616236503659     
  2.734125163952598E-002  -6.94605585594913     
  2.758987332755092E-002  -6.94594808753520     
  2.784075580248391E-002  -6.94583905550120     
  2.809391962229592E-002  -6.94572875598126     
  2.834938553189732E-002  -6.94561718555818     
  2.860717446483778E-002  -6.94550434128629     
  2.886730754502164E-002  -6.94539022071345     
  2.912980608843883E-002  -6.94527482190488     
  2.939469160491156E-002  -6.94515814346797     
  2.966198579985693E-002  -6.94504018457698     
  2.993171057606546E-002  -6.94492094499941     
  3.020388803549592E-002  -6.94480042512292     
  3.047854048108643E-002  -6.94467862598343     
  3.075569041858196E-002  -6.94455554929343     
  3.103536055837857E-002  -6.94443119747250     
  3.131757381738431E-002  -6.94430557367730     
  3.160235332089715E-002  -6.94417868183409     
  3.188972240449987E-002  -6.94405052667103     
  3.217970461597228E-002  -6.94392111375246     
  3.247232371722078E-002  -6.94379044951364     
  3.276760368622544E-002  -6.94365854129748     
  3.306556871900485E-002  -6.94352539739123     
  3.336624323159882E-002  -6.94339102706547     
  3.366965186206906E-002  -6.94325544061384     
  3.397581947251811E-002  -6.94311864939407     
  3.428477115112658E-002  -6.94298066587050     
  3.459653221420897E-002  -6.94284150365790     
  3.491112820828816E-002  -6.94270117756627     
  3.522858491218871E-002  -6.94255970364793     
  3.554892833914933E-002  -6.94241709924528     
  3.587218473895438E-002  -6.94227338304039     
  3.619838060008489E-002  -6.94212857510617     
  3.652754265188913E-002  -6.94198269695919     
  3.685969786677282E-002  -6.94183577161391     
  3.719487346240934E-002  -6.94168782363883     
  3.753309690397007E-002  -6.94153887921411     
  3.787439590637486E-002  -6.94138896619143     
  3.821879843656317E-002  -6.94123811415516     
  3.856633271578565E-002  -6.94108635448557     
  3.891702722191677E-002  -6.94093372042439     
  3.927091069178827E-002  -6.94078024714159     
  3.962801212354403E-002  -6.94062597180488     
  3.998836077901616E-002  -6.94047093365084     
  4.035198618612285E-002  -6.94031517405860     
  4.071891814128797E-002  -6.94015873662518     
  4.108918671188264E-002  -6.94000166724375     
  4.146282223868903E-002  -6.93984401418366     
  4.183985533838658E-002  -6.93968582817312     
  4.222031690606078E-002  -6.93952716248427     
  4.260423811773486E-002  -6.93936807302073     
  4.299165043292436E-002  -6.93920861840788     
  4.338258559721508E-002  -6.93904886008540     
  4.377707564486430E-002  -6.93888886240295     
  4.417515290142586E-002  -6.93872869271841     
  4.457684998639892E-002  -6.93856842149902     
  4.498219981590090E-002  -6.93840812242532     
  4.539123560536480E-002  -6.93824787249827     
  4.580399087226081E-002  -6.93808775214929     
  4.622049943884295E-002  -6.93792784535364     
  4.664079543492047E-002  -6.93776823974658     
  4.706491330065461E-002  -6.93760902674365     
  4.749288778938066E-002  -6.93745030166326     
  4.792475397045575E-002  -6.93729216385378     
  4.836054723213253E-002  -6.93713471682348     
  4.880030328445900E-002  -6.93697806837426     
  4.924405816220466E-002  -6.93682233073961     
  4.969184822781329E-002  -6.93666762072551     
  5.014371017438263E-002  -6.93651405985595     
  5.059968102867101E-002  -6.93636177452214     
  5.105979815413154E-002  -6.93621089613594     
  5.152409925397369E-002  -6.93606156128721     
  5.199262237425282E-002  -6.93591391190598     
  5.246540590698776E-002  -6.93576809542840     
  5.294248859330676E-002  -6.93562426496758     
  5.342390952662206E-002  -6.93548257948874     
  5.390970815583328E-002  -6.93534320398955     
  5.439992428855994E-002  -6.93520630968452     
  5.489459809440350E-002  -6.93507207419500     
  5.539377010823885E-002  -6.93494068174359     
  5.589748123353592E-002  -6.93481232335433     
  5.640577274571136E-002  -6.93468719705744     
  5.691868629551083E-002  -6.93456550809990     
  5.743626391242191E-002  -6.93444746916129     
  5.795854800811812E-002  -6.93433330057512     
  5.848558137993426E-002  -6.93422323055619     
  5.901740721437332E-002  -6.93411749543315     
  5.955406909064532E-002  -6.93401633988784     
  6.009561098423826E-002  -6.93392001719970     
  6.064207727052165E-002  -6.93382878949719     
  6.119351272838270E-002  -6.93374292801500     
  6.174996254389560E-002  -6.93366271335791     
  6.231147231402426E-002  -6.93358843577089     
  6.287808805035859E-002  -6.93352039541622     
  6.344985618288480E-002  -6.93345890265728     
  6.402682356379004E-002  -6.93340427834898     
  6.460903747130158E-002  -6.93335685413559     
  6.519654561356085E-002  -6.93331697275562     
  6.578939613253292E-002  -6.93328498835371     
  6.638763760795117E-002  -6.93326126680028     
  6.699131906129822E-002  -6.93324618601872     
  6.760048995982283E-002  -6.93324013631976     
  6.821520022059331E-002  -6.93324352074421     
  6.883550021458792E-002  -6.93325675541332     
  6.946144077082241E-002  -6.93328026988716     
  7.009307318051504E-002  -6.93331450753108     
  7.073044920128954E-002  -6.93335992589078     
  7.137362106141627E-002  -6.93341699707523     
  7.202264146409193E-002  -6.93348620814865     
  7.267756359175821E-002  -6.93356806153064     
  7.333844111045970E-002  -6.93366307540542     
  7.400532817424141E-002  -6.93377178413952     
  7.467827942958628E-002  -6.93389473870878     
  7.535735001989317E-002  -6.93403250713406     
  7.604259558999528E-002  -6.93418567492652     
  7.673407229071995E-002  -6.93435484554146     
  7.743183678348979E-002  -6.93454064084231     
  7.813594624496566E-002  -6.93474370157336     
  7.884645837173186E-002  -6.93496468784225     
  7.956343138502395E-002  -6.93520427961208     
  8.028692403549956E-002  -6.93546317720308     
  8.101699560805256E-002  -6.93574210180374     
  8.175370592667104E-002  -6.93604179599221     
  8.249711535933942E-002  -6.93636302426695     
  8.324728482298518E-002  -6.93670657358746     
  8.400427578847056E-002  -6.93707325392486     
  8.476815028562962E-002  -6.93746389882233     
  8.553897090835115E-002  -6.93787936596522     
  8.631680081970773E-002  -6.93832053776136     
  8.710170375713155E-002  -6.93878832193100     
  8.789374403763722E-002  -6.93928365210652     
  8.869298656309202E-002  -6.93980748844228     
  8.949949682553411E-002  -6.94036081823354     
  9.031334091253920E-002  -6.94094465654582     
  9.113458551263597E-002  -6.94156004685316     
  9.196329792077054E-002  -6.94220806168619     
  9.279954604382096E-002  -6.94288980328939     
  9.364339840616155E-002  -6.94360640428758     
  9.449492415527810E-002  -6.94435902836154     
  9.535419306743394E-002  -6.94514887093219     
  9.622127555338748E-002  -6.94597715985367     
  9.709624266416203E-002  -6.94684515611473     
  9.797916609686783E-002  -6.94775415454821     
  9.887011820057706E-002  -6.94870548454842     
  9.976917198225239E-002  -6.94970051079617     
  0.100676401112729       -6.95074063399071     
  0.101591879932753       -6.95182729158899     
  0.102515683459070       -6.95296195855083     
  0.103447887390574       -6.95414614809046     
  0.104388568114513       -6.95538141243345     
  0.105337802712743       -6.95666934357873     
  0.106295668968047       -6.95801157406483     
  0.107262245370510       -6.95940977774042     
  0.108237611123949       -6.96086567053776     
  0.109221846152404       -6.96238101124880     
  0.110215031106686       -6.96395760230324     
  0.111217247370987       -6.96559729054751     
  0.112228577069547       -6.96730196802419     
  0.113249103073387       -6.96907357275049     
  0.114278909007096       -6.97091408949559     
  0.115318079255685       -6.97282555055505     
  0.116366698971503       -6.97481003652189     
  0.117424854081211       -6.97686967705287     
  0.118492631292828       -6.97900665162878     
  0.119570118102830       -6.98122319030778     
  0.120657402803326       -6.98352157447021     
  0.121754574489289       -6.98590413755350     
  0.122861723065856       -6.98837326577591     
  0.123978939255701       -6.99093139884728     
  0.125106314606459       -6.99358103066541     
  0.126243941498239       -6.99632470999628     
  0.127391913151184       -6.99916504113617     
  0.128550323633116       -7.00210468455394     
  0.129719267867243       -7.00514635751164     
  0.130898841639933       -7.00829283466085     
  0.132089141608570       -7.01154694861321     
  0.133290265309470       -7.01491159048242     
  0.134502311165872       -7.01838971039539     
  0.135725378496007       -7.02198431797023     
  0.136959567521235       -7.02569848275825     
  0.138204979374256       -7.02953533464730     
  0.139461716107398       -7.03349806422368     
  0.140729880700981       -7.03758992308961     
  0.142009577071751       -7.04181422413291     
  0.143300910081402       -7.04617434174621     
  0.144603985545162       -7.05067371199171     
  0.145918910240467       -7.05531583270837     
  0.147245791915712       -7.06010426355784     
  0.148584739299077       -7.06504262600517     
  0.149935862107437       -7.07013460323055     
  0.151299271055356       -7.07538393996794     
  0.152675077864154       -7.08079444226634     
  0.154063395271066       -7.08636997716924     
  0.155464337038479       -7.09211447230795     
  0.156878017963250       -7.09803191540386     
  0.158304553886121       -7.10412635367472     
  0.159744061701202       -7.11040189314033     
  0.161196659365557       -7.11686269782185     
  0.162662465908865       -7.12351298882995     
  0.164141601443176       -7.13035704333577     
  0.165634187172753       -7.13739919341937     
  0.167140345404002       -7.14464382478961     
  0.168660199555497       -7.15209537536946     
  0.170193874168092       -7.15975833374057     
  0.171741494915125       -7.16763723744073     
  0.173303188612717       -7.17573667110757     
  0.174879083230164       -7.18406126446205     
  0.176469307900424       -7.19261569012454     
  0.178073992930694       -7.20140466125674     
  0.179693269813094       -7.21043292902222     
  0.181327271235438       -7.21970527985797     
  0.182976131092107       -7.22922653255001     
  0.184639984495023       -7.23900153510482     
  0.186318967784716       -7.24903516140942     
  0.188013218541500       -7.25933230767181     
  0.189722875596747       -7.26989788863398     
  0.191448079044259       -7.28073683354927     
  0.193188970251752       -7.29185408191611     
  0.194945691872439       -7.30325457895952     
  0.196718387856717       -7.31494327085232     
  0.198507203463965       -7.32692509966749     
  0.200312285274447       -7.33920499805327     
  0.202133781201322       -7.35178788362255     
  0.203971840502766       -7.36467865304807     
  0.205826613794199       -7.37788217585488     
  0.207698253060632       -7.39140328790187     
  0.209586911669118       -7.40524678454378     
  0.211492744381318       -7.41941741346551     
  0.213415907366187       -7.43391986718070     
  0.215356558212765       -7.44875877518626     
  0.217314855943096       -7.46393869576555     
  0.219290961025256       -7.47946410743193     
  0.221285035386500       -7.49533940000590     
  0.223297242426536       -7.51156886531844     
  0.225327747030910       -7.52815668753382     
  0.227376715584518       -7.54510693308555     
  0.229444315985243       -7.56242354021949     
  0.231530717657707       -7.58011030813857     
  0.233636091567162       -7.59817088574411     
  0.235760610233491       -7.61660875996936     
  0.237904447745352       -7.63542724370130     
  0.240067779774438       -7.65462946328781     
  0.242250783589875       -7.67421834562743     
  0.244453638072748       -7.69419660484049     
  0.246676523730756       -7.71456672852063     
  0.248919622713006       -7.73533096356688     
  0.251183118824938       -7.75649130159776     
  0.253467197543388       -7.77804946394939     
  0.255772046031783       -7.80000688626120     
  0.258097853155481       -7.82236470265398     
  0.260444809497244       -7.84512372950605     
  0.262813107372859       -7.86828444883522     
  0.265202940846892       -7.89184699129521     
  0.267614505748596       -7.91581111879708     
  0.270047999687952       -7.94017620676789     
  0.272503622071863       -7.96494122606023     
  0.274981574120498       -7.99010472452862     
  0.277482058883777       -8.01566480829027     
  0.280005281258007       -8.04161912269003     
  0.282551448002679       -8.06796483299129     
  0.285120767757403       -8.09469860481693     
  0.287713451059009       -8.12181658436673     
  0.290329710358798       -8.14931437844003     
  0.292969760039949       -8.17718703429495     
  0.295633816435088       -8.20542901937811     
  0.298322097844016       -8.23403420096138     
  0.301034824551593       -8.26299582572515     
  0.303772218845792       -8.29230649933024     
  0.306534505035915       -8.32195816602364     
  0.309321909470968       -8.35194208832626     
  0.312134660558215       -8.38224882685398     
  0.314972988781890       -8.41286822032617     
  0.317837126722086       -8.44378936581949     
  0.320727309073811       -8.47500059932747     
  0.323643772666222       -8.50648947669017     
  0.326586756482030       -8.53824275496100     
  0.329556501677080       -8.57024637428143     
  0.332553251600120       -8.60248544033743     
  0.335577251812732       -8.63494420747489     
  0.338628750109461       -8.66760606255427     
  0.341707996538116       -8.70045350962827     
  0.344815243420264       -8.73346815552908     
  0.347950745371899       -8.76663069645515     
  0.351114759324312       -8.79992090565002     
  0.354307544545142       -8.83331762226887     
  0.357529362659622       -8.86679874153086     
  0.360780477672017       -8.90034120625799     
  0.364061155987255       -8.93392099990336     
  0.367371666432761       -8.96751314117383     
  0.370712280280483       -9.00109168035391     
  0.374083271269120       -9.03462969743900     
  0.377484915626556       -9.06809930218770     
  0.380917492092490       -9.10147163620322     
  0.384381281941282       -9.13471687715488     
  0.387876569004998       -9.16780424525034     
  0.391403639696668       -9.20070201206909     
  0.394962783033757       -9.23337751186650     
  0.398554290661847       -9.26579715545675     
  0.402178456878535       -9.29792644678055     
  0.405835578657548       -9.32973000226127     
  0.409525955673082       -9.36117157304982     
  0.413249890324350       -9.39221407025488     
  0.417007687760369       -9.42281959325022     
  0.420799655904961       -9.45294946114610     
  0.424626105481986       -9.48256424750521     
  0.428487350040804       -9.51162381837714     
  0.432383705981966       -9.54008737371755     
  0.436315492583144       -9.56791349224997     
  0.440283032025290       -9.59506017981853     
  0.444286649419038       -9.62148492127020     
  0.448326672831347       -9.64714473589345     
  0.452403433312378       -9.67199623642897     
  0.456517264922625       -9.69599569165459     
  0.460668504760289       -9.71909909253320     
  0.464857492988898       -9.74126222189773     
  0.469084572865185       -9.76244072763163     
  0.473350090767211       -9.78259019928708     
  0.477654396222751       -9.80166624806581     
  0.481997841937934       -9.81962459006973     
  0.486380783826145       -9.83642113270942     
  0.490803581037189       -9.85201206413966     
  0.495266595986722       -9.86635394557076     
  0.499770194385947       -9.87940380628421     
  0.504314745271583       -9.89111924115993     
  0.508900621036101       -9.90145851050120     
  0.513528197458243       -9.91038064192177     
  0.518197853733814       -9.91784553403765     
  0.522909972506751       -9.92381406168454     
  0.527664939900481       -9.92824818236009     
  0.532463145549559       -9.93111104356889     
  0.537304982631597       -9.93236709072686     
  0.542190847899482       -9.93198217526164     
  0.547121141713887       -9.92992366252579     
  0.552096268076076       -9.92616053912091     
  0.557116634661010       -9.92066351921329     
  0.562182652850754       -9.91340514940547     
  0.567294737768184       -9.90435991171338     
  0.572453308311008       -9.89350432418568     
  0.577658787186086       -9.88081703869105     
  0.582911600944071       -9.86627893539002     
  0.588212180014362       -9.84987321340155     
  0.593560958740373       -9.83158547717046     
  0.598958375415124       -9.81140381804035     
  0.604404872317157       -9.78931889053844     
  0.609900895746778       -9.76532398288315     
  0.615446896062625       -9.73941508123336     
  0.621043327718578       -9.71159092720928     
  0.626690649300988       -9.68185306822972     
  0.632389323566267       -9.65020590022881     
  0.638139817478795       -9.61665670233716     
  0.643942602249194       -9.58121566313804     
  0.649798153372937       -9.54389589813877     
  0.655706950669310       -9.50471345813021     
  0.661669478320729       -9.46368732814426     
  0.667686224912420       -9.42083941675939     
  0.673757683472450       -9.37619453554803     
  0.679884351512128       -9.32978036850653     
  0.686066731066776       -9.28162743135841     
  0.692305328736862       -9.23176902067461     
  0.698600655729515       -9.18024115280950     
  0.704953227900414       -9.12708249270928     
  0.711363565796059       -9.07233427270840     
  0.717832194696427       -9.01604020149060     
  0.724359644658010       -8.95824636345255     
  0.730946450557257       -8.89900110877063     
  0.737593152134396       -8.83835493453291     
  0.744300294037665       -8.77636035736023     
  0.751068425867942       -8.71307177800057     
  0.757898102223782       -8.64854533843921     
  0.764789882746857       -8.58283877212373     
  0.771744332167820       -8.51601124795602     
  0.778762020352580       -8.44812320875339     
  0.785843522348994       -8.37923620492652     
  0.792989418433994       -8.30941272416317     
  0.800200294161129       -8.23871601794233     
  0.807476740408557       -8.16720992573393     
  0.814819353427451       -8.09495869776314     
  0.822228734890868       -8.02202681723585     
  0.829705491943046       -7.94847882293297     
  0.837250237249154       -7.87437913308408     
  0.844863589045501       -7.79979187142790     
  0.852546171190191       -7.72478069635508     
  0.860298613214246       -7.64940863401059     
  0.868121550373188       -7.57373791620617     
  0.876015623699099       -7.49782982396008     
  0.883981480053145       -7.42174453744055     
  0.892019772178582       -7.34554099304160     
  0.900131158754245       -7.26927674826649     
  0.908316304448519       -7.19300785503383     
  0.916575879973807       -7.11678874195675     
  0.924910562141488       -7.04067210607565     
  0.933321033917377       -6.96470881445162     
  0.941807984477689       -6.88894781595117     
  0.950372109265514       -6.81343606347363     
  0.959014110047798       -6.73821844679291     
  0.967734694972854       -6.66333773610405     
  0.976534578628386       -6.58883453628522     
  0.985414482100045       -6.51474725180659     
  0.994375133030515       -6.44111206214101     
   1.00341726567914       -6.36796290745803     
   1.01254162098210       -6.29533148431284     
   1.02174894661309       -6.22324725097739     
   1.03103999704464       -6.15173744200072     
   1.04041553360991       -6.08082709153277     
   1.04987632456505       -6.01053906489815     
   1.05942314515220       -5.94089409786656     
   1.06905677766300       -5.87191084303345     
   1.07877801150267       -5.80360592269862     
   1.08858764325472       -5.73599398761234     
   1.09848647674623       -5.66908778094738     
   1.10847532311369       -5.60289820685171     
   1.11855500086948       -5.53743440293942     
   1.12872633596897       -5.47270381608708     
   1.13899016187813       -5.40871228091834     
   1.14934731964192       -5.34546410038041     
   1.15979865795312       -5.28296212784193     
   1.17034503322193       -5.22120785017194     
   1.18098730964612       -5.16020147129273     
   1.19172635928186       -5.09994199573587     
   1.20256306211518       -5.04042731176845     
   1.21349830613405       -4.98165427369626     
   1.22453298740118       -4.92361878299022     
   1.23566801012741       -4.86631586792214     
   1.24690428674586       -4.80973976143483     
   1.25824273798663       -4.75388397700910     
   1.26968429295228       -4.69874138232607     
   1.28122988919397       -4.64430427055649     
   1.29288047278829       -4.59056442913993     
   1.30463699841473       -4.53751320594480     
   1.31650042943399       -4.48514157272528     
   1.32847173796685       -4.43344018581348     
   1.34055190497388       -4.38239944400433     
   1.35274192033579       -4.33200954360672     
   1.36504278293455       -4.28226053064808     
   1.37745550073526       -4.23314235023024     
   1.38998109086870       -4.18464489304287     
   1.40262057971474       -4.13675803904751     
   1.41537500298639       -4.08947169834954     
   1.42824540581469       -4.04277584927901     
   1.44123284283437       -3.99666057370338     
   1.45433837827023       -3.95111608959676     
   1.46756308602436       -3.90613278089121     
   1.48090804976417       -3.86170122463655     
   1.49437436301114       -3.81781221549621     
   1.50796312923046       -3.77445678760803     
   1.52167546192143       -3.73162623384049     
   1.53551248470871       -3.68931212247763     
   1.54947533143442       -3.64750631136921     
   1.56356514625099       -3.60620095958625     
   1.57778308371498       -3.56538853662774     
   1.59213030888163       -3.52506182922922     
   1.60660799740038       -3.48521394583091     
   1.62121733561117       -3.44583831877001     
   1.63595952064165       -3.40692870426914     
   1.65083576050531       -3.36847918030154     
   1.66584727420045       -3.33048414242123     
   1.68099529181002       -3.29293829765520     
   1.69628105460252       -3.25583665656288     
   1.71170581513361       -3.21917452357601     
   1.72727083734882       -3.18294748573996     
   1.74297739668705       -3.14715139998434     
   1.75882678018518       -3.11178237905732     
   1.77482028658344       -3.07683677626343     
   1.79095922643187       -3.04231116914927     
   1.80724492219774       -3.00820234228512     
   1.82367870837386       -2.97450726929259     
   1.84026193158795       -2.94122309426998     
   1.85699595071303       -2.90834711276692     
   1.87388213697871       -2.87587675245863     
   1.89092187408357       -2.84380955366781     
   1.90811655830857       -2.81214314987877     
   1.92546759863144       -2.78087524838360     
   1.94297641684212       -2.75000361119463     
   1.96064444765932       -2.71952603635084     
   1.97847313884803       -2.68944033973833     
   1.99646395133817       -2.65974433753680     
