  1.215775037524561E-006  0.466011374743772     
  1.226830421750313E-006  0.466011374743773     
  1.237986335693001E-006  0.466011374745675     
  1.249243693497602E-006  0.466011374749362     
  1.260603417621676E-006  0.466011374754726     
  1.272066438910944E-006  0.466011374761662     
  1.283633696675570E-006  0.466011374770075     
  1.295306138767131E-006  0.466011374779873     
  1.307084721656284E-006  0.466011374790972     
  1.318970410511143E-006  0.466011374803290     
  1.330964179276365E-006  0.466011374816755     
  1.343067010752962E-006  0.466011374831295     
  1.355279896678832E-006  0.466011374846844     
  1.367603837810021E-006  0.466011374863341     
  1.380039844002736E-006  0.466011374880727     
  1.392588934296086E-006  0.466011374898947     
  1.405252136995594E-006  0.466011374917951     
  1.418030489757448E-006  0.466011374937690     
  1.430925039673541E-006  0.466011374958119     
  1.443936843357265E-006  0.466011374979195     
  1.457066967030092E-006  0.466011375000880     
  1.470316486608951E-006  0.466011375023134     
  1.483686487794382E-006  0.466011375045925     
  1.497178066159505E-006  0.466011375069218     
  1.510792327239798E-006  0.466011375092982     
  1.524530386623681E-006  0.466011375117190     
  1.538393370043933E-006  0.466011375141813     
  1.552382413469940E-006  0.466011375166826     
  1.566498663200774E-006  0.466011375192205     
  1.580743275959129E-006  0.466011375217927     
  1.595117418986103E-006  0.466011375243972     
  1.609622270136845E-006  0.466011375270320     
  1.624259017977073E-006  0.466011375296951     
  1.639028861880466E-006  0.466011375323849     
  1.653933012126946E-006  0.466011375350997     
  1.668972690001851E-006  0.466011375378380     
  1.684149127896008E-006  0.466011375405983     
  1.699463569406722E-006  0.466011375433793     
  1.714917269439678E-006  0.466011375461797     
  1.730511494311769E-006  0.466011375489983     
  1.746247521854867E-006  0.466011375518340     
  1.762126641520526E-006  0.466011375546857     
  1.778150154485646E-006  0.466011375575525     
  1.794319373759094E-006  0.466011375604334     
  1.810635624289298E-006  0.466011375633276     
  1.827100243072811E-006  0.466011375662342     
  1.843714579263874E-006  0.466011375691525     
  1.860479994284967E-006  0.466011375720817     
  1.877397861938365E-006  0.466011375750212     
  1.894469568518716E-006  0.466011375779704     
  1.911696512926634E-006  0.466011375809286     
  1.929080106783329E-006  0.466011375838953     
  1.946621774546280E-006  0.466011375868700     
  1.964322953625958E-006  0.466011375898522     
  1.982185094503613E-006  0.466011375928413     
  2.000209660850127E-006  0.466011375958370     
  2.018398129645952E-006  0.466011375988390     
  2.036751991302144E-006  0.466011376018466     
  2.055272749782477E-006  0.466011376048598     
  2.073961922726699E-006  0.466011376078780     
  2.092821041574877E-006  0.466011376109011     
  2.111851651692896E-006  0.466011376139285     
  2.131055312499086E-006  0.466011376169602     
  2.150433597592007E-006  0.466011376199958     
  2.169988094879394E-006  0.466011376230351     
  2.189720406708272E-006  0.466011376260779     
  2.209632149996258E-006  0.466011376291240     
  2.229724956364056E-006  0.466011376321731     
  2.250000472269157E-006  0.466011376352250     
  2.270460359140750E-006  0.466011376382796     
  2.291106293515870E-006  0.466011376413367     
  2.311939967176771E-006  0.466011376443962     
  2.332963087289563E-006  0.466011376474578     
  2.354177376544093E-006  0.466011376505215     
  2.375584573295115E-006  0.466011376535871     
  2.397186431704728E-006  0.466011376566545     
  2.418984721886122E-006  0.466011376597236     
  2.440981230048625E-006  0.466011376627943     
  2.463177758644066E-006  0.466011376658665     
  2.485576126514476E-006  0.466011376689401     
  2.508178169041131E-006  0.466011376720149     
  2.530985738294940E-006  0.466011376750909     
  2.554000703188216E-006  0.466011376781682     
  2.577224949627819E-006  0.466011376812464     
  2.600660380669686E-006  0.466011376843256     
  2.624308916674781E-006  0.466011376874057     
  2.648172495466446E-006  0.466011376904868     
  2.672253072489201E-006  0.466011376935685     
  2.696552620968965E-006  0.466011376966510     
  2.721073132074761E-006  0.466011376997343     
  2.745816615081871E-006  0.466011377028182     
  2.770785097536482E-006  0.466011377059026     
  2.795980625421825E-006  0.466011377089876     
  2.821405263325837E-006  0.466011377120731     
  2.847061094610328E-006  0.466011377151592     
  2.872950221581709E-006  0.466011377182456     
  2.899074765663249E-006  0.466011377213325     
  2.925436867568917E-006  0.466011377244197     
  2.952038687478797E-006  0.466011377275073     
  2.978882405216097E-006  0.466011377305951     
  3.005970220425769E-006  0.466011377336833     
  3.033304352754756E-006  0.466011377367718     
  3.060887042033876E-006  0.466011377398605     
  3.088720548461358E-006  0.466011377429494     
  3.116807152788046E-006  0.466011377460385     
  3.145149156504296E-006  0.466011377491277     
  3.173748882028561E-006  0.466011377522172     
  3.202608672897700E-006  0.466011377553068     
  3.231730893959008E-006  0.466011377583965     
  3.261117931564005E-006  0.466011377614864     
  3.290772193763975E-006  0.466011377645762     
  3.320696110507288E-006  0.466011377676663     
  3.350892133838518E-006  0.466011377707563     
  3.381362738099372E-006  0.466011377738464     
  3.412110420131440E-006  0.466011377769366     
  3.443137699480794E-006  0.466011377800268     
  3.474447118604449E-006  0.466011377831169     
  3.506041243078693E-006  0.466011377862071     
  3.537922661809324E-006  0.466011377892973     
  3.570093987243787E-006  0.466011377923875     
  3.602557855585245E-006  0.466011377954776     
  3.635316927008598E-006  0.466011377985677     
  3.668373885878466E-006  0.466011378016578     
  3.701731440969149E-006  0.466011378047478     
  3.735392325686595E-006  0.466011378078378     
  3.769359298292378E-006  0.466011378109277     
  3.803635142129723E-006  0.466011378140175     
  3.838222665851578E-006  0.466011378171072     
  3.873124703650757E-006  0.466011378201968     
  3.908344115492190E-006  0.466011378232864     
  3.943883787347273E-006  0.466011378263759     
  3.979746631430350E-006  0.466011378294652     
  4.015935586437346E-006  0.466011378325544     
  4.052453617786579E-006  0.466011378356435     
  4.089303717861747E-006  0.466011378387325     
  4.126488906257133E-006  0.466011378418214     
  4.164012230025044E-006  0.466011378449100     
  4.201876763925485E-006  0.466011378479986     
  4.240085610678122E-006  0.466011378510869     
  4.278641901216521E-006  0.466011378541752     
  4.317548794944710E-006  0.466011378572633     
  4.356809479996062E-006  0.466011378603512     
  4.396427173494547E-006  0.466011378634389     
  4.436405121818345E-006  0.466011378665265     
  4.476746600865867E-006  0.466011378696139     
  4.517454916324189E-006  0.466011378727012     
  4.558533403939929E-006  0.466011378757882     
  4.599985429792585E-006  0.466011378788750     
  4.641814390570366E-006  0.466011378819616     
  4.684023713848518E-006  0.466011378850481     
  4.726616858370195E-006  0.466011378881343     
  4.769597314329873E-006  0.466011378912203     
  4.812968603659350E-006  0.466011378943061     
  4.856734280316338E-006  0.466011378973916     
  4.900897930575686E-006  0.466011379004770     
  4.945463173323248E-006  0.466011379035621     
  4.990433660352426E-006  0.466011379066469     
  5.035813076663405E-006  0.466011379097315     
  5.081605140765114E-006  0.466011379128159     
  5.127813604979927E-006  0.466011379159000     
  5.174442255751142E-006  0.466011379189839     
  5.221494913953250E-006  0.466011379220675     
  5.268975435205028E-006  0.466011379251507     
  5.316887710185476E-006  0.466011379282338     
  5.365235664952637E-006  0.466011379313165     
  5.414023261265301E-006  0.466011379343989     
  5.463254496907642E-006  0.466011379374811     
  5.512933406016814E-006  0.466011379405629     
  5.563064059413512E-006  0.466011379436443     
  5.613650564935550E-006  0.466011379467255     
  5.664697067774460E-006  0.466011379498064     
  5.716207750815174E-006  0.466011379528868     
  5.768186834978766E-006  0.466011379559671     
  5.820638579568341E-006  0.466011379590469     
  5.873567282618032E-006  0.466011379621264     
  5.926977281245215E-006  0.466011379652055     
  5.980872952005890E-006  0.466011379682843     
  6.035258711253311E-006  0.466011379713627     
  6.090139015499875E-006  0.466011379744406     
  6.145518361782295E-006  0.466011379775183     
  6.201401288030110E-006  0.466011379805955     
  6.257792373437524E-006  0.466011379836724     
  6.314696238838641E-006  0.466011379867488     
  6.372117547086107E-006  0.466011379898248     
  6.430061003433205E-006  0.466011379929005     
  6.488531355919403E-006  0.466011379959757     
  6.547533395759427E-006  0.466011379990504     
  6.607071957735868E-006  0.466011380021247     
  6.667151920595352E-006  0.466011380051986     
  6.727778207448322E-006  0.466011380082720     
  6.788955786172447E-006  0.466011380113449     
  6.850689669819703E-006  0.466011380144174     
  6.912984917027163E-006  0.466011380174893     
  6.975846632431499E-006  0.466011380205608     
  7.039279967087289E-006  0.466011380236318     
  7.103290118889093E-006  0.466011380267022     
  7.167882332997389E-006  0.466011380297721     
  7.233061902268377E-006  0.466011380328415     
  7.298834167687678E-006  0.466011380359103     
  7.365204518808008E-006  0.466011380389786     
  7.432178394190792E-006  0.466011380420463     
  7.499761281851830E-006  0.466011380451135     
  7.567958719710984E-006  0.466011380481801     
  7.636776296045988E-006  0.466011380512461     
  7.706219649950349E-006  0.466011380543116     
  7.776294471795441E-006  0.466011380573764     
  7.847006503696785E-006  0.466011380604405     
  7.918361539984566E-006  0.466011380635041     
  7.990365427678453E-006  0.466011380665671     
  8.063024066966700E-006  0.466011380696293     
  8.136343411689639E-006  0.466011380726908     
  8.210329469827537E-006  0.466011380757517     
  8.284988303992923E-006  0.466011380788118     
  8.360326031927360E-006  0.466011380818713     
  8.436348827002760E-006  0.466011380849300     
  8.513062918727238E-006  0.466011380879880     
  8.590474593255582E-006  0.466011380910452     
  8.668590193904344E-006  0.466011380941017     
  8.747416121671649E-006  0.466011380971574     
  8.826958835761685E-006  0.466011381002124     
  8.907224854114010E-006  0.466011381032665     
  8.988220753937634E-006  0.466011381063198     
  9.069953172249977E-006  0.466011381093722     
  9.152428806420727E-006  0.466011381124238     
  9.235654414720636E-006  0.466011381154746     
  9.319636816875310E-006  0.466011381185244     
  9.404382894624042E-006  0.466011381215734     
  9.489899592283712E-006  0.466011381246214     
  9.576193917317826E-006  0.466011381276685     
  9.663272940910726E-006  0.466011381307146     
  9.751143798547024E-006  0.466011381337597     
  9.839813690596293E-006  0.466011381368039     
  9.929289882903098E-006  0.466011381398471     
  1.001957970738237E-005  0.466011381428892     
  1.011069056262019E-005  0.466011381459303     
  1.020262991448010E-005  0.466011381489703     
  1.029540529671478E-005  0.466011381520093     
  1.038902431158350E-005  0.466011381550471     
  1.048349463047497E-005  0.466011381580839     
  1.057882399453602E-005  0.466011381611195     
  1.067502021530589E-005  0.466011381641539     
  1.077209117535634E-005  0.466011381671872     
  1.087004482893758E-005  0.466011381702192     
  1.096888920263005E-005  0.466011381732501     
  1.106863239600215E-005  0.466011381762796     
  1.116928258227392E-005  0.466011381793079     
  1.127084800898679E-005  0.466011381823350     
  1.137333699867941E-005  0.466011381853607     
  1.147675794956962E-005  0.466011381883851     
  1.158111933624259E-005  0.466011381914080     
  1.168642971034531E-005  0.466011381944296     
  1.179269770128726E-005  0.466011381974498     
  1.189993201694761E-005  0.466011382004686     
  1.200814144438869E-005  0.466011382034859     
  1.211733485057607E-005  0.466011382065016     
  1.222752118310513E-005  0.466011382095159     
  1.233870947093426E-005  0.466011382125285     
  1.245090882512470E-005  0.466011382155396     
  1.256412843958712E-005  0.466011382185491     
  1.267837759183501E-005  0.466011382215570     
  1.279366564374492E-005  0.466011382245632     
  1.291000204232356E-005  0.466011382275677     
  1.302739632048191E-005  0.466011382305704     
  1.314585809781641E-005  0.466011382335714     
  1.326539708139719E-005  0.466011382365706     
  1.338602306656351E-005  0.466011382395680     
  1.350774593772639E-005  0.466011382425635     
  1.363057566917857E-005  0.466011382455571     
  1.375452232591186E-005  0.466011382485489     
  1.387959606444186E-005  0.466011382515386     
  1.400580713364022E-005  0.466011382545263     
  1.413316587557445E-005  0.466011382575121     
  1.426168272635542E-005  0.466011382604957     
  1.439136821699245E-005  0.466011382634773     
  1.452223297425633E-005  0.466011382664566     
  1.465428772155003E-005  0.466011382694338     
  1.478754327978746E-005  0.466011382724088     
  1.492201056828012E-005  0.466011382753815     
  1.505770060563190E-005  0.466011382783519     
  1.519462451064195E-005  0.466011382813199     
  1.533279350321579E-005  0.466011382842855     
  1.547221890528467E-005  0.466011382872487     
  1.561291214173337E-005  0.466011382902094     
  1.575488474133635E-005  0.466011382931676     
  1.589814833770247E-005  0.466011382961231     
  1.604271467022824E-005  0.466011382990761     
  1.618859558505982E-005  0.466011383020264     
  1.633580303606371E-005  0.466011383049740     
  1.648434908580628E-005  0.466011383079188     
  1.663424590654220E-005  0.466011383108608     
  1.678550578121186E-005  0.466011383137999     
  1.693814110444791E-005  0.466011383167362     
  1.709216438359087E-005  0.466011383196694     
  1.724758823971400E-005  0.466011383225995     
  1.740442540865757E-005  0.466011383255266     
  1.756268874207238E-005  0.466011383284506     
  1.772239120847294E-005  0.466011383313713     
  1.788354589430009E-005  0.466011383342888     
  1.804616600499336E-005  0.466011383372030     
  1.821026486607307E-005  0.466011383401138     
  1.837585592423220E-005  0.466011383430211     
  1.854295274843834E-005  0.466011383459250     
  1.871156903104549E-005  0.466011383488252     
  1.888171858891607E-005  0.466011383517219     
  1.905341536455314E-005  0.466011383546148     
  1.922667342724283E-005  0.466011383575040     
  1.940150697420726E-005  0.466011383603893     
  1.957793033176788E-005  0.466011383632707     
  1.975595795651941E-005  0.466011383661481     
  1.993560443651446E-005  0.466011383690216     
  2.011688449245888E-005  0.466011383718908     
  2.029981297891806E-005  0.466011383747559     
  2.048440488553410E-005  0.466011383776167     
  2.067067533825417E-005  0.466011383804731     
  2.085863960056990E-005  0.466011383833251     
  2.104831307476815E-005  0.466011383861726     
  2.123971130319311E-005  0.466011383890155     
  2.143284996951986E-005  0.466011383918537     
  2.162774490003957E-005  0.466011383946871     
  2.182441206495631E-005  0.466011383975157     
  2.202286757969570E-005  0.466011384003393     
  2.222312770622546E-005  0.466011384031580     
  2.242520885438798E-005  0.466011384059714     
  2.262912758324492E-005  0.466011384087797     
  2.283490060243416E-005  0.466011384115827     
  2.304254477353902E-005  0.466011384143802     
  2.325207711146994E-005  0.466011384171723     
  2.346351478585873E-005  0.466011384199587     
  2.367687512246545E-005  0.466011384227394     
  2.389217560459821E-005  0.466011384255143     
  2.410943387454574E-005  0.466011384282833     
  2.432866773502306E-005  0.466011384310462     
  2.454989515063029E-005  0.466011384338030     
  2.477313424932471E-005  0.466011384365535     
  2.499840332390619E-005  0.466011384392977     
  2.522572083351621E-005  0.466011384420353     
  2.545510540515038E-005  0.466011384447664     
  2.568657583518483E-005  0.466011384474907     
  2.592015109091644E-005  0.466011384502082     
  2.615585031211701E-005  0.466011384529187     
  2.639369281260170E-005  0.466011384556221     
  2.663369808181163E-005  0.466011384583183     
  2.687588578641086E-005  0.466011384610071     
  2.712027577189795E-005  0.466011384636884     
  2.736688806423221E-005  0.466011384663620     
  2.761574287147457E-005  0.466011384690279     
  2.786686058544356E-005  0.466011384716859     
  2.812026178338625E-005  0.466011384743358     
  2.837596722966443E-005  0.466011384769775     
  2.863399787745601E-005  0.466011384796108     
  2.889437487047208E-005  0.466011384822357     
  2.915711954468944E-005  0.466011384848519     
  2.942225343009892E-005  0.466011384874592     
  2.968979825246959E-005  0.466011384900576     
  2.995977593512907E-005  0.466011384926468     
  3.023220860075995E-005  0.466011384952267     
  3.050711857321260E-005  0.466011384977972     
  3.078452837933444E-005  0.466011385003579     
  3.106446075081582E-005  0.466011385029089     
  3.134693862605278E-005  0.466011385054498     
  3.163198515202662E-005  0.466011385079806     
  3.191962368620065E-005  0.466011385105010     
  3.220987779843418E-005  0.466011385130107     
  3.250277127291385E-005  0.466011385155097     
  3.279832811010261E-005  0.466011385179978     
  3.309657252870638E-005  0.466011385204746     
  3.339752896765854E-005  0.466011385229402     
  3.370122208812262E-005  0.466011385253941     
  3.400767677551299E-005  0.466011385278363     
  3.431691814153412E-005  0.466011385302665     
  3.462897152623827E-005  0.466011385326844     
  3.494386250010190E-005  0.466011385350899     
  3.526161686612102E-005  0.466011385374828     
  3.558226066192552E-005  0.466011385398626     
  3.590582016191280E-005  0.466011385422294     
  3.623232187940073E-005  0.466011385445828     
  3.656179256880021E-005  0.466011385469225     
  3.689425922780758E-005  0.466011385492484     
  3.722974909961676E-005  0.466011385515602     
  3.756828967515173E-005  0.466011385538576     
  3.790990869531917E-005  0.466011385561403     
  3.825463415328160E-005  0.466011385584082     
  3.860249429675125E-005  0.466011385606608     
  3.895351763030475E-005  0.466011385628980     
  3.930773291771884E-005  0.466011385651194     
  3.966516918432738E-005  0.466011385673248     
  4.002585571939975E-005  0.466011385695138     
  4.038982207854088E-005  0.466011385716862     
  4.075709808611315E-005  0.466011385738417     
  4.112771383768023E-005  0.466011385759800     
  4.150169970247322E-005  0.466011385781007     
  4.187908632587916E-005  0.466011385802035     
  4.225990463195226E-005  0.466011385822881     
  4.264418582594776E-005  0.466011385843543     
  4.303196139687917E-005  0.466011385864015     
  4.342326312009836E-005  0.466011385884295     
  4.381812305989947E-005  0.466011385904380     
  4.421657357214622E-005  0.466011385924265     
  4.461864730692338E-005  0.466011385943947     
  4.502437721121202E-005  0.466011385963424     
  4.543379653158946E-005  0.466011385982689     
  4.584693881695344E-005  0.466011386001741     
  4.626383792127128E-005  0.466011386020574     
  4.668452800635395E-005  0.466011386039185     
  4.710904354465535E-005  0.466011386057570     
  4.753741932209709E-005  0.466011386075725     
  4.796969044091900E-005  0.466011386093644     
  4.840589232255539E-005  0.466011386111325     
  4.884606071053764E-005  0.466011386128763     
  4.929023167342313E-005  0.466011386145953     
  4.973844160775074E-005  0.466011386162892     
  5.019072724102335E-005  0.466011386179573     
  5.064712563471734E-005  0.466011386195993     
  5.110767418731948E-005  0.466011386212147     
  5.157241063739154E-005  0.466011386228029     
  5.204137306666261E-005  0.466011386243636     
  5.251459990314965E-005  0.466011386258962     
  5.299212992430642E-005  0.466011386274001     
  5.347400226020093E-005  0.466011386288749     
  5.396025639672192E-005  0.466011386303200     
  5.445093217881440E-005  0.466011386317349     
  5.494606981374467E-005  0.466011386331190     
  5.544570987439503E-005  0.466011386344718     
  5.594989330258837E-005  0.466011386357927     
  5.645866141244312E-005  0.466011386370811     
  5.697205589375860E-005  0.466011386383364     
  5.749011881543115E-005  0.466011386395581     
  5.801289262890149E-005  0.466011386407454     
  5.854042017163315E-005  0.466011386418977     
  5.907274467062279E-005  0.466011386430146     
  5.960990974594233E-005  0.466011386440951     
  6.015195941431323E-005  0.466011386451388     
  6.069893809271341E-005  0.466011386461449     
  6.125089060201679E-005  0.466011386471128     
  6.180786217066619E-005  0.466011386480418     
  6.236989843837927E-005  0.466011386489311     
  6.293704545988859E-005  0.466011386497800     
  6.350934970871526E-005  0.466011386505878     
  6.408685808097723E-005  0.466011386513537     
  6.466961789923196E-005  0.466011386520770     
  6.525767691635434E-005  0.466011386527569     
  6.585108331944947E-005  0.466011386533926     
  6.644988573380143E-005  0.466011386539833     
  6.705413322685762E-005  0.466011386545282     
  6.766387531224957E-005  0.466011386550264     
  6.827916195385015E-005  0.466011386554771     
  6.890004356986783E-005  0.466011386558794     
  6.952657103697793E-005  0.466011386562324     
  7.015879569449178E-005  0.466011386565353     
  7.079676934856344E-005  0.466011386567871     
  7.144054427643494E-005  0.466011386569868     
  7.209017323071993E-005  0.466011386571335     
  7.274570944372642E-005  0.466011386572263     
  7.340720663181872E-005  0.466011386572643     
  7.407471899981926E-005  0.466011386572463     
  7.474830124545004E-005  0.466011386571713     
  7.542800856381487E-005  0.466011386570384     
  7.611389665192219E-005  0.466011386568464     
  7.680602171324893E-005  0.466011386565943     
  7.750444046234606E-005  0.466011386562810     
  7.820921012948598E-005  0.466011386559053     
  7.892038846535194E-005  0.466011386554661     
  7.963803374577039E-005  0.466011386549624     
  8.036220477648639E-005  0.466011386543928     
  8.109296089798202E-005  0.466011386537561     
  8.183036199033911E-005  0.466011386530512     
  8.257446847814592E-005  0.466011386522769     
  8.332534133544848E-005  0.466011386514317     
  8.408304209074692E-005  0.466011386505145     
  8.484763283203734E-005  0.466011386495239     
  8.561917621189949E-005  0.466011386484586     
  8.639773545263061E-005  0.466011386473172     
  8.718337435142599E-005  0.466011386460983     
  8.797615728560690E-005  0.466011386448006     
  8.877614921789557E-005  0.466011386434225     
  8.958341570173859E-005  0.466011386419626     
  9.039802288667844E-005  0.466011386404193     
  9.122003752377400E-005  0.466011386387913     
  9.204952697107028E-005  0.466011386370770     
  9.288655919911796E-005  0.466011386352747     
  9.373120279654303E-005  0.466011386333828     
  9.458352697566714E-005  0.466011386313998     
  9.544360157817901E-005  0.466011386293240     
  9.631149708085756E-005  0.466011386271535     
  9.718728460134677E-005  0.466011386248868     
  9.807103590398340E-005  0.466011386225221     
  9.896282340567751E-005  0.466011386200576     
  9.986272018184645E-005  0.466011386174914     
  1.007707999724029E-004  0.466011386148217     
  1.016871371877974E-004  0.466011386120466     
  1.026118069151154E-004  0.466011386091642     
  1.035448849242306E-004  0.466011386061725     
  1.044864476740132E-004  0.466011386030696     
  1.054365723185956E-004  0.466011385998533     
  1.063953367136943E-004  0.466011385965217     
  1.073628194229899E-004  0.466011385930725     
  1.083390997245644E-004  0.466011385895037     
  1.093242576173978E-004  0.466011385858131     
  1.103183738279234E-004  0.466011385819985     
  1.113215298166424E-004  0.466011385780575     
  1.123338077847995E-004  0.466011385739880     
  1.133552906811184E-004  0.466011385697874     
  1.143860622085987E-004  0.466011385654535     
  1.154262068313750E-004  0.466011385609839     
  1.164758097816382E-004  0.466011385563759     
  1.175349570666190E-004  0.466011385516271     
  1.186037354756366E-004  0.466011385467350     
  1.196822325872095E-004  0.466011385416969     
  1.207705367762324E-004  0.466011385365101     
  1.218687372212178E-004  0.466011385311720     
  1.229769239116034E-004  0.466011385256797     
  1.240951876551263E-004  0.466011385200304     
  1.252236200852637E-004  0.466011385142213     
  1.263623136687419E-004  0.466011385082495     
  1.275113617131132E-004  0.466011385021119     
  1.286708583744015E-004  0.466011384958056     
  1.298408986648180E-004  0.466011384893275     
  1.310215784605467E-004  0.466011384826744     
  1.322129945096006E-004  0.466011384758431     
  1.334152444397497E-004  0.466011384688304     
  1.346284267665207E-004  0.466011384616329     
  1.358526409012696E-004  0.466011384542474     
  1.370879871593279E-004  0.466011384466703     
  1.383345667682227E-004  0.466011384388981     
  1.395924818759712E-004  0.466011384309273     
  1.408618355594515E-004  0.466011384227543     
  1.421427318328487E-004  0.466011384143754     
  1.434352756561779E-004  0.466011384057867     
  1.447395729438854E-004  0.466011383969847     
  1.460557305735272E-004  0.466011383879651     
  1.473838563945269E-004  0.466011383787241     
  1.487240592370134E-004  0.466011383692577     
  1.500764489207386E-004  0.466011383595617     
  1.514411362640759E-004  0.466011383496320     
  1.528182330931018E-004  0.466011383394642     
  1.542078522507584E-004  0.466011383290541     
  1.556101076061006E-004  0.466011383183971     
  1.570251140636266E-004  0.466011383074888     
  1.584529875726934E-004  0.466011382963246     
  1.598938451370181E-004  0.466011382848999     
  1.613478048242657E-004  0.466011382732098     
  1.628149857757236E-004  0.466011382612495     
  1.642955082160641E-004  0.466011382490141     
  1.657894934631968E-004  0.466011382364985     
  1.672970639382087E-004  0.466011382236977     
  1.688183431753964E-004  0.466011382106064     
  1.703534558323884E-004  0.466011381972193     
  1.719025277003603E-004  0.466011381835310     
  1.734656857143421E-004  0.466011381695360     
  1.750430579636197E-004  0.466011381552287     
  1.766347737022308E-004  0.466011381406034     
  1.782409633595568E-004  0.466011381256544     
  1.798617585510096E-004  0.466011381103755     
  1.814972920888173E-004  0.466011380947609     
  1.831476979929071E-004  0.466011380788044     
  1.848131115018867E-004  0.466011380624998     
  1.864936690841269E-004  0.466011380458407     
  1.881895084489433E-004  0.466011380288207     
  1.899007685578814E-004  0.466011380114331     
  1.916275896361030E-004  0.466011379936712     
  1.933701131838766E-004  0.466011379755281     
  1.951284819881726E-004  0.466011379569971     
  1.969028401343633E-004  0.466011379380708     
  1.986933330180300E-004  0.466011379187422     
  2.005001073568766E-004  0.466011378990038     
  2.023233112027527E-004  0.466011378788482     
  2.041630939537847E-004  0.466011378582677     
  2.060196063666181E-004  0.466011378372547     
  2.078930005687714E-004  0.466011378158011     
  2.097834300711011E-004  0.466011377938990     
  2.116910497803809E-004  0.466011377715401     
  2.136160160119957E-004  0.466011377487162     
  2.155584865027499E-004  0.466011377254186     
  2.175186204237932E-004  0.466011377016388     
  2.194965783936631E-004  0.466011376773679     
  2.214925224914468E-004  0.466011376525970     
  2.235066162700622E-004  0.466011376273170     
  2.255390247696596E-004  0.466011376015185     
  2.275899145311462E-004  0.466011375751920     
  2.296594536098321E-004  0.466011375483279     
  2.317478115892019E-004  0.466011375209164     
  2.338551595948103E-004  0.466011374929476     
  2.359816703083049E-004  0.466011374644111     
  2.381275179815760E-004  0.466011374352967     
  2.402928784510353E-004  0.466011374055938     
  2.424779291520245E-004  0.466011373752916     
  2.446828491333547E-004  0.466011373443791     
  2.469078190719783E-004  0.466011373128453     
  2.491530212877937E-004  0.466011372806788     
  2.514186397585858E-004  0.466011372478680     
  2.537048601351011E-004  0.466011372144011     
  2.560118697562602E-004  0.466011371802662     
  2.583398576645096E-004  0.466011371454511     
  2.606890146213119E-004  0.466011371099433     
  2.630595331227770E-004  0.466011370737301     
  2.654516074154362E-004  0.466011370367988     
  2.678654335121592E-004  0.466011369991362     
  2.703012092082159E-004  0.466011369607288     
  2.727591340974838E-004  0.466011369215632     
  2.752394095888041E-004  0.466011368816254     
  2.777422389224850E-004  0.466011368409014     
  2.802678271869560E-004  0.466011367993768     
  2.828163813355733E-004  0.466011367570369     
  2.853881102035782E-004  0.466011367138669     
  2.879832245252096E-004  0.466011366698516     
  2.906019369509720E-004  0.466011366249755     
  2.932444620650607E-004  0.466011365792230     
  2.959110164029456E-004  0.466011365325780     
  2.986018184691143E-004  0.466011364850242     
  3.013170887549774E-004  0.466011364365450     
  3.040570497569354E-004  0.466011363871235     
  3.068219259946117E-004  0.466011363367425     
  3.096119440292494E-004  0.466011362853845     
  3.124273324822766E-004  0.466011362330316     
  3.152683220540408E-004  0.466011361796656     
  3.181351455427121E-004  0.466011361252680     
  3.210280378633601E-004  0.466011360698200     
  3.239472360672031E-004  0.466011360133024     
  3.268929793610327E-004  0.466011359556957     
  3.298655091268153E-004  0.466011358969799     
  3.328650689414711E-004  0.466011358371348     
  3.358919045968340E-004  0.466011357761397     
  3.389462641197920E-004  0.466011357139737     
  3.420283977926113E-004  0.466011356506153     
  3.451385581734453E-004  0.466011355860428     
  3.482770001170293E-004  0.466011355202340     
  3.514439807955649E-004  0.466011354531663     
  3.546397597197925E-004  0.466011353848167     
  3.578645987602564E-004  0.466011353151617     
  3.611187621687640E-004  0.466011352441776     
  3.644025166000382E-004  0.466011351718401     
  3.677161311335683E-004  0.466011350981244     
  3.710598772956593E-004  0.466011350230053     
  3.744340290816809E-004  0.466011349464573     
  3.778388629785201E-004  0.466011348684541     
  3.812746579872366E-004  0.466011347889693     
  3.847416956459252E-004  0.466011347079758     
  3.882402600527859E-004  0.466011346254459     
  3.917706378894034E-004  0.466011345413517     
  3.953331184442387E-004  0.466011344556645     
  3.989279936363341E-004  0.466011343683553     
  4.025555580392338E-004  0.466011342793944     
  4.062161089051221E-004  0.466011341887516     
  4.099099461891809E-004  0.466011340963962     
  4.136373725741689E-004  0.466011340022969     
  4.173986934952244E-004  0.466011339064218     
  4.211942171648931E-004  0.466011338087386     
  4.250242545983840E-004  0.466011337092142     
  4.288891196390549E-004  0.466011336078149     
  4.327891289841297E-004  0.466011335045065     
  4.367246022106489E-004  0.466011333992542     
  4.406958618016569E-004  0.466011332920224     
  4.447032331726273E-004  0.466011331827748     
  4.487470446981279E-004  0.466011330714748     
  4.528276277387288E-004  0.466011329580848     
  4.569453166681551E-004  0.466011328425667     
  4.611004489006858E-004  0.466011327248815     
  4.652933649188031E-004  0.466011326049896     
  4.695244083010922E-004  0.466011324828508     
  4.737939257503948E-004  0.466011323584240     
  4.781022671222190E-004  0.466011322316674     
  4.824497854534075E-004  0.466011321025385     
  4.868368369910662E-004  0.466011319709938     
  4.912637812217563E-004  0.466011318369892     
  4.957309809009507E-004  0.466011317004800     
  5.002388020827607E-004  0.466011315614202     
  5.047876141499301E-004  0.466011314197632     
  5.093777898441038E-004  0.466011312754616     
  5.140097052963713E-004  0.466011311284672     
  5.186837400580879E-004  0.466011309787307     
  5.234002771319760E-004  0.466011308262019     
  5.281597030035097E-004  0.466011306708300     
  5.329624076725841E-004  0.466011305125628     
  5.378087846854723E-004  0.466011303513477     
  5.426992311670754E-004  0.466011301871307     
  5.476341478534621E-004  0.466011300198569     
  5.526139391247072E-004  0.466011298494705     
  5.576390130380271E-004  0.466011296759147     
  5.627097813612172E-004  0.466011294991315     
  5.678266596063931E-004  0.466011293190620     
  5.729900670640391E-004  0.466011291356462     
  5.782004268373657E-004  0.466011289488229     
  5.834581658769797E-004  0.466011287585298     
  5.887637150158699E-004  0.466011285647037     
  5.941175090047109E-004  0.466011283672799     
  5.995199865474868E-004  0.466011281661926     
  6.049715903374407E-004  0.466011279613751     
  6.104727670933500E-004  0.466011277527591     
  6.160239675961312E-004  0.466011275402752     
  6.216256467257786E-004  0.466011273238527     
  6.272782634986383E-004  0.466011271034197     
  6.329822811050205E-004  0.466011268789030     
  6.387381669471559E-004  0.466011266502279     
  6.445463926774944E-004  0.466011264173185     
  6.504074342373549E-004  0.466011261800973     
  6.563217718959240E-004  0.466011259384857     
  6.622898902896112E-004  0.466011256924034     
  6.683122784617611E-004  0.466011254417688     
  6.743894299027270E-004  0.466011251864986     
  6.805218425903086E-004  0.466011249265083     
  6.867100190305580E-004  0.466011246617115     
  6.929544662989560E-004  0.466011243920204     
  6.992556960819628E-004  0.466011241173457     
  7.056142247189482E-004  0.466011238375963     
  7.120305732445008E-004  0.466011235526794     
  7.185052674311232E-004  0.466011232625007     
  7.250388378323147E-004  0.466011229669640     
  7.316318198260474E-004  0.466011226659715     
  7.382847536586357E-004  0.466011223594235     
  7.449981844890053E-004  0.466011220472184     
  7.517726624333656E-004  0.466011217292530     
  7.586087426102871E-004  0.466011214054220     
  7.655069851861897E-004  0.466011210756183     
  7.724679554212442E-004  0.466011207397327     
  7.794922237156906E-004  0.466011203976541     
  7.865803656565791E-004  0.466011200492694     
  7.937329620649345E-004  0.466011196944633     
  8.009505990433503E-004  0.466011193331186     
  8.082338680240165E-004  0.466011189651158     
  8.155833658171812E-004  0.466011185903332     
  8.229996946600566E-004  0.466011182086470     
  8.304834622661668E-004  0.466011178199311     
  8.380352818751463E-004  0.466011174240570     
  8.456557723029893E-004  0.466011170208941     
  8.533455579927584E-004  0.466011166103090     
  8.611052690657523E-004  0.466011161921662     
  8.689355413731400E-004  0.466011157663277     
  8.768370165480636E-004  0.466011153326528     
  8.848103420582162E-004  0.466011148909984     
  8.928561712588962E-004  0.466011144412187     
  9.009751634465457E-004  0.466011139831652     
  9.091679839127747E-004  0.466011135166869     
  9.174353039988768E-004  0.466011130416297     
  9.257778011508408E-004  0.466011125578370     
  9.341961589748620E-004  0.466011120651492     
  9.426910672933596E-004  0.466011115634037     
  9.512632222015017E-004  0.466011110524351     
  9.599133261242453E-004  0.466011105320749     
  9.686420878738951E-004  0.466011100021515     
  9.774502227081854E-004  0.466011094624903     
  9.863384523888907E-004  0.466011089129132     
  9.953075052409673E-004  0.466011083532391     
  1.004358116212235E-003  0.466011077832837     
  1.013491026933603E-003  0.466011072028589     
  1.022706985779836E-003  0.466011066117737     
  1.032006747930882E-003  0.466011060098331     
  1.041391075433752E-003  0.466011053968390     
  1.050860737264966E-003  0.466011047725894     
  1.060416509393564E-003  0.466011041368786     
  1.070059174844687E-003  0.466011034894972     
  1.079789523763749E-003  0.466011028302321     
  1.089608353481175E-003  0.466011021588662     
  1.099516468577740E-003  0.466011014751782     
  1.109514680950499E-003  0.466011007789432     
  1.119603809879314E-003  0.466011000699320     
  1.129784682093992E-003  0.466010993479110     
  1.140058131842022E-003  0.466010986126427     
  1.150425000956944E-003  0.466010978638850     
  1.160886138927326E-003  0.466010971013915     
  1.171442402966373E-003  0.466010963249113     
  1.182094658082173E-003  0.466010955341888     
  1.192843777148572E-003  0.466010947289638     
  1.203690640976707E-003  0.466010939089714     
  1.214636138387178E-003  0.466010930739417     
  1.225681166282878E-003  0.466010922236002     
  1.236826629722492E-003  0.466010913576669     
  1.248073441994658E-003  0.466010904758572     
  1.259422524692804E-003  0.466010895778809     
  1.270874807790667E-003  0.466010886634426     
  1.282431229718495E-003  0.466010877322417     
  1.294092737439948E-003  0.466010867839720     
  1.305860286529691E-003  0.466010858183214     
  1.317734841251699E-003  0.466010848349727     
  1.329717374638271E-003  0.466010838336024     
  1.341808868569760E-003  0.466010828138812     
  1.354010313855036E-003  0.466010817754739     
  1.366322710312672E-003  0.466010807180392     
  1.378747066852870E-003  0.466010796412294     
  1.391284401560139E-003  0.466010785446906     
  1.403935741776714E-003  0.466010774280624     
  1.416702124186745E-003  0.466010762909776     
  1.429584594901240E-003  0.466010751330626     
  1.442584209543789E-003  0.466010739539370     
  1.455702033337064E-003  0.466010727532130     
  1.468939141190107E-003  0.466010715304961     
  1.482296617786410E-003  0.466010702853847     
  1.495775557672796E-003  0.466010690174694     
  1.509377065349111E-003  0.466010677263338     
  1.523102255358726E-003  0.466010664115537     
  1.536952252379874E-003  0.466010650726970     
  1.550928191317798E-003  0.466010637093239     
  1.565031217397754E-003  0.466010623209865     
  1.579262486258857E-003  0.466010609072288     
  1.593623164048769E-003  0.466010594675863     
  1.608114427519263E-003  0.466010580015861     
  1.622737464122647E-003  0.466010565087468     
  1.637493472109064E-003  0.466010549885779     
  1.652383660624685E-003  0.466010534405803     
  1.667409249810786E-003  0.466010518642454     
  1.682571470903732E-003  0.466010502590557     
  1.697871566335864E-003  0.466010486244840     
  1.713310789837312E-003  0.466010469599934     
  1.728890406538725E-003  0.466010452650374     
  1.744611693074942E-003  0.466010435390594     
  1.760475937689599E-003  0.466010417814928     
  1.776484440340697E-003  0.466010399917602     
  1.792638512807117E-003  0.466010381692743     
  1.808939478796118E-003  0.466010363134366     
  1.825388674051798E-003  0.466010344236376     
  1.841987446464553E-003  0.466010324992572     
  1.858737156181526E-003  0.466010305396634     
  1.875639175718059E-003  0.466010285442130     
  1.892694890070162E-003  0.466010265122509     
  1.909905696828005E-003  0.466010244431100     
  1.927273006290435E-003  0.466010223361112     
  1.944798241580546E-003  0.466010201905628     
  1.962482838762289E-003  0.466010180057606     
  1.980328246958149E-003  0.466010157809875     
  1.998335928467888E-003  0.466010135155131     
  2.016507358888371E-003  0.466010112085941     
  2.034844027234481E-003  0.466010088594731     
  2.053347436061133E-003  0.466010064673792     
  2.072019101586393E-003  0.466010040315274     
  2.090860553815727E-003  0.466010015511182     
  2.109873336667370E-003  0.466009990253377     
  2.129059008098839E-003  0.466009964533569     
  2.148419140234597E-003  0.466009938343318     
  2.167955319494877E-003  0.466009911674029     
  2.187669146725678E-003  0.466009884516952     
  2.207562237329941E-003  0.466009856863175     
  2.227636221399918E-003  0.466009828703624     
  2.247892743850751E-003  0.466009800029059     
  2.268333464555258E-003  0.466009770830071     
  2.288960058479945E-003  0.466009741097080     
  2.309774215822261E-003  0.466009710820330     
  2.330777642149095E-003  0.466009679989887     
  2.351972058536535E-003  0.466009648595635     
  2.373359201710899E-003  0.466009616627275     
  2.394940824191044E-003  0.466009584074319     
  2.416718694431974E-003  0.466009550926087     
  2.438694596969753E-003  0.466009517171702     
  2.460870332567731E-003  0.466009482800093     
  2.483247718364107E-003  0.466009447799984     
  2.505828588020829E-003  0.466009412159891     
  2.528614791873847E-003  0.466009375868124     
  2.551608197084736E-003  0.466009338912777     
  2.574810687793698E-003  0.466009301281727     
  2.598224165273950E-003  0.466009262962631     
  2.621850548087519E-003  0.466009223942919     
  2.645691772242462E-003  0.466009184209790     
  2.669749791351496E-003  0.466009143750214     
  2.694026576792089E-003  0.466009102550916     
  2.718524117868000E-003  0.466009060598386     
  2.743244421972284E-003  0.466009017878861     
  2.768189514751789E-003  0.466008974378329     
  2.793361440273135E-003  0.466008930082524     
  2.818762261190217E-003  0.466008884976915     
  2.844394058913222E-003  0.466008839046710     
  2.870258933779184E-003  0.466008792276844     
  2.896359005224093E-003  0.466008744651977     
  2.922696411956564E-003  0.466008696156491     
  2.949273312133095E-003  0.466008646774481     
  2.976091883534903E-003  0.466008596489749     
  3.003154323746385E-003  0.466008545285807     
  3.030462850335191E-003  0.466008493145859     
  3.058019701033935E-003  0.466008440052808     
  3.085827133923564E-003  0.466008385989242     
  3.113887427618390E-003  0.466008330937430     
  3.142202881452805E-003  0.466008274879319     
  3.170775815669696E-003  0.466008217796526     
  3.199608571610569E-003  0.466008159670331     
  3.228703511907409E-003  0.466008100481672     
  3.258063020676277E-003  0.466008040211141     
  3.287689503712670E-003  0.466007978838973     
  3.317585388688662E-003  0.466007916345044     
  3.347753125351831E-003  0.466007852708860     
  3.378195185725997E-003  0.466007787909555     
  3.408914064313792E-003  0.466007721925879     
  3.439912278301056E-003  0.466007654736198     
  3.471192367763110E-003  0.466007586318479     
  3.502756895872896E-003  0.466007516650287     
  3.534608449111006E-003  0.466007445708780     
  3.566749637477627E-003  0.466007373470695     
  3.599183094706413E-003  0.466007299912348     
  3.631911478480297E-003  0.466007225009618     
  3.664937470649270E-003  0.466007148737947     
  3.698263777450142E-003  0.466007071072326     
  3.731893129728291E-003  0.466006991987292     
  3.765828283161444E-003  0.466006911456912     
  3.800072018485474E-003  0.466006829454785     
  3.834627141722275E-003  0.466006745954024     
  3.869496484409682E-003  0.466006660927252     
  3.904682903833499E-003  0.466006574346591     
  3.940189283261637E-003  0.466006486183656     
  3.976018532180371E-003  0.466006396409541     
  4.012173586532749E-003  0.466006304994813     
  4.048657408959181E-003  0.466006211909502     
  4.085472989040193E-003  0.466006117123090     
  4.122623343541415E-003  0.466006020604501     
  4.160111516660766E-003  0.466005922322092     
  4.197940580277918E-003  0.466005822243641     
  4.236113634206008E-003  0.466005720336339     
  4.274633806445644E-003  0.466005616566777     
  4.313504253441223E-003  0.466005510900936     
  4.352728160339579E-003  0.466005403304175     
  4.392308741250983E-003  0.466005293741219     
  4.432249239512513E-003  0.466005182176152     
  4.472552927953821E-003  0.466005068572401     
  4.513223109165322E-003  0.466004952892721     
  4.554263115768812E-003  0.466004835099193     
  4.595676310690557E-003  0.466004715153200     
  4.637466087436854E-003  0.466004593015423     
  4.679635870372108E-003  0.466004468645822     
  4.722189114999433E-003  0.466004342003629     
  4.765129308243801E-003  0.466004213047329     
  4.808459968737778E-003  0.466004081734649     
  4.852184647109842E-003  0.466003948022544     
  4.896306926275335E-003  0.466003811867183     
  4.940830421730054E-003  0.466003673223935     
  4.985758781846518E-003  0.466003532047352     
  5.031095688172923E-003  0.466003388291157     
  5.076844855734817E-003  0.466003241908229     
  5.123010033339516E-003  0.466003092850583     
  5.169595003883303E-003  0.466002941069361     
  5.216603584661395E-003  0.466002786514811     
  5.264039627680746E-003  0.466002629136273     
  5.311907019975697E-003  0.466002468882160     
  5.360209683926482E-003  0.466002305699944     
  5.408951577580644E-003  0.466002139536137     
  5.458136694977360E-003  0.466001970336277     
  5.507769066474735E-003  0.466001798044903     
  5.557852759080046E-003  0.466001622605543     
  5.608391876783017E-003  0.466001443960693     
  5.659390560892100E-003  0.466001262051800     
  5.710852990373834E-003  0.466001076819240     
  5.762783382195268E-003  0.466000888202302     
  5.815185991669524E-003  0.466000696139164     
  5.868065112804482E-003  0.466000500566875     
  5.921425078654642E-003  0.466000301421337     
  5.975270261676185E-003  0.466000098637277     
  6.029605074085267E-003  0.465999892148235     
  6.084433968219566E-003  0.465999681886533     
  6.139761436903121E-003  0.465999467783259     
  6.195592013814475E-003  0.465999249768241     
  6.251930273858195E-003  0.465999027770027     
  6.308780833539735E-003  0.465998801715858     
  6.366148351343730E-003  0.465998571531650     
  6.424037528115731E-003  0.465998337141961     
  6.482453107447394E-003  0.465998098469975     
  6.541399876065192E-003  0.465997855437472     
  6.600882664222641E-003  0.465997607964802     
  6.660906346096118E-003  0.465997355970864     
  6.721475840184253E-003  0.465997099373071     
  6.782596109710964E-003  0.465996838087332     
  6.844272163032162E-003  0.465996572028019     
  6.906509054046150E-003  0.465996301107939     
  6.969311882607742E-003  0.465996025238308     
  7.032685794946169E-003  0.465995744328720     
  7.096635984086773E-003  0.465995458287119     
  7.161167690276533E-003  0.465995167019767     
  7.226286201413467E-003  0.465994870431214     
  7.291996853479941E-003  0.465994568424267     
  7.358305030979899E-003  0.465994260899959     
  7.425216167380103E-003  0.465993947757516     
  7.492735745555352E-003  0.465993628894321     
  7.560869298237766E-003  0.465993304205887     
  7.629622408470155E-003  0.465992973585817     
  7.699000710063507E-003  0.465992636925770     
  7.769009888058637E-003  0.465992294115429     
  7.839655679192033E-003  0.465991945042462     
  7.910943872365945E-003  0.465991589592484     
  7.982880309122732E-003  0.465991227649023     
  8.055470884123546E-003  0.465990859093481     
  8.128721545631349E-003  0.465990483805092     
  8.202638295998326E-003  0.465990101660888     
  8.277227192157744E-003  0.465989712535652     
  8.352494346120265E-003  0.465989316301883     
  8.428445925474778E-003  0.465988912829752     
  8.505088153893798E-003  0.465988501987059     
  8.582427311643442E-003  0.465988083639190     
  8.660469736098049E-003  0.465987657649074     
  8.739221822259492E-003  0.465987223877135     
  8.818690023281185E-003  0.465986782181253     
  8.898880850996885E-003  0.465986332416708     
  8.979800876454287E-003  0.465985874436141     
  9.061456730453466E-003  0.465985408089503     
  9.143855104090224E-003  0.465984933224003     
  9.227002749304384E-003  0.465984449684063     
  9.310906479433053E-003  0.465983957311262     
  9.395573169768927E-003  0.465983455944290     
  9.481009758123675E-003  0.465982945418889     
  9.567223245396437E-003  0.465982425567804     
  9.654220696147495E-003  0.465981896220726     
  9.742009239177164E-003  0.465981357204237     
  9.830596068109944E-003  0.465980808341754     
  9.919988441983987E-003  0.465980249453468     
  1.001019368584592E-002  0.465979680356290     
  1.010121919135108E-002  0.465979100863788     
  1.019307241736920E-002  0.465978510786127     
  1.028576089059561E-002  0.465977909930006     
  1.037929220616801E-002  0.465977298098596     
  1.047367402828880E-002  0.465976675091473     
  1.056891409085315E-002  0.465976040704559     
  1.066502019808271E-002  0.465975394730046     
  1.076200022516509E-002  0.465974736956336     
  1.085986211889921E-002  0.465974067167968     
  1.095861389834648E-002  0.465973385145548     
  1.105826365548788E-002  0.465972690665677     
  1.115881955588703E-002  0.465971983500879     
  1.126028983935933E-002  0.465971263419527     
  1.136268282064715E-002  0.465970530185765     
  1.146600689010114E-002  0.465969783559433     
  1.157027051436776E-002  0.465969023295988     
  1.167548223708306E-002  0.465968249146423     
  1.178165067957281E-002  0.465967460857189     
  1.188878454155889E-002  0.465966658170107     
  1.199689260187220E-002  0.465965840822286     
  1.210598371917202E-002  0.465965008546041     
  1.221606683267191E-002  0.465964161068798     
  1.232715096287221E-002  0.465963298113011     
  1.243924521229922E-002  0.465962419396069     
  1.255235876625104E-002  0.465961524630203     
  1.266650089355031E-002  0.465960613522394     
  1.278168094730364E-002  0.465959685774274     
  1.289790836566809E-002  0.465958741082034     
  1.301519267262452E-002  0.465957779136318     
  1.313354347875806E-002  0.465956799622128     
  1.325297048204555E-002  0.465955802218717     
  1.337348346865028E-002  0.465954786599487     
  1.349509231372389E-002  0.465953752431879     
  1.361780698221551E-002  0.465952699377268     
  1.374163752968839E-002  0.465951627090851     
  1.386659410314382E-002  0.465950535221535     
  1.399268694185265E-002  0.465949423411819     
  1.411992637819428E-002  0.465948291297683     
  1.424832283850335E-002  0.465947138508464     
  1.437788684392407E-002  0.465945964666739     
  1.450862901127241E-002  0.465944769388198     
  1.464056005390601E-002  0.465943552281522     
  1.477369078260208E-002  0.465942312948253     
  1.490803210644327E-002  0.465941050982666     
  1.504359503371159E-002  0.465939765971633     
  1.518039067279045E-002  0.465938457494492     
  1.531843023307492E-002  0.465937125122909     
  1.545772502589024E-002  0.465935768420737     
  1.559828646541872E-002  0.465934386943872     
  1.574012606963504E-002  0.465932980240114     
  1.588325546125004E-002  0.465931547849013     
  1.602768636866317E-002  0.465930089301724     
  1.617343062692348E-002  0.465928604120850     
  1.632050017869948E-002  0.465927091820288     
  1.646890707525771E-002  0.465925551905071     
  1.661866347745026E-002  0.465923983871207     
  1.676978165671126E-002  0.465922387205512     
  1.692227399606246E-002  0.465920761385446     
  1.707615299112791E-002  0.465919105878940     
  1.723143125115785E-002  0.465917420144224     
  1.738812150006201E-002  0.465915703629650     
  1.754623657745219E-002  0.465913955773512     
  1.770578943969441E-002  0.465912176003865     
  1.786679316097054E-002  0.465910363738332     
  1.802926093434970E-002  0.465908518383926     
  1.819320607286926E-002  0.465906639336841     
  1.835864201062579E-002  0.465904725982273     
  1.852558230387590E-002  0.465902777694204     
  1.869404063214701E-002  0.465900793835209     
  1.886403079935839E-002  0.465898773756241     
  1.903556673495216E-002  0.465896716796425     
  1.920866249503483E-002  0.465894622282840     
  1.938333226352900E-002  0.465892489530298     
  1.955959035333569E-002  0.465890317841128     
  1.973745120750714E-002  0.465888106504939     
  1.991692940043033E-002  0.465885854798396     
  2.009803963902124E-002  0.465883561984984     
  2.028079676392996E-002  0.465881227314764     
  2.046521575075680E-002  0.465878850024132     
  2.065131171127940E-002  0.465876429335570     
  2.083909989469105E-002  0.465873964457393     
  2.102859568885025E-002  0.465871454583493     
  2.121981462154160E-002  0.465868898893072     
  2.141277236174824E-002  0.465866296550379     
  2.160748472093576E-002  0.465863646704438     
  2.180396765434785E-002  0.465860948488768     
  2.200223726231372E-002  0.465858201021107     
  2.220230979156742E-002  0.465855403403117     
  2.240420163657908E-002  0.465852554720100     
  2.260792934089840E-002  0.465849654040696     
  2.281350959851020E-002  0.465846700416579     
  2.302095925520240E-002  0.465843692882154     
  2.323029530994642E-002  0.465840630454236     
  2.344153491629009E-002  0.465837512131738     
  2.365469538376328E-002  0.465834336895340     
  2.386979417929630E-002  0.465831103707159     
  2.408684892865113E-002  0.465827811510413     
  2.430587741786577E-002  0.465824459229079     
  2.452689759471170E-002  0.465821045767537     
  2.474992757016449E-002  0.465817570010223     
  2.497498561988792E-002  0.465814030821258     
  2.520209018573152E-002  0.465810427044086     
  2.543125987724174E-002  0.465806757501094     
  2.566251347318686E-002  0.465803020993232     
  2.589586992309579E-002  0.465799216299621     
  2.613134834881083E-002  0.465795342177160     
  2.636896804605457E-002  0.465791397360119     
  2.660874848601103E-002  0.465787380559732     
  2.685070931692118E-002  0.465783290463775     
  2.709487036569296E-002  0.465779125736140     
  2.734125163952598E-002  0.465774885016405     
  2.758987332755092E-002  0.465770566919390     
  2.784075580248391E-002  0.465766170034707     
  2.809391962229592E-002  0.465761692926305     
  2.834938553189732E-002  0.465757134132000     
  2.860717446483778E-002  0.465752492163004     
  2.886730754502164E-002  0.465747765503440     
  2.912980608843883E-002  0.465742952609855     
  2.939469160491156E-002  0.465738051910711     
  2.966198579985693E-002  0.465733061805882     
  2.993171057606546E-002  0.465727980666134     
  3.020388803549592E-002  0.465722806832595     
  3.047854048108643E-002  0.465717538616217     
  3.075569041858196E-002  0.465712174297230     
  3.103536055837857E-002  0.465706712124584     
  3.131757381738431E-002  0.465701150315381     
  3.160235332089715E-002  0.465695487054297     
  3.188972240449987E-002  0.465689720492994     
  3.217970461597228E-002  0.465683848749519     
  3.247232371722078E-002  0.465677869907698     
  3.276760368622544E-002  0.465671782016511     
  3.306556871900485E-002  0.465665583089461     
  3.336624323159882E-002  0.465659271103931     
  3.366965186206906E-002  0.465652844000529     
  3.397581947251811E-002  0.465646299682418     
  3.428477115112658E-002  0.465639636014638     
  3.459653221420897E-002  0.465632850823417     
  3.491112820828816E-002  0.465625941895462     
  3.522858491218871E-002  0.465618906977244     
  3.554892833914933E-002  0.465611743774269     
  3.587218473895438E-002  0.465604449950331     
  3.619838060008489E-002  0.465597023126760     
  3.652754265188913E-002  0.465589460881647     
  3.685969786677282E-002  0.465581760749060     
  3.719487346240934E-002  0.465573920218249     
  3.753309690397007E-002  0.465565936732827     
  3.787439590637486E-002  0.465557807689942     
  3.821879843656317E-002  0.465549530439439     
  3.856633271578565E-002  0.465541102282996     
  3.891702722191677E-002  0.465532520473250     
  3.927091069178827E-002  0.465523782212908     
  3.962801212354403E-002  0.465514884653842     
  3.998836077901616E-002  0.465505824896160     
  4.035198618612285E-002  0.465496599987273     
  4.071891814128797E-002  0.465487206920931     
  4.108918671188264E-002  0.465477642636254     
  4.146282223868903E-002  0.465467904016736     
  4.183985533838658E-002  0.465457987889234     
  4.222031690606078E-002  0.465447891022941     
  4.260423811773486E-002  0.465437610128337     
  4.299165043292436E-002  0.465427141856119     
  4.338258559721508E-002  0.465416482796119     
  4.377707564486430E-002  0.465405629476193     
  4.417515290142586E-002  0.465394578361094     
  4.457684998639892E-002  0.465383325851328     
  4.498219981590090E-002  0.465371868281981     
  4.539123560536480E-002  0.465360201921528     
  4.580399087226081E-002  0.465348322970623     
  4.622049943884295E-002  0.465336227560864     
  4.664079543492047E-002  0.465323911753532     
  4.706491330065461E-002  0.465311371538316     
  4.749288778938066E-002  0.465298602831999     
  4.792475397045575E-002  0.465285601477140     
  4.836054723213253E-002  0.465272363240713     
  4.880030328445900E-002  0.465258883812730     
  4.924405816220466E-002  0.465245158804840     
  4.969184822781329E-002  0.465231183748894     
  5.014371017438263E-002  0.465216954095491     
  5.059968102867101E-002  0.465202465212493     
  5.105979815413154E-002  0.465187712383514     
  5.152409925397369E-002  0.465172690806378     
  5.199262237425282E-002  0.465157395591555     
  5.246540590698776E-002  0.465141821760553     
  5.294248859330676E-002  0.465125964244302     
  5.342390952662206E-002  0.465109817881486     
  5.390970815583328E-002  0.465093377416855     
  5.439992428855994E-002  0.465076637499506     
  5.489459809440350E-002  0.465059592681126     
  5.539377010823885E-002  0.465042237414204     
  5.589748123353592E-002  0.465024566050209     
  5.640577274571136E-002  0.465006572837737     
  5.691868629551083E-002  0.464988251920617     
  5.743626391242191E-002  0.464969597335984     
  5.795854800811812E-002  0.464950603012312     
  5.848558137993426E-002  0.464931262767420     
  5.901740721437332E-002  0.464911570306422     
  5.955406909064532E-002  0.464891519219655     
  6.009561098423826E-002  0.464871102980555     
  6.064207727052165E-002  0.464850314943500     
  6.119351272838270E-002  0.464829148341606     
  6.174996254389560E-002  0.464807596284482     
  6.231147231402426E-002  0.464785651755942     
  6.287808805035859E-002  0.464763307611675     
  6.344985618288480E-002  0.464740556576862     
  6.402682356379004E-002  0.464717391243752     
  6.460903747130158E-002  0.464693804069194     
  6.519654561356085E-002  0.464669787372110     
  6.578939613253292E-002  0.464645333330926     
  6.638763760795117E-002  0.464620433980952     
  6.699131906129822E-002  0.464595081211707     
  6.760048995982283E-002  0.464569266764192     
  6.821520022059331E-002  0.464542982228108     
  6.883550021458792E-002  0.464516219039020     
  6.946144077082241E-002  0.464488968475463     
  7.009307318051504E-002  0.464461221655988     
  7.073044920128954E-002  0.464432969536155     
  7.137362106141627E-002  0.464404202905451     
  7.202264146409193E-002  0.464374912384166     
  7.267756359175821E-002  0.464345088420184     
  7.333844111045970E-002  0.464314721285723     
  7.400532817424141E-002  0.464283801074000     
  7.467827942958628E-002  0.464252317695835     
  7.535735001989317E-002  0.464220260876172     
  7.604259558999528E-002  0.464187620150546     
  7.673407229071995E-002  0.464154384861455     
  7.743183678348979E-002  0.464120544154675     
  7.813594624496566E-002  0.464086086975487     
  7.884645837173186E-002  0.464051002064823     
  7.956343138502395E-002  0.464015277955341     
  8.028692403549956E-002  0.463978902967405     
  8.101699560805256E-002  0.463941865204987     
  8.175370592667104E-002  0.463904152551474     
  8.249711535933942E-002  0.463865752665392     
  8.324728482298518E-002  0.463826652976034     
  8.400427578847056E-002  0.463786840678989     
  8.476815028562962E-002  0.463746302731585     
  8.553897090835115E-002  0.463705025848218     
  8.631680081970773E-002  0.463662996495590     
  8.710170375713155E-002  0.463620200887830     
  8.789374403763722E-002  0.463576624981522     
  8.869298656309202E-002  0.463532254470605     
  8.949949682553411E-002  0.463487074781176     
  9.031334091253920E-002  0.463441071066156     
  9.113458551263597E-002  0.463394228199857     
  9.196329792077054E-002  0.463346530772406     
  9.279954604382096E-002  0.463297963084057     
  9.364339840616155E-002  0.463248509139364     
  9.449492415527810E-002  0.463198152641218     
  9.535419306743394E-002  0.463146876984756     
  9.622127555338748E-002  0.463094665251116     
  9.709624266416203E-002  0.463041500201057     
  9.797916609686783E-002  0.462987364268418     
  9.887011820057706E-002  0.462932239553434     
  9.976917198225239E-002  0.462876107815883     
  0.100676401112729       0.462818950468080     
  0.101591879932753       0.462760748567692     
  0.102515683459070       0.462701482810392     
  0.103447887390574       0.462641133522323     
  0.104388568114513       0.462579680652393     
  0.105337802712743       0.462517103764366     
  0.106295668968047       0.462453382028774     
  0.107262245370510       0.462388494214621     
  0.108237611123949       0.462322418680884     
  0.109221846152404       0.462255133367802     
  0.110215031106686       0.462186615787954     
  0.111217247370987       0.462116843017099     
  0.112228577069547       0.462045791684802     
  0.113249103073387       0.461973437964812     
  0.114278909007096       0.461899757565197     
  0.115318079255685       0.461824725718233     
  0.116366698971503       0.461748317170029     
  0.117424854081211       0.461670506169885     
  0.118492631292828       0.461591266459377     
  0.119570118102830       0.461510571261162     
  0.120657402803326       0.461428393267486     
  0.121754574489289       0.461344704628396     
  0.122861723065856       0.461259476939641     
  0.123978939255701       0.461172681230258     
  0.125106314606459       0.461084287949826     
  0.126243941498239       0.460994266955388     
  0.127391913151184       0.460902587498019     
  0.128550323633116       0.460809218209046     
  0.129719267867243       0.460714127085890     
  0.130898841639933       0.460617281477534     
  0.132089141608570       0.460518648069602     
  0.133290265309470       0.460418192869036     
  0.134502311165872       0.460315881188352     
  0.135725378496007       0.460211677629486     
  0.136959567521235       0.460105546067187     
  0.138204979374256       0.459997449631968     
  0.139461716107398       0.459887350692593     
  0.140729880700981       0.459775210838084     
  0.142009577071751       0.459660990859241     
  0.143300910081402       0.459544650729658     
  0.144603985545162       0.459426149586215     
  0.145918910240467       0.459305445709048     
  0.147245791915712       0.459182496500960     
  0.148584739299077       0.459057258466277     
  0.149935862107437       0.458929687189122     
  0.151299271055356       0.458799737311098     
  0.152675077864154       0.458667362508359     
  0.154063395271066       0.458532515468057     
  0.155464337038479       0.458395147864141     
  0.156878017963250       0.458255210332512     
  0.158304553886121       0.458112652445479     
  0.159744061701202       0.457967422685548     
  0.161196659365557       0.457819468418475     
  0.162662465908865       0.457668735865612     
  0.164141601443176       0.457515170075498     
  0.165634187172753       0.457358714894684     
  0.167140345404002       0.457199312937788     
  0.168660199555497       0.457036905556738     
  0.170193874168092       0.456871432809210     
  0.171741494915125       0.456702833426222     
  0.173303188612717       0.456531044778885     
  0.174879083230164       0.456356002844272     
  0.176469307900424       0.456177642170416     
  0.178073992930694       0.455995895840384     
  0.179693269813094       0.455810695435447     
  0.181327271235438       0.455621970997297     
  0.182976131092107       0.455429650989320     
  0.184639984495023       0.455233662256889     
  0.186318967784716       0.455033929986680     
  0.188013218541500       0.454830377664978     
  0.189722875596747       0.454622927034979     
  0.191448079044259       0.454411498053052     
  0.193188970251752       0.454196008843968     
  0.194945691872439       0.453976375655083     
  0.196718387856717       0.453752512809447     
  0.198507203463965       0.453524332657852     
  0.200312285274447       0.453291745529802     
  0.202133781201322       0.453054659683396     
  0.203971840502766       0.452812981254129     
  0.205826613794199       0.452566614202599     
  0.207698253060632       0.452315460261125     
  0.209586911669118       0.452059418879282     
  0.211492744381318       0.451798387168348     
  0.213415907366187       0.451532259844673     
  0.215356558212765       0.451260929171988     
  0.217314855943096       0.450984284902654     
  0.219290961025256       0.450702214217875     
  0.221285035386500       0.450414601666892     
  0.223297242426536       0.450121329105185     
  0.225327747030910       0.449822275631701     
  0.227376715584518       0.449517317525146     
  0.229444315985243       0.449206328179382     
  0.231530717657707       0.448889178037955     
  0.233636091567162       0.448565734527813     
  0.235760610233491       0.448235861992265     
  0.237904447745352       0.447899421623224     
  0.240067779774438       0.447556271392816     
  0.242250783589875       0.447206265984416     
  0.244453638072748       0.446849256723179     
  0.246676523730756       0.446485091506174     
  0.248919622713006       0.446113614732183     
  0.251183118824938       0.445734667231293     
  0.253467197543388       0.445348086194362     
  0.255772046031783       0.444953705102502     
  0.258097853155481       0.444551353656688     
  0.260444809497244       0.444140857707634     
  0.262813107372859       0.443722039186088     
  0.265202940846892       0.443294716033691     
  0.267614505748596       0.442858702134582     
  0.270047999687952       0.442413807247921     
  0.272503622071863       0.441959836941524     
  0.274981574120498       0.441496592526811     
  0.277482058883777       0.441023870995288     
  0.280005281258007       0.440541464956801     
  0.282551448002679       0.440049162579784     
  0.285120767757403       0.439546747533790     
  0.287713451059009       0.439033998934554     
  0.290329710358798       0.438510691291886     
  0.292969760039949       0.437976594460704     
  0.295633816435088       0.437431473595516     
  0.298322097844016       0.436875089108693     
  0.301034824551593       0.436307196632886     
  0.303772218845792       0.435727546987952     
  0.306534505035915       0.435135886152780     
  0.309321909470968       0.434531955242414     
  0.312134660558215       0.433915490490900     
  0.314972988781890       0.433286223240291     
  0.317837126722086       0.432643879936256     
  0.320727309073811       0.431988182130781     
  0.323643772666222       0.431318846492439     
  0.326586756482030       0.430635584824728     
  0.329556501677080       0.429938104093017     
  0.332553251600120       0.429226106460615     
  0.335577251812732       0.428499289334527     
  0.338628750109461       0.427757345421463     
  0.341707996538116       0.426999962794668     
  0.344815243420264       0.426226824972185     
  0.347950745371899       0.425437611007129     
  0.351114759324312       0.424631995590608     
  0.354307544545142       0.423809649167900     
  0.357529362659622       0.422970238068523     
  0.360780477672017       0.422113424650823     
  0.364061155987255       0.421238867461728     
  0.367371666432761       0.420346221412303     
  0.370712280280483       0.419435137969745     
  0.374083271269120       0.418505265366444     
  0.377484915626556       0.417556248826755     
  0.380917492092490       0.416587730812083     
  0.384381281941282       0.415599351284893     
  0.387876569004998       0.414590747992233     
  0.391403639696668       0.413561556769339     
  0.394962783033757       0.412511411863870     
  0.398554290661847       0.411439946281279     
  0.402178456878535       0.410346792151826     
  0.405835578657548       0.409231581119656     
  0.409525955673082       0.408093944754365     
  0.413249890324350       0.406933514985411     
  0.417007687760369       0.405749924559668     
  0.420799655904961       0.404542807522389     
  0.424626105481986       0.403311799721745     
  0.428487350040804       0.402056539337084     
  0.432383705981966       0.400776667430935     
  0.436315492583144       0.399471828524728     
  0.440283032025290       0.398141671198112     
  0.444286649419038       0.396785848711665     
  0.448326672831347       0.395404019652667     
  0.452403433312378       0.393995848603541     
  0.456517264922625       0.392561006832434     
  0.460668504760289       0.391099173005293     
  0.464857492988898       0.389610033918699     
  0.469084572865185       0.388093285252549     
  0.473350090767211       0.386548632341601     
  0.477654396222751       0.384975790964716     
  0.481997841937934       0.383374488150520     
  0.486380783826145       0.381744462998067     
  0.490803581037189       0.380085467510910     
  0.495266595986722       0.378397267442890     
  0.499770194385947       0.376679643153752     
  0.504314745271583       0.374932390472588     
  0.508900621036101       0.373155321566934     
  0.513528197458243       0.371348265815216     
  0.518197853733814       0.369511070680073     
  0.522909972506751       0.367643602579976     
  0.527664939900481       0.365745747756378     
  0.532463145549559       0.363817413133547     
  0.537304982631597       0.361858527168064     
  0.542190847899482       0.359869040684870     
  0.547121141713887       0.357848927696648     
  0.552096268076076       0.355798186203193     
  0.557116634661010       0.353716838967370     
  0.562182652850754       0.351604934264168     
  0.567294737768184       0.349462546599301     
  0.572453308311008       0.347289777393769     
  0.577658787186086       0.345086755630762     
  0.582911600944071       0.342853638461281     
  0.588212180014362       0.340590611764864     
  0.593560958740373       0.338297890661844     
  0.598958375415124       0.335975719973600     
  0.604404872317157       0.333624374627374     
  0.609900895746778       0.331244160002284     
  0.615446896062625       0.328835412213329     
  0.621043327718578       0.326398498330295     
  0.626690649300988       0.323933816528676     
  0.632389323566267       0.321441796169896     
  0.638139817478795       0.318922897808356     
  0.643942602249194       0.316377613123067     
  0.649798153372937       0.313806464771909     
  0.655706950669310       0.311210006166851     
  0.661669478320729       0.308588821168752     
  0.667686224912420       0.305943523700750     
  0.673757683472450       0.303274757279545     
  0.679884351512128       0.300583194464287     
  0.686066731066776       0.297869536223157     
  0.692305328736862       0.295134511218110     
  0.698600655729515       0.292378875008680     
  0.704953227900414       0.289603409176142     
  0.711363565796059       0.286808920369759     
  0.717832194696427       0.283996239277238     
  0.724359644658010       0.281166219521967     
  0.730946450557257       0.278319736489995     
  0.737593152134396       0.275457686090120     
  0.744300294037665       0.272580983450854     
  0.751068425867942       0.269690561558393     
  0.757898102223782       0.266787369840102     
  0.764789882746857       0.263872372698310     
  0.771744332167820       0.260946547999582     
  0.778762020352580       0.258010885524857     
  0.785843522348994       0.255066385386137     
  0.792989418433994       0.252114056415576     
  0.800200294161129       0.249154914533057     
  0.807476740408557       0.246189981098425     
  0.814819353427451       0.243220281254688     
  0.822228734890868       0.240246842268537     
  0.829705491943046       0.237270691874556     
  0.837250237249154       0.234292856629472     
  0.844863589045501       0.231314360282716     
  0.852546171190191       0.228336222169475     
  0.860298613214246       0.225359455632237     
  0.868121550373188       0.222385066476661     
  0.876015623699099       0.219414051467364     
  0.883981480053145       0.216447396868935     
  0.892019772178582       0.213486077037215     
  0.900131158754245       0.210531053065515     
  0.908316304448519       0.207583271490104     
  0.916575879973807       0.204643663058890     
  0.924910562141488       0.201713141566837     
  0.933321033917377       0.198792602761195     
  0.941807984477689       0.195882923319219     
  0.950372109265514       0.192984959900562     
  0.959014110047798       0.190099548276099     
  0.967734694972854       0.187227502534477     
  0.976534578628386       0.184369614367200     
  0.985414482100045       0.181526652432650     
  0.994375133030515       0.178699361798975     
   1.00341726567914       0.175888463465357     
   1.01254162098210       0.173094653960765     
   1.02174894661309       0.170318605018900     
   1.03103999704464       0.167560963327686     
   1.04041553360991       0.164822350351310     
   1.04987632456505       0.162103362222487     
   1.05942314515220       0.159404569702373     
   1.06905677766300       0.156726518205256     
   1.07877801150267       0.154069727884958     
   1.08858764325472       0.151434693779679     
   1.09848647674623       0.148821886011849     
   1.10847532311369       0.146231750039424     
   1.11855500086948       0.143664706954988     
   1.12872633596897       0.141121153828914     
   1.13899016187813       0.138601464092840     
   1.14934731964192       0.136105987959680     
   1.15979865795312       0.133635052876410     
   1.17034503322193       0.131188964005920     
   1.18098730964612       0.128768004734286     
   1.19172635928186       0.126372437199868     
   1.20256306211518       0.124002502840802     
   1.21349830613405       0.121658422957502     
   1.22453298740118       0.119340399286989     
   1.23566801012741       0.117048614585949     
   1.24690428674586       0.114783233219617     
   1.25824273798663       0.112544401753731     
   1.26968429295228       0.110332249546965     
   1.28122988919397       0.108146889341432     
   1.29288047278829       0.105988417849015     
   1.30463699841473       0.103856916331475     
   1.31650042943399       0.101752451172435     
   1.32847173796685       9.967507443955216E-002
   1.34055190497388       9.762482443532142E-002
   1.35274192033579       9.560172623516601E-002
   1.36504278293455       9.360579221160080E-002
   1.37745550073526       9.163702254343799E-002
   1.38998109086870       8.969540570915395E-002
   1.40262057971474       8.778091896368614E-002
   1.41537500298639       8.589352879807712E-002
   1.42824540581469       8.403319138151993E-002
   1.44123284283437       8.219985298549223E-002
   1.45433837827023       8.039345038979524E-002
   1.46756308602436       7.861391127042999E-002
   1.48090804976417       7.686115456935960E-002
   1.49437436301114       7.513509084631219E-002
   1.50796312923046       7.343562261287838E-002
   1.52167546192143       7.176264464925139E-002
   1.53551248470871       7.011604430404331E-002
   1.54947533143442       6.849570177769079E-002
   1.56356514625099       6.690149039003621E-002
   1.57778308371498       6.533327683273421E-002
   1.59213030888163       6.379092140719413E-002
   1.60660799740038       6.227427824881704E-002
   1.62121733561117       6.078319553833262E-002
   1.63595952064165       5.931751570107557E-002
   1.65083576050531       5.787707559507194E-002
   1.66584727420045       5.646170668882756E-002
   1.68099529181002       5.507123522972485E-002
   1.69628105460252       5.370548240394347E-002
   1.71170581513361       5.236426448882010E-002
   1.72727083734882       5.104739299855607E-002
   1.74297739668705       4.975467482417117E-002
   1.75882678018518       4.848591236857952E-002
   1.77482028658344       4.724090367764137E-002
   1.79095922643187       4.601944256801153E-002
   1.80724492219774       4.482131875257004E-002
   1.82367870837386       4.364631796417930E-002
   1.84026193158795       4.249422207846533E-002
   1.85699595071303       4.136480923627242E-002
   1.87388213697871       4.025785396638654E-002
   1.89092187408357       3.917312730906684E-002
   1.90811655830857       3.811039694086679E-002
   1.92546759863144       3.706942730116591E-002
   1.94297641684212       3.604997972077242E-002
   1.96064444765932       3.505181255289456E-002
   1.97847313884803       3.407468130671808E-002
   1.99646395133817       3.311833878376417E-002
   2.01461835934431       3.218253521714396E-002
   2.03293785048648       3.126701841376629E-002
   2.05142392591205       3.037153389949884E-002
   2.07007810041874       2.949582506723034E-002
   2.08890190257875       2.863963332772798E-002
   2.10789687486403       2.780269826313960E-002
   2.12706457377265       2.698475778294376E-002
   2.14640656995636       2.618554828211126E-002
   2.16592444834927       2.540480480120602E-002
   2.18561980829777       2.464226118812001E-002
   2.20549426369155       2.389765026111001E-002
   2.22554944309583       2.317070397277995E-002
   2.24578698988486       2.246115357463388E-002
   2.26620856237653       2.176872978180932E-002
   2.28681583396830       2.109316293759091E-002
   2.30761049327429       2.043418317729675E-002
   2.32859424426368       1.979152059112905E-002
   2.34976880640029       1.916490538558023E-002
   2.37113591478355       1.855406804299215E-002
   2.39269732029059       1.795873947887381E-002
   2.41445478971981       1.737865119659478E-002
   2.43641010593555       1.681353543908589E-002
   2.45856506801428       1.626312533719592E-002
   2.48092149139196       1.572715505437269E-002
   2.50348120801282       1.520535992735826E-002
   2.52624606647947       1.469747660261137E-002
   2.54921793220439       1.420324316819519E-002
   2.57239868756278       1.372239928089439E-002
   2.59579023204681       1.325468628835274E-002
   2.61939448242126       1.279984734605002E-002
   2.64321337288058       1.235762752896511E-002
   2.66724885520743       1.192777393780061E-002
   2.69150289893254       1.151003579967255E-002
   2.71597749149615       1.110416456319650E-002
   2.74067463841086       1.070991398792914E-002
   2.76559636342596       1.032704022815088E-002
   2.79074470869325       9.955301911001212E-003
   2.81612173493439       9.594460209003173E-003
   2.84172952160978       9.244278907036977E-003
   2.86757016708892       8.904524463845348E-003
   2.89364578882238       8.574966068173651E-003
   2.91995852351531       8.255375689667794E-003
   2.94651052730249       7.945528124669872E-003
   2.97330397592509       7.645201037068222E-003
   3.00034106490887       7.354174994372292E-003
   3.02762400974413       7.072233499195540E-003
   3.05515504606726       6.799163016339936E-003
   3.08293642984389       6.534752995684738E-003
   3.11097043755381       6.278795891089025E-003
   3.13925936637747       6.031087175522804E-003
   3.16780553438423       5.791425352645099E-003
   3.19661128072229       5.559611965048950E-003
   3.22567896581041       5.335451599393757E-003
   3.25501097153128       5.118751888643766E-003
   3.28460970142673       4.909323511628860E-003
   3.31447758089466       4.706980190139349E-003
   3.34461705738781       4.511538683761259E-003
   3.37503060061429       4.322818782651715E-003
   3.40572070273996       4.140643298446565E-003
   3.43668987859263       3.964838053483588E-003
   3.46794066586817       3.795231868515445E-003
   3.49947562533843       3.631656549076316E-003
   3.53129734106105       3.473946870655711E-003
   3.56340842059127       3.321940562821837E-003
   3.59581149519554       3.175478292425746E-003
   3.62850922006717       3.034403646005890E-003
   3.66150427454386       2.898563111501340E-003
   3.69479936232732       2.767806059370407E-003
   3.72839721170475       2.641984723200176E-003
   3.76230057577245       2.520954179881372E-003
   3.79651223266140       2.404572329412396E-003
   3.83103498576488       2.292699874386076E-003
   3.86587166396825       2.185200299202855E-003
   3.90102512188069       2.081939849045113E-003
   3.93649824006916       1.982787508638539E-003
   3.97229392529443       1.887614980818645E-003
   4.00841511074924       1.796296664913184E-003
   4.04486475629869       1.708709634944684E-003
   4.08164584872278       1.624733617651427E-003
   4.11876140196111       1.544250970320082E-003
   4.15621445735990       1.467146658418721E-003
   4.19400808392119       1.393308233015219E-003
   4.23214537855431       1.322625807963005E-003
   4.27062946632964       1.254992036833679E-003
   4.30946350073475       1.190302089574272E-003
   4.34865066393271       1.128453628865698E-003
   4.38819416702291       1.069346786158369E-003
   4.42809725030419       1.012884137360782E-003
   4.46836318354032       9.589706781572958E-004
   4.50899526622794       9.075137989320531E-004
   4.54999682786696       8.584232592772517E-004
   4.59137122823337       8.116111620654297E-004
   4.63312185765453       7.669919270672947E-004
   4.67525213728701       7.244822640986838E-004
   4.71776551939692       6.840011456825595E-004
   4.76066548764281       6.454697792143861E-004
   4.80395555736108       6.088115786218784E-004
   4.84763927585410       5.739521355127953E-004
   4.89172022268085       5.408191898072504E-004
   4.93620200995026       5.093425998538365E-004
   4.98108828261715       4.794543120316645E-004
   5.02638271878097       4.510883298432756E-004
   5.07208902998715       4.241806825061320E-004
   5.11821096153125       3.986693930531183E-004
   5.16475229276585       3.744944459551446E-004
   5.21171683741024       3.515977542814665E-004
   5.25910844386295       3.299231264158027E-004
   5.30693099551707       3.094162323486367E-004
   5.35518841107847       2.900245695682950E-004
   5.40388464488691       2.716974285754408E-004
   5.45302368724010       2.543858580475381E-004
   5.50260956472062       2.380426296816001E-004
   5.55264634052591       2.226222027451422E-004
   5.60313811480121       2.080806883667056E-004
   5.65408902497552       1.943758135986137E-004
   5.70550324610066       1.814668852857423E-004
   5.75738499119337       1.693147537750655E-004
   5.80973851158051       1.578817765015383E-004
   5.86256809724749       1.471317814865351E-004
   5.91587807718972       1.370300307855567E-004
   5.96967281976743       1.275431839222597E-004
   6.02395673306354       1.186392613460611E-004
   6.07873426524493       1.102876079506101E-004
   6.13400990492689       1.024588566903319E-004
   6.18978818154097       9.512489233201102E-005
   6.24607366570610       8.825881537802352E-005
   6.30287096960316       8.183490619733117E-005
   6.36018474735285       7.582858939974516E-005
   6.41801969539712       7.021639848823588E-005
   6.47638055288399       6.497594082323199E-005
   6.53527210205587       6.008586293191431E-005
   6.59469916864145       5.552581619447401E-005
   6.65466662225115       5.127642293818391E-005
   6.71517937677609       4.731924296892476E-005
   6.77624239079081       4.363674056852724E-005
   6.83786066795955       4.021225198494298E-005
   6.90003925744628       3.702995344084615E-005
   6.96278325432844       3.407482968480405E-005
   7.02609780001443       3.133264310764460E-005
   7.08998808266493       2.878990344509729E-005
   7.15445933761804       2.643383808620265E-005
   7.21951684781823       2.425236300537631E-005
   7.28516594424928       2.223405433438636E-005
   7.35141200637113       2.036812058886563E-005
   7.41826046256062       1.864437556233500E-005
   7.48571679055639       1.705321189907246E-005
   7.55378651790765       1.558557535552733E-005
   7.62247522242720       1.423293975835706E-005
   7.69178853264847       1.298728266556290E-005
   7.76173212828669       1.184106173562241E-005
   7.83231174070437       1.078719180796998E-005
   7.90353315338090       9.819022696664432E-006
   7.97540220238647       8.930317697609566E-006
   8.04792477686030       8.115232808265515E-006
   8.12110681949320       7.368296657407469E-006
   8.19495432701456       6.684391141159498E-006
   8.26947335068370       6.058732760256645E-006
   8.34466999678573       5.486854652272134E-006
   8.42055042713197       4.964589311390175E-006
   8.49712085956478       4.488051987211445E-006
   8.57438756846712       4.053624753049235E-006
   8.65235688527669       3.657941233211172E-006
   8.73103519900472       3.297871977865539E-006
   8.81042895675952       2.970510473263332E-006
   8.89054466427478       2.673159774327813E-006
   8.97138888644264       2.403319745932555E-006
   9.05296824785165       2.158674898566742E-006
   9.13528943332961       1.937082803532350E-006
   9.21835918849135       1.736563072330963E-006
   9.30218432029145       1.555286884477422E-006
   9.38677169758205       1.391567047622019E-006
   9.47212825167571       1.243848573570937E-006
   9.55826097691335       1.110699753564378E-006
   9.64517693123739       9.908037160014641E-007
   9.73288323677012       8.829504496882477E-007
   9.82138708039728       7.860292756278382E-007
   9.91069571435698       6.990217503672463E-007
   10.0008164568340       6.209949839615030E-007
   10.0917566925594       5.510953557091492E-007
   10.1835238734157       4.885426109516870E-007
   10.2761255190474       4.326243224099824E-007
   10.3695692174773       3.826906997501691E-007
   10.4638626257284       3.381497313272561E-007
   10.5590134704508       2.984626423434900E-007
   10.6550295485556       2.631396539775719E-007
   10.7519187278530       2.317360283871421E-007
   10.8496889476977       2.038483848575782E-007
   10.9483482196391       1.791112727622777E-007
   11.0479046280778       1.571939874103470E-007
   11.1483663309283       1.377976152842966E-007
   11.2497415602872       1.206522956102534E-007
   11.3520386231078       1.055146856538109E-007
   11.4552659018810       9.216561759345682E-008
   11.5594318553220       8.040793528821083E-008
   11.6645450190633       7.006449972442655E-008
   11.7706140063547       6.097635239656122E-008
   11.8776475087683       5.300102634609540E-008
   11.9856542969113       4.601099504985834E-008
   12.0946432211445       3.989224981204937E-008
   12.2046232123075       3.454299677167014E-008
   12.3156032824505       2.987246508744423E-008
   12.4275925255729       2.579981830429160E-008
   12.5406001183682       2.225316133786764E-008
   12.6546353209764       1.916863593552583E-008
   12.7697074777423       1.648959788240430E-008
   12.8858260179818       1.416586961938018E-008
   13.0030004567538       1.215306232471213E-008
   13.1212403956406       1.041196188275181E-008
   13.2405555235344       8.907973520705789E-009
   13.3609556174310       7.610620237740571E-009
   13.4824505432313       6.493090479507551E-009
   13.6050502565497       5.531830825284263E-009
   13.7287648035296       4.706179754329014E-009
   13.8536043216669       3.998038842757752E-009
   13.9795790406408       3.391578012376324E-009
   14.1066992831515       2.872971708610446E-009
   14.2349754657666       2.430163126200457E-009
   14.3644180997744       2.052653828956902E-009
   14.4950377920455       1.731316323941196E-009
   14.6268452459016       1.458227351322404E-009
   14.7598512619926       1.226519839282310E-009
   14.8940667391820       1.030251649143763E-009
   15.0295026754395       8.642893998555696E-010
   15.1661701687426       7.242058135766673E-010
   15.3040804179857       6.061891658755948E-010
   15.4432447238981       5.069635555248314E-010
   15.5836744899695       4.237188305598008E-010
   15.7253812233849       3.540491197328439E-010
   15.8683765359675       2.958990222719495E-010
   16.0126721451299       2.475166045045127E-010
   16.1582798748345       2.074124399824993E-010
   16.3052116565622       1.743240108042305E-010
   16.4534795302903       1.471848624301334E-010
   16.6030956454791       1.250979730012538E-010
   16.7540722620672       1.073128615648747E-010
   16.9064217514762       9.320601827966790E-011
   17.0601565976249       8.226429422219602E-011
   17.2152893979514       7.407093948549384E-011
   17.3718328644461       6.829402652829626E-011
   17.5297998246932       6.467704193634640E-011
   17.6892032229214       0.000000000000000E+000
   17.8500561210653       0.000000000000000E+000
   18.0123716998351       0.000000000000000E+000
   18.1761632597969       0.000000000000000E+000
   18.3414442224626       0.000000000000000E+000
   18.5082281313899       0.000000000000000E+000
   18.6765286532915       0.000000000000000E+000
   18.8463595791558       0.000000000000000E+000
   19.0177348253760       0.000000000000000E+000
   19.1906684348916       0.000000000000000E+000
   19.3651745783379       0.000000000000000E+000
   19.5412675552082       0.000000000000000E+000
   19.7189617950249       0.000000000000000E+000
   19.8982718585222       0.000000000000000E+000
   20.0792124388391       0.000000000000000E+000
   20.2617983627233       0.000000000000000E+000
   20.4460445917467       0.000000000000000E+000
   20.6319662235305       0.000000000000000E+000
   20.8195784929832       0.000000000000000E+000
   21.0088967735483       0.000000000000000E+000
   21.1999365784646       0.000000000000000E+000
   21.3927135620369       0.000000000000000E+000
   21.5872435209192       0.000000000000000E+000
   21.7835423954088       0.000000000000000E+000
   21.9816262707527       0.000000000000000E+000
   22.1815113784654       0.000000000000000E+000
   22.3832140976594       0.000000000000000E+000
   22.5867509563868       0.000000000000000E+000
   22.7921386329940       0.000000000000000E+000
   22.9993939574884       0.000000000000000E+000
   23.2085339129173       0.000000000000000E+000
   23.4195756367597       0.000000000000000E+000
   23.6325364223304       0.000000000000000E+000
   23.8474337201972       0.000000000000000E+000
   24.0642851396109       0.000000000000000E+000
   24.2831084499481       0.000000000000000E+000
   24.5039215821673       0.000000000000000E+000
   24.7267426302785       0.000000000000000E+000
   24.9515898528252       0.000000000000000E+000
   25.1784816743813       0.000000000000000E+000
   25.4074366870603       0.000000000000000E+000
   25.6384736520394       0.000000000000000E+000
   25.8716115010959       0.000000000000000E+000
   26.1068693381596       0.000000000000000E+000
   26.3442664408773       0.000000000000000E+000
   26.5838222621931       0.000000000000000E+000
   26.8255564319422       0.000000000000000E+000
   27.0694887584593       0.000000000000000E+000
   27.3156392302018       0.000000000000000E+000
   27.5640280173879       0.000000000000000E+000
   27.8146754736493       0.000000000000000E+000
   28.0676021376989       0.000000000000000E+000
   28.3228287350138       0.000000000000000E+000
   28.5803761795339       0.000000000000000E+000
   28.8402655753752       0.000000000000000E+000
   29.1025182185597       0.000000000000000E+000
   29.3671555987598       0.000000000000000E+000
   29.6341994010596       0.000000000000000E+000
   29.9036715077318       0.000000000000000E+000
   30.1755940000309       0.000000000000000E+000
   30.4499891600022       0.000000000000000E+000
   30.7268794723080       0.000000000000000E+000
   31.0062876260701       0.000000000000000E+000
   31.2882365167286       0.000000000000000E+000
   31.5727492479185       0.000000000000000E+000
   31.8598491333626       0.000000000000000E+000
   32.1495596987819       0.000000000000000E+000
   32.4419046838232       0.000000000000000E+000
   32.7369080440050       0.000000000000000E+000
   33.0345939526798       0.000000000000000E+000
   33.3349868030152       0.000000000000000E+000
   33.6381112099927       0.000000000000000E+000
   33.9439920124249       0.000000000000000E+000
   34.2526542749906       0.000000000000000E+000
   34.5641232902888       0.000000000000000E+000
   34.8784245809111       0.000000000000000E+000
   35.1955839015335       0.000000000000000E+000
   35.5156272410261       0.000000000000000E+000
   35.8385808245835       0.000000000000000E+000
   36.1644711158730       0.000000000000000E+000
   36.4933248192038       0.000000000000000E+000
   36.8251688817147       0.000000000000000E+000
   37.1600304955825       0.000000000000000E+000
   37.4979371002499       0.000000000000000E+000
   37.8389163846744       0.000000000000000E+000
   38.1829962895970       0.000000000000000E+000
   38.5302050098315       0.000000000000000E+000
   38.8805709965753       0.000000000000000E+000
   39.2341229597403       0.000000000000000E+000
   39.5908898703058       0.000000000000000E+000
   39.9509009626925       0.000000000000000E+000
   40.3141857371577       0.000000000000000E+000
   40.6807739622129       0.000000000000000E+000
   41.0506956770632       0.000000000000000E+000
   41.4239811940684       0.000000000000000E+000
   41.8006611012272       0.000000000000000E+000
   42.1807662646837       0.000000000000000E+000
   42.5643278312563       0.000000000000000E+000
   42.9513772309902       0.000000000000000E+000
   43.3419461797331       0.000000000000000E+000
   43.7360666817336       0.000000000000000E+000
   44.1337710322639       0.000000000000000E+000
   44.5350918202664       0.000000000000000E+000
   44.9400619310236       0.000000000000000E+000
   45.3487145488534       0.000000000000000E+000
   45.7610831598280       0.000000000000000E+000
   46.1772015545177       0.000000000000000E+000
   46.5971038307600       0.000000000000000E+000
   47.0208243964538       0.000000000000000E+000
   47.4483979723786       0.000000000000000E+000
   47.8798595950396       0.000000000000000E+000
   48.3152446195388       0.000000000000000E+000
   48.7545887224724       0.000000000000000E+000
   49.1979279048535       0.000000000000000E+000
   49.6452984950627       0.000000000000000E+000
   50.0967371518249       0.000000000000000E+000
   50.5522808672129       0.000000000000000E+000
   51.0119669696790       0.000000000000000E+000
   51.4758331271134       0.000000000000000E+000
   51.9439173499311       0.000000000000000E+000
   52.4162579941867       0.000000000000000E+000
   52.8928937647169       0.000000000000000E+000
   53.3738637183125       0.000000000000000E+000
   53.8592072669186       0.000000000000000E+000
   54.3489641808643       0.000000000000000E+000
   54.8431745921214       0.000000000000000E+000
   55.3418789975930       0.000000000000000E+000
   55.8451182624320       0.000000000000000E+000
   56.3529336233896       0.000000000000000E+000
   56.8653666921943       0.000000000000000E+000
   57.3824594589619       0.000000000000000E+000
   57.9042542956359       0.000000000000000E+000
   58.4307939594600       0.000000000000000E+000
   58.9621215964815       0.000000000000000E+000
   59.4982807450867       0.000000000000000E+000
   60.0393153395688       0.000000000000000E+000
   60.5852697137280       0.000000000000000E+000
   61.1361886045039       0.000000000000000E+000
   61.6921171556420       0.000000000000000E+000
   62.2531009213923       0.000000000000000E+000
   62.8191858702426       0.000000000000000E+000
   63.3904183886849       0.000000000000000E+000
   63.9668452850168       0.000000000000000E+000
   64.5485137931769       0.000000000000000E+000
   65.1354715766150       0.000000000000000E+000
   65.7277667321984       0.000000000000000E+000
   66.3254477941526       0.000000000000000E+000
   66.9285637380384       0.000000000000000E+000
   67.5371639847653       0.000000000000000E+000
   68.1512984046407       0.000000000000000E+000
   68.7710173214572       0.000000000000000E+000
   69.3963715166154       0.000000000000000E+000
   70.0274122332856       0.000000000000000E+000
   70.6641911806066       0.000000000000000E+000
   71.3067605379232       0.000000000000000E+000
   71.9551729590612       0.000000000000000E+000
   72.6094815766427       0.000000000000000E+000
   73.2697400064398       0.000000000000000E+000
   73.9360023517677       0.000000000000000E+000
   74.6083232079182       0.000000000000000E+000
   75.2867576666336       0.000000000000000E+000
   75.9713613206208       0.000000000000000E+000
   76.6621902681068       0.000000000000000E+000
   77.3593011174358       0.000000000000000E+000
   78.0627509917071       0.000000000000000E+000
   78.7725975334569       0.000000000000000E+000
   79.4888989093810       0.000000000000000E+000
   80.2117138151011       0.000000000000000E+000
   80.9411014799750       0.000000000000000E+000
   81.6771216719496       0.000000000000000E+000
   82.4198347024585       0.000000000000000E+000
   83.1693014313641       0.000000000000000E+000
   83.9255832719448       0.000000000000000E+000
   84.6887421959271       0.000000000000000E+000
   85.4588407385637       0.000000000000000E+000
   86.2359420037582       0.000000000000000E+000
   87.0201096692355       0.000000000000000E+000
   87.8114079917601       0.000000000000000E+000
  20. 0.
  20. -100000.
  0. -100000.
