  1.215775037524561E-006   166.012282009183     
  1.226830421750313E-006   166.012282008236     
  1.237986335693001E-006   166.012282008687     
  1.249243693497602E-006   166.012282009137     
  1.260603417621676E-006   166.012282007725     
  1.272066438910944E-006   166.012282008640     
  1.283633696675570E-006   166.012282008158     
  1.295306138767131E-006   166.012282008608     
  1.307084721656284E-006   166.012282008125     
  1.318970410511143E-006   166.012282008108     
  1.330964179276365E-006   166.012282008556     
  1.343067010752962E-006   166.012282008539     
  1.355279896678832E-006   166.012282008055     
  1.367603837810021E-006   166.012282007571     
  1.380039844002736E-006   166.012282008483     
  1.392588934296086E-006   166.012282007533     
  1.405252136995594E-006   166.012282008445     
  1.418030489757448E-006   166.012282007494     
  1.430925039673541E-006   166.012282007940     
  1.443936843357265E-006   166.012282007919     
  1.457066967030092E-006   166.012282008364     
  1.470316486608951E-006   166.012282008343     
  1.483686487794382E-006   166.012282007855     
  1.497178066159505E-006   166.012282008299     
  1.510792327239798E-006   166.012282008277     
  1.524530386623681E-006   166.012282007788     
  1.538393370043933E-006   166.012282008231     
  1.552382413469940E-006   166.012282008207     
  1.566498663200774E-006   166.012282007717     
  1.580743275959129E-006   166.012282007227     
  1.595117418986103E-006   166.012282007668     
  1.609622270136845E-006   166.012282007642     
  1.624259017977073E-006   166.012282008082     
  1.639028861880466E-006   166.012282007590     
  1.653933012126946E-006   166.012282007563     
  1.668972690001851E-006   166.012282007536     
  1.684149127896008E-006   166.012282007973     
  1.699463569406722E-006   166.012282007479     
  1.714917269439678E-006   166.012282006985     
  1.730511494311769E-006   166.012282007887     
  1.746247521854867E-006   166.012282007391     
  1.762126641520526E-006   166.012282007826     
  1.778150154485646E-006   166.012282007795     
  1.794319373759094E-006   166.012282007298     
  1.810635624289298E-006   166.012282007266     
  1.827100243072811E-006   166.012282007233     
  1.843714579263874E-006   166.012282007665     
  1.860479994284967E-006   166.012282007631     
  1.877397861938365E-006   166.012282007131     
  1.894469568518716E-006   166.012282007096     
  1.911696512926634E-006   166.012282007060     
  1.929080106783329E-006   166.012282007489     
  1.946621774546280E-006   166.012282006986     
  1.964322953625958E-006   166.012282006948     
  1.982185094503613E-006   166.012282006910     
  2.000209660850127E-006   166.012282006870     
  2.018398129645952E-006   166.012282006365     
  2.036751991302144E-006   166.012282006324     
  2.055272749782477E-006   166.012282007214     
  2.073961922726699E-006   166.012282006706     
  2.092821041574877E-006   166.012282006663     
  2.111851651692896E-006   166.012282006619     
  2.131055312499086E-006   166.012282006575     
  2.150433597592007E-006   166.012282006529     
  2.169988094879394E-006   166.012282007414     
  2.189720406708272E-006   166.012282006902     
  2.209632149996258E-006   166.012282006854     
  2.229724956364056E-006   166.012282006339     
  2.250000472269157E-006   166.012282006289     
  2.270460359140750E-006   166.012282006239     
  2.291106293515870E-006   166.012282006187     
  2.311939967176771E-006   166.012282006135     
  2.332963087289563E-006   166.012282006081     
  2.354177376544093E-006   166.012282005561     
  2.375584573295115E-006   166.012282006437     
  2.397186431704728E-006   166.012282005682     
  2.418984721886122E-006   166.012282005858     
  2.440981230048625E-006   166.012282006032     
  2.463177758644066E-006   166.012282005972     
  2.485576126514476E-006   166.012282005912     
  2.508178169041131E-006   166.012282005850     
  2.530985738294940E-006   166.012282005787     
  2.554000703188216E-006   166.012282005490     
  2.577224949627819E-006   166.012282005425     
  2.600660380669686E-006   166.012282005358     
  2.624308916674781E-006   166.012282005524     
  2.648172495466446E-006   166.012282005455     
  2.672253072489201E-006   166.012282005152     
  2.696552620968965E-006   166.012282005313     
  2.721073132074761E-006   166.012282005008     
  2.745816615081871E-006   166.012282005166     
  2.770785097536482E-006   166.012282004858     
  2.795980625421825E-006   166.012282004549     
  2.821405263325837E-006   166.012282004703     
  2.847061094610328E-006   166.012282004624     
  2.872950221581709E-006   166.012282004543     
  2.899074765663249E-006   166.012282004693     
  2.925436867568917E-006   166.012282004609     
  2.952038687478797E-006   166.012282004058     
  2.978882405216097E-006   166.012282004203     
  3.005970220425769E-006   166.012282004347     
  3.033304352754756E-006   166.012282003791     
  3.060887042033876E-006   166.012282003699     
  3.088720548461358E-006   166.012282004071     
  3.116807152788046E-006   166.012282003976     
  3.145149156504296E-006   166.012282004112     
  3.173748882028561E-006   166.012282003314     
  3.202608672897700E-006   166.012282003446     
  3.231730893959008E-006   166.012282003111     
  3.261117931564005E-006   166.012282003472     
  3.290772193763975E-006   166.012282003366     
  3.320696110507288E-006   166.012282003025     
  3.350892133838518E-006   166.012282003147     
  3.381362738099372E-006   166.012282003035     
  3.412110420131440E-006   166.012282002688     
  3.443137699480794E-006   166.012282002339     
  3.474447118604449E-006   166.012282002453     
  3.506041243078693E-006   166.012282002332     
  3.537922661809324E-006   166.012282001976     
  3.570093987243787E-006   166.012282002317     
  3.602557855585245E-006   166.012282001957     
  3.635316927008598E-006   166.012282001827     
  3.668373885878466E-006   166.012282001928     
  3.701731440969149E-006   166.012282001793     
  3.735392325686595E-006   166.012282001423     
  3.769359298292378E-006   166.012282001516     
  3.803635142129723E-006   166.012282000909     
  3.838222665851578E-006   166.012282000997     
  3.873124703650757E-006   166.012282000617     
  3.908344115492190E-006   166.012282000700     
  3.943883787347273E-006   166.012282000780     
  3.979746631430350E-006   166.012282000857     
  4.015935586437346E-006   166.012282000233     
  4.052453617786579E-006   166.012281999839     
  4.089303717861747E-006   166.012282000140     
  4.126488906257133E-006   166.012281999973     
  4.164012230025044E-006   166.012281999570     
  4.201876763925485E-006   166.012281999629     
  4.240085610678122E-006   166.012281999453     
  4.278641901216521E-006   166.012281999273     
  4.317548794944710E-006   166.012281998857     
  4.356809479996062E-006   166.012281998671     
  4.396427173494547E-006   166.012281998714     
  4.436405121818345E-006   166.012281998521     
  4.476746600865867E-006   166.012281998324     
  4.517454916324189E-006   166.012281998123     
  4.558533403939929E-006   166.012281997686     
  4.599985429792585E-006   166.012281997479     
  4.641814390570366E-006   166.012281997267     
  4.684023713848518E-006   166.012281997284     
  4.726616858370195E-006   166.012281997298     
  4.769597314329873E-006   166.012281996958     
  4.812968603659350E-006   166.012281996498     
  4.856734280316338E-006   166.012281996266     
  4.900897930575686E-006   166.012281996030     
  4.945463173323248E-006   166.012281995907     
  4.990433660352426E-006   166.012281995545     
  5.035813076663405E-006   166.012281995296     
  5.081605140765114E-006   166.012281995276     
  5.127813604979927E-006   166.012281994901     
  5.174442255751142E-006   166.012281994755     
  5.221494913953250E-006   166.012281994370     
  5.268975435205028E-006   166.012281994098     
  5.316887710185476E-006   166.012281993937     
  5.365235664952637E-006   166.012281993654     
  5.414023261265301E-006   166.012281993599     
  5.463254496907642E-006   166.012281993073     
  5.512933406016814E-006   166.012281992658     
  5.563064059413512E-006   166.012281992471     
  5.613650564935550E-006   166.012281992278     
  5.664697067774460E-006   166.012281991730     
  5.716207750815174E-006   166.012281991525     
  5.768186834978766E-006   166.012281991082     
  5.820638579568341E-006   166.012281990982     
  5.873567282618032E-006   166.012281990527     
  5.926977281245215E-006   166.012281990182     
  5.980872952005890E-006   166.012281989947     
  6.035258711253311E-006   166.012281989589     
  6.090139015499875E-006   166.012281989342     
  6.145518361782295E-006   166.012281988622     
  6.201401288030110E-006   166.012281988477     
  6.257792373437524E-006   166.012281988209     
  6.314696238838641E-006   166.012281987701     
  6.372117547086107E-006   166.012281987302     
  6.430061003433205E-006   166.012281986896     
  6.488531355919403E-006   166.012281986482     
  6.547533395759427E-006   166.012281986178     
  6.607071957735868E-006   166.012281985633     
  6.667151920595352E-006   166.012281985196     
  6.727778207448322E-006   166.012281984868     
  6.788955786172447E-006   166.012281984299     
  6.850689669819703E-006   166.012281983955     
  6.912984917027163E-006   166.012281983602     
  6.975846632431499E-006   166.012281983007     
  7.039279967087289E-006   166.012281982521     
  7.103290118889093E-006   166.012281981909     
  7.167882332997389E-006   166.012281981637     
  7.233061902268377E-006   166.012281980891     
  7.298834167687678E-006   166.012281980600     
  7.365204518808008E-006   166.012281980184     
  7.432178394190792E-006   166.012281979642     
  7.499761281851830E-006   166.012281979089     
  7.567958719710984E-006   166.012281978410     
  7.636776296045988E-006   166.012281977721     
  7.706219649950349E-006   166.012281977255     
  7.776294471795441E-006   166.012281976661     
  7.847006503696785E-006   166.012281976056     
  7.918361539984566E-006   166.012281975673     
  7.990365427678453E-006   166.012281975046     
  8.063024066966700E-006   166.012281974408     
  8.136343411689639E-006   166.012281973874     
  8.210329469827537E-006   166.012281972979     
  8.284988303992923E-006   166.012281972422     
  8.360326031927360E-006   166.012281971735     
  8.436348827002760E-006   166.012281970920     
  8.513062918727238E-006   166.012281970325     
  8.590474593255582E-006   166.012281969716     
  8.668590193904344E-006   166.012281968862     
  8.747416121671649E-006   166.012281968111     
  8.826958835761685E-006   166.012281967346     
  8.907224854114010E-006   166.012281966683     
  8.988220753937634E-006   166.012281965773     
  9.069953172249977E-006   166.012281965198     
  9.152428806420727E-006   166.012281964259     
  9.235654414720636E-006   166.012281963538     
  9.319636816875310E-006   166.012281962685     
  9.404382894624042E-006   166.012281961816     
  9.489899592283712E-006   166.012281960816     
  9.576193917317826E-006   166.012281960031     
  9.663272940910726E-006   166.012281959115     
  9.751143798547024E-006   166.012281958181     
  9.839813690596293E-006   166.012281957172     
  9.929289882903098E-006   166.012281956436     
  1.001957970738237E-005   166.012281955451     
  1.011069056262019E-005   166.012281954505     
  1.020262991448010E-005   166.012281953425     
  1.029540529671478E-005   166.012281952500     
  1.038902431158350E-005   166.012281951382     
  1.048349463047497E-005   166.012281950361     
  1.057882399453602E-005   166.012281949320     
  1.067502021530589E-005   166.012281948085     
  1.077209117535634E-005   166.012281947120     
  1.087004482893758E-005   166.012281945843     
  1.096888920263005E-005   166.012281944778     
  1.106863239600215E-005   166.012281943575     
  1.116928258227392E-005   166.012281942466     
  1.127084800898679E-005   166.012281941160     
  1.137333699867941E-005   166.012281939948     
  1.147675794956962E-005   166.012281938713     
  1.158111933624259E-005   166.012281937454     
  1.168642971034531E-005   166.012281936113     
  1.179269770128726E-005   166.012281934806     
  1.189993201694761E-005   166.012281933473     
  1.200814144438869E-005   166.012281931999     
  1.211733485057607E-005   166.012281930557     
  1.222752118310513E-005   166.012281929264     
  1.233870947093426E-005   166.012281927769     
  1.245090882512470E-005   166.012281926246     
  1.256412843958712E-005   166.012281924696     
  1.267837759183501E-005   166.012281923234     
  1.279366564374492E-005   166.012281921627     
  1.291000204232356E-005   166.012281920106     
  1.302739632048191E-005   166.012281918323     
  1.314585809781641E-005   166.012281916801     
  1.326539708139719E-005   166.012281915073     
  1.338602306656351E-005   166.012281913372     
  1.350774593772639E-005   166.012281911638     
  1.363057566917857E-005   166.012281909813     
  1.375452232591186E-005   166.012281908014     
  1.387959606444186E-005   166.012281906238     
  1.400580713364022E-005   166.012281904254     
  1.413316587557445E-005   166.012281902467     
  1.426168272635542E-005   166.012281900470     
  1.439136821699245E-005   166.012281898378     
  1.452223297425633E-005   166.012281896423     
  1.465428772155003E-005   166.012281894372     
  1.478754327978746E-005   166.012281892225     
  1.492201056828012E-005   166.012281890155     
  1.505770060563190E-005   166.012281888045     
  1.519462451064195E-005   166.012281885894     
  1.533279350321579E-005   166.012281883585     
  1.547221890528467E-005   166.012281881176     
  1.561291214173337E-005   166.012281878957     
  1.575488474133635E-005   166.012281876520     
  1.589814833770247E-005   166.012281874096     
  1.604271467022824E-005   166.012281871627     
  1.618859558505982E-005   166.012281869111     
  1.633580303606371E-005   166.012281866549     
  1.648434908580628E-005   166.012281863997     
  1.663424590654220E-005   166.012281861396     
  1.678550578121186E-005   166.012281858571     
  1.693814110444791E-005   166.012281855986     
  1.709216438359087E-005   166.012281853118     
  1.724758823971400E-005   166.012281850255     
  1.740442540865757E-005   166.012281847280     
  1.756268874207238E-005   166.012281844426     
  1.772239120847294E-005   166.012281841341     
  1.788354589430009E-005   166.012281838375     
  1.804616600499336E-005   166.012281835235     
  1.821026486607307E-005   166.012281831979     
  1.837585592423220E-005   166.012281828838     
  1.854295274843834E-005   166.012281825577     
  1.871156903104549E-005   166.012281822139     
  1.888171858891607E-005   166.012281818755     
  1.905341536455314E-005   166.012281815190     
  1.922667342724283E-005   166.012281811734     
  1.940150697420726E-005   166.012281808125     
  1.957793033176788E-005   166.012281804448     
  1.975595795651941E-005   166.012281800761     
  1.993560443651446E-005   166.012281796975     
  2.011688449245888E-005   166.012281793059     
  2.029981297891806E-005   166.012281789099     
  2.048440488553410E-005   166.012281785095     
  2.067067533825417E-005   166.012281781016     
  2.085863960056990E-005   166.012281776801     
  2.104831307476815E-005   166.012281772596     
  2.123971130319311E-005   166.012281768254     
  2.143284996951986E-005   166.012281763859     
  2.162774490003957E-005   166.012281759411     
  2.182441206495631E-005   166.012281754792     
  2.202286757969570E-005   166.012281750204     
  2.222312770622546E-005   166.012281745470     
  2.242520885438798E-005   166.012281740677     
  2.262912758324492E-005   166.012281735736     
  2.283490060243416E-005   166.012281730732     
  2.304254477353902E-005   166.012281725634     
  2.325207711146994E-005   166.012281720471     
  2.346351478585873E-005   166.012281715210     
  2.367687512246545E-005   166.012281709850     
  2.389217560459821E-005   166.012281704390     
  2.410943387454574E-005   166.012281698828     
  2.432866773502306E-005   166.012281693161     
  2.454989515063029E-005   166.012281687417     
  2.477313424932471E-005   166.012281681536     
  2.499840332390619E-005   166.012281675515     
  2.522572083351621E-005   166.012281669470     
  2.545510540515038E-005   166.012281663253     
  2.568657583518483E-005   166.012281656919     
  2.592015109091644E-005   166.012281650496     
  2.615585031211701E-005   166.012281643981     
  2.639369281260170E-005   166.012281637315     
  2.663369808181163E-005   166.012281630524     
  2.687588578641086E-005   166.012281623547     
  2.712027577189795E-005   166.012281616499     
  2.736688806423221E-005   166.012281609348     
  2.761574287147457E-005   166.012281602034     
  2.786686058544356E-005   166.012281594582     
  2.812026178338625E-005   166.012281587108     
  2.837596722966443E-005   166.012281579376     
  2.863399787745601E-005   166.012281571499     
  2.889437487047208E-005   166.012281563475     
  2.915711954468944E-005   166.012281555388     
  2.942225343009892E-005   166.012281547062     
  2.968979825246959E-005   166.012281538639     
  2.995977593512907E-005   166.012281530057     
  3.023220860075995E-005   166.012281521285     
  3.050711857321260E-005   166.012281512379     
  3.078452837933444E-005   166.012281503305     
  3.106446075081582E-005   166.012281494062     
  3.134693862605278E-005   166.012281484674     
  3.163198515202662E-005   166.012281475081     
  3.191962368620065E-005   166.012281465338     
  3.220987779843418E-005   166.012281455412     
  3.250277127291385E-005   166.012281445299     
  3.279832811010261E-005   166.012281434998     
  3.309657252870638E-005   166.012281424532     
  3.339752896765854E-005   166.012281413811     
  3.370122208812262E-005   166.012281402978     
  3.400767677551299E-005   166.012281391854     
  3.431691814153412E-005   166.012281380668     
  3.462897152623827E-005   166.012281369125     
  3.494386250010190E-005   166.012281357425     
  3.526161686612102E-005   166.012281345506     
  3.558226066192552E-005   166.012281333393     
  3.590582016191280E-005   166.012281321052     
  3.623232187940073E-005   166.012281308510     
  3.656179256880021E-005   166.012281295732     
  3.689425922780758E-005   166.012281282714     
  3.722974909961676E-005   166.012281269453     
  3.756828967515173E-005   166.012281255913     
  3.790990869531917E-005   166.012281242178     
  3.825463415328160E-005   166.012281228142     
  3.860249429675125E-005   166.012281213858     
  3.895351763030475E-005   166.012281199350     
  3.930773291771884E-005   166.012281184555     
  3.966516918432738E-005   166.012281169527     
  4.002585571939975E-005   166.012281154159     
  4.038982207854088E-005   166.012281138532     
  4.075709808611315E-005   166.012281122641     
  4.112771383768023E-005   166.012281106453     
  4.150169970247322E-005   166.012281089961     
  4.187908632587916E-005   166.012281073160     
  4.225990463195226E-005   166.012281056059     
  4.264418582594776E-005   166.012281038681     
  4.303196139687917E-005   166.012281020948     
  4.342326312009836E-005   166.012281002882     
  4.381812305989947E-005   166.012280984522     
  4.421657357214622E-005   166.012280965788     
  4.461864730692338E-005   166.012280946733     
  4.502437721121202E-005   166.012280927350     
  4.543379653158946E-005   166.012280907574     
  4.584693881695344E-005   166.012280887427     
  4.626383792127128E-005   166.012280866962     
  4.668452800635395E-005   166.012280846098     
  4.710904354465535E-005   166.012280824843     
  4.753741932209709E-005   166.012280803219     
  4.796969044091900E-005   166.012280781175     
  4.840589232255539E-005   166.012280758748     
  4.884606071053764E-005   166.012280735900     
  4.929023167342313E-005   166.012280712638     
  4.973844160775074E-005   166.012280688941     
  5.019072724102335E-005   166.012280664858     
  5.064712563471734E-005   166.012280640294     
  5.110767418731948E-005   166.012280615284     
  5.157241063739154E-005   166.012280589821     
  5.204137306666261E-005   166.012280563894     
  5.251459990314965E-005   166.012280537511     
  5.299212992430642E-005   166.012280510619     
  5.347400226020093E-005   166.012280483237     
  5.396025639672192E-005   166.012280455357     
  5.445093217881440E-005   166.012280426969     
  5.494606981374467E-005   166.012280398093     
  5.544570987439503E-005   166.012280368631     
  5.594989330258837E-005   166.012280338691     
  5.645866141244312E-005   166.012280308174     
  5.697205589375860E-005   166.012280277101     
  5.749011881543115E-005   166.012280245444     
  5.801289262890149E-005   166.012280213225     
  5.854042017163315E-005   166.012280180415     
  5.907274467062279E-005   166.012280147020     
  5.960990974594233E-005   166.012280113000     
  6.015195941431323E-005   166.012280078356     
  6.069893809271341E-005   166.012280043092     
  6.125089060201679E-005   166.012280007196     
  6.180786217066619E-005   166.012279970613     
  6.236989843837927E-005   166.012279933373     
  6.293704545988859E-005   166.012279895450     
  6.350934970871526E-005   166.012279856860     
  6.408685808097723E-005   166.012279817517     
  6.466961789923196E-005   166.012279777481     
  6.525767691635434E-005   166.012279736724     
  6.585108331944947E-005   166.012279695203     
  6.644988573380143E-005   166.012279652918     
  6.705413322685762E-005   166.012279609885     
  6.766387531224957E-005   166.012279566046     
  6.827916195385015E-005   166.012279521428     
  6.890004356986783E-005   166.012279475974     
  6.952657103697793E-005   166.012279429727     
  7.015879569449178E-005   166.012279382583     
  7.079676934856344E-005   166.012279334600     
  7.144054427643494E-005   166.012279285747     
  7.209017323071993E-005   166.012279236008     
  7.274570944372642E-005   166.012279185321     
  7.340720663181872E-005   166.012279133743     
  7.407471899981926E-005   166.012279081213     
  7.474830124545004E-005   166.012279027728     
  7.542800856381487E-005   166.012278973255     
  7.611389665192219E-005   166.012278917804     
  7.680602171324893E-005   166.012278861329     
  7.750444046234606E-005   166.012278803818     
  7.820921012948598E-005   166.012278745250     
  7.892038846535194E-005   166.012278685629     
  7.963803374577039E-005   166.012278624920     
  8.036220477648639E-005   166.012278563095     
  8.109296089798202E-005   166.012278500132     
  8.183036199033911E-005   166.012278436027     
  8.257446847814592E-005   166.012278370764     
  8.332534133544848E-005   166.012278304299     
  8.408304209074692E-005   166.012278236610     
  8.484763283203734E-005   166.012278167690     
  8.561917621189949E-005   166.012278097507     
  8.639773545263061E-005   166.012278026060     
  8.718337435142599E-005   166.012277953288     
  8.797615728560690E-005   166.012277879196     
  8.877614921789557E-005   166.012277803737     
  8.958341570173859E-005   166.012277726930     
  9.039802288667844E-005   166.012277648684     
  9.122003752377400E-005   166.012277569022     
  9.204952697107028E-005   166.012277487903     
  9.288655919911796E-005   166.012277405309     
  9.373120279654303E-005   166.012277321209     
  9.458352697566714E-005   166.012277235571     
  9.544360157817901E-005   166.012277148356     
  9.631149708085756E-005   166.012277059558     
  9.718728460134677E-005   166.012276969125     
  9.807103590398340E-005   166.012276877048     
  9.896282340567751E-005   166.012276783304     
  9.986272018184645E-005   166.012276687825     
  1.007707999724029E-004   166.012276590622     
  1.016871371877974E-004   166.012276491626     
  1.026118069151154E-004   166.012276390826     
  1.035448849242306E-004   166.012276288174     
  1.044864476740132E-004   166.012276183664     
  1.054365723185956E-004   166.012276077238     
  1.063953367136943E-004   166.012275968862     
  1.073628194229899E-004   166.012275858528     
  1.083390997245644E-004   166.012275746147     
  1.093242576173978E-004   166.012275631741     
  1.103183738279234E-004   166.012275515227     
  1.113215298166424E-004   166.012275396581     
  1.123338077847995E-004   166.012275275784     
  1.133552906811184E-004   166.012275152774     
  1.143860622085987E-004   166.012275027510     
  1.154262068313750E-004   166.012274899971     
  1.164758097816382E-004   166.012274770100     
  1.175349570666190E-004   166.012274637832     
  1.186037354756366E-004   166.012274503172     
  1.196822325872095E-004   166.012274366040     
  1.207705367762324E-004   166.012274226411     
  1.218687372212178E-004   166.012274084216     
  1.229769239116034E-004   166.012273939444     
  1.240951876551263E-004   166.012273792016     
  1.252236200852637E-004   166.012273641899     
  1.263623136687419E-004   166.012273489034     
  1.275113617131132E-004   166.012273333377     
  1.286708583744015E-004   166.012273174883     
  1.298408986648180E-004   166.012273013492     
  1.310215784605467E-004   166.012272849142     
  1.322129945096006E-004   166.012272681792     
  1.334152444397497E-004   166.012272511386     
  1.346284267665207E-004   166.012272337866     
  1.358526409012696E-004   166.012272161182     
  1.370879871593279E-004   166.012271981275     
  1.383345667682227E-004   166.012271798068     
  1.395924818759712E-004   166.012271611509     
  1.408618355594515E-004   166.012271421569     
  1.421427318328487E-004   166.012271228143     
  1.434352756561779E-004   166.012271031173     
  1.447395729438854E-004   166.012270830613     
  1.460557305735272E-004   166.012270626396     
  1.473838563945269E-004   166.012270418440     
  1.487240592370134E-004   166.012270206688     
  1.500764489207386E-004   166.012269991063     
  1.514411362640759E-004   166.012269771499     
  1.528182330931018E-004   166.012269547922     
  1.542078522507584E-004   166.012269320261     
  1.556101076061006E-004   166.012269088439     
  1.570251140636266E-004   166.012268852393     
  1.584529875726934E-004   166.012268612025     
  1.598938451370181E-004   166.012268367266     
  1.613478048242657E-004   166.012268118037     
  1.628149857757236E-004   166.012267864264     
  1.642955082160641E-004   166.012267605841     
  1.657894934631968E-004   166.012267342702     
  1.672970639382087E-004   166.012267074760     
  1.688183431753964E-004   166.012266801910     
  1.703534558323884E-004   166.012266524077     
  1.719025277003603E-004   166.012266241172     
  1.734656857143421E-004   166.012265953108     
  1.750430579636197E-004   166.012265659770     
  1.766347737022308E-004   166.012265361068     
  1.782409633595568E-004   166.012265056923     
  1.798617585510096E-004   166.012264747219     
  1.814972920888173E-004   166.012264431846     
  1.831476979929071E-004   166.012264110720     
  1.848131115018867E-004   166.012263783725     
  1.864936690841269E-004   166.012263450752     
  1.881895084489433E-004   166.012263111703     
  1.899007685578814E-004   166.012262766456     
  1.916275896361030E-004   166.012262414896     
  1.933701131838766E-004   166.012262056923     
  1.951284819881726E-004   166.012261692401     
  1.969028401343633E-004   166.012261321220     
  1.986933330180300E-004   166.012260943268     
  2.005001073568766E-004   166.012260558401     
  2.023233112027527E-004   166.012260166507     
  2.041630939537847E-004   166.012259767444     
  2.060196063666181E-004   166.012259361100     
  2.078930005687714E-004   166.012258947333     
  2.097834300711011E-004   166.012258526002     
  2.116910497803809E-004   166.012258096973     
  2.136160160119957E-004   166.012257660110     
  2.155584865027499E-004   166.012257215261     
  2.175186204237932E-004   166.012256762287     
  2.194965783936631E-004   166.012256301039     
  2.214925224914468E-004   166.012255831363     
  2.235066162700622E-004   166.012255353096     
  2.255390247696596E-004   166.012254866099     
  2.275899145311462E-004   166.012254370206     
  2.296594536098321E-004   166.012253865253     
  2.317478115892019E-004   166.012253351074     
  2.338551595948103E-004   166.012252827496     
  2.359816703083049E-004   166.012252294354     
  2.381275179815760E-004   166.012251751476     
  2.402928784510353E-004   166.012251198672     
  2.424779291520245E-004   166.012250635779     
  2.446828491333547E-004   166.012250062596     
  2.469078190719783E-004   166.012249478944     
  2.491530212877937E-004   166.012248884625     
  2.514186397585858E-004   166.012248279449     
  2.537048601351011E-004   166.012247663219     
  2.560118697562602E-004   166.012247035723     
  2.583398576645096E-004   166.012246396766     
  2.606890146213119E-004   166.012245746137     
  2.630595331227770E-004   166.012245083611     
  2.654516074154362E-004   166.012244408994     
  2.678654335121592E-004   166.012243722052     
  2.703012092082159E-004   166.012243022550     
  2.727591340974838E-004   166.012242310274     
  2.752394095888041E-004   166.012241584987     
  2.777422389224850E-004   166.012240846435     
  2.802678271869560E-004   166.012240094404     
  2.828163813355733E-004   166.012239328630     
  2.853881102035782E-004   166.012238548863     
  2.879832245252096E-004   166.012237754844     
  2.906019369509720E-004   166.012236946328     
  2.932444620650607E-004   166.012236123033     
  2.959110164029456E-004   166.012235284700     
  2.986018184691143E-004   166.012234431053     
  3.013170887549774E-004   166.012233561807     
  3.040570497569354E-004   166.012232676680     
  3.068219259946117E-004   166.012231775380     
  3.096119440292494E-004   166.012230857610     
  3.124273324822766E-004   166.012229923076     
  3.152683220540408E-004   166.012228971470     
  3.181351455427121E-004   166.012228002475     
  3.210280378633601E-004   166.012227015776     
  3.239472360672031E-004   166.012226011048     
  3.268929793610327E-004   166.012224987965     
  3.298655091268153E-004   166.012223946190     
  3.328650689414711E-004   166.012222885382     
  3.358919045968340E-004   166.012221805189     
  3.389462641197920E-004   166.012220705268     
  3.420283977926113E-004   166.012219585243     
  3.451385581734453E-004   166.012218444758     
  3.482770001170293E-004   166.012217283437     
  3.514439807955649E-004   166.012216100894     
  3.546397597197925E-004   166.012214896748     
  3.578645987602564E-004   166.012213670604     
  3.611187621687640E-004   166.012212422054     
  3.644025166000382E-004   166.012211150693     
  3.677161311335683E-004   166.012209856105     
  3.710598772956593E-004   166.012208537864     
  3.744340290816809E-004   166.012207195538     
  3.778388629785201E-004   166.012205828687     
  3.812746579872366E-004   166.012204436860     
  3.847416956459252E-004   166.012203019608     
  3.882402600527859E-004   166.012201576461     
  3.917706378894034E-004   166.012200106944     
  3.953331184442387E-004   166.012198610580     
  3.989279936363341E-004   166.012197086874     
  4.025555580392338E-004   166.012195535330     
  4.062161089051221E-004   166.012193955439     
  4.099099461891809E-004   166.012192346682     
  4.136373725741689E-004   166.012190708534     
  4.173986934952244E-004   166.012189040453     
  4.211942171648931E-004   166.012187341897     
  4.250242545983840E-004   166.012185612307     
  4.288891196390549E-004   166.012183851118     
  4.327891289841297E-004   166.012182057745     
  4.367246022106489E-004   166.012180231608     
  4.406958618016569E-004   166.012178372111     
  4.447032331726273E-004   166.012176478633     
  4.487470446981279E-004   166.012174550562     
  4.528276277387288E-004   166.012172587261     
  4.569453166681551E-004   166.012170588094     
  4.611004489006858E-004   166.012168552396     
  4.652933649188031E-004   166.012166479510     
  4.695244083010922E-004   166.012164368744     
  4.737939257503948E-004   166.012162219417     
  4.781022671222190E-004   166.012160030816     
  4.824497854534075E-004   166.012157802228     
  4.868368369910662E-004   166.012155532925     
  4.912637812217563E-004   166.012153222155     
  4.957309809009507E-004   166.012150869166     
  5.002388020827607E-004   166.012148473189     
  5.047876141499301E-004   166.012146033433     
  5.093777898441038E-004   166.012143549097     
  5.140097052963713E-004   166.012141019375     
  5.186837400580879E-004   166.012138443431     
  5.234002771319760E-004   166.012135820419     
  5.281597030035097E-004   166.012133149484     
  5.329624076725841E-004   166.012130429747     
  5.378087846854723E-004   166.012127660316     
  5.426992311670754E-004   166.012124840285     
  5.476341478534621E-004   166.012121968731     
  5.526139391247072E-004   166.012119044710     
  5.576390130380271E-004   166.012116067266     
  5.627097813612172E-004   166.012113035416     
  5.678266596063931E-004   166.012109948169     
  5.729900670640391E-004   166.012106804518     
  5.782004268373657E-004   166.012103603431     
  5.834581658769797E-004   166.012100343850     
  5.887637150158699E-004   166.012097024714     
  5.941175090047109E-004   166.012093644932     
  5.995199865474868E-004   166.012090203399     
  6.049715903374407E-004   166.012086698985     
  6.104727670933500E-004   166.012083130541     
  6.160239675961312E-004   166.012079496892     
  6.216256467257786E-004   166.012075796856     
  6.272782634986383E-004   166.012072029213     
  6.329822811050205E-004   166.012068192730     
  6.387381669471559E-004   166.012064286149     
  6.445463926774944E-004   166.012060308187     
  6.504074342373549E-004   166.012056257545     
  6.563217718959240E-004   166.012052132889     
  6.622898902896112E-004   166.012047932870     
  6.683122784617611E-004   166.012043656111     
  6.743894299027270E-004   166.012039301209     
  6.805218425903086E-004   166.012034866735     
  6.867100190305580E-004   166.012030351235     
  6.929544662989560E-004   166.012025753229     
  6.992556960819628E-004   166.012021071213     
  7.056142247189482E-004   166.012016303645     
  7.120305732445008E-004   166.012011448968     
  7.185052674311232E-004   166.012006505587     
  7.250388378323147E-004   166.012001471881     
  7.316318198260474E-004   166.011996346200     
  7.382847536586357E-004   166.011991126863     
  7.449981844890053E-004   166.011985812160     
  7.517726624333656E-004   166.011980400347     
  7.586087426102871E-004   166.011974889651     
  7.655069851861897E-004   166.011969278264     
  7.724679554212442E-004   166.011963564346     
  7.794922237156906E-004   166.011957746023     
  7.865803656565791E-004   166.011951821389     
  7.937329620649345E-004   166.011945788496     
  8.009505990433503E-004   166.011939645374     
  8.082338680240165E-004   166.011933390002     
  8.155833658171812E-004   166.011927020335     
  8.229996946600566E-004   166.011920534281     
  8.304834622661668E-004   166.011913929709     
  8.380352818751463E-004   166.011907204459     
  8.456557723029893E-004   166.011900356323     
  8.533455579927584E-004   166.011893383058     
  8.611052690657523E-004   166.011886282375     
  8.689355413731400E-004   166.011879051948     
  8.768370165480636E-004   166.011871689401     
  8.848103420582162E-004   166.011864192327     
  8.928561712588962E-004   166.011856558264     
  9.009751634465457E-004   166.011848784707     
  9.091679839127747E-004   166.011840869108     
  9.174353039988768E-004   166.011832808872     
  9.257778011508408E-004   166.011824601356     
  9.341961589748620E-004   166.011816243870     
  9.426910672933596E-004   166.011807733670     
  9.512632222015017E-004   166.011799067967     
  9.599133261242453E-004   166.011790243919     
  9.686420878738951E-004   166.011781258634     
  9.774502227081854E-004   166.011772109164     
  9.863384523888907E-004   166.011762792508     
  9.953075052409673E-004   166.011753305613     
  1.004358116212235E-003   166.011743645366     
  1.013491026933603E-003   166.011733808599     
  1.022706985779836E-003   166.011723792088     
  1.032006747930882E-003   166.011713592547     
  1.041391075433752E-003   166.011703206630     
  1.050860737264966E-003   166.011692630935     
  1.060416509393564E-003   166.011681861990     
  1.070059174844687E-003   166.011670896264     
  1.079789523763749E-003   166.011659730162     
  1.089608353481175E-003   166.011648360022     
  1.099516468577740E-003   166.011636782114     
  1.109514680950499E-003   166.011624992643     
  1.119603809879314E-003   166.011612987742     
  1.129784682093992E-003   166.011600763474     
  1.140058131842022E-003   166.011588315830     
  1.150425000956944E-003   166.011575640726     
  1.160886138927326E-003   166.011562734005     
  1.171442402966373E-003   166.011549591440     
  1.182094658082173E-003   166.011536208715     
  1.192843777148572E-003   166.011522581443     
  1.203690640976707E-003   166.011508705154     
  1.214636138387178E-003   166.011494575297     
  1.225681166282878E-003   166.011480187240     
  1.236826629722492E-003   166.011465536262     
  1.248073441994658E-003   166.011450617559     
  1.259422524692804E-003   166.011435426238     
  1.270874807790667E-003   166.011419957316     
  1.282431229718495E-003   166.011404205720     
  1.294092737439948E-003   166.011388166286     
  1.305860286529691E-003   166.011371833751     
  1.317734841251699E-003   166.011355202758     
  1.329717374638271E-003   166.011338267854     
  1.341808868569760E-003   166.011321023483     
  1.354010313855036E-003   166.011303463991     
  1.366322710312672E-003   166.011285583618     
  1.378747066852870E-003   166.011267376499     
  1.391284401560139E-003   166.011248836663     
  1.403935741776714E-003   166.011229958027     
  1.416702124186745E-003   166.011210734404     
  1.429584594901240E-003   166.011191159485     
  1.442584209543789E-003   166.011171226848     
  1.455702033337064E-003   166.011150929959     
  1.468939141190107E-003   166.011130262158     
  1.482296617786410E-003   166.011109216667     
  1.495775557672796E-003   166.011087786585     
  1.509377065349111E-003   166.011065964878     
  1.523102255358726E-003   166.011043744393     
  1.536952252379874E-003   166.011021117839     
  1.550928191317798E-003   166.010998077794     
  1.565031217397754E-003   166.010974616702     
  1.579262486258857E-003   166.010950726866     
  1.593623164048769E-003   166.010926400452     
  1.608114427519263E-003   166.010901629479     
  1.622737464122647E-003   166.010876405820     
  1.637493472109064E-003   166.010850721204     
  1.652383660624685E-003   166.010824567205     
  1.667409249810786E-003   166.010797935241     
  1.682571470903732E-003   166.010770816580     
  1.697871566335864E-003   166.010743202324     
  1.713310789837312E-003   166.010715083414     
  1.728890406538725E-003   166.010686450627     
  1.744611693074942E-003   166.010657294571     
  1.760475937689599E-003   166.010627605681     
  1.776484440340697E-003   166.010597374217     
  1.792638512807117E-003   166.010566590263     
  1.808939478796118E-003   166.010535243718     
  1.825388674051798E-003   166.010503324303     
  1.841987446464553E-003   166.010470821542     
  1.858737156181526E-003   166.010437724774     
  1.875639175718059E-003   166.010404023144     
  1.892694890070162E-003   166.010369705593     
  1.909905696828005E-003   166.010334760862     
  1.927273006290435E-003   166.010299177490     
  1.944798241580546E-003   166.010262943800     
  1.962482838762289E-003   166.010226047907     
  1.980328246958149E-003   166.010188477706     
  1.998335928467888E-003   166.010150220870     
  2.016507358888371E-003   166.010111264849     
  2.034844027234481E-003   166.010071596862     
  2.053347436061133E-003   166.010031203894     
  2.072019101586393E-003   166.009990072695     
  2.090860553815727E-003   166.009948189767     
  2.109873336667370E-003   166.009905541370     
  2.129059008098839E-003   166.009862113512     
  2.148419140234597E-003   166.009817891944     
  2.167955319494877E-003   166.009772862157     
  2.187669146725678E-003   166.009727009376     
  2.207562237329941E-003   166.009680318557     
  2.227636221399918E-003   166.009632774380     
  2.247892743850751E-003   166.009584361246     
  2.268333464555258E-003   166.009535063269     
  2.288960058479945E-003   166.009484864275     
  2.309774215822261E-003   166.009433747791     
  2.330777642149095E-003   166.009381697046     
  2.351972058536535E-003   166.009328694959     
  2.373359201710899E-003   166.009274724141     
  2.394940824191044E-003   166.009219766880     
  2.416718694431974E-003   166.009163805145     
  2.438694596969753E-003   166.009106820571     
  2.460870332567731E-003   166.009048794460     
  2.483247718364107E-003   166.008989707771     
  2.505828588020829E-003   166.008929541114     
  2.528614791873847E-003   166.008868274746     
  2.551608197084736E-003   166.008805888563     
  2.574810687793698E-003   166.008742362092     
  2.598224165273950E-003   166.008677674485     
  2.621850548087519E-003   166.008611804515     
  2.645691772242462E-003   166.008544730566     
  2.669749791351496E-003   166.008476430626     
  2.694026576792089E-003   166.008406882281     
  2.718524117868000E-003   166.008336062707     
  2.743244421972284E-003   166.008263948661     
  2.768189514751789E-003   166.008190516478     
  2.793361440273135E-003   166.008115742058     
  2.818762261190217E-003   166.008039600861     
  2.844394058913222E-003   166.007962067896     
  2.870258933779184E-003   166.007883117720     
  2.896359005224093E-003   166.007802724421     
  2.922696411956564E-003   166.007720861611     
  2.949273312133095E-003   166.007637502424     
  2.976091883534903E-003   166.007552619501     
  3.003154323746385E-003   166.007466184980     
  3.030462850335191E-003   166.007378170494     
  3.058019701033935E-003   166.007288547152     
  3.085827133923564E-003   166.007197285540     
  3.113887427618390E-003   166.007104355702     
  3.142202881452805E-003   166.007009727134     
  3.170775815669696E-003   166.006913368776     
  3.199608571610569E-003   166.006815249000     
  3.228703511907409E-003   166.006715335598     
  3.258063020676277E-003   166.006613595773     
  3.287689503712670E-003   166.006509996129     
  3.317585388688662E-003   166.006404502659     
  3.347753125351831E-003   166.006297080733     
  3.378195185725997E-003   166.006187695087     
  3.408914064313792E-003   166.006076309815     
  3.439912278301056E-003   166.005962888351     
  3.471192367763110E-003   166.005847393462     
  3.502756895872896E-003   166.005729787230     
  3.534608449111006E-003   166.005610031050     
  3.566749637477627E-003   166.005488085605     
  3.599183094706413E-003   166.005363910863     
  3.631911478480297E-003   166.005237466055     
  3.664937470649270E-003   166.005108709669     
  3.698263777450142E-003   166.004977599434     
  3.731893129728291E-003   166.004844092306     
  3.765828283161444E-003   166.004708144449     
  3.800072018485474E-003   166.004569711231     
  3.834627141722275E-003   166.004428747200     
  3.869496484409682E-003   166.004285206072     
  3.904682903833499E-003   166.004139040719     
  3.940189283261637E-003   166.003990203149     
  3.976018532180371E-003   166.003838644489     
  4.012173586532749E-003   166.003684314979     
  4.048657408959181E-003   166.003527163941     
  4.085472989040193E-003   166.003367139775     
  4.122623343541415E-003   166.003204189934     
  4.160111516660766E-003   166.003038260909     
  4.197940580277918E-003   166.002869298215     
  4.236113634206008E-003   166.002697246368     
  4.274633806445644E-003   166.002522048870     
  4.313504253441223E-003   166.002343648185     
  4.352728160339579E-003   166.002161985730     
  4.392308741250983E-003   166.001977001847     
  4.432249239512513E-003   166.001788635786     
  4.472552927953821E-003   166.001596825686     
  4.513223109165322E-003   166.001401508553     
  4.554263115768812E-003   166.001202620243     
  4.595676310690557E-003   166.001000095435     
  4.637466087436854E-003   166.000793867614     
  4.679635870372108E-003   166.000583869048     
  4.722189114999433E-003   166.000370030764     
  4.765129308243801E-003   166.000152282529     
  4.808459968737778E-003   165.999930552822     
  4.852184647109842E-003   165.999704768816     
  4.896306926275335E-003   165.999474856348     
  4.940830421730054E-003   165.999240739900     
  4.985758781846518E-003   165.999002342571     
  5.031095688172923E-003   165.998759586052     
  5.076844855734817E-003   165.998512390601     
  5.123010033339516E-003   165.998260675019     
  5.169595003883303E-003   165.998004356616     
  5.216603584661395E-003   165.997743351192     
  5.264039627680746E-003   165.997477573005     
  5.311907019975697E-003   165.997206934743     
  5.360209683926482E-003   165.996931347496     
  5.408951577580644E-003   165.996650720727     
  5.458136694977360E-003   165.996364962242     
  5.507769066474735E-003   165.996073978158     
  5.557852759080046E-003   165.995777672874     
  5.608391876783017E-003   165.995475949040     
  5.659390560892100E-003   165.995168707523     
  5.710852990373834E-003   165.994855847376     
  5.762783382195268E-003   165.994537265802     
  5.815185991669524E-003   165.994212858124     
  5.868065112804482E-003   165.993882517749     
  5.921425078654642E-003   165.993546136131     
  5.975270261676185E-003   165.993203602738     
  6.029605074085267E-003   165.992854805013     
  6.084433968219566E-003   165.992499628341     
  6.139761436903121E-003   165.992137956005     
  6.195592013814475E-003   165.991769669155     
  6.251930273858195E-003   165.991394646761     
  6.308780833539735E-003   165.991012765580     
  6.366148351343730E-003   165.990623900111     
  6.424037528115731E-003   165.990227922556     
  6.482453107447394E-003   165.989824702777     
  6.541399876065192E-003   165.989414108251     
  6.600882664222641E-003   165.988996004032     
  6.660906346096118E-003   165.988570252701     
  6.721475840184253E-003   165.988136714322     
  6.782596109710964E-003   165.987695246398     
  6.844272163032162E-003   165.987245703822     
  6.906509054046150E-003   165.986787938830     
  6.969311882607742E-003   165.986321800952     
  7.032685794946169E-003   165.985847136963     
  7.096635984086773E-003   165.985363790831     
  7.161167690276533E-003   165.984871603668     
  7.226286201413467E-003   165.984370413674     
  7.291996853479941E-003   165.983860056088     
  7.358305030979899E-003   165.983340363132     
  7.425216167380103E-003   165.982811163952     
  7.492735745555352E-003   165.982272284568     
  7.560869298237766E-003   165.981723547813     
  7.629622408470155E-003   165.981164773274     
  7.699000710063507E-003   165.980595777235     
  7.769009888058637E-003   165.980016372614     
  7.839655679192033E-003   165.979426368904     
  7.910943872365945E-003   165.978825572106     
  7.982880309122732E-003   165.978213784671     
  8.055470884123546E-003   165.977590805428     
  8.128721545631349E-003   165.976956429524     
  8.202638295998326E-003   165.976310448352     
  8.277227192157744E-003   165.975652649485     
  8.352494346120265E-003   165.974982816603     
  8.428445925474778E-003   165.974300729426     
  8.505088153893798E-003   165.973606163635     
  8.582427311643442E-003   165.972898890806     
  8.660469736098049E-003   165.972178678328     
  8.739221822259492E-003   165.971445289328     
  8.818690023281185E-003   165.970698482597     
  8.898880850996885E-003   165.969938012502     
  8.979800876454287E-003   165.969163628916     
  9.061456730453466E-003   165.968375077123     
  9.143855104090224E-003   165.967572097746     
  9.227002749304384E-003   165.966754426653     
  9.310906479433053E-003   165.965921794872     
  9.395573169768927E-003   165.965073928506     
  9.481009758123675E-003   165.964210548637     
  9.567223245396437E-003   165.963331371238     
  9.654220696147495E-003   165.962436107078     
  9.742009239177164E-003   165.961524461625     
  9.830596068109944E-003   165.960596134951     
  9.919988441983987E-003   165.959650821634     
  1.001019368584592E-002   165.958688210652     
  1.010121919135108E-002   165.957707985288     
  1.019307241736920E-002   165.956709823019     
  1.028576089059561E-002   165.955693395411     
  1.037929220616801E-002   165.954658368014     
  1.047367402828880E-002   165.953604400248     
  1.056891409085315E-002   165.952531145292     
  1.066502019808271E-002   165.951438249969     
  1.076200022516509E-002   165.950325354630     
  1.085986211889921E-002   165.949192093035     
  1.095861389834648E-002   165.948038092233     
  1.105826365548788E-002   165.946862972436     
  1.115881955588703E-002   165.945666346899     
  1.126028983935933E-002   165.944447821786     
  1.136268282064715E-002   165.943206996045     
  1.146600689010114E-002   165.941943461272     
  1.157027051436776E-002   165.940656801580     
  1.167548223708306E-002   165.939346593457     
  1.178165067957281E-002   165.938012405633     
  1.188878454155889E-002   165.936653798929     
  1.199689260187220E-002   165.935270326118     
  1.210598371917202E-002   165.933861531778     
  1.221606683267191E-002   165.932426952137     
  1.232715096287221E-002   165.930966114922     
  1.243924521229922E-002   165.929478539206     
  1.255235876625104E-002   165.927963735245     
  1.266650089355031E-002   165.926421204318     
  1.278168094730364E-002   165.924850438564     
  1.289790836566809E-002   165.923250920811     
  1.301519267262452E-002   165.921622124407     
  1.313354347875806E-002   165.919963513048     
  1.325297048204555E-002   165.918274540597     
  1.337348346865028E-002   165.916554650907     
  1.349509231372389E-002   165.914803277637     
  1.361780698221551E-002   165.913019844061     
  1.374163752968839E-002   165.911203762885     
  1.386659410314382E-002   165.909354436047     
  1.399268694185265E-002   165.907471254520     
  1.411992637819428E-002   165.905553598115     
  1.424832283850335E-002   165.903600835272     
  1.437788684392407E-002   165.901612322854     
  1.450862901127241E-002   165.899587405935     
  1.464056005390601E-002   165.897525417581     
  1.477369078260208E-002   165.895425678631     
  1.490803210644327E-002   165.893287497475     
  1.504359503371159E-002   165.891110169824     
  1.518039067279045E-002   165.888892978476     
  1.531843023307492E-002   165.886635193082     
  1.545772502589024E-002   165.884336069905     
  1.559828646541872E-002   165.881994851570     
  1.574012606963504E-002   165.879610766820     
  1.588325546125004E-002   165.877183030258     
  1.602768636866317E-002   165.874710842087     
  1.617343062692348E-002   165.872193387850     
  1.632050017869948E-002   165.869629838158     
  1.646890707525771E-002   165.867019348415     
  1.661866347745026E-002   165.864361058543     
  1.676978165671126E-002   165.861654092698     
  1.692227399606246E-002   165.858897558976     
  1.707615299112791E-002   165.856090549125     
  1.723143125115785E-002   165.853232138241     
  1.738812150006201E-002   165.850321384465     
  1.754623657745219E-002   165.847357328672     
  1.770578943969441E-002   165.844338994152     
  1.786679316097054E-002   165.841265386293     
  1.802926093434970E-002   165.838135492248     
  1.819320607286926E-002   165.834948280603     
  1.835864201062579E-002   165.831702701038     
  1.852558230387590E-002   165.828397683977     
  1.869404063214701E-002   165.825032140240     
  1.886403079935839E-002   165.821604960680     
  1.903556673495216E-002   165.818115015818     
  1.920866249503483E-002   165.814561155473     
  1.938333226352900E-002   165.810942208380     
  1.955959035333569E-002   165.807256981805     
  1.973745120750714E-002   165.803504261153     
  1.991692940043033E-002   165.799682809564     
  2.009803963902124E-002   165.795791367512     
  2.028079676392996E-002   165.791828652382     
  2.046521575075680E-002   165.787793358053     
  2.065131171127940E-002   165.783684154466     
  2.083909989469105E-002   165.779499687186     
  2.102859568885025E-002   165.775238576955     
  2.121981462154160E-002   165.770899419240     
  2.141277236174824E-002   165.766480783767     
  2.160748472093576E-002   165.761981214053     
  2.180396765434785E-002   165.757399226927     
  2.200223726231372E-002   165.752733312037     
  2.220230979156742E-002   165.747981931361     
  2.240420163657908E-002   165.743143518691     
  2.260792934089840E-002   165.738216479127     
  2.281350959851020E-002   165.733199188547     
  2.302095925520240E-002   165.728089993072     
  2.323029530994642E-002   165.722887208527     
  2.344153491629009E-002   165.717589119883     
  2.365469538376328E-002   165.712193980694     
  2.386979417929630E-002   165.706700012524     
  2.408684892865113E-002   165.701105404362     
  2.430587741786577E-002   165.695408312028     
  2.452689759471170E-002   165.689606857565     
  2.474992757016449E-002   165.683699128623     
  2.497498561988792E-002   165.677683177832     
  2.520209018573152E-002   165.671557022163     
  2.543125987724174E-002   165.665318642276     
  2.566251347318686E-002   165.658965981856     
  2.589586992309579E-002   165.652496946942     
  2.613134834881083E-002   165.645909405238     
  2.636896804605457E-002   165.639201185413     
  2.660874848601103E-002   165.632370076390     
  2.685070931692118E-002   165.625413826625     
  2.709487036569296E-002   165.618330143362     
  2.734125163952598E-002   165.611116691887     
  2.758987332755092E-002   165.603771094765     
  2.784075580248391E-002   165.596290931055     
  2.809391962229592E-002   165.588673735525     
  2.834938553189732E-002   165.580916997841     
  2.860717446483778E-002   165.573018161749     
  2.886730754502164E-002   165.564974624235     
  2.912980608843883E-002   165.556783734679     
  2.939469160491156E-002   165.548442793987     
  2.966198579985693E-002   165.539949053707     
  2.993171057606546E-002   165.531299715137     
  3.020388803549592E-002   165.522491928407     
  3.047854048108643E-002   165.513522791552     
  3.075569041858196E-002   165.504389349562     
  3.103536055837857E-002   165.495088593426     
  3.131757381738431E-002   165.485617459143     
  3.160235332089715E-002   165.475972826729     
  3.188972240449987E-002   165.466151519203     
  3.217970461597228E-002   165.456150301546     
  3.247232371722078E-002   165.445965879658     
  3.276760368622544E-002   165.435594899279     
  3.306556871900485E-002   165.425033944905     
  3.336624323159882E-002   165.414279538676     
  3.366965186206906E-002   165.403328139245     
  3.397581947251811E-002   165.392176140636     
  3.428477115112658E-002   165.380819871067     
  3.459653221420897E-002   165.369255591764     
  3.491112820828816E-002   165.357479495750     
  3.522858491218871E-002   165.345487706612     
  3.554892833914933E-002   165.333276277246     
  3.587218473895438E-002   165.320841188585     
  3.619838060008489E-002   165.308178348293     
  3.652754265188913E-002   165.295283589452     
  3.685969786677282E-002   165.282152669212     
  3.719487346240934E-002   165.268781267422     
  3.753309690397007E-002   165.255164985244     
  3.787439590637486E-002   165.241299343730     
  3.821879843656317E-002   165.227179782385     
  3.856633271578565E-002   165.212801657697     
  3.891702722191677E-002   165.198160241650     
  3.927091069178827E-002   165.183250720202     
  3.962801212354403E-002   165.168068191741     
  3.998836077901616E-002   165.152607665516     
  4.035198618612285E-002   165.136864060040     
  4.071891814128797E-002   165.120832201458     
  4.108918671188264E-002   165.104506821900     
  4.146282223868903E-002   165.087882557795     
  4.183985533838658E-002   165.070953948159     
  4.222031690606078E-002   165.053715432856     
  4.260423811773486E-002   165.036161350827     
  4.299165043292436E-002   165.018285938285     
  4.338258559721508E-002   165.000083326890     
  4.377707564486430E-002   164.981547541882     
  4.417515290142586E-002   164.962672500184     
  4.457684998639892E-002   164.943452008478     
  4.498219981590090E-002   164.923879761245     
  4.539123560536480E-002   164.903949338769     
  4.580399087226081E-002   164.883654205116     
  4.622049943884295E-002   164.862987706066     
  4.664079543492047E-002   164.841943067022     
  4.706491330065461E-002   164.820513390877     
  4.749288778938066E-002   164.798691655851     
  4.792475397045575E-002   164.776470713282     
  4.836054723213253E-002   164.753843285391     
  4.880030328445900E-002   164.730801963007     
  4.924405816220466E-002   164.707339203246     
  4.969184822781329E-002   164.683447327164     
  5.014371017438263E-002   164.659118517361     
  5.059968102867101E-002   164.634344815554     
  5.105979815413154E-002   164.609118120103     
  5.152409925397369E-002   164.583430183500     
  5.199262237425282E-002   164.557272609819     
  5.246540590698776E-002   164.530636852116     
  5.294248859330676E-002   164.503514209802     
  5.342390952662206E-002   164.475895825955     
  5.390970815583328E-002   164.447772684605     
  5.439992428855994E-002   164.419135607964     
  5.489459809440350E-002   164.389975253619     
  5.539377010823885E-002   164.360282111677     
  5.589748123353592E-002   164.330046501862     
  5.640577274571136E-002   164.299258570573     
  5.691868629551083E-002   164.267908287891     
  5.743626391242191E-002   164.235985444536     
  5.795854800811812E-002   164.203479648786     
  5.848558137993426E-002   164.170380323336     
  5.901740721437332E-002   164.136676702119     
  5.955406909064532E-002   164.102357827072     
  6.009561098423826E-002   164.067412544852     
  6.064207727052165E-002   164.031829503506     
  6.119351272838270E-002   163.995597149086     
  6.174996254389560E-002   163.958703722215     
  6.231147231402426E-002   163.921137254603     
  6.287808805035859E-002   163.882885565504     
  6.344985618288480E-002   163.843936258130     
  6.402682356379004E-002   163.804276716005     
  6.460903747130158E-002   163.763894099266     
  6.519654561356085E-002   163.722775340911     
  6.578939613253292E-002   163.680907142996     
  6.638763760795117E-002   163.638275972770     
  6.699131906129822E-002   163.594868058760     
  6.760048995982283E-002   163.550669386800     
  6.821520022059331E-002   163.505665695999     
  6.883550021458792E-002   163.459842474656     
  6.946144077082241E-002   163.413184956124     
  7.009307318051504E-002   163.365678114604     
  7.073044920128954E-002   163.317306660890     
  7.137362106141627E-002   163.268055038058     
  7.202264146409193E-002   163.217907417090     
  7.267756359175821E-002   163.166847692443     
  7.333844111045970E-002   163.114859477562     
  7.400532817424141E-002   163.061926100335     
  7.467827942958628E-002   163.008030598476     
  7.535735001989317E-002   162.953155714873     
  7.604259558999528E-002   162.897283892853     
  7.673407229071995E-002   162.840397271404     
  7.743183678348979E-002   162.782477680330     
  7.813594624496566E-002   162.723506635350     
  7.884645837173186E-002   162.663465333140     
  7.956343138502395E-002   162.602334646309     
  8.028692403549956E-002   162.540095118327     
  8.101699560805256E-002   162.476726958383     
  8.175370592667104E-002   162.412210036196     
  8.249711535933942E-002   162.346523876757     
  8.324728482298518E-002   162.279647655028     
  8.400427578847056E-002   162.211560190564     
  8.476815028562962E-002   162.142239942103     
  8.553897090835115E-002   162.071665002076     
  8.631680081970773E-002   161.999813091080     
  8.710170375713155E-002   161.926661552286     
  8.789374403763722E-002   161.852187345800     
  8.869298656309202E-002   161.776367042965     
  8.949949682553411E-002   161.699176820615     
  9.031334091253920E-002   161.620592455278     
  9.113458551263597E-002   161.540589317327     
  9.196329792077054E-002   161.459142365087     
  9.279954604382096E-002   161.376226138890     
  9.364339840616155E-002   161.291814755087     
  9.449492415527810E-002   161.205881900012     
  9.535419306743394E-002   161.118400823914     
  9.622127555338748E-002   161.029344334834     
  9.709624266416203E-002   160.938684792456     
  9.797916609686783E-002   160.846394101908     
  9.887011820057706E-002   160.752443707546     
  9.976917198225239E-002   160.656804586687     
  0.100676401112729        160.559447243325     
  0.101591879932753        160.460341701815     
  0.102515683459070        160.359457500532     
  0.103447887390574        160.256763685511     
  0.104388568114513        160.152228804066     
  0.105337802712743        160.045820898397     
  0.106295668968047        159.937507499177     
  0.107262245370510        159.827255619146     
  0.108237611123949        159.715031746684     
  0.109221846152404        159.600801839394     
  0.110215031106686        159.484531317687     
  0.111217247370987        159.366185058375     
  0.112228577069547        159.245727388275     
  0.113249103073387        159.123122077836     
  0.114278909007096        158.998332334782     
  0.115318079255685        158.871320797793     
  0.116366698971503        158.742049530214     
  0.117424854081211        158.610480013803     
  0.118492631292828        158.476573142533     
  0.119570118102830        158.340289216438     
  0.120657402803326        158.201587935529     
  0.121754574489289        158.060428393769     
  0.122861723065856        157.916769073124     
  0.123978939255701        157.770567837703     
  0.125106314606459        157.621781927978     
  0.126243941498239        157.470367955116     
  0.127391913151184        157.316281895404     
  0.128550323633116        157.159479084805     
  0.129719267867243        156.999914213634     
  0.130898841639933        156.837541321370     
  0.132089141608570        156.672313791620     
  0.133290265309470        156.504184347239     
  0.134502311165872        156.333105045614     
  0.135725378496007        156.159027274144     
  0.136959567521235        155.981901745897     
  0.138204979374256        155.801678495481     
  0.139461716107398        155.618306875140     
  0.140729880700981        155.431735551069     
  0.142009577071751        155.241912499990     
  0.143300910081402        155.048785005986     
  0.144603985545162        154.852299657604     
  0.145918910240467        154.652402345263     
  0.147245791915712        154.449038258969     
  0.148584739299077        154.242151886348     
  0.149935862107437        154.031687011033     
  0.151299271055356        153.817586711409     
  0.152675077864154        153.599793359740     
  0.154063395271066        153.378248621695     
  0.155464337038479        153.152893456295     
  0.156878017963250        152.923668116305     
  0.158304553886121        152.690512149079     
  0.159744061701202        152.453364397906     
  0.161196659365557        152.212163003843     
  0.162662465908865        151.966845408096     
  0.164141601443176        151.717348354951     
  0.165634187172753        151.463607895276     
  0.167140345404002        151.205559390647     
  0.168660199555497        150.943137518085     
  0.170193874168092        150.676276275473     
  0.171741494915125        150.404908987642     
  0.173303188612717        150.128968313185     
  0.174879083230164        149.848386252010     
  0.176469307900424        149.563094153673     
  0.178073992930694        149.273022726512     
  0.179693269813094        148.978102047624     
  0.181327271235438        148.678261573710     
  0.182976131092107        148.373430152826     
  0.184639984495023        148.063536037068     
  0.186318967784716        147.748506896238     
  0.188013218541500        147.428269832509     
  0.189722875596747        147.102751396141     
  0.191448079044259        146.771877602280     
  0.193188970251752        146.435573948871     
  0.194945691872439        146.093765435736     
  0.196718387856717        145.746376584848     
  0.198507203463965        145.393331461840     
  0.200312285274447        145.034553698794     
  0.202133781201322        144.669966518353     
  0.203971840502766        144.299492759190     
  0.205826613794199        143.923054902881     
  0.207698253060632        143.540575102231     
  0.209586911669118        143.151975211082     
  0.211492744381318        142.757176815661     
  0.213415907366187        142.356101267501     
  0.215356558212765        141.948669717996     
  0.217314855943096        141.534803154609     
  0.219290961025256        141.114422438806     
  0.221285035386500        140.687448345738     
  0.223297242426536        140.253801605739     
  0.225327747030910        139.813402947661     
  0.227376715584518        139.366173144109     
  0.229444315985243        138.912033058618     
  0.231530717657707        138.450903694810     
  0.233636091567162        137.982706247582     
  0.235760610233491        137.507362156367     
  0.237904447745352        137.024793160512     
  0.240067779774438        136.534921356814     
  0.242250783589875        136.037669259258     
  0.244453638072748        135.532959860996     
  0.246676523730756        135.020716698607     
  0.248919622713006        134.500863918685     
  0.251183118824938        133.973326346769     
  0.253467197543388        133.438029558681     
  0.255772046031783        132.894899954284     
  0.258097853155481        132.343864833693     
  0.260444809497244        131.784852475986     
  0.262813107372859        131.217792220417     
  0.265202940846892        130.642614550177     
  0.267614505748596        130.059251178710     
  0.270047999687952        129.467635138616     
  0.272503622071863        128.867700873142     
  0.274981574120498        128.259384330282     
  0.277482058883777        127.642623059498     
  0.280005281258007        127.017356311051     
  0.282551448002679        126.383525137958     
  0.285120767757403        125.741072500564     
  0.287713451059009        125.089943373711     
  0.290329710358798        124.430084856508     
  0.292969760039949        123.761446284661     
  0.295633816435088        123.083979345354     
  0.298322097844016        122.397638194634     
  0.301034824551593        121.702379577278     
  0.303772218845792        120.998162949075     
  0.306534505035915        120.284950601500     
  0.309321909470968        119.562707788683     
  0.312134660558215        118.831402856645     
  0.314972988781890        118.091007374691     
  0.317837126722086        117.341496268901     
  0.320727309073811        116.582847957611     
  0.323643772666222        115.815044488787     
  0.326586756482030        115.038071679185     
  0.329556501677080        114.251919255169     
  0.332553251600120        113.456580995057     
  0.335577251812732        112.652054872864     
  0.338628750109461        111.838343203268     
  0.341707996538116        111.015452787662     
  0.344815243420264        110.183395061102     
  0.347950745371899        109.342186239961     
  0.351114759324312        108.491847470109     
  0.354307544545142        107.632404975395     
  0.357529362659622        106.763890206215     
  0.360780477672017        105.886339987931     
  0.364061155987255        104.999796668898     
  0.367371666432761        104.104308267833     
  0.370712280280483        103.199928620265     
  0.374083271269120        102.286717523768     
  0.377484915626556        101.364740881701     
  0.380917492092490        100.434070845119     
  0.384381281941282        99.4947859525571     
  0.387876569004998        98.5469712673407     
  0.391403639696668        97.5907185120764     
  0.394962783033757        96.6261261999687     
  0.398554290661847        95.6532997625895     
  0.402178456878535        94.6723516737192     
  0.405835578657548        93.6834015688674     
  0.409525955673082        92.6865763600693     
  0.413249890324350        91.6820103455452     
  0.417007687760369        90.6698453138007     
  0.420799655904961        89.6502306417359     
  0.424626105481986        88.6233233863256     
  0.428487350040804        87.5892883694233     
  0.432383705981966        86.5482982552376     
  0.436315492583144        85.5005336200225     
  0.440283032025290        84.4461830135209     
  0.444286649419038        83.3854430116958     
  0.448326672831347        82.3185182602830     
  0.452403433312378        81.2456215086973     
  0.456517264922625        80.1669736338272     
  0.460668504760289        79.0828036532529     
  0.464857492988898        77.9933487274268     
  0.469084572865185        76.8988541503634     
  0.473350090767211        75.7995733283870     
  0.477654396222751        74.6957677465013     
  0.481997841937934        73.5877069219494     
  0.486380783826145        72.4756683445474     
  0.490803581037189        71.3599374033895     
  0.495266595986722        70.2408072995381     
  0.499770194385947        69.1185789443277     
  0.504314745271583        67.9935608429363     
  0.508900621036101        66.8660689628954     
  0.513528197458243        65.7364265872350     
  0.518197853733814        64.6049641519883     
  0.522909972506751        63.4720190678038     
  0.527664939900481        62.3379355254476     
  0.532463145549559        61.2030642850069     
  0.537304982631597        60.0677624486403     
  0.542190847899482        58.9323932167589     
  0.547121141713887        57.7973256275545     
  0.552096268076076        56.6629342798361     
  0.557116634661010        55.5295990391720     
  0.562182652850754        54.3977047273810     
  0.567294737768184        53.2676407954595     
  0.572453308311008        52.1398009800733     
  0.577658787186086        51.0145829437960     
  0.582911600944071        49.8923878993173     
  0.588212180014362        48.7736202178989     
  0.593560958740373        47.6586870224008     
  0.598958375415124        46.5479977652553     
  0.604404872317157        45.4419637918137     
  0.609900895746778        44.3409978895454     
  0.615446896062625        43.2455138236177     
  0.621043327718578        42.1559258594390     
  0.626690649300988        41.0726482727981     
  0.632389323566267        39.9960948482847     
  0.638139817478795        38.9266783667272     
  0.643942602249194        37.8648100824331     
  0.649798153372937        36.8108991910689     
  0.655706950669310        35.7653522890648     
  0.661669478320729        34.7285728254739     
  0.667686224912420        33.7009605472688     
  0.673757683472450        32.6829109390961     
  0.679884351512128        31.6748146585585     
  0.686066731066776        30.6770569681340     
  0.692305328736862        29.6900171648814     
  0.698600655729515        28.7140680091220     
  0.704953227900414        27.7495751533212     
  0.711363565796059        26.7968965724302     
  0.717832194696427        25.8563819969805     
  0.724359644658010        24.9283723502514     
  0.730946450557257        24.0131991908627     
  0.737593152134396        23.1111841621658     
  0.744300294037665        22.2226384498335     
  0.751068425867942        21.3478622490665     
  0.757898102223782        20.4871442428528     
  0.764789882746857        19.6407610927332     
  0.771744332167820        18.8089769435347     
  0.778762020352580        17.9920429435469     
  0.785843522348994        17.1901967816185     
  0.792989418433994        16.4036622426568     
  0.800200294161129        15.6326487830102     
  0.807476740408557        14.8773511272102     
  0.814819353427451        14.1379488875392     
  0.822228734890868        13.4146062078800     
  0.829705491943046        12.7074714332832     
  0.837250237249154        12.0166768066657     
  0.844863589045501        11.3423381940301     
  0.852546171190191        10.6845548395547     
  0.860298613214246        10.0434091518704     
  0.868121550373188        9.41896652279237     
  0.876015623699099        8.81127517972018     
  0.883981480053145        8.22036607286291     
  0.892019772178582        7.64625279837556     
  0.900131158754245        7.08893155841774     
  0.908316304448519        6.54838115906112     
  0.916575879973807        6.02456304687793     
  0.924910562141488        5.51742138494038     
  0.933321033917377        5.02688316884824     
  0.941807984477689        4.55285838328014     
  0.950372109265514        4.09524019943185     
  0.959014110047798        3.65390521356408     
  0.967734694972854        3.22871372673061     
  0.976534578628386        2.81951006559769     
  0.985414482100045        2.42612294409648     
  0.994375133030515        2.04836586547220     
   1.00341726567914        1.68603756410927     
   1.01254162098210        1.33892248631909     
   1.02174894661309        1.00679130908018     
   1.03103999704464       0.689401495517679     
   1.04041553360991       0.386497885704912     
   1.04987632456505       9.781332116241259E-002
   1.05942314515220      -0.176930698776239     
   1.06905677766300      -0.438023330766534     
   1.07877801150267      -0.685763673658752     
   1.08858764325472      -0.920460029536559     
   1.09848647674623       -1.14242914220388     
   1.10847532311369       -1.35199541591109     
   1.11855500086948       -1.54949011727392     
   1.12872633596897       -1.73525056348677     
   1.13899016187813       -1.90961930006242     
   1.14934731964192       -2.07294327144217     
   1.15979865795312       -2.22557298791056     
   1.17034503322193       -2.36786169231659     
   1.18098730964612       -2.50016453014637     
   1.19172635928186       -2.62283772650916     
   1.20256306211518       -2.73623777358918     
   1.21349830613405       -2.84072063207776     
   1.22453298740118       -2.93664095003463     
   1.23566801012741       -3.02435130253312     
   1.24690428674586       -3.10420145532128     
   1.25824273798663       -3.17653765558158     
   1.26968429295228       -3.24170195269501     
   1.28122988919397       -3.30003155171404     
   1.29288047278829       -3.35185820202392     
   1.30463699841473       -3.39750762342518     
   1.31650042943399       -3.43729897160513     
   1.32847173796685       -3.47154434468428     
   1.34055190497388       -3.50054833222879     
   1.35274192033579       -3.52460760781485     
   1.36504278293455       -3.54401056591902     
   1.37745550073526       -3.55903700359314     
   1.38998109086870       -3.56995784706718     
   1.40262057971474       -3.57703492311193     
   1.41537500298639       -3.58052077468875     
   1.42824540581469       -3.58065852011977     
   1.44123284283437       -3.57768175473125     
   1.45433837827023       -3.57181449365916     
   1.46756308602436       -3.56327115426163     
   1.48090804976417       -3.55225657635979     
   1.49437436301114       -3.53896607832998     
   1.50796312923046       -3.52358554689654     
   1.52167546192143       -3.50629155832757     
   1.53551248470871       -3.48725152861716     
   1.54947533143442       -3.46662389014632     
   1.56356514625099       -3.44455829225217     
   1.57778308371498       -3.42119582309951     
   1.59213030888163       -3.39666925024107     
   1.60660799740038       -3.37110327727002     
   1.62121733561117       -3.34461481401076     
   1.63595952064165       -3.31731325775848     
   1.65083576050531       -3.28930078316317     
   1.66584727420045       -3.26067263845740     
   1.68099529181002       -3.23151744584686     
   1.69628105460252       -3.20191750401515     
   1.71170581513361       -3.17194909083846     
   1.72727083734882       -3.14168276455749     
   1.74297739668705       -3.11118366181195     
   1.75882678018518       -3.08051179110347     
   1.77482028658344       -3.04972232041516     
   1.79095922643187       -3.01886585787615     
   1.80724492219774       -2.98798872451700     
   1.82367870837386       -2.95713321831418     
   1.84026193158795       -2.92633786886750     
   1.85699595071303       -2.89563768219235     
   1.87388213697871       -2.86506437523768     
   1.89092187408357       -2.83464659986023     
   1.90811655830857       -2.80441015609466     
   1.92546759863144       -2.77437819465815     
   1.94297641684212       -2.74457140871646     
   1.96064444765932       -2.71500821501616     
   1.97847313884803       -2.68570492455549     
   1.99646395133817       -2.65667590302440     
