  1.215775037524561E-006   40.4369754086702     
  1.226830421750313E-006   40.4369754086685     
  1.237986335693001E-006   40.4369754086668     
  1.249243693497602E-006   40.4369754086650     
  1.260603417621676E-006   40.4369754086631     
  1.272066438910944E-006   40.4369754086613     
  1.283633696675570E-006   40.4369754086594     
  1.295306138767131E-006   40.4369754086575     
  1.307084721656284E-006   40.4369754086555     
  1.318970410511143E-006   40.4369754086535     
  1.330964179276365E-006   40.4369754086515     
  1.343067010752962E-006   40.4369754086494     
  1.355279896678832E-006   40.4369754086473     
  1.367603837810021E-006   40.4369754086451     
  1.380039844002736E-006   40.4369754086430     
  1.392588934296086E-006   40.4369754086407     
  1.405252136995594E-006   40.4369754086385     
  1.418030489757448E-006   40.4369754086362     
  1.430925039673541E-006   40.4369754086338     
  1.443936843357265E-006   40.4369754086314     
  1.457066967030092E-006   40.4369754086290     
  1.470316486608951E-006   40.4369754086265     
  1.483686487794382E-006   40.4369754086240     
  1.497178066159505E-006   40.4369754086214     
  1.510792327239798E-006   40.4369754086187     
  1.524530386623681E-006   40.4369754086161     
  1.538393370043933E-006   40.4369754086134     
  1.552382413469940E-006   40.4369754086106     
  1.566498663200774E-006   40.4369754086078     
  1.580743275959129E-006   40.4369754086049     
  1.595117418986103E-006   40.4369754086020     
  1.609622270136845E-006   40.4369754085990     
  1.624259017977073E-006   40.4369754085960     
  1.639028861880466E-006   40.4369754085929     
  1.653933012126946E-006   40.4369754085897     
  1.668972690001851E-006   40.4369754085866     
  1.684149127896008E-006   40.4369754085833     
  1.699463569406722E-006   40.4369754085800     
  1.714917269439678E-006   40.4369754085766     
  1.730511494311769E-006   40.4369754085732     
  1.746247521854867E-006   40.4369754085697     
  1.762126641520526E-006   40.4369754085661     
  1.778150154485646E-006   40.4369754085625     
  1.794319373759094E-006   40.4369754085588     
  1.810635624289298E-006   40.4369754085550     
  1.827100243072811E-006   40.4369754085512     
  1.843714579263874E-006   40.4369754085473     
  1.860479994284967E-006   40.4369754085433     
  1.877397861938365E-006   40.4369754085392     
  1.894469568518716E-006   40.4369754085351     
  1.911696512926634E-006   40.4369754085309     
  1.929080106783329E-006   40.4369754085266     
  1.946621774546280E-006   40.4369754085223     
  1.964322953625958E-006   40.4369754085179     
  1.982185094503613E-006   40.4369754085133     
  2.000209660850127E-006   40.4369754085087     
  2.018398129645952E-006   40.4369754085041     
  2.036751991302144E-006   40.4369754084993     
  2.055272749782477E-006   40.4369754084944     
  2.073961922726699E-006   40.4369754084895     
  2.092821041574877E-006   40.4369754084845     
  2.111851651692896E-006   40.4369754084793     
  2.131055312499086E-006   40.4369754084741     
  2.150433597592007E-006   40.4369754084688     
  2.169988094879394E-006   40.4369754084634     
  2.189720406708272E-006   40.4369754084579     
  2.209632149996258E-006   40.4369754084523     
  2.229724956364056E-006   40.4369754084466     
  2.250000472269157E-006   40.4369754084408     
  2.270460359140750E-006   40.4369754084349     
  2.291106293515870E-006   40.4369754084288     
  2.311939967176771E-006   40.4369754084227     
  2.332963087289563E-006   40.4369754084164     
  2.354177376544093E-006   40.4369754084101     
  2.375584573295115E-006   40.4369754084036     
  2.397186431704728E-006   40.4369754083970     
  2.418984721886122E-006   40.4369754083903     
  2.440981230048625E-006   40.4369754083834     
  2.463177758644066E-006   40.4369754083765     
  2.485576126514476E-006   40.4369754083694     
  2.508178169041131E-006   40.4369754083621     
  2.530985738294940E-006   40.4369754083548     
  2.554000703188216E-006   40.4369754083473     
  2.577224949627819E-006   40.4369754083397     
  2.600660380669686E-006   40.4369754083319     
  2.624308916674781E-006   40.4369754083240     
  2.648172495466446E-006   40.4369754083159     
  2.672253072489201E-006   40.4369754083077     
  2.696552620968965E-006   40.4369754082994     
  2.721073132074761E-006   40.4369754082909     
  2.745816615081871E-006   40.4369754082822     
  2.770785097536482E-006   40.4369754082734     
  2.795980625421825E-006   40.4369754082644     
  2.821405263325837E-006   40.4369754082553     
  2.847061094610328E-006   40.4369754082460     
  2.872950221581709E-006   40.4369754082365     
  2.899074765663249E-006   40.4369754082268     
  2.925436867568917E-006   40.4369754082170     
  2.952038687478797E-006   40.4369754082070     
  2.978882405216097E-006   40.4369754081968     
  3.005970220425769E-006   40.4369754081864     
  3.033304352754756E-006   40.4369754081758     
  3.060887042033876E-006   40.4369754081651     
  3.088720548461358E-006   40.4369754081541     
  3.116807152788046E-006   40.4369754081430     
  3.145149156504296E-006   40.4369754081316     
  3.173748882028561E-006   40.4369754081200     
  3.202608672897700E-006   40.4369754081083     
  3.231730893959008E-006   40.4369754080963     
  3.261117931564005E-006   40.4369754080840     
  3.290772193763975E-006   40.4369754080716     
  3.320696110507288E-006   40.4369754080589     
  3.350892133838518E-006   40.4369754080460     
  3.381362738099372E-006   40.4369754080329     
  3.412110420131440E-006   40.4369754080195     
  3.443137699480794E-006   40.4369754080059     
  3.474447118604449E-006   40.4369754079921     
  3.506041243078693E-006   40.4369754079779     
  3.537922661809324E-006   40.4369754079636     
  3.570093987243787E-006   40.4369754079489     
  3.602557855585245E-006   40.4369754079340     
  3.635316927008598E-006   40.4369754079188     
  3.668373885878466E-006   40.4369754079034     
  3.701731440969149E-006   40.4369754078876     
  3.735392325686595E-006   40.4369754078716     
  3.769359298292378E-006   40.4369754078553     
  3.803635142129723E-006   40.4369754078387     
  3.838222665851578E-006   40.4369754078218     
  3.873124703650757E-006   40.4369754078045     
  3.908344115492190E-006   40.4369754077870     
  3.943883787347273E-006   40.4369754077691     
  3.979746631430350E-006   40.4369754077509     
  4.015935586437346E-006   40.4369754077324     
  4.052453617786579E-006   40.4369754077135     
  4.089303717861747E-006   40.4369754076943     
  4.126488906257133E-006   40.4369754076748     
  4.164012230025044E-006   40.4369754076549     
  4.201876763925485E-006   40.4369754076346     
  4.240085610678122E-006   40.4369754076139     
  4.278641901216521E-006   40.4369754075929     
  4.317548794944710E-006   40.4369754075715     
  4.356809479996062E-006   40.4369754075497     
  4.396427173494547E-006   40.4369754075275     
  4.436405121818345E-006   40.4369754075049     
  4.476746600865867E-006   40.4369754074819     
  4.517454916324189E-006   40.4369754074584     
  4.558533403939929E-006   40.4369754074346     
  4.599985429792585E-006   40.4369754074103     
  4.641814390570366E-006   40.4369754073855     
  4.684023713848518E-006   40.4369754073603     
  4.726616858370195E-006   40.4369754073346     
  4.769597314329873E-006   40.4369754073085     
  4.812968603659350E-006   40.4369754072819     
  4.856734280316338E-006   40.4369754072548     
  4.900897930575686E-006   40.4369754072272     
  4.945463173323248E-006   40.4369754071991     
  4.990433660352426E-006   40.4369754071705     
  5.035813076663405E-006   40.4369754071414     
  5.081605140765114E-006   40.4369754071117     
  5.127813604979927E-006   40.4369754070815     
  5.174442255751142E-006   40.4369754070508     
  5.221494913953250E-006   40.4369754070195     
  5.268975435205028E-006   40.4369754069876     
  5.316887710185476E-006   40.4369754069551     
  5.365235664952637E-006   40.4369754069221     
  5.414023261265301E-006   40.4369754068884     
  5.463254496907642E-006   40.4369754068541     
  5.512933406016814E-006   40.4369754068192     
  5.563064059413512E-006   40.4369754067837     
  5.613650564935550E-006   40.4369754067475     
  5.664697067774460E-006   40.4369754067106     
  5.716207750815174E-006   40.4369754066731     
  5.768186834978766E-006   40.4369754066349     
  5.820638579568341E-006   40.4369754065959     
  5.873567282618032E-006   40.4369754065563     
  5.926977281245215E-006   40.4369754065160     
  5.980872952005890E-006   40.4369754064749     
  6.035258711253311E-006   40.4369754064330     
  6.090139015499875E-006   40.4369754063904     
  6.145518361782295E-006   40.4369754063471     
  6.201401288030110E-006   40.4369754063029     
  6.257792373437524E-006   40.4369754062579     
  6.314696238838641E-006   40.4369754062121     
  6.372117547086107E-006   40.4369754061655     
  6.430061003433205E-006   40.4369754061180     
  6.488531355919403E-006   40.4369754060696     
  6.547533395759427E-006   40.4369754060204     
  6.607071957735868E-006   40.4369754059703     
  6.667151920595352E-006   40.4369754059192     
  6.727778207448322E-006   40.4369754058672     
  6.788955786172447E-006   40.4369754058143     
  6.850689669819703E-006   40.4369754057604     
  6.912984917027163E-006   40.4369754057055     
  6.975846632431499E-006   40.4369754056496     
  7.039279967087289E-006   40.4369754055927     
  7.103290118889093E-006   40.4369754055347     
  7.167882332997389E-006   40.4369754054757     
  7.233061902268377E-006   40.4369754054156     
  7.298834167687678E-006   40.4369754053544     
  7.365204518808008E-006   40.4369754052921     
  7.432178394190792E-006   40.4369754052287     
  7.499761281851830E-006   40.4369754051641     
  7.567958719710984E-006   40.4369754050983     
  7.636776296045988E-006   40.4369754050313     
  7.706219649950349E-006   40.4369754049631     
  7.776294471795441E-006   40.4369754048936     
  7.847006503696785E-006   40.4369754048229     
  7.918361539984566E-006   40.4369754047509     
  7.990365427678453E-006   40.4369754046776     
  8.063024066966700E-006   40.4369754046029     
  8.136343411689639E-006   40.4369754045269     
  8.210329469827537E-006   40.4369754044494     
  8.284988303992923E-006   40.4369754043706     
  8.360326031927360E-006   40.4369754042903     
  8.436348827002760E-006   40.4369754042086     
  8.513062918727238E-006   40.4369754041253     
  8.590474593255582E-006   40.4369754040406     
  8.668590193904344E-006   40.4369754039542     
  8.747416121671649E-006   40.4369754038664     
  8.826958835761685E-006   40.4369754037769     
  8.907224854114010E-006   40.4369754036857     
  8.988220753937634E-006   40.4369754035929     
  9.069953172249977E-006   40.4369754034985     
  9.152428806420727E-006   40.4369754034023     
  9.235654414720636E-006   40.4369754033043     
  9.319636816875310E-006   40.4369754032045     
  9.404382894624042E-006   40.4369754031029     
  9.489899592283712E-006   40.4369754029995     
  9.576193917317826E-006   40.4369754028942     
  9.663272940910726E-006   40.4369754027869     
  9.751143798547024E-006   40.4369754026777     
  9.839813690596293E-006   40.4369754025665     
  9.929289882903098E-006   40.4369754024533     
  1.001957970738237E-005   40.4369754023379     
  1.011069056262019E-005   40.4369754022205     
  1.020262991448010E-005   40.4369754021010     
  1.029540529671478E-005   40.4369754019792     
  1.038902431158350E-005   40.4369754018552     
  1.048349463047497E-005   40.4369754017290     
  1.057882399453602E-005   40.4369754016005     
  1.067502021530589E-005   40.4369754014696     
  1.077209117535634E-005   40.4369754013363     
  1.087004482893758E-005   40.4369754012006     
  1.096888920263005E-005   40.4369754010624     
  1.106863239600215E-005   40.4369754009217     
  1.116928258227392E-005   40.4369754007784     
  1.127084800898679E-005   40.4369754006325     
  1.137333699867941E-005   40.4369754004839     
  1.147675794956962E-005   40.4369754003326     
  1.158111933624259E-005   40.4369754001786     
  1.168642971034531E-005   40.4369754000217     
  1.179269770128726E-005   40.4369753998620     
  1.189993201694761E-005   40.4369753996993     
  1.200814144438869E-005   40.4369753995337     
  1.211733485057607E-005   40.4369753993651     
  1.222752118310513E-005   40.4369753991933     
  1.233870947093426E-005   40.4369753990185     
  1.245090882512470E-005   40.4369753988404     
  1.256412843958712E-005   40.4369753986591     
  1.267837759183501E-005   40.4369753984745     
  1.279366564374492E-005   40.4369753982865     
  1.291000204232356E-005   40.4369753980951     
  1.302739632048191E-005   40.4369753979001     
  1.314585809781641E-005   40.4369753977016     
  1.326539708139719E-005   40.4369753974995     
  1.338602306656351E-005   40.4369753972937     
  1.350774593772639E-005   40.4369753970841     
  1.363057566917857E-005   40.4369753968707     
  1.375452232591186E-005   40.4369753966534     
  1.387959606444186E-005   40.4369753964322     
  1.400580713364022E-005   40.4369753962069     
  1.413316587557445E-005   40.4369753959774     
  1.426168272635542E-005   40.4369753957438     
  1.439136821699245E-005   40.4369753955059     
  1.452223297425633E-005   40.4369753952637     
  1.465428772155003E-005   40.4369753950171     
  1.478754327978746E-005   40.4369753947659     
  1.492201056828012E-005   40.4369753945101     
  1.505770060563190E-005   40.4369753942497     
  1.519462451064195E-005   40.4369753939845     
  1.533279350321579E-005   40.4369753937145     
  1.547221890528467E-005   40.4369753934395     
  1.561291214173337E-005   40.4369753931596     
  1.575488474133635E-005   40.4369753928745     
  1.589814833770247E-005   40.4369753925842     
  1.604271467022824E-005   40.4369753922885     
  1.618859558505982E-005   40.4369753919875     
  1.633580303606371E-005   40.4369753916810     
  1.648434908580628E-005   40.4369753913689     
  1.663424590654220E-005   40.4369753910511     
  1.678550578121186E-005   40.4369753907275     
  1.693814110444791E-005   40.4369753903980     
  1.709216438359087E-005   40.4369753900624     
  1.724758823971400E-005   40.4369753897207     
  1.740442540865757E-005   40.4369753893728     
  1.756268874207238E-005   40.4369753890185     
  1.772239120847294E-005   40.4369753886578     
  1.788354589430009E-005   40.4369753882904     
  1.804616600499336E-005   40.4369753879164     
  1.821026486607307E-005   40.4369753875355     
  1.837585592423220E-005   40.4369753871477     
  1.854295274843834E-005   40.4369753867527     
  1.871156903104549E-005   40.4369753863506     
  1.888171858891607E-005   40.4369753859411     
  1.905341536455314E-005   40.4369753855241     
  1.922667342724283E-005   40.4369753850995     
  1.940150697420726E-005   40.4369753846672     
  1.957793033176788E-005   40.4369753842269     
  1.975595795651941E-005   40.4369753837786     
  1.993560443651446E-005   40.4369753833222     
  2.011688449245888E-005   40.4369753828573     
  2.029981297891806E-005   40.4369753823840     
  2.048440488553410E-005   40.4369753819021     
  2.067067533825417E-005   40.4369753814113     
  2.085863960056990E-005   40.4369753809116     
  2.104831307476815E-005   40.4369753804027     
  2.123971130319311E-005   40.4369753798846     
  2.143284996951986E-005   40.4369753793569     
  2.162774490003957E-005   40.4369753788197     
  2.182441206495631E-005   40.4369753782726     
  2.202286757969570E-005   40.4369753777155     
  2.222312770622546E-005   40.4369753771483     
  2.242520885438798E-005   40.4369753765707     
  2.262912758324492E-005   40.4369753759825     
  2.283490060243416E-005   40.4369753753836     
  2.304254477353902E-005   40.4369753747737     
  2.325207711146994E-005   40.4369753741528     
  2.346351478585873E-005   40.4369753735204     
  2.367687512246545E-005   40.4369753728765     
  2.389217560459821E-005   40.4369753722209     
  2.410943387454574E-005   40.4369753715533     
  2.432866773502306E-005   40.4369753708734     
  2.454989515063029E-005   40.4369753701812     
  2.477313424932471E-005   40.4369753694763     
  2.499840332390619E-005   40.4369753687585     
  2.522572083351621E-005   40.4369753680276     
  2.545510540515038E-005   40.4369753672834     
  2.568657583518483E-005   40.4369753665255     
  2.592015109091644E-005   40.4369753657539     
  2.615585031211701E-005   40.4369753649681     
  2.639369281260170E-005   40.4369753641679     
  2.663369808181163E-005   40.4369753633532     
  2.687588578641086E-005   40.4369753625236     
  2.712027577189795E-005   40.4369753616788     
  2.736688806423221E-005   40.4369753608185     
  2.761574287147457E-005   40.4369753599426     
  2.786686058544356E-005   40.4369753590506     
  2.812026178338625E-005   40.4369753581424     
  2.837596722966443E-005   40.4369753572176     
  2.863399787745601E-005   40.4369753562758     
  2.889437487047208E-005   40.4369753553169     
  2.915711954468944E-005   40.4369753543404     
  2.942225343009892E-005   40.4369753533462     
  2.968979825246959E-005   40.4369753523337     
  2.995977593512907E-005   40.4369753513027     
  3.023220860075995E-005   40.4369753502530     
  3.050711857321260E-005   40.4369753491840     
  3.078452837933444E-005   40.4369753480955     
  3.106446075081582E-005   40.4369753469871     
  3.134693862605278E-005   40.4369753458585     
  3.163198515202662E-005   40.4369753447092     
  3.191962368620065E-005   40.4369753435390     
  3.220987779843418E-005   40.4369753423473     
  3.250277127291385E-005   40.4369753411339     
  3.279832811010261E-005   40.4369753398984     
  3.309657252870638E-005   40.4369753386402     
  3.339752896765854E-005   40.4369753373591     
  3.370122208812262E-005   40.4369753360546     
  3.400767677551299E-005   40.4369753347262     
  3.431691814153412E-005   40.4369753333736     
  3.462897152623827E-005   40.4369753319962     
  3.494386250010190E-005   40.4369753305937     
  3.526161686612102E-005   40.4369753291656     
  3.558226066192552E-005   40.4369753277114     
  3.590582016191280E-005   40.4369753262306     
  3.623232187940073E-005   40.4369753247228     
  3.656179256880021E-005   40.4369753231874     
  3.689425922780758E-005   40.4369753216239     
  3.722974909961676E-005   40.4369753200319     
  3.756828967515173E-005   40.4369753184109     
  3.790990869531917E-005   40.4369753167602     
  3.825463415328160E-005   40.4369753150793     
  3.860249429675125E-005   40.4369753133677     
  3.895351763030475E-005   40.4369753116249     
  3.930773291771884E-005   40.4369753098502     
  3.966516918432738E-005   40.4369753080431     
  4.002585571939975E-005   40.4369753062030     
  4.038982207854088E-005   40.4369753043293     
  4.075709808611315E-005   40.4369753024213     
  4.112771383768023E-005   40.4369753004785     
  4.150169970247322E-005   40.4369752985002     
  4.187908632587916E-005   40.4369752964858     
  4.225990463195226E-005   40.4369752944345     
  4.264418582594776E-005   40.4369752923458     
  4.303196139687917E-005   40.4369752902189     
  4.342326312009836E-005   40.4369752880531     
  4.381812305989947E-005   40.4369752858478     
  4.421657357214622E-005   40.4369752836022     
  4.461864730692338E-005   40.4369752813156     
  4.502437721121202E-005   40.4369752789872     
  4.543379653158946E-005   40.4369752766163     
  4.584693881695344E-005   40.4369752742020     
  4.626383792127128E-005   40.4369752717436     
  4.668452800635395E-005   40.4369752692403     
  4.710904354465535E-005   40.4369752666913     
  4.753741932209709E-005   40.4369752640958     
  4.796969044091900E-005   40.4369752614528     
  4.840589232255539E-005   40.4369752587615     
  4.884606071053764E-005   40.4369752560210     
  4.929023167342313E-005   40.4369752532305     
  4.973844160775074E-005   40.4369752503890     
  5.019072724102335E-005   40.4369752474956     
  5.064712563471734E-005   40.4369752445494     
  5.110767418731948E-005   40.4369752415493     
  5.157241063739154E-005   40.4369752384944     
  5.204137306666261E-005   40.4369752353836     
  5.251459990314965E-005   40.4369752322161     
  5.299212992430642E-005   40.4369752289907     
  5.347400226020093E-005   40.4369752257063     
  5.396025639672192E-005   40.4369752223620     
  5.445093217881440E-005   40.4369752189565     
  5.494606981374467E-005   40.4369752154889     
  5.544570987439503E-005   40.4369752119579     
  5.594989330258837E-005   40.4369752083624     
  5.645866141244312E-005   40.4369752047012     
  5.697205589375860E-005   40.4369752009731     
  5.749011881543115E-005   40.4369751971769     
  5.801289262890149E-005   40.4369751933113     
  5.854042017163315E-005   40.4369751893751     
  5.907274467062279E-005   40.4369751853671     
  5.960990974594233E-005   40.4369751812857     
  6.015195941431323E-005   40.4369751771299     
  6.069893809271341E-005   40.4369751728981     
  6.125089060201679E-005   40.4369751685890     
  6.180786217066619E-005   40.4369751642011     
  6.236989843837927E-005   40.4369751597331     
  6.293704545988859E-005   40.4369751551835     
  6.350934970871526E-005   40.4369751505508     
  6.408685808097723E-005   40.4369751458334     
  6.466961789923196E-005   40.4369751410298     
  6.525767691635434E-005   40.4369751361385     
  6.585108331944947E-005   40.4369751311578     
  6.644988573380143E-005   40.4369751260862     
  6.705413322685762E-005   40.4369751209219     
  6.766387531224957E-005   40.4369751156632     
  6.827916195385015E-005   40.4369751103084     
  6.890004356986783E-005   40.4369751048558     
  6.952657103697793E-005   40.4369750993037     
  7.015879569449178E-005   40.4369750936500     
  7.079676934856344E-005   40.4369750878931     
  7.144054427643494E-005   40.4369750820310     
  7.209017323071993E-005   40.4369750760619     
  7.274570944372642E-005   40.4369750699836     
  7.340720663181872E-005   40.4369750637943     
  7.407471899981926E-005   40.4369750574920     
  7.474830124545004E-005   40.4369750510745     
  7.542800856381487E-005   40.4369750445398     
  7.611389665192219E-005   40.4369750378856     
  7.680602171324893E-005   40.4369750311100     
  7.750444046234606E-005   40.4369750242105     
  7.820921012948598E-005   40.4369750171850     
  7.892038846535194E-005   40.4369750100311     
  7.963803374577039E-005   40.4369750027465     
  8.036220477648639E-005   40.4369749953289     
  8.109296089798202E-005   40.4369749877757     
  8.183036199033911E-005   40.4369749800845     
  8.257446847814592E-005   40.4369749722529     
  8.332534133544848E-005   40.4369749642781     
  8.408304209074692E-005   40.4369749561577     
  8.484763283203734E-005   40.4369749478889     
  8.561917621189949E-005   40.4369749394690     
  8.639773545263061E-005   40.4369749308954     
  8.718337435142599E-005   40.4369749221650     
  8.797615728560690E-005   40.4369749132752     
  8.877614921789557E-005   40.4369749042230     
  8.958341570173859E-005   40.4369748950054     
  9.039802288667844E-005   40.4369748856194     
  9.122003752377400E-005   40.4369748760619     
  9.204952697107028E-005   40.4369748663298     
  9.288655919911796E-005   40.4369748564200     
  9.373120279654303E-005   40.4369748463290     
  9.458352697566714E-005   40.4369748360537     
  9.544360157817901E-005   40.4369748255907     
  9.631149708085756E-005   40.4369748149366     
  9.718728460134677E-005   40.4369748040878     
  9.807103590398340E-005   40.4369747930408     
  9.896282340567751E-005   40.4369747817920     
  9.986272018184645E-005   40.4369747703377     
  1.007707999724029E-004   40.4369747586741     
  1.016871371877974E-004   40.4369747467974     
  1.026118069151154E-004   40.4369747347038     
  1.035448849242306E-004   40.4369747223892     
  1.044864476740132E-004   40.4369747098496     
  1.054365723185956E-004   40.4369746970809     
  1.063953367136943E-004   40.4369746840790     
  1.073628194229899E-004   40.4369746708395     
  1.083390997245644E-004   40.4369746573582     
  1.093242576173978E-004   40.4369746436306     
  1.103183738279234E-004   40.4369746296521     
  1.113215298166424E-004   40.4369746154183     
  1.123338077847995E-004   40.4369746009245     
  1.133552906811184E-004   40.4369745861658     
  1.143860622085987E-004   40.4369745711376     
  1.154262068313750E-004   40.4369745558347     
  1.164758097816382E-004   40.4369745402524     
  1.175349570666190E-004   40.4369745243853     
  1.186037354756366E-004   40.4369745082283     
  1.196822325872095E-004   40.4369744917762     
  1.207705367762324E-004   40.4369744750235     
  1.218687372212178E-004   40.4369744579648     
  1.229769239116034E-004   40.4369744405944     
  1.240951876551263E-004   40.4369744229066     
  1.252236200852637E-004   40.4369744048957     
  1.263623136687419E-004   40.4369743865558     
  1.275113617131132E-004   40.4369743678808     
  1.286708583744015E-004   40.4369743488646     
  1.298408986648180E-004   40.4369743295010     
  1.310215784605467E-004   40.4369743097837     
  1.322129945096006E-004   40.4369742897061     
  1.334152444397497E-004   40.4369742692618     
  1.346284267665207E-004   40.4369742484439     
  1.358526409012696E-004   40.4369742272457     
  1.370879871593279E-004   40.4369742056602     
  1.383345667682227E-004   40.4369741836804     
  1.395924818759712E-004   40.4369741612990     
  1.408618355594515E-004   40.4369741385088     
  1.421427318328487E-004   40.4369741153021     
  1.434352756561779E-004   40.4369740916716     
  1.447395729438854E-004   40.4369740676092     
  1.460557305735272E-004   40.4369740431073     
  1.473838563945269E-004   40.4369740181578     
  1.487240592370134E-004   40.4369739927524     
  1.500764489207386E-004   40.4369739668830     
  1.514411362640759E-004   40.4369739405409     
  1.528182330931018E-004   40.4369739137175     
  1.542078522507584E-004   40.4369738864041     
  1.556101076061006E-004   40.4369738585917     
  1.570251140636266E-004   40.4369738302712     
  1.584529875726934E-004   40.4369738014333     
  1.598938451370181E-004   40.4369737720686     
  1.613478048242657E-004   40.4369737421674     
  1.628149857757236E-004   40.4369737117199     
  1.642955082160641E-004   40.4369736807162     
  1.657894934631968E-004   40.4369736491460     
  1.672970639382087E-004   40.4369736169991     
  1.688183431753964E-004   40.4369735842649     
  1.703534558323884E-004   40.4369735509326     
  1.719025277003603E-004   40.4369735169914     
  1.734656857143421E-004   40.4369734824301     
  1.750430579636197E-004   40.4369734472374     
  1.766347737022308E-004   40.4369734114018     
  1.782409633595568E-004   40.4369733749115     
  1.798617585510096E-004   40.4369733377545     
  1.814972920888173E-004   40.4369732999187     
  1.831476979929071E-004   40.4369732613917     
  1.848131115018867E-004   40.4369732221608     
  1.864936690841269E-004   40.4369731822132     
  1.881895084489433E-004   40.4369731415357     
  1.899007685578814E-004   40.4369731001152     
  1.916275896361030E-004   40.4369730579379     
  1.933701131838766E-004   40.4369730149900     
  1.951284819881726E-004   40.4369729712575     
  1.969028401343633E-004   40.4369729267261     
  1.986933330180300E-004   40.4369728813811     
  2.005001073568766E-004   40.4369728352077     
  2.023233112027527E-004   40.4369727881908     
  2.041630939537847E-004   40.4369727403149     
  2.060196063666181E-004   40.4369726915643     
  2.078930005687714E-004   40.4369726419231     
  2.097834300711011E-004   40.4369725913749     
  2.116910497803809E-004   40.4369725399033     
  2.136160160119957E-004   40.4369724874914     
  2.155584865027499E-004   40.4369724341219     
  2.175186204237932E-004   40.4369723797774     
  2.194965783936631E-004   40.4369723244401     
  2.214925224914468E-004   40.4369722680918     
  2.235066162700622E-004   40.4369722107141     
  2.255390247696596E-004   40.4369721522881     
  2.275899145311462E-004   40.4369720927947     
  2.296594536098321E-004   40.4369720322144     
  2.317478115892019E-004   40.4369719705274     
  2.338551595948103E-004   40.4369719077133     
  2.359816703083049E-004   40.4369718437518     
  2.381275179815760E-004   40.4369717786216     
  2.402928784510353E-004   40.4369717123016     
  2.424779291520245E-004   40.4369716447700     
  2.446828491333547E-004   40.4369715760047     
  2.469078190719783E-004   40.4369715059830     
  2.491530212877937E-004   40.4369714346821     
  2.514186397585858E-004   40.4369713620786     
  2.537048601351011E-004   40.4369712881487     
  2.560118697562602E-004   40.4369712128681     
  2.583398576645096E-004   40.4369711362123     
  2.606890146213119E-004   40.4369710581559     
  2.630595331227770E-004   40.4369709786736     
  2.654516074154362E-004   40.4369708977391     
  2.678654335121592E-004   40.4369708153261     
  2.703012092082159E-004   40.4369707314074     
  2.727591340974838E-004   40.4369706459556     
  2.752394095888041E-004   40.4369705589426     
  2.777422389224850E-004   40.4369704703400     
  2.802678271869560E-004   40.4369703801187     
  2.828163813355733E-004   40.4369702882491     
  2.853881102035782E-004   40.4369701947012     
  2.879832245252096E-004   40.4369700994441     
  2.906019369509720E-004   40.4369700024468     
  2.932444620650607E-004   40.4369699036775     
  2.959110164029456E-004   40.4369698031037     
  2.986018184691143E-004   40.4369697006924     
  3.013170887549774E-004   40.4369695964102     
  3.040570497569354E-004   40.4369694902229     
  3.068219259946117E-004   40.4369693820956     
  3.096119440292494E-004   40.4369692719929     
  3.124273324822766E-004   40.4369691598786     
  3.152683220540408E-004   40.4369690457162     
  3.181351455427121E-004   40.4369689294681     
  3.210280378633601E-004   40.4369688110962     
  3.239472360672031E-004   40.4369686905617     
  3.268929793610327E-004   40.4369685678252     
  3.298655091268153E-004   40.4369684428464     
  3.328650689414711E-004   40.4369683155843     
  3.358919045968340E-004   40.4369681859972     
  3.389462641197920E-004   40.4369680540427     
  3.420283977926113E-004   40.4369679196774     
  3.451385581734453E-004   40.4369677828574     
  3.482770001170293E-004   40.4369676435378     
  3.514439807955649E-004   40.4369675016730     
  3.546397597197925E-004   40.4369673572163     
  3.578645987602564E-004   40.4369672101206     
  3.611187621687640E-004   40.4369670603375     
  3.644025166000382E-004   40.4369669078180     
  3.677161311335683E-004   40.4369667525121     
  3.710598772956593E-004   40.4369665943689     
  3.744340290816809E-004   40.4369664333365     
  3.778388629785201E-004   40.4369662693622     
  3.812746579872366E-004   40.4369661023922     
  3.847416956459252E-004   40.4369659323717     
  3.882402600527859E-004   40.4369657592452     
  3.917706378894034E-004   40.4369655829557     
  3.953331184442387E-004   40.4369654034456     
  3.989279936363341E-004   40.4369652206559     
  4.025555580392338E-004   40.4369650345268     
  4.062161089051221E-004   40.4369648449973     
  4.099099461891809E-004   40.4369646520052     
  4.136373725741689E-004   40.4369644554873     
  4.173986934952244E-004   40.4369642553792     
  4.211942171648931E-004   40.4369640516152     
  4.250242545983840E-004   40.4369638441286     
  4.288891196390549E-004   40.4369636328514     
  4.327891289841297E-004   40.4369634177144     
  4.367246022106489E-004   40.4369631986469     
  4.406958618016569E-004   40.4369629755772     
  4.447032331726273E-004   40.4369627484322     
  4.487470446981279E-004   40.4369625171375     
  4.528276277387288E-004   40.4369622816172     
  4.569453166681551E-004   40.4369620417941     
  4.611004489006858E-004   40.4369617975896     
  4.652933649188031E-004   40.4369615489236     
  4.695244083010922E-004   40.4369612957148     
  4.737939257503948E-004   40.4369610378800     
  4.781022671222190E-004   40.4369607753348     
  4.824497854534075E-004   40.4369605079930     
  4.868368369910662E-004   40.4369602357671     
  4.912637812217563E-004   40.4369599585679     
  4.957309809009507E-004   40.4369596763044     
  5.002388020827607E-004   40.4369593888842     
  5.047876141499301E-004   40.4369590962131     
  5.093777898441038E-004   40.4369587981951     
  5.140097052963713E-004   40.4369584947325     
  5.186837400580879E-004   40.4369581857259     
  5.234002771319760E-004   40.4369578710739     
  5.281597030035097E-004   40.4369575506735     
  5.329624076725841E-004   40.4369572244197     
  5.378087846854723E-004   40.4369568922054     
  5.426992311670754E-004   40.4369565539218     
  5.476341478534621E-004   40.4369562094581     
  5.526139391247072E-004   40.4369558587012     
  5.576390130380271E-004   40.4369555015363     
  5.627097813612172E-004   40.4369551378463     
  5.678266596063931E-004   40.4369547675119     
  5.729900670640391E-004   40.4369543904117     
  5.782004268373657E-004   40.4369540064223     
  5.834581658769797E-004   40.4369536154177     
  5.887637150158699E-004   40.4369532172697     
  5.941175090047109E-004   40.4369528118478     
  5.995199865474868E-004   40.4369523990192     
  6.049715903374407E-004   40.4369519786485     
  6.104727670933500E-004   40.4369515505980     
  6.160239675961312E-004   40.4369511147273     
  6.216256467257786E-004   40.4369506708936     
  6.272782634986383E-004   40.4369502189514     
  6.329822811050205E-004   40.4369497587525     
  6.387381669471559E-004   40.4369492901462     
  6.445463926774944E-004   40.4369488129788     
  6.504074342373549E-004   40.4369483270939     
  6.563217718959240E-004   40.4369478323322     
  6.622898902896112E-004   40.4369473285316     
  6.683122784617611E-004   40.4369468155270     
  6.743894299027270E-004   40.4369462931502     
  6.805218425903086E-004   40.4369457612299     
  6.867100190305580E-004   40.4369452195919     
  6.929544662989560E-004   40.4369446680586     
  6.992556960819628E-004   40.4369441064492     
  7.056142247189482E-004   40.4369435345795     
  7.120305732445008E-004   40.4369429522623     
  7.185052674311232E-004   40.4369423593066     
  7.250388378323147E-004   40.4369417555180     
  7.316318198260474E-004   40.4369411406987     
  7.382847536586357E-004   40.4369405146471     
  7.449981844890053E-004   40.4369398771580     
  7.517726624333656E-004   40.4369392280225     
  7.586087426102871E-004   40.4369385670278     
  7.655069851861897E-004   40.4369378939572     
  7.724679554212442E-004   40.4369372085901     
  7.794922237156906E-004   40.4369365107019     
  7.865803656565791E-004   40.4369358000638     
  7.937329620649345E-004   40.4369350764429     
  8.009505990433503E-004   40.4369343396020     
  8.082338680240165E-004   40.4369335892996     
  8.155833658171812E-004   40.4369328252897     
  8.229996946600566E-004   40.4369320473220     
  8.304834622661668E-004   40.4369312551414     
  8.380352818751463E-004   40.4369304484882     
  8.456557723029893E-004   40.4369296270982     
  8.533455579927584E-004   40.4369287907019     
  8.611052690657523E-004   40.4369279390254     
  8.689355413731400E-004   40.4369270717894     
  8.768370165480636E-004   40.4369261887096     
  8.848103420582162E-004   40.4369252894967     
  8.928561712588962E-004   40.4369243738558     
  9.009751634465457E-004   40.4369234414869     
  9.091679839127747E-004   40.4369224920843     
  9.174353039988768E-004   40.4369215253369     
  9.257778011508408E-004   40.4369205409278     
  9.341961589748620E-004   40.4369195385342     
  9.426910672933596E-004   40.4369185178277     
  9.512632222015017E-004   40.4369174784737     
  9.599133261242453E-004   40.4369164201315     
  9.686420878738951E-004   40.4369153424542     
  9.774502227081854E-004   40.4369142450886     
  9.863384523888907E-004   40.4369131276750     
  9.953075052409673E-004   40.4369119898470     
  1.004358116212235E-003   40.4369108312319     
  1.013491026933603E-003   40.4369096514498     
  1.022706985779836E-003   40.4369084501139     
  1.032006747930882E-003   40.4369072268306     
  1.041391075433752E-003   40.4369059811989     
  1.050860737264966E-003   40.4369047128104     
  1.060416509393564E-003   40.4369034212495     
  1.070059174844687E-003   40.4369021060928     
  1.079789523763749E-003   40.4369007669092     
  1.089608353481175E-003   40.4368994032597     
  1.099516468577740E-003   40.4368980146975     
  1.109514680950499E-003   40.4368966007673     
  1.119603809879314E-003   40.4368951610057     
  1.129784682093992E-003   40.4368936949408     
  1.140058131842022E-003   40.4368922020921     
  1.150425000956944E-003   40.4368906819702     
  1.160886138927326E-003   40.4368891340768     
  1.171442402966373E-003   40.4368875579047     
  1.182094658082173E-003   40.4368859529371     
  1.192843777148572E-003   40.4368843186481     
  1.203690640976707E-003   40.4368826545019     
  1.214636138387178E-003   40.4368809599531     
  1.225681166282878E-003   40.4368792344462     
  1.236826629722492E-003   40.4368774774156     
  1.248073441994658E-003   40.4368756882855     
  1.259422524692804E-003   40.4368738664694     
  1.270874807790667E-003   40.4368720113702     
  1.282431229718495E-003   40.4368701223798     
  1.294092737439948E-003   40.4368681988791     
  1.305860286529691E-003   40.4368662402375     
  1.317734841251699E-003   40.4368642458131     
  1.329717374638271E-003   40.4368622149522     
  1.341808868569760E-003   40.4368601469891     
  1.354010313855036E-003   40.4368580412460     
  1.366322710312672E-003   40.4368558970326     
  1.378747066852870E-003   40.4368537136462     
  1.391284401560139E-003   40.4368514903710     
  1.403935741776714E-003   40.4368492264784     
  1.416702124186745E-003   40.4368469212264     
  1.429584594901240E-003   40.4368445738592     
  1.442584209543789E-003   40.4368421836076     
  1.455702033337064E-003   40.4368397496879     
  1.468939141190107E-003   40.4368372713026     
  1.482296617786410E-003   40.4368347476391     
  1.495775557672796E-003   40.4368321778704     
  1.509377065349111E-003   40.4368295611541     
  1.523102255358726E-003   40.4368268966325     
  1.536952252379874E-003   40.4368241834323     
  1.550928191317798E-003   40.4368214206642     
  1.565031217397754E-003   40.4368186074226     
  1.579262486258857E-003   40.4368157427853     
  1.593623164048769E-003   40.4368128258135     
  1.608114427519263E-003   40.4368098555510     
  1.622737464122647E-003   40.4368068310242     
  1.637493472109064E-003   40.4368037512419     
  1.652383660624685E-003   40.4368006151944     
  1.667409249810786E-003   40.4367974218540     
  1.682571470903732E-003   40.4367941701740     
  1.697871566335864E-003   40.4367908590884     
  1.713310789837312E-003   40.4367874875121     
  1.728890406538725E-003   40.4367840543399     
  1.744611693074942E-003   40.4367805584465     
  1.760475937689599E-003   40.4367769986860     
  1.776484440340697E-003   40.4367733738917     
  1.792638512807117E-003   40.4367696828755     
  1.808939478796118E-003   40.4367659244276     
  1.825388674051798E-003   40.4367620973160     
  1.841987446464553E-003   40.4367582002862     
  1.858737156181526E-003   40.4367542320611     
  1.875639175718059E-003   40.4367501913399     
  1.892694890070162E-003   40.4367460767981     
  1.909905696828005E-003   40.4367418870872     
  1.927273006290435E-003   40.4367376208338     
  1.944798241580546E-003   40.4367332766397     
  1.962482838762289E-003   40.4367288530809     
  1.980328246958149E-003   40.4367243487074     
  1.998335928467888E-003   40.4367197620430     
  2.016507358888371E-003   40.4367150915842     
  2.034844027234481E-003   40.4367103358001     
  2.053347436061133E-003   40.4367054931321     
  2.072019101586393E-003   40.4367005619927     
  2.090860553815727E-003   40.4366955407657     
  2.109873336667370E-003   40.4366904278053     
  2.129059008098839E-003   40.4366852214356     
  2.148419140234597E-003   40.4366799199501     
  2.167955319494877E-003   40.4366745216112     
  2.187669146725678E-003   40.4366690246494     
  2.207562237329941E-003   40.4366634272630     
  2.227636221399918E-003   40.4366577276174     
  2.247892743850751E-003   40.4366519238443     
  2.268333464555258E-003   40.4366460140415     
  2.288960058479945E-003   40.4366399962720     
  2.309774215822261E-003   40.4366338685632     
  2.330777642149095E-003   40.4366276289068     
  2.351972058536535E-003   40.4366212752574     
  2.373359201710899E-003   40.4366148055327     
  2.394940824191044E-003   40.4366082176121     
  2.416718694431974E-003   40.4366015093362     
  2.438694596969753E-003   40.4365946785063     
  2.460870332567731E-003   40.4365877228834     
  2.483247718364107E-003   40.4365806401877     
  2.505828588020829E-003   40.4365734280978     
  2.528614791873847E-003   40.4365660842497     
  2.551608197084736E-003   40.4365586062364     
  2.574810687793698E-003   40.4365509916068     
  2.598224165273950E-003   40.4365432378652     
  2.621850548087519E-003   40.4365353424700     
  2.645691772242462E-003   40.4365273028335     
  2.669749791351496E-003   40.4365191163204     
  2.694026576792089E-003   40.4365107802477     
  2.718524117868000E-003   40.4365022918828     
  2.743244421972284E-003   40.4364936484438     
  2.768189514751789E-003   40.4364848470976     
  2.793361440273135E-003   40.4364758849593     
  2.818762261190217E-003   40.4364667590915     
  2.844394058913222E-003   40.4364574665030     
  2.870258933779184E-003   40.4364480041482     
  2.896359005224093E-003   40.4364383689255     
  2.922696411956564E-003   40.4364285576768     
  2.949273312133095E-003   40.4364185671865     
  2.976091883534903E-003   40.4364083941799     
  3.003154323746385E-003   40.4363980353228     
  3.030462850335191E-003   40.4363874872198     
  3.058019701033935E-003   40.4363767464138     
  3.085827133923564E-003   40.4363658093842     
  3.113887427618390E-003   40.4363546725464     
  3.142202881452805E-003   40.4363433322500     
  3.170775815669696E-003   40.4363317847782     
  3.199608571610569E-003   40.4363200263461     
  3.228703511907409E-003   40.4363080530998     
  3.258063020676277E-003   40.4362958611150     
  3.287689503712670E-003   40.4362834463955     
  3.317585388688662E-003   40.4362708048723     
  3.347753125351831E-003   40.4362579324020     
  3.378195185725997E-003   40.4362448247656     
  3.408914064313792E-003   40.4362314776669     
  3.439912278301056E-003   40.4362178867312     
  3.471192367763110E-003   40.4362040475040     
  3.502756895872896E-003   40.4361899554494     
  3.534608449111006E-003   40.4361756059486     
  3.566749637477627E-003   40.4361609942984     
  3.599183094706413E-003   40.4361461157097     
  3.631911478480297E-003   40.4361309653061     
  3.664937470649270E-003   40.4361155381217     
  3.698263777450142E-003   40.4360998291004     
  3.731893129728291E-003   40.4360838330932     
  3.765828283161444E-003   40.4360675448576     
  3.800072018485474E-003   40.4360509590548     
  3.834627141722275E-003   40.4360340702489     
  3.869496484409682E-003   40.4360168729044     
  3.904682903833499E-003   40.4359993613849     
  3.940189283261637E-003   40.4359815299509     
  3.976018532180371E-003   40.4359633727580     
  4.012173586532749E-003   40.4359448838552     
  4.048657408959181E-003   40.4359260571827     
  4.085472989040193E-003   40.4359068865701     
  4.122623343541415E-003   40.4358873657341     
  4.160111516660766E-003   40.4358674882768     
  4.197940580277918E-003   40.4358472476833     
  4.236113634206008E-003   40.4358266373198     
  4.274633806445644E-003   40.4358056504312     
  4.313504253441223E-003   40.4357842801391     
  4.352728160339579E-003   40.4357625194394     
  4.392308741250983E-003   40.4357403612001     
  4.432249239512513E-003   40.4357177981589     
  4.472552927953821E-003   40.4356948229209     
  4.513223109165322E-003   40.4356714279559     
  4.554263115768812E-003   40.4356476055964     
  4.595676310690557E-003   40.4356233480346     
  4.637466087436854E-003   40.4355986473205     
  4.679635870372108E-003   40.4355734953583     
  4.722189114999433E-003   40.4355478839047     
  4.765129308243801E-003   40.4355218045658     
  4.808459968737778E-003   40.4354952487943     
  4.852184647109842E-003   40.4354682078867     
  4.896306926275335E-003   40.4354406729806     
  4.940830421730054E-003   40.4354126350517     
  4.985758781846518E-003   40.4353840849109     
  5.031095688172923E-003   40.4353550132012     
  5.076844855734817E-003   40.4353254103947     
  5.123010033339516E-003   40.4352952667895     
  5.169595003883303E-003   40.4352645725063     
  5.216603584661395E-003   40.4352333174856     
  5.264039627680746E-003   40.4352014914839     
  5.311907019975697E-003   40.4351690840709     
  5.360209683926482E-003   40.4351360846255     
  5.408951577580644E-003   40.4351024823327     
  5.458136694977360E-003   40.4350682661799     
  5.507769066474735E-003   40.4350334249536     
  5.557852759080046E-003   40.4349979472350     
  5.608391876783017E-003   40.4349618213972     
  5.659390560892100E-003   40.4349250356007     
  5.710852990373834E-003   40.4348875777897     
  5.762783382195268E-003   40.4348494356883     
  5.815185991669524E-003   40.4348105967964     
  5.868065112804482E-003   40.4347710483855     
  5.921425078654642E-003   40.4347307774946     
  5.975270261676185E-003   40.4346897709260     
  6.029605074085267E-003   40.4346480152410     
  6.084433968219566E-003   40.4346054967554     
  6.139761436903121E-003   40.4345622015349     
  6.195592013814475E-003   40.4345181153910     
  6.251930273858195E-003   40.4344732238757     
  6.308780833539735E-003   40.4344275122775     
  6.366148351343730E-003   40.4343809656159     
  6.424037528115731E-003   40.4343335686368     
  6.482453107447394E-003   40.4342853058077     
  6.541399876065192E-003   40.4342361613122     
  6.600882664222641E-003   40.4341861190451     
  6.660906346096118E-003   40.4341351626071     
  6.721475840184253E-003   40.4340832752994     
  6.782596109710964E-003   40.4340304401180     
  6.844272163032162E-003   40.4339766397485     
  6.906509054046150E-003   40.4339218565604     
  6.969311882607742E-003   40.4338660726009     
  7.032685794946169E-003   40.4338092695896     
  7.096635984086773E-003   40.4337514289120     
  7.161167690276533E-003   40.4336925316138     
  7.226286201413467E-003   40.4336325583945     
  7.291996853479941E-003   40.4335714896011     
  7.358305030979899E-003   40.4335093052215     
  7.425216167380103E-003   40.4334459848785     
  7.492735745555352E-003   40.4333815078224     
  7.560869298237766E-003   40.4333158529247     
  7.629622408470155E-003   40.4332489986710     
  7.699000710063507E-003   40.4331809231541     
  7.769009888058637E-003   40.4331116040665     
  7.839655679192033E-003   40.4330410186936     
  7.910943872365945E-003   40.4329691439058     
  7.982880309122732E-003   40.4328959561510     
  8.055470884123546E-003   40.4328214314473     
  8.128721545631349E-003   40.4327455453745     
  8.202638295998326E-003   40.4326682730668     
  8.277227192157744E-003   40.4325895892040     
  8.352494346120265E-003   40.4325094680037     
  8.428445925474778E-003   40.4324278832127     
  8.505088153893798E-003   40.4323448080982     
  8.582427311643442E-003   40.4322602154394     
  8.660469736098049E-003   40.4321740775185     
  8.739221822259492E-003   40.4320863661113     
  8.818690023281185E-003   40.4319970524784     
  8.898880850996885E-003   40.4319061073556     
  8.979800876454287E-003   40.4318135009442     
  9.061456730453466E-003   40.4317192029015     
  9.143855104090224E-003   40.4316231823308     
  9.227002749304384E-003   40.4315254077710     
  9.310906479433053E-003   40.4314258471869     
  9.395573169768927E-003   40.4313244679580     
  9.481009758123675E-003   40.4312212368684     
  9.567223245396437E-003   40.4311161200955     
  9.654220696147495E-003   40.4310090831995     
  9.742009239177164E-003   40.4309000911115     
  9.830596068109944E-003   40.4307891081223     
  9.919988441983987E-003   40.4306760978708     
  1.001019368584592E-002   40.4305610233320     
  1.010121919135108E-002   40.4304438468049     
  1.019307241736920E-002   40.4303245299003     
  1.028576089059561E-002   40.4302030335279     
  1.037929220616801E-002   40.4300793178838     
  1.047367402828880E-002   40.4299533424375     
  1.056891409085315E-002   40.4298250659185     
  1.066502019808271E-002   40.4296944463027     
  1.076200022516509E-002   40.4295614407991     
  1.085986211889921E-002   40.4294260058352     
  1.095861389834648E-002   40.4292880970433     
  1.105826365548788E-002   40.4291476692455     
  1.115881955588703E-002   40.4290046764395     
  1.126028983935933E-002   40.4288590717829     
  1.136268282064715E-002   40.4287108075784     
  1.146600689010114E-002   40.4285598352579     
  1.157027051436776E-002   40.4284061053669     
  1.167548223708306E-002   40.4282495675480     
  1.178165067957281E-002   40.4280901705246     
  1.188878454155889E-002   40.4279278620843     
  1.199689260187220E-002   40.4277625890615     
  1.210598371917202E-002   40.4275942973203     
  1.221606683267191E-002   40.4274229317365     
  1.232715096287221E-002   40.4272484361799     
  1.243924521229922E-002   40.4270707534960     
  1.255235876625104E-002   40.4268898254868     
  1.266650089355031E-002   40.4267055928923     
  1.278168094730364E-002   40.4265179953711     
  1.289790836566809E-002   40.4263269714802     
  1.301519267262452E-002   40.4261324586555     
  1.313354347875806E-002   40.4259343931911     
  1.325297048204555E-002   40.4257327102184     
  1.337348346865028E-002   40.4255273436851     
  1.349509231372389E-002   40.4253182263336     
  1.361780698221551E-002   40.4251052896788     
  1.374163752968839E-002   40.4248884639859     
  1.386659410314382E-002   40.4246676782477     
  1.399268694185265E-002   40.4244428601613     
  1.411992637819428E-002   40.4242139361045     
  1.424832283850335E-002   40.4239808311119     
  1.437788684392407E-002   40.4237434688499     
  1.450862901127241E-002   40.4235017715925     
  1.464056005390601E-002   40.4232556601956     
  1.477369078260208E-002   40.4230050540710     
  1.490803210644327E-002   40.4227498711602     
  1.504359503371159E-002   40.4224900279077     
  1.518039067279045E-002   40.4222254392339     
  1.531843023307492E-002   40.4219560185067     
  1.545772502589024E-002   40.4216816775140     
  1.559828646541872E-002   40.4214023264343     
  1.574012606963504E-002   40.4211178738078     
  1.588325546125004E-002   40.4208282265063     
  1.602768636866317E-002   40.4205332897031     
  1.617343062692348E-002   40.4202329668416     
  1.632050017869948E-002   40.4199271596043     
  1.646890707525771E-002   40.4196157678806     
  1.661866347745026E-002   40.4192986897337     
  1.676978165671126E-002   40.4189758213682     
  1.692227399606246E-002   40.4186470570954     
  1.707615299112791E-002   40.4183122892995     
  1.723143125115785E-002   40.4179714084021     
  1.738812150006201E-002   40.4176243028267     
  1.754623657745219E-002   40.4172708589622     
  1.770578943969441E-002   40.4169109611260     
  1.786679316097054E-002   40.4165444915261     
  1.802926093434970E-002   40.4161713302230     
  1.819320607286926E-002   40.4157913550905     
  1.835864201062579E-002   40.4154044417757     
  1.852558230387590E-002   40.4150104636589     
  1.869404063214701E-002   40.4146092918121     
  1.886403079935839E-002   40.4142007949569     
  1.903556673495216E-002   40.4137848394221     
  1.920866249503483E-002   40.4133612890999     
  1.938333226352900E-002   40.4129300054018     
  1.955959035333569E-002   40.4124908472133     
  1.973745120750714E-002   40.4120436708480     
  1.991692940043033E-002   40.4115883300011     
  2.009803963902124E-002   40.4111246757012     
  2.028079676392996E-002   40.4106525562627     
  2.046521575075680E-002   40.4101718172357     
  2.065131171127940E-002   40.4096823013560     
  2.083909989469105E-002   40.4091838484944     
  2.102859568885025E-002   40.4086762956039     
  2.121981462154160E-002   40.4081594766671     
  2.141277236174824E-002   40.4076332226422     
  2.160748472093576E-002   40.4070973614082     
  2.180396765434785E-002   40.4065517177087     
  2.200223726231372E-002   40.4059961130951     
  2.220230979156742E-002   40.4054303658685     
  2.240420163657908E-002   40.4048542910211     
  2.260792934089840E-002   40.4042677001755     
  2.281350959851020E-002   40.4036704015241     
  2.302095925520240E-002   40.4030621997664     
  2.323029530994642E-002   40.4024428960461     
  2.344153491629009E-002   40.4018122878860     
  2.365469538376328E-002   40.4011701691227     
  2.386979417929630E-002   40.4005163298398     
  2.408684892865113E-002   40.3998505562993     
  2.430587741786577E-002   40.3991726308730     
  2.452689759471170E-002   40.3984823319713     
  2.474992757016449E-002   40.3977794339718     
  2.497498561988792E-002   40.3970637071462     
  2.520209018573152E-002   40.3963349175854     
  2.543125987724174E-002   40.3955928271242     
  2.566251347318686E-002   40.3948371932643     
  2.589586992309579E-002   40.3940677690950     
  2.613134834881083E-002   40.3932843032142     
  2.636896804605457E-002   40.3924865396465     
  2.660874848601103E-002   40.3916742177605     
  2.685070931692118E-002   40.3908470721845     
  2.709487036569296E-002   40.3900048327206     
  2.734125163952598E-002   40.3891472242577     
  2.758987332755092E-002   40.3882739666821     
  2.784075580248391E-002   40.3873847747870     
  2.809391962229592E-002   40.3864793581810     
  2.834938553189732E-002   40.3855574211935     
  2.860717446483778E-002   40.3846186627796     
  2.886730754502164E-002   40.3836627764231     
  2.912980608843883E-002   40.3826894500372     
  2.939469160491156E-002   40.3816983658642     
  2.966198579985693E-002   40.3806892003727     
  2.993171057606546E-002   40.3796616241533     
  3.020388803549592E-002   40.3786153018128     
  3.047854048108643E-002   40.3775498918657     
  3.075569041858196E-002   40.3764650466242     
  3.103536055837857E-002   40.3753604120868     
  3.131757381738431E-002   40.3742356278235     
  3.160235332089715E-002   40.3730903268605     
  3.188972240449987E-002   40.3719241355619     
  3.217970461597228E-002   40.3707366735094     
  3.247232371722078E-002   40.3695275533801     
  3.276760368622544E-002   40.3682963808223     
  3.306556871900485E-002   40.3670427543284     
  3.336624323159882E-002   40.3657662651061     
  3.366965186206906E-002   40.3644664969473     
  3.397581947251811E-002   40.3631430260946     
  3.428477115112658E-002   40.3617954211049     
  3.459653221420897E-002   40.3604232427119     
  3.491112820828816E-002   40.3590260436844     
  3.522858491218871E-002   40.3576033686836     
  3.554892833914933E-002   40.3561547541173     
  3.587218473895438E-002   40.3546797279912     
  3.619838060008489E-002   40.3531778097580     
  3.652754265188913E-002   40.3516485101639     
  3.685969786677282E-002   40.3500913310921     
  3.719487346240934E-002   40.3485057654035     
  3.753309690397007E-002   40.3468912967749     
  3.787439590637486E-002   40.3452473995342     
  3.821879843656317E-002   40.3435735384926     
  3.856633271578565E-002   40.3418691687740     
  3.891702722191677E-002   40.3401337356414     
  3.927091069178827E-002   40.3383666743198     
  3.962801212354403E-002   40.3365674098170     
  3.998836077901616E-002   40.3347353567402     
  4.035198618612285E-002   40.3328699191099     
  4.071891814128797E-002   40.3309704901706     
  4.108918671188264E-002   40.3290364521978     
  4.146282223868903E-002   40.3270671763021     
  4.183985533838658E-002   40.3250620222296     
  4.222031690606078E-002   40.3230203381586     
  4.260423811773486E-002   40.3209414604936     
  4.299165043292436E-002   40.3188247136546     
  4.338258559721508E-002   40.3166694098634     
  4.377707564486430E-002   40.3144748489261     
  4.417515290142586E-002   40.3122403180119     
  4.457684998639892E-002   40.3099650914277     
  4.498219981590090E-002   40.3076484303891     
  4.539123560536480E-002   40.3052895827873     
  4.580399087226081E-002   40.3028877829523     
  4.622049943884295E-002   40.3004422514112     
  4.664079543492047E-002   40.2979521946434     
  4.706491330065461E-002   40.2954168048307     
  4.749288778938066E-002   40.2928352596034     
  4.792475397045575E-002   40.2902067217823     
  4.836054723213253E-002   40.2875303391158     
  4.880030328445900E-002   40.2848052440128     
  4.924405816220466E-002   40.2820305532708     
  4.969184822781329E-002   40.2792053677995     
  5.014371017438263E-002   40.2763287723401     
  5.059968102867101E-002   40.2733998351784     
  5.105979815413154E-002   40.2704176078547     
  5.152409925397369E-002   40.2673811248679     
  5.199262237425282E-002   40.2642894033743     
  5.246540590698776E-002   40.2611414428820     
  5.294248859330676E-002   40.2579362249398     
  5.342390952662206E-002   40.2546727128203     
  5.390970815583328E-002   40.2513498511988     
  5.439992428855994E-002   40.2479665658256     
  5.489459809440350E-002   40.2445217631936     
  5.539377010823885E-002   40.2410143301996     
  5.589748123353592E-002   40.2374431338009     
  5.640577274571136E-002   40.2338070206649     
  5.691868629551083E-002   40.2301048168139     
  5.743626391242191E-002   40.2263353272632     
  5.795854800811812E-002   40.2224973356537     
  5.848558137993426E-002   40.2185896038782     
  5.901740721437332E-002   40.2146108717012     
  5.955406909064532E-002   40.2105598563727     
  6.009561098423826E-002   40.2064352522357     
  6.064207727052165E-002   40.2022357303269     
  6.119351272838270E-002   40.1979599379710     
  6.174996254389560E-002   40.1936064983683     
  6.231147231402426E-002   40.1891740101752     
  6.287808805035859E-002   40.1846610470788     
  6.344985618288480E-002   40.1800661573629     
  6.402682356379004E-002   40.1753878634689     
  6.460903747130158E-002   40.1706246615478     
  6.519654561356085E-002   40.1657750210058     
  6.578939613253292E-002   40.1608373840427     
  6.638763760795117E-002   40.1558101651821     
  6.699131906129822E-002   40.1506917507947     
  6.760048995982283E-002   40.1454804986138     
  6.821520022059331E-002   40.1401747372424     
  6.883550021458792E-002   40.1347727656537     
  6.946144077082241E-002   40.1292728526823     
  7.009307318051504E-002   40.1236732365078     
  7.073044920128954E-002   40.1179721241310     
  7.137362106141627E-002   40.1121676908403     
  7.202264146409193E-002   40.1062580796711     
  7.267756359175821E-002   40.1002414008557     
  7.333844111045970E-002   40.0941157312654     
  7.400532817424141E-002   40.0878791138432     
  7.467827942958628E-002   40.0815295570282     
  7.535735001989317E-002   40.0750650341706     
  7.604259558999528E-002   40.0684834829382     
  7.673407229071995E-002   40.0617828047136     
  7.743183678348979E-002   40.0549608639817     
  7.813594624496566E-002   40.0480154877085     
  7.884645837173186E-002   40.0409444647103     
  7.956343138502395E-002   40.0337455450127     
  8.028692403549956E-002   40.0264164392014     
  8.101699560805256E-002   40.0189548177615     
  8.175370592667104E-002   40.0113583104082     
  8.249711535933942E-002   40.0036245054069     
  8.324728482298518E-002   39.9957509488838     
  8.400427578847056E-002   39.9877351441256     
  8.476815028562962E-002   39.9795745508699     
  8.553897090835115E-002   39.9712665845840     
  8.631680081970773E-002   39.9628086157344     
  8.710170375713155E-002   39.9541979690454     
  8.789374403763722E-002   39.9454319227468     
  8.869298656309202E-002   39.9365077078108     
  8.949949682553411E-002   39.9274225071790     
  9.031334091253920E-002   39.9181734549772     
  9.113458551263597E-002   39.9087576357203     
  9.196329792077054E-002   39.8991720835055     
  9.279954604382096E-002   39.8894137811946     
  9.364339840616155E-002   39.8794796595851     
  9.449492415527810E-002   39.8693665965701     
  9.535419306743394E-002   39.8590714162862     
  9.622127555338748E-002   39.8485908882512     
  9.709624266416203E-002   39.8379217264890     
  9.797916609686783E-002   39.8270605886439     
  9.887011820057706E-002   39.8160040750828     
  9.976917198225239E-002   39.8047487279861     
  0.100676401112729        39.7932910304264     
  0.101591879932753        39.7816274054362     
  0.102515683459070        39.7697542150630     
  0.103447887390574        39.7576677594133     
  0.104388568114513        39.7453642756848     
  0.105337802712743        39.7328399371858     
  0.106295668968047        39.7200908523440     
  0.107262245370510        39.7071130637027     
  0.108237611123949        39.6939025469054     
  0.109221846152404        39.6804552096686     
  0.110215031106686        39.6667668907426     
  0.111217247370987        39.6528333588607     
  0.112228577069547        39.6386503116768     
  0.113249103073387        39.6242133746906     
  0.114278909007096        39.6095181001623     
  0.115318079255685        39.5945599660145     
  0.116366698971503        39.5793343747238     
  0.117424854081211        39.5638366521997     
  0.118492631292828        39.5480620466535     
  0.119570118102830        39.5320057274548     
  0.120657402803326        39.5156627839781     
  0.121754574489289        39.4990282244372     
  0.122861723065856        39.4820969747101     
  0.123978939255701        39.4648638771521     
  0.125106314606459        39.4473236893994     
  0.126243941498239        39.4294710831619     
  0.127391913151184        39.4113006430062     
  0.128550323633116        39.3928068651287     
  0.129719267867243        39.3739841561192     
  0.130898841639933        39.3548268317152     
  0.132089141608570        39.3353291155474     
  0.133290265309470        39.3154851378759     
  0.134502311165872        39.2952889343191     
  0.135725378496007        39.2747344445732     
  0.136959567521235        39.2538155111255     
  0.138204979374256        39.2325258779595     
  0.139461716107398        39.2108591892532     
  0.140729880700981        39.1888089880717     
  0.142009577071751        39.1663687150533     
  0.143300910081402        39.1435317070903     
  0.144603985545162        39.1202911960048     
  0.145918910240467        39.0966403072210     
  0.147245791915712        39.0725720584324     
  0.148584739299077        39.0480793582670     
  0.149935862107437        39.0231550049498     
  0.151299271055356        38.9977916849629     
  0.152675077864154        38.9719819717056     
  0.154063395271066        38.9457183241534     
  0.155464337038479        38.9189930855176     
  0.156878017963250        38.8917984819070     
  0.158304553886121        38.8641266209907     
  0.159744061701202        38.8359694906646     
  0.161196659365557        38.8073189577227     
  0.162662465908865        38.7781667665320     
  0.164141601443176        38.7485045377149     
  0.165634187172753        38.7183237668386     
  0.167140345404002        38.6876158231120     
  0.168660199555497        38.6563719480938     
  0.170193874168092        38.6245832544104     
  0.171741494915125        38.5922407244861     
  0.173303188612717        38.5593352092875     
  0.174879083230164        38.5258574270822     
  0.176469307900424        38.4917979622145     
  0.178073992930694        38.4571472638992     
  0.179693269813094        38.4218956450344     
  0.181327271235438        38.3860332810366     
  0.182976131092107        38.3495502086983     
  0.184639984495023        38.3124363250706     
  0.186318967784716        38.2746813863730     
  0.188013218541500        38.2362750069313     
  0.189722875596747        38.1972066581472     
  0.191448079044259        38.1574656675002     
  0.193188970251752        38.1170412175851     
  0.194945691872439        38.0759223451863     
  0.196718387856717        38.0340979403930     
  0.198507203463965        37.9915567457558     
  0.200312285274447        37.9482873554883     
  0.202133781201322        37.9042782147166     
  0.203971840502766        37.8595176187786     
  0.205826613794199        37.8139937125765     
  0.207698253060632        37.7676944899855     
  0.209586911669118        37.7206077933212     
  0.211492744381318        37.6727213128693     
  0.213415907366187        37.6240225864811     
  0.215356558212765        37.5744989992371     
  0.217314855943096        37.5241377831836     
  0.219290961025256        37.4729260171444     
  0.221285035386500        37.4208506266132     
  0.223297242426536        37.3678983837277     
  0.225327747030910        37.3140559073329     
  0.227376715584518        37.2593096631344     
  0.229444315985243        37.2036459639480     
  0.231530717657707        37.1470509700488     
  0.233636091567162        37.0895106896255     
  0.235760610233491        37.0310109793426     
  0.237904447745352        36.9715375450171     
  0.240067779774438        36.9110759424133     
  0.242250783589875        36.8496115781619     
  0.244453638072748        36.7871297108069     
  0.246676523730756        36.7236154519872     
  0.248919622713006        36.6590537677574     
  0.251183118824938        36.5934294800542     
  0.253467197543388        36.5267272683124     
  0.255772046031783        36.4589316712390     
  0.258097853155481        36.3900270887491     
  0.260444809497244        36.3199977840713     
  0.262813107372859        36.2488278860278     
  0.265202940846892        36.1765013914970     
  0.267614505748596        36.1030021680636     
  0.270047999687952        36.0283139568653     
  0.272503622071863        35.9524203756404     
  0.274981574120498        35.8753049219851     
  0.277482058883777        35.7969509768285     
  0.280005281258007        35.7173418081301     
  0.282551448002679        35.6364605748099     
  0.285120767757403        35.5542903309176     
  0.287713451059009        35.4708140300494     
  0.290329710358798        35.3860145300196     
  0.292969760039949        35.2998745977961     
  0.295633816435088        35.2123769147078     
  0.298322097844016        35.1235040819317     
  0.301034824551593        35.0332386262693     
  0.303772218845792        34.9415630062210     
  0.306534505035915        34.8484596183659     
  0.309321909470968        34.7539108040578     
  0.312134660558215        34.6578988564452     
  0.314972988781890        34.5604060278255     
  0.317837126722086        34.4614145373415     
  0.320727309073811        34.3609065790303     
  0.323643772666222        34.2588643302341     
  0.326586756482030        34.1552699603819     
  0.329556501677080        34.0501056401522     
  0.332553251600120        33.9433535510259     
  0.335577251812732        33.8349958952391     
  0.338628750109461        33.7250149061456     
  0.341707996538116        33.6133928589985     
  0.344815243420264        33.5001120821607     
  0.347950745371899        33.3851549687543     
  0.351114759324312        33.2685039887569     
  0.354307544545142        33.1501417015570     
  0.357529362659622        33.0300507689743     
  0.360780477672017        32.9082139687579     
  0.364061155987255        32.7846142085688     
  0.367371666432761        32.6592345404563     
  0.370712280280483        32.5320581758382     
  0.374083271269120        32.4030685009919     
  0.377484915626556        32.2722490930657     
  0.380917492092490        32.1395837366171     
  0.384381281941282        32.0050564406876     
  0.387876569004998        31.8686514564200     
  0.391403639696668        31.7303532952249     
  0.394962783033757        31.5901467475044     
  0.398554290661847        31.4480169019376     
  0.402178456878535        31.3039491653347     
  0.405835578657548        31.1579292830632     
  0.409525955673082        31.0099433600524     
  0.413249890324350        30.8599778823784     
  0.417007687760369        30.7080197394335     
  0.420799655904961        30.5540562466821     
  0.424626105481986        30.3980751690049     
  0.428487350040804        30.2400647446312     
  0.432383705981966        30.0800137096602     
  0.436315492583144        29.9179113231687     
  0.440283032025290        29.7537473929044     
  0.444286649419038        29.5875123015601     
  0.448326672831347        29.4191970336244     
  0.452403433312378        29.2487932028045     
  0.456517264922625        29.0762930800113     
  0.460668504760289        28.9016896219009     
  0.464857492988898        28.7249764999606     
  0.469084572865185        28.5461481301292     
  0.473350090767211        28.3651997029368     
  0.477654396222751        28.1821272141513     
  0.481997841937934        27.9969274959129     
  0.486380783826145        27.8095982483393     
  0.490803581037189        27.6201380715807     
  0.495266595986722        27.4285464983024     
  0.499770194385947        27.2348240265696     
  0.504314745271583        27.0389721531081     
  0.508900621036101        26.8409934069118     
  0.513528197458243        26.6408913831656     
  0.518197853733814        26.4386707774484     
  0.522909972506751        26.2343374201814     
  0.527664939900481        26.0278983112817     
  0.532463145549559        25.8193616549787     
  0.537304982631597        25.6087368947494     
  0.542190847899482        25.3960347483245     
  0.547121141713887        25.1812672427148     
  0.552096268076076        24.9644477492046     
  0.557116634661010        24.7455910182541     
  0.562182652850754        24.5247132142522     
  0.567294737768184        24.3018319500564     
  0.572453308311008        24.0769663212516     
  0.577658787186086        23.8501369400602     
  0.582911600944071        23.6213659688287     
  0.588212180014362        23.3906771530143     
  0.593560958740373        23.1580958535920     
  0.598958375415124        22.9236490787974     
  0.604404872317157        22.6873655151188     
  0.609900895746778        22.4492755574475     
  0.615446896062625        22.2094113382926     
  0.621043327718578        21.9678067559613     
  0.626690649300988        21.7244975016056     
  0.632389323566267        21.4795210850282     
  0.638139817478795        21.2329168591430     
  0.643942602249194        20.9847260429758     
  0.649798153372937        20.7349917430932     
  0.655706950669310        20.4837589733415     
  0.661669478320729        20.2310746727758     
  0.667686224912420        19.9769877216563     
  0.673757683472450        19.7215489553854     
  0.679884351512128        19.4648111762601     
  0.686066731066776        19.2068291629072     
  0.692305328736862        18.9476596772711     
  0.698600655729515        18.6873614690202     
  0.704953227900414        18.4259952772376     
  0.711363565796059        18.1636238292602     
  0.717832194696427        17.9003118365294     
  0.724359644658010        17.6361259873182     
  0.730946450557257        17.3711349361974     
  0.737593152134396        17.1054092901058     
  0.744300294037665        16.8390215908893     
  0.751068425867942        16.5720462941773     
  0.757898102223782        16.3045597444645     
  0.764789882746857        16.0366401462710     
  0.771744332167820        15.7683675312557     
  0.778762020352580        15.4998237211637     
  0.785843522348994        15.2310922864900     
  0.792989418433994        14.9622585007513     
  0.800200294161129        14.6934092902599     
  0.807476740408557        14.4246331793033     
  0.814819353427451        14.1560202306400     
  0.822228734890868        13.8876619812290     
  0.829705491943046        13.6196513731230     
  0.837250237249154        13.3520826794616     
  0.844863589045501        13.0850514255154     
  0.852546171190191        12.8186543047419     
  0.860298613214246        12.5529890898263     
  0.868121550373188        12.2881545386964     
  0.876015623699099        12.0242502955134     
  0.883981480053145        11.7613767866567     
  0.892019772178582        11.4996351117375     
  0.900131158754245        11.2391269296929     
  0.908316304448519        10.9799543400304     
  0.916575879973807        10.7222197593133     
  0.924910562141488        10.4660257929938     
  0.933321033917377        10.2114751027267     
  0.941807984477689        9.95867026931247     
  0.950372109265514        9.70771365144432     
  0.959014110047798        9.45870724045570     
  0.967734694972854        9.21175251128721     
  0.976534578628386        8.96695026991656     
  0.985414482100045        8.72440049751916     
  0.994375133030515        8.48420219165143     
   1.00341726567914        8.24645320477346     
   1.01254162098210        8.01125008045268     
   1.02174894661309        7.77868788761479     
   1.03103999704464        7.54886005323261     
   1.04041553360991        7.32185819386808     
   1.04987632456505        7.09777194650604     
   1.05942314515220        6.87668879914163     
   1.06905677766300        6.65869392160570     
   1.07877801150267        6.44386999713355     
   1.08858764325472        6.23229705520286     
   1.09848647674623        6.02405230618522     
   1.10847532311369        5.81920997837324     
   1.11855500086948        5.61784115796044     
   1.12872633596897        5.42001363256506     
   1.13899016187813        5.22579173890012     
   1.14934731964192        5.03523621520148     
   1.15979865795312        4.84840405903185     
   1.17034503322193        4.66534839108304     
   1.18098730964612        4.48611832559928     
   1.19172635928186        4.31075884804246     
   1.20256306211518        4.13931070061453     
   1.21349830613405        3.97181027624366     
   1.22453298740118        3.80828952162799     
   1.23566801012741        3.64877584991469     
   1.24690428674586        3.49329206357206     
   1.25824273798663        3.34185628798836     
   1.26968429295228        3.19448191630308     
   1.28122988919397        3.05117756594435     
   1.29288047278829        2.91194704731033     
   1.30463699841473        2.77678934499202     
   1.31650042943399        2.64569861189113     
   1.32847173796685        2.51866417653867     
   1.34055190497388        2.39567056386817     
   1.35274192033579        2.27669752964208     
   1.36504278293455        2.16172010867132     
   1.37745550073526        2.05070867690600     
   1.38998109086870        1.94362902741040     
   1.40262057971474        1.84044246016836     
   1.41537500298639        1.74110588559523     
   1.42824540581469        1.64557194156149     
   1.44123284283437        1.55378912366047     
   1.45433837827023        1.46570192837878     
   1.46756308602436        1.38125100875448     
   1.48090804976417        1.30037334203378     
   1.49437436301114        1.22300240876461     
   1.50796312923046        1.14906838269309     
   1.52167546192143        1.07849833075965     
   1.53551248470871        1.01121642242421     
   1.54947533143442       0.947144147485638     
   1.56356514625099       0.886200541500936     
   1.57778308371498       0.828302417853637     
   1.59213030888163       0.773364605470341     
   1.60660799740038       0.721300191139400     
   1.62121733561117       0.672020765347015     
   1.63595952064165       0.625436670514014     
   1.65083576050531       0.581457250491863     
   1.66584727420045       0.539991100159402     
   1.68099529181002       0.500946313952727     
   1.69628105460252       0.464230732160007     
   1.71170581513361       0.429752183820834     
   1.72727083734882       0.397418725086352     
   1.74297739668705       0.367138871921771     
   1.75882678018518       0.338821826066972     
   1.77482028658344       0.312377693213716     
   1.79095922643187       0.287717692409075     
   1.80724492219774       0.264754355754010     
   1.82367870837386       0.243401717532956     
   1.84026193158795       0.223575491984351     
   1.85699595071303       0.205193239002773     
   1.87388213697871       0.188174517149864     
   1.89092187408357       0.172441023442901     
   1.90811655830857       0.157916719485779     
   1.92546759863144       0.144527943606407     
   1.94297641684212       0.132203508766169     
   1.96064444765932       0.120874786110050     
   1.97847313884803       0.110475774129333     
   1.99646395133817       0.100943153511323     
