  1.215775037524561E-006   173.130591425991     
  1.226830421750313E-006   173.130591425976     
  1.237986335693001E-006   173.130591425961     
  1.249243693497602E-006   173.130591425946     
  1.260603417621676E-006   173.130591425930     
  1.272066438910944E-006   173.130591425914     
  1.283633696675570E-006   173.130591425898     
  1.295306138767131E-006   173.130591425881     
  1.307084721656284E-006   173.130591425865     
  1.318970410511143E-006   173.130591425848     
  1.330964179276365E-006   173.130591425830     
  1.343067010752962E-006   173.130591425812     
  1.355279896678832E-006   173.130591425794     
  1.367603837810021E-006   173.130591425776     
  1.380039844002736E-006   173.130591425757     
  1.392588934296086E-006   173.130591425738     
  1.405252136995594E-006   173.130591425719     
  1.418030489757448E-006   173.130591425699     
  1.430925039673541E-006   173.130591425679     
  1.443936843357265E-006   173.130591425659     
  1.457066967030092E-006   173.130591425638     
  1.470316486608951E-006   173.130591425617     
  1.483686487794382E-006   173.130591425595     
  1.497178066159505E-006   173.130591425573     
  1.510792327239798E-006   173.130591425550     
  1.524530386623681E-006   173.130591425528     
  1.538393370043933E-006   173.130591425504     
  1.552382413469940E-006   173.130591425481     
  1.566498663200774E-006   173.130591425457     
  1.580743275959129E-006   173.130591425432     
  1.595117418986103E-006   173.130591425407     
  1.609622270136845E-006   173.130591425382     
  1.624259017977073E-006   173.130591425356     
  1.639028861880466E-006   173.130591425329     
  1.653933012126946E-006   173.130591425303     
  1.668972690001851E-006   173.130591425275     
  1.684149127896008E-006   173.130591425247     
  1.699463569406722E-006   173.130591425219     
  1.714917269439678E-006   173.130591425190     
  1.730511494311769E-006   173.130591425161     
  1.746247521854867E-006   173.130591425131     
  1.762126641520526E-006   173.130591425100     
  1.778150154485646E-006   173.130591425069     
  1.794319373759094E-006   173.130591425038     
  1.810635624289298E-006   173.130591425005     
  1.827100243072811E-006   173.130591424973     
  1.843714579263874E-006   173.130591424939     
  1.860479994284967E-006   173.130591424905     
  1.877397861938365E-006   173.130591424871     
  1.894469568518716E-006   173.130591424835     
  1.911696512926634E-006   173.130591424799     
  1.929080106783329E-006   173.130591424763     
  1.946621774546280E-006   173.130591424726     
  1.964322953625958E-006   173.130591424688     
  1.982185094503613E-006   173.130591424649     
  2.000209660850127E-006   173.130591424610     
  2.018398129645952E-006   173.130591424570     
  2.036751991302144E-006   173.130591424529     
  2.055272749782477E-006   173.130591424488     
  2.073961922726699E-006   173.130591424445     
  2.092821041574877E-006   173.130591424402     
  2.111851651692896E-006   173.130591424359     
  2.131055312499086E-006   173.130591424314     
  2.150433597592007E-006   173.130591424269     
  2.169988094879394E-006   173.130591424222     
  2.189720406708272E-006   173.130591424175     
  2.209632149996258E-006   173.130591424127     
  2.229724956364056E-006   173.130591424079     
  2.250000472269157E-006   173.130591424029     
  2.270460359140750E-006   173.130591423978     
  2.291106293515870E-006   173.130591423927     
  2.311939967176771E-006   173.130591423874     
  2.332963087289563E-006   173.130591423821     
  2.354177376544093E-006   173.130591423766     
  2.375584573295115E-006   173.130591423711     
  2.397186431704728E-006   173.130591423654     
  2.418984721886122E-006   173.130591423597     
  2.440981230048625E-006   173.130591423539     
  2.463177758644066E-006   173.130591423479     
  2.485576126514476E-006   173.130591423418     
  2.508178169041131E-006   173.130591423356     
  2.530985738294940E-006   173.130591423294     
  2.554000703188216E-006   173.130591423230     
  2.577224949627819E-006   173.130591423164     
  2.600660380669686E-006   173.130591423098     
  2.624308916674781E-006   173.130591423030     
  2.648172495466446E-006   173.130591422961     
  2.672253072489201E-006   173.130591422891     
  2.696552620968965E-006   173.130591422820     
  2.721073132074761E-006   173.130591422747     
  2.745816615081871E-006   173.130591422673     
  2.770785097536482E-006   173.130591422598     
  2.795980625421825E-006   173.130591422521     
  2.821405263325837E-006   173.130591422443     
  2.847061094610328E-006   173.130591422363     
  2.872950221581709E-006   173.130591422282     
  2.899074765663249E-006   173.130591422200     
  2.925436867568917E-006   173.130591422116     
  2.952038687478797E-006   173.130591422030     
  2.978882405216097E-006   173.130591421943     
  3.005970220425769E-006   173.130591421854     
  3.033304352754756E-006   173.130591421764     
  3.060887042033876E-006   173.130591421672     
  3.088720548461358E-006   173.130591421578     
  3.116807152788046E-006   173.130591421483     
  3.145149156504296E-006   173.130591421385     
  3.173748882028561E-006   173.130591421287     
  3.202608672897700E-006   173.130591421186     
  3.231730893959008E-006   173.130591421083     
  3.261117931564005E-006   173.130591420979     
  3.290772193763975E-006   173.130591420873     
  3.320696110507288E-006   173.130591420764     
  3.350892133838518E-006   173.130591420654     
  3.381362738099372E-006   173.130591420542     
  3.412110420131440E-006   173.130591420427     
  3.443137699480794E-006   173.130591420311     
  3.474447118604449E-006   173.130591420192     
  3.506041243078693E-006   173.130591420072     
  3.537922661809324E-006   173.130591419949     
  3.570093987243787E-006   173.130591419824     
  3.602557855585245E-006   173.130591419696     
  3.635316927008598E-006   173.130591419566     
  3.668373885878466E-006   173.130591419434     
  3.701731440969149E-006   173.130591419300     
  3.735392325686595E-006   173.130591419163     
  3.769359298292378E-006   173.130591419023     
  3.803635142129723E-006   173.130591418881     
  3.838222665851578E-006   173.130591418736     
  3.873124703650757E-006   173.130591418589     
  3.908344115492190E-006   173.130591418439     
  3.943883787347273E-006   173.130591418286     
  3.979746631430350E-006   173.130591418131     
  4.015935586437346E-006   173.130591417972     
  4.052453617786579E-006   173.130591417811     
  4.089303717861747E-006   173.130591417647     
  4.126488906257133E-006   173.130591417480     
  4.164012230025044E-006   173.130591417309     
  4.201876763925485E-006   173.130591417136     
  4.240085610678122E-006   173.130591416960     
  4.278641901216521E-006   173.130591416780     
  4.317548794944710E-006   173.130591416597     
  4.356809479996062E-006   173.130591416410     
  4.396427173494547E-006   173.130591416220     
  4.436405121818345E-006   173.130591416027     
  4.476746600865867E-006   173.130591415830     
  4.517454916324189E-006   173.130591415630     
  4.558533403939929E-006   173.130591415426     
  4.599985429792585E-006   173.130591415218     
  4.641814390570366E-006   173.130591415007     
  4.684023713848518E-006   173.130591414791     
  4.726616858370195E-006   173.130591414572     
  4.769597314329873E-006   173.130591414348     
  4.812968603659350E-006   173.130591414121     
  4.856734280316338E-006   173.130591413889     
  4.900897930575686E-006   173.130591413653     
  4.945463173323248E-006   173.130591413413     
  4.990433660352426E-006   173.130591413169     
  5.035813076663405E-006   173.130591412920     
  5.081605140765114E-006   173.130591412666     
  5.127813604979927E-006   173.130591412408     
  5.174442255751142E-006   173.130591412145     
  5.221494913953250E-006   173.130591411877     
  5.268975435205028E-006   173.130591411604     
  5.316887710185476E-006   173.130591411327     
  5.365235664952637E-006   173.130591411044     
  5.414023261265301E-006   173.130591410756     
  5.463254496907642E-006   173.130591410463     
  5.512933406016814E-006   173.130591410165     
  5.563064059413512E-006   173.130591409861     
  5.613650564935550E-006   173.130591409551     
  5.664697067774460E-006   173.130591409236     
  5.716207750815174E-006   173.130591408915     
  5.768186834978766E-006   173.130591408589     
  5.820638579568341E-006   173.130591408256     
  5.873567282618032E-006   173.130591407917     
  5.926977281245215E-006   173.130591407572     
  5.980872952005890E-006   173.130591407221     
  6.035258711253311E-006   173.130591406863     
  6.090139015499875E-006   173.130591406499     
  6.145518361782295E-006   173.130591406128     
  6.201401288030110E-006   173.130591405751     
  6.257792373437524E-006   173.130591405366     
  6.314696238838641E-006   173.130591404974     
  6.372117547086107E-006   173.130591404576     
  6.430061003433205E-006   173.130591404170     
  6.488531355919403E-006   173.130591403756     
  6.547533395759427E-006   173.130591403335     
  6.607071957735868E-006   173.130591402907     
  6.667151920595352E-006   173.130591402470     
  6.727778207448322E-006   173.130591402026     
  6.788955786172447E-006   173.130591401573     
  6.850689669819703E-006   173.130591401112     
  6.912984917027163E-006   173.130591400643     
  6.975846632431499E-006   173.130591400165     
  7.039279967087289E-006   173.130591399678     
  7.103290118889093E-006   173.130591399183     
  7.167882332997389E-006   173.130591398678     
  7.233061902268377E-006   173.130591398165     
  7.298834167687678E-006   173.130591397641     
  7.365204518808008E-006   173.130591397109     
  7.432178394190792E-006   173.130591396566     
  7.499761281851830E-006   173.130591396014     
  7.567958719710984E-006   173.130591395451     
  7.636776296045988E-006   173.130591394879     
  7.706219649950349E-006   173.130591394296     
  7.776294471795441E-006   173.130591393702     
  7.847006503696785E-006   173.130591393097     
  7.918361539984566E-006   173.130591392481     
  7.990365427678453E-006   173.130591391854     
  8.063024066966700E-006   173.130591391216     
  8.136343411689639E-006   173.130591390566     
  8.210329469827537E-006   173.130591389904     
  8.284988303992923E-006   173.130591389230     
  8.360326031927360E-006   173.130591388543     
  8.436348827002760E-006   173.130591387845     
  8.513062918727238E-006   173.130591387133     
  8.590474593255582E-006   173.130591386408     
  8.668590193904344E-006   173.130591385670     
  8.747416121671649E-006   173.130591384919     
  8.826958835761685E-006   173.130591384154     
  8.907224854114010E-006   173.130591383375     
  8.988220753937634E-006   173.130591382581     
  9.069953172249977E-006   173.130591381773     
  9.152428806420727E-006   173.130591380951     
  9.235654414720636E-006   173.130591380113     
  9.319636816875310E-006   173.130591379260     
  9.404382894624042E-006   173.130591378392     
  9.489899592283712E-006   173.130591377507     
  9.576193917317826E-006   173.130591376607     
  9.663272940910726E-006   173.130591375690     
  9.751143798547024E-006   173.130591374756     
  9.839813690596293E-006   173.130591373805     
  9.929289882903098E-006   173.130591372837     
  1.001957970738237E-005   173.130591371851     
  1.011069056262019E-005   173.130591370847     
  1.020262991448010E-005   173.130591369825     
  1.029540529671478E-005   173.130591368784     
  1.038902431158350E-005   173.130591367724     
  1.048349463047497E-005   173.130591366645     
  1.057882399453602E-005   173.130591365546     
  1.067502021530589E-005   173.130591364427     
  1.077209117535634E-005   173.130591363288     
  1.087004482893758E-005   173.130591362127     
  1.096888920263005E-005   173.130591360946     
  1.106863239600215E-005   173.130591359743     
  1.116928258227392E-005   173.130591358518     
  1.127084800898679E-005   173.130591357270     
  1.137333699867941E-005   173.130591356000     
  1.147675794956962E-005   173.130591354706     
  1.158111933624259E-005   173.130591353389     
  1.168642971034531E-005   173.130591352048     
  1.179269770128726E-005   173.130591350683     
  1.189993201694761E-005   173.130591349292     
  1.200814144438869E-005   173.130591347876     
  1.211733485057607E-005   173.130591346434     
  1.222752118310513E-005   173.130591344966     
  1.233870947093426E-005   173.130591343471     
  1.245090882512470E-005   173.130591341948     
  1.256412843958712E-005   173.130591340398     
  1.267837759183501E-005   173.130591338820     
  1.279366564374492E-005   173.130591337212     
  1.291000204232356E-005   173.130591335576     
  1.302739632048191E-005   173.130591333909     
  1.314585809781641E-005   173.130591332212     
  1.326539708139719E-005   173.130591330484     
  1.338602306656351E-005   173.130591328725     
  1.350774593772639E-005   173.130591326933     
  1.363057566917857E-005   173.130591325108     
  1.375452232591186E-005   173.130591323250     
  1.387959606444186E-005   173.130591321359     
  1.400580713364022E-005   173.130591319432     
  1.413316587557445E-005   173.130591317471     
  1.426168272635542E-005   173.130591315473     
  1.439136821699245E-005   173.130591313440     
  1.452223297425633E-005   173.130591311369     
  1.465428772155003E-005   173.130591309260     
  1.478754327978746E-005   173.130591307112     
  1.492201056828012E-005   173.130591304926     
  1.505770060563190E-005   173.130591302699     
  1.519462451064195E-005   173.130591300432     
  1.533279350321579E-005   173.130591298123     
  1.547221890528467E-005   173.130591295773     
  1.561291214173337E-005   173.130591293379     
  1.575488474133635E-005   173.130591290941     
  1.589814833770247E-005   173.130591288459     
  1.604271467022824E-005   173.130591285932     
  1.618859558505982E-005   173.130591283358     
  1.633580303606371E-005   173.130591280738     
  1.648434908580628E-005   173.130591278069     
  1.663424590654220E-005   173.130591275352     
  1.678550578121186E-005   173.130591272585     
  1.693814110444791E-005   173.130591269768     
  1.709216438359087E-005   173.130591266899     
  1.724758823971400E-005   173.130591263978     
  1.740442540865757E-005   173.130591261003     
  1.756268874207238E-005   173.130591257974     
  1.772239120847294E-005   173.130591254890     
  1.788354589430009E-005   173.130591251749     
  1.804616600499336E-005   173.130591248551     
  1.821026486607307E-005   173.130591245295     
  1.837585592423220E-005   173.130591241979     
  1.854295274843834E-005   173.130591238602     
  1.871156903104549E-005   173.130591235164     
  1.888171858891607E-005   173.130591231663     
  1.905341536455314E-005   173.130591228098     
  1.922667342724283E-005   173.130591224468     
  1.940150697420726E-005   173.130591220771     
  1.957793033176788E-005   173.130591217007     
  1.975595795651941E-005   173.130591213174     
  1.993560443651446E-005   173.130591209272     
  2.011688449245888E-005   173.130591205298     
  2.029981297891806E-005   173.130591201251     
  2.048440488553410E-005   173.130591197130     
  2.067067533825417E-005   173.130591192935     
  2.085863960056990E-005   173.130591188662     
  2.104831307476815E-005   173.130591184311     
  2.123971130319311E-005   173.130591179881     
  2.143284996951986E-005   173.130591175370     
  2.162774490003957E-005   173.130591170777     
  2.182441206495631E-005   173.130591166099     
  2.202286757969570E-005   173.130591161337     
  2.222312770622546E-005   173.130591156487     
  2.242520885438798E-005   173.130591151548     
  2.262912758324492E-005   173.130591146520     
  2.283490060243416E-005   173.130591141399     
  2.304254477353902E-005   173.130591136185     
  2.325207711146994E-005   173.130591130876     
  2.346351478585873E-005   173.130591125470     
  2.367687512246545E-005   173.130591119965     
  2.389217560459821E-005   173.130591114359     
  2.410943387454574E-005   173.130591108651     
  2.432866773502306E-005   173.130591102838     
  2.454989515063029E-005   173.130591096920     
  2.477313424932471E-005   173.130591090893     
  2.499840332390619E-005   173.130591084757     
  2.522572083351621E-005   173.130591078508     
  2.545510540515038E-005   173.130591072145     
  2.568657583518483E-005   173.130591065665     
  2.592015109091644E-005   173.130591059068     
  2.615585031211701E-005   173.130591052350     
  2.639369281260170E-005   173.130591045509     
  2.663369808181163E-005   173.130591038543     
  2.687588578641086E-005   173.130591031450     
  2.712027577189795E-005   173.130591024227     
  2.736688806423221E-005   173.130591016872     
  2.761574287147457E-005   173.130591009383     
  2.786686058544356E-005   173.130591001757     
  2.812026178338625E-005   173.130590993992     
  2.837596722966443E-005   173.130590986085     
  2.863399787745601E-005   173.130590978033     
  2.889437487047208E-005   173.130590969835     
  2.915711954468944E-005   173.130590961486     
  2.942225343009892E-005   173.130590952985     
  2.968979825246959E-005   173.130590944329     
  2.995977593512907E-005   173.130590935515     
  3.023220860075995E-005   173.130590926539     
  3.050711857321260E-005   173.130590917400     
  3.078452837933444E-005   173.130590908094     
  3.106446075081582E-005   173.130590898617     
  3.134693862605278E-005   173.130590888968     
  3.163198515202662E-005   173.130590879142     
  3.191962368620065E-005   173.130590869137     
  3.220987779843418E-005   173.130590858948     
  3.250277127291385E-005   173.130590848574     
  3.279832811010261E-005   173.130590838011     
  3.309657252870638E-005   173.130590827254     
  3.339752896765854E-005   173.130590816301     
  3.370122208812262E-005   173.130590805147     
  3.400767677551299E-005   173.130590793790     
  3.431691814153412E-005   173.130590782225     
  3.462897152623827E-005   173.130590770450     
  3.494386250010190E-005   173.130590758459     
  3.526161686612102E-005   173.130590746248     
  3.558226066192552E-005   173.130590733815     
  3.590582016191280E-005   173.130590721155     
  3.623232187940073E-005   173.130590708263     
  3.656179256880021E-005   173.130590695136     
  3.689425922780758E-005   173.130590681769     
  3.722974909961676E-005   173.130590668158     
  3.756828967515173E-005   173.130590654298     
  3.790990869531917E-005   173.130590640185     
  3.825463415328160E-005   173.130590625814     
  3.860249429675125E-005   173.130590611181     
  3.895351763030475E-005   173.130590596280     
  3.930773291771884E-005   173.130590581107     
  3.966516918432738E-005   173.130590565657     
  4.002585571939975E-005   173.130590549925     
  4.038982207854088E-005   173.130590533905     
  4.075709808611315E-005   173.130590517592     
  4.112771383768023E-005   173.130590500982     
  4.150169970247322E-005   173.130590484068     
  4.187908632587916E-005   173.130590466845     
  4.225990463195226E-005   173.130590449307     
  4.264418582594776E-005   173.130590431449     
  4.303196139687917E-005   173.130590413265     
  4.342326312009836E-005   173.130590394748     
  4.381812305989947E-005   173.130590375894     
  4.421657357214622E-005   173.130590356694     
  4.461864730692338E-005   173.130590337144     
  4.502437721121202E-005   173.130590317237     
  4.543379653158946E-005   173.130590296966     
  4.584693881695344E-005   173.130590276325     
  4.626383792127128E-005   173.130590255307     
  4.668452800635395E-005   173.130590233904     
  4.710904354465535E-005   173.130590212111     
  4.753741932209709E-005   173.130590189920     
  4.796969044091900E-005   173.130590167323     
  4.840589232255539E-005   173.130590144313     
  4.884606071053764E-005   173.130590120883     
  4.929023167342313E-005   173.130590097025     
  4.973844160775074E-005   173.130590072731     
  5.019072724102335E-005   173.130590047993     
  5.064712563471734E-005   173.130590022803     
  5.110767418731948E-005   173.130589997153     
  5.157241063739154E-005   173.130589971035     
  5.204137306666261E-005   173.130589944439     
  5.251459990314965E-005   173.130589917357     
  5.299212992430642E-005   173.130589889781     
  5.347400226020093E-005   173.130589861701     
  5.396025639672192E-005   173.130589833108     
  5.445093217881440E-005   173.130589803992     
  5.494606981374467E-005   173.130589774345     
  5.544570987439503E-005   173.130589744155     
  5.594989330258837E-005   173.130589713415     
  5.645866141244312E-005   173.130589682113     
  5.697205589375860E-005   173.130589650238     
  5.749011881543115E-005   173.130589617782     
  5.801289262890149E-005   173.130589584733     
  5.854042017163315E-005   173.130589551079     
  5.907274467062279E-005   173.130589516811     
  5.960990974594233E-005   173.130589481917     
  6.015195941431323E-005   173.130589446386     
  6.069893809271341E-005   173.130589410205     
  6.125089060201679E-005   173.130589373363     
  6.180786217066619E-005   173.130589335849     
  6.236989843837927E-005   173.130589297649     
  6.293704545988859E-005   173.130589258751     
  6.350934970871526E-005   173.130589219142     
  6.408685808097723E-005   173.130589178810     
  6.466961789923196E-005   173.130589137741     
  6.525767691635434E-005   173.130589095921     
  6.585108331944947E-005   173.130589053338     
  6.644988573380143E-005   173.130589009976     
  6.705413322685762E-005   173.130588965823     
  6.766387531224957E-005   173.130588920863     
  6.827916195385015E-005   173.130588875081     
  6.890004356986783E-005   173.130588828463     
  6.952657103697793E-005   173.130588780993     
  7.015879569449178E-005   173.130588732657     
  7.079676934856344E-005   173.130588683437     
  7.144054427643494E-005   173.130588633317     
  7.209017323071993E-005   173.130588582283     
  7.274570944372642E-005   173.130588530315     
  7.340720663181872E-005   173.130588477399     
  7.407471899981926E-005   173.130588423515     
  7.474830124545004E-005   173.130588368648     
  7.542800856381487E-005   173.130588312778     
  7.611389665192219E-005   173.130588255887     
  7.680602171324893E-005   173.130588197957     
  7.750444046234606E-005   173.130588138968     
  7.820921012948598E-005   173.130588078902     
  7.892038846535194E-005   173.130588017738     
  7.963803374577039E-005   173.130587955457     
  8.036220477648639E-005   173.130587892038     
  8.109296089798202E-005   173.130587827461     
  8.183036199033911E-005   173.130587761704     
  8.257446847814592E-005   173.130587694745     
  8.332534133544848E-005   173.130587626563     
  8.408304209074692E-005   173.130587557136     
  8.484763283203734E-005   173.130587486440     
  8.561917621189949E-005   173.130587414453     
  8.639773545263061E-005   173.130587341150     
  8.718337435142599E-005   173.130587266508     
  8.797615728560690E-005   173.130587190503     
  8.877614921789557E-005   173.130587113109     
  8.958341570173859E-005   173.130587034301     
  9.039802288667844E-005   173.130586954053     
  9.122003752377400E-005   173.130586872340     
  9.204952697107028E-005   173.130586789133     
  9.288655919911796E-005   173.130586704406     
  9.373120279654303E-005   173.130586618132     
  9.458352697566714E-005   173.130586530281     
  9.544360157817901E-005   173.130586440825     
  9.631149708085756E-005   173.130586349735     
  9.718728460134677E-005   173.130586256981     
  9.807103590398340E-005   173.130586162532     
  9.896282340567751E-005   173.130586066358     
  9.986272018184645E-005   173.130585968427     
  1.007707999724029E-004   173.130585868707     
  1.016871371877974E-004   173.130585767164     
  1.026118069151154E-004   173.130585663767     
  1.035448849242306E-004   173.130585558481     
  1.044864476740132E-004   173.130585451271     
  1.054365723185956E-004   173.130585342103     
  1.063953367136943E-004   173.130585230940     
  1.073628194229899E-004   173.130585117746     
  1.083390997245644E-004   173.130585002484     
  1.093242576173978E-004   173.130584885117     
  1.103183738279234E-004   173.130584765605     
  1.113215298166424E-004   173.130584643910     
  1.123338077847995E-004   173.130584519992     
  1.133552906811184E-004   173.130584393810     
  1.143860622085987E-004   173.130584265322     
  1.154262068313750E-004   173.130584134487     
  1.164758097816382E-004   173.130584001262     
  1.175349570666190E-004   173.130583865603     
  1.186037354756366E-004   173.130583727466     
  1.196822325872095E-004   173.130583586805     
  1.207705367762324E-004   173.130583443574     
  1.218687372212178E-004   173.130583297727     
  1.229769239116034E-004   173.130583149214     
  1.240951876551263E-004   173.130582997989     
  1.252236200852637E-004   173.130582844001     
  1.263623136687419E-004   173.130582687200     
  1.275113617131132E-004   173.130582527534     
  1.286708583744015E-004   173.130582364951     
  1.298408986648180E-004   173.130582199398     
  1.310215784605467E-004   173.130582030820     
  1.322129945096006E-004   173.130581859163     
  1.334152444397497E-004   173.130581684369     
  1.346284267665207E-004   173.130581506382     
  1.358526409012696E-004   173.130581325144     
  1.370879871593279E-004   173.130581140594     
  1.383345667682227E-004   173.130580952673     
  1.395924818759712E-004   173.130580761318     
  1.408618355594515E-004   173.130580566468     
  1.421427318328487E-004   173.130580368058     
  1.434352756561779E-004   173.130580166023     
  1.447395729438854E-004   173.130579960297     
  1.460557305735272E-004   173.130579750813     
  1.473838563945269E-004   173.130579537501     
  1.487240592370134E-004   173.130579320292     
  1.500764489207386E-004   173.130579099116     
  1.514411362640759E-004   173.130578873898     
  1.528182330931018E-004   173.130578644566     
  1.542078522507584E-004   173.130578411044     
  1.556101076061006E-004   173.130578173256     
  1.570251140636266E-004   173.130577931124     
  1.584529875726934E-004   173.130577684568     
  1.598938451370181E-004   173.130577433508     
  1.613478048242657E-004   173.130577177861     
  1.628149857757236E-004   173.130576917543     
  1.642955082160641E-004   173.130576652470     
  1.657894934631968E-004   173.130576382554     
  1.672970639382087E-004   173.130576107707     
  1.688183431753964E-004   173.130575827839     
  1.703534558323884E-004   173.130575542857     
  1.719025277003603E-004   173.130575252670     
  1.734656857143421E-004   173.130574957181     
  1.750430579636197E-004   173.130574656293     
  1.766347737022308E-004   173.130574349908     
  1.782409633595568E-004   173.130574037926     
  1.798617585510096E-004   173.130573720245     
  1.814972920888173E-004   173.130573396759     
  1.831476979929071E-004   173.130573067364     
  1.848131115018867E-004   173.130572731951     
  1.864936690841269E-004   173.130572390410     
  1.881895084489433E-004   173.130572042630     
  1.899007685578814E-004   173.130571688495     
  1.916275896361030E-004   173.130571327891     
  1.933701131838766E-004   173.130570960699     
  1.951284819881726E-004   173.130570586799     
  1.969028401343633E-004   173.130570206068     
  1.986933330180300E-004   173.130569818381     
  2.005001073568766E-004   173.130569423611     
  2.023233112027527E-004   173.130569021630     
  2.041630939537847E-004   173.130568612304     
  2.060196063666181E-004   173.130568195500     
  2.078930005687714E-004   173.130567771082     
  2.097834300711011E-004   173.130567338910     
  2.116910497803809E-004   173.130566898842     
  2.136160160119957E-004   173.130566450735     
  2.155584865027499E-004   173.130565994441     
  2.175186204237932E-004   173.130565529811     
  2.194965783936631E-004   173.130565056692     
  2.214925224914468E-004   173.130564574930     
  2.235066162700622E-004   173.130564084367     
  2.255390247696596E-004   173.130563584841     
  2.275899145311462E-004   173.130563076189     
  2.296594536098321E-004   173.130562558245     
  2.317478115892019E-004   173.130562030838     
  2.338551595948103E-004   173.130561493796     
  2.359816703083049E-004   173.130560946943     
  2.381275179815760E-004   173.130560390099     
  2.402928784510353E-004   173.130559823081     
  2.424779291520245E-004   173.130559245705     
  2.446828491333547E-004   173.130558657781     
  2.469078190719783E-004   173.130558059115     
  2.491530212877937E-004   173.130557449513     
  2.514186397585858E-004   173.130556828773     
  2.537048601351011E-004   173.130556196694     
  2.560118697562602E-004   173.130555553066     
  2.583398576645096E-004   173.130554897680     
  2.606890146213119E-004   173.130554230320     
  2.630595331227770E-004   173.130553550769     
  2.654516074154362E-004   173.130552858802     
  2.678654335121592E-004   173.130552154194     
  2.703012092082159E-004   173.130551436713     
  2.727591340974838E-004   173.130550706124     
  2.752394095888041E-004   173.130549962188     
  2.777422389224850E-004   173.130549204660     
  2.802678271869560E-004   173.130548433294     
  2.828163813355733E-004   173.130547647835     
  2.853881102035782E-004   173.130546848026     
  2.879832245252096E-004   173.130546033605     
  2.906019369509720E-004   173.130545204306     
  2.932444620650607E-004   173.130544359856     
  2.959110164029456E-004   173.130543499978     
  2.986018184691143E-004   173.130542624391     
  3.013170887549774E-004   173.130541732808     
  3.040570497569354E-004   173.130540824936     
  3.068219259946117E-004   173.130539900478     
  3.096119440292494E-004   173.130538959131     
  3.124273324822766E-004   173.130538000586     
  3.152683220540408E-004   173.130537024529     
  3.181351455427121E-004   173.130536030641     
  3.210280378633601E-004   173.130535018595     
  3.239472360672031E-004   173.130533988059     
  3.268929793610327E-004   173.130532938697     
  3.298655091268153E-004   173.130531870163     
  3.328650689414711E-004   173.130530782108     
  3.358919045968340E-004   173.130529674175     
  3.389462641197920E-004   173.130528546001     
  3.420283977926113E-004   173.130527397217     
  3.451385581734453E-004   173.130526227444     
  3.482770001170293E-004   173.130525036301     
  3.514439807955649E-004   173.130523823397     
  3.546397597197925E-004   173.130522588334     
  3.578645987602564E-004   173.130521330707     
  3.611187621687640E-004   173.130520050104     
  3.644025166000382E-004   173.130518746106     
  3.677161311335683E-004   173.130517418284     
  3.710598772956593E-004   173.130516066204     
  3.744340290816809E-004   173.130514689423     
  3.778388629785201E-004   173.130513287489     
  3.812746579872366E-004   173.130511859943     
  3.847416956459252E-004   173.130510406316     
  3.882402600527859E-004   173.130508926133     
  3.917706378894034E-004   173.130507418908     
  3.953331184442387E-004   173.130505884148     
  3.989279936363341E-004   173.130504321348     
  4.025555580392338E-004   173.130502729997     
  4.062161089051221E-004   173.130501109573     
  4.099099461891809E-004   173.130499459546     
  4.136373725741689E-004   173.130497779373     
  4.173986934952244E-004   173.130496068506     
  4.211942171648931E-004   173.130494326382     
  4.250242545983840E-004   173.130492552430     
  4.288891196390549E-004   173.130490746070     
  4.327891289841297E-004   173.130488906709     
  4.367246022106489E-004   173.130487033745     
  4.406958618016569E-004   173.130485126563     
  4.447032331726273E-004   173.130483184538     
  4.487470446981279E-004   173.130481207033     
  4.528276277387288E-004   173.130479193402     
  4.569453166681551E-004   173.130477142982     
  4.611004489006858E-004   173.130475055103     
  4.652933649188031E-004   173.130472929080     
  4.695244083010922E-004   173.130470764217     
  4.737939257503948E-004   173.130468559803     
  4.781022671222190E-004   173.130466315116     
  4.824497854534075E-004   173.130464029420     
  4.868368369910662E-004   173.130461701966     
  4.912637812217563E-004   173.130459331992     
  4.957309809009507E-004   173.130456918719     
  5.002388020827607E-004   173.130454461359     
  5.047876141499301E-004   173.130451959104     
  5.093777898441038E-004   173.130449411135     
  5.140097052963713E-004   173.130446816616     
  5.186837400580879E-004   173.130444174698     
  5.234002771319760E-004   173.130441484513     
  5.281597030035097E-004   173.130438745181     
  5.329624076725841E-004   173.130435955804     
  5.378087846854723E-004   173.130433115467     
  5.426992311670754E-004   173.130430223239     
  5.476341478534621E-004   173.130427278172     
  5.526139391247072E-004   173.130424279301     
  5.576390130380271E-004   173.130421225643     
  5.627097813612172E-004   173.130418116198     
  5.678266596063931E-004   173.130414949944     
  5.729900670640391E-004   173.130411725846     
  5.782004268373657E-004   173.130408442846     
  5.834581658769797E-004   173.130405099869     
  5.887637150158699E-004   173.130401695817     
  5.941175090047109E-004   173.130398229577     
  5.995199865474868E-004   173.130394700010     
  6.049715903374407E-004   173.130391105961     
  6.104727670933500E-004   173.130387446252     
  6.160239675961312E-004   173.130383719683     
  6.216256467257786E-004   173.130379925032     
  6.272782634986383E-004   173.130376061056     
  6.329822811050205E-004   173.130372126488     
  6.387381669471559E-004   173.130368120038     
  6.445463926774944E-004   173.130364040394     
  6.504074342373549E-004   173.130359886217     
  6.563217718959240E-004   173.130355656147     
  6.622898902896112E-004   173.130351348797     
  6.683122784617611E-004   173.130346962756     
  6.743894299027270E-004   173.130342496584     
  6.805218425903086E-004   173.130337948819     
  6.867100190305580E-004   173.130333317970     
  6.929544662989560E-004   173.130328602519     
  6.992556960819628E-004   173.130323800920     
  7.056142247189482E-004   173.130318911600     
  7.120305732445008E-004   173.130313932956     
  7.185052674311232E-004   173.130308863356     
  7.250388378323147E-004   173.130303701138     
  7.316318198260474E-004   173.130298444610     
  7.382847536586357E-004   173.130293092050     
  7.449981844890053E-004   173.130287641703     
  7.517726624333656E-004   173.130282091782     
  7.586087426102871E-004   173.130276440468     
  7.655069851861897E-004   173.130270685910     
  7.724679554212442E-004   173.130264826220     
  7.794922237156906E-004   173.130258859478     
  7.865803656565791E-004   173.130252783729     
  7.937329620649345E-004   173.130246596980     
  8.009505990433503E-004   173.130240297204     
  8.082338680240165E-004   173.130233882337     
  8.155833658171812E-004   173.130227350274     
  8.229996946600566E-004   173.130220698876     
  8.304834622661668E-004   173.130213925963     
  8.380352818751463E-004   173.130207029314     
  8.456557723029893E-004   173.130200006668     
  8.533455579927584E-004   173.130192855724     
  8.611052690657523E-004   173.130185574138     
  8.689355413731400E-004   173.130178159523     
  8.768370165480636E-004   173.130170609449     
  8.848103420582162E-004   173.130162921442     
  8.928561712588962E-004   173.130155092980     
  9.009751634465457E-004   173.130147121499     
  9.091679839127747E-004   173.130139004385     
  9.174353039988768E-004   173.130130738978     
  9.257778011508408E-004   173.130122322569     
  9.341961589748620E-004   173.130113752398     
  9.426910672933596E-004   173.130105025658     
  9.512632222015017E-004   173.130096139487     
  9.599133261242453E-004   173.130087090972     
  9.686420878738951E-004   173.130077877149     
  9.774502227081854E-004   173.130068494996     
  9.863384523888907E-004   173.130058941439     
  9.953075052409673E-004   173.130049213347     
  1.004358116212235E-003   173.130039307530     
  1.013491026933603E-003   173.130029220741     
  1.022706985779836E-003   173.130018949676     
  1.032006747930882E-003   173.130008490966     
  1.041391075433752E-003   173.129997841184     
  1.050860737264966E-003   173.129986996839     
  1.060416509393564E-003   173.129975954377     
  1.070059174844687E-003   173.129964710178     
  1.079789523763749E-003   173.129953260557     
  1.089608353481175E-003   173.129941601761     
  1.099516468577740E-003   173.129929729968     
  1.109514680950499E-003   173.129917641287     
  1.119603809879314E-003   173.129905331756     
  1.129784682093992E-003   173.129892797340     
  1.140058131842022E-003   173.129880033930     
  1.150425000956944E-003   173.129867037344     
  1.160886138927326E-003   173.129853803320     
  1.171442402966373E-003   173.129840327522     
  1.182094658082173E-003   173.129826605533     
  1.192843777148572E-003   173.129812632854     
  1.203690640976707E-003   173.129798404906     
  1.214636138387178E-003   173.129783917025     
  1.225681166282878E-003   173.129769164462     
  1.236826629722492E-003   173.129754142383     
  1.248073441994658E-003   173.129738845863     
  1.259422524692804E-003   173.129723269889     
  1.270874807790667E-003   173.129707409354     
  1.282431229718495E-003   173.129691259061     
  1.294092737439948E-003   173.129674813716     
  1.305860286529691E-003   173.129658067929     
  1.317734841251699E-003   173.129641016210     
  1.329717374638271E-003   173.129623652970     
  1.341808868569760E-003   173.129605972520     
  1.354010313855036E-003   173.129587969062     
  1.366322710312672E-003   173.129569636697     
  1.378747066852870E-003   173.129550969415     
  1.391284401560139E-003   173.129531961099     
  1.403935741776714E-003   173.129512605516     
  1.416702124186745E-003   173.129492896324     
  1.429584594901240E-003   173.129472827062     
  1.442584209543789E-003   173.129452391153     
  1.455702033337064E-003   173.129431581897     
  1.468939141190107E-003   173.129410392474     
  1.482296617786410E-003   173.129388815939     
  1.495775557672796E-003   173.129366845219     
  1.509377065349111E-003   173.129344473114     
  1.523102255358726E-003   173.129321692291     
  1.536952252379874E-003   173.129298495282     
  1.550928191317798E-003   173.129274874484     
  1.565031217397754E-003   173.129250822156     
  1.579262486258857E-003   173.129226330413     
  1.593623164048769E-003   173.129201391228     
  1.608114427519263E-003   173.129175996426     
  1.622737464122647E-003   173.129150137684     
  1.637493472109064E-003   173.129123806527     
  1.652383660624685E-003   173.129096994323     
  1.667409249810786E-003   173.129069692285     
  1.682571470903732E-003   173.129041891463     
  1.697871566335864E-003   173.129013582746     
  1.713310789837312E-003   173.128984756855     
  1.728890406538725E-003   173.128955404341     
  1.744611693074942E-003   173.128925515585     
  1.760475937689599E-003   173.128895080788     
  1.776484440340697E-003   173.128864089976     
  1.792638512807117E-003   173.128832532991     
  1.808939478796118E-003   173.128800399490     
  1.825388674051798E-003   173.128767678940     
  1.841987446464553E-003   173.128734360616     
  1.858737156181526E-003   173.128700433599     
  1.875639175718059E-003   173.128665886767     
  1.892694890070162E-003   173.128630708798     
  1.909905696828005E-003   173.128594888161     
  1.927273006290435E-003   173.128558413116     
  1.944798241580546E-003   173.128521271707     
  1.962482838762289E-003   173.128483451760     
  1.980328246958149E-003   173.128444940881     
  1.998335928467888E-003   173.128405726445     
  2.016507358888371E-003   173.128365795600     
  2.034844027234481E-003   173.128325135259     
  2.053347436061133E-003   173.128283732093     
  2.072019101586393E-003   173.128241572533     
  2.090860553815727E-003   173.128198642761     
  2.109873336667370E-003   173.128154928704     
  2.129059008098839E-003   173.128110416036     
  2.148419140234597E-003   173.128065090168     
  2.167955319494877E-003   173.128018936242     
  2.187669146725678E-003   173.127971939131     
  2.207562237329941E-003   173.127924083431     
  2.227636221399918E-003   173.127875353458     
  2.247892743850751E-003   173.127825733239     
  2.268333464555258E-003   173.127775206511     
  2.288960058479945E-003   173.127723756713     
  2.309774215822261E-003   173.127671366981     
  2.330777642149095E-003   173.127618020145     
  2.351972058536535E-003   173.127563698720     
  2.373359201710899E-003   173.127508384901     
  2.394940824191044E-003   173.127452060558     
  2.416718694431974E-003   173.127394707231     
  2.438694596969753E-003   173.127336306121     
  2.460870332567731E-003   173.127276838088     
  2.483247718364107E-003   173.127216283640     
  2.505828588020829E-003   173.127154622930     
  2.528614791873847E-003   173.127091835747     
  2.551608197084736E-003   173.127027901514     
  2.574810687793698E-003   173.126962799275     
  2.598224165273950E-003   173.126896507693     
  2.621850548087519E-003   173.126829005040     
  2.645691772242462E-003   173.126760269191     
  2.669749791351496E-003   173.126690277619     
  2.694026576792089E-003   173.126619007382     
  2.718524117868000E-003   173.126546435123     
  2.743244421972284E-003   173.126472537055     
  2.768189514751789E-003   173.126397288957     
  2.793361440273135E-003   173.126320666168     
  2.818762261190217E-003   173.126242643573     
  2.844394058913222E-003   173.126163195601     
  2.870258933779184E-003   173.126082296212     
  2.896359005224093E-003   173.125999918891     
  2.922696411956564E-003   173.125916036640     
  2.949273312133095E-003   173.125830621965     
  2.976091883534903E-003   173.125743646873     
  3.003154323746385E-003   173.125655082856     
  3.030462850335191E-003   173.125564900889     
  3.058019701033935E-003   173.125473071415     
  3.085827133923564E-003   173.125379564335     
  3.113887427618390E-003   173.125284349004     
  3.142202881452805E-003   173.125187394216     
  3.170775815669696E-003   173.125088668193     
  3.199608571610569E-003   173.124988138579     
  3.228703511907409E-003   173.124885772425     
  3.258063020676277E-003   173.124781536181     
  3.287689503712670E-003   173.124675395686     
  3.317585388688662E-003   173.124567316151     
  3.347753125351831E-003   173.124457262155     
  3.378195185725997E-003   173.124345197628     
  3.408914064313792E-003   173.124231085843     
  3.439912278301056E-003   173.124114889399     
  3.471192367763110E-003   173.123996570216     
  3.502756895872896E-003   173.123876089514     
  3.534608449111006E-003   173.123753407808     
  3.566749637477627E-003   173.123628484890     
  3.599183094706413E-003   173.123501279819     
  3.631911478480297E-003   173.123371750905     
  3.664937470649270E-003   173.123239855696     
  3.698263777450142E-003   173.123105550965     
  3.731893129728291E-003   173.122968792697     
  3.765828283161444E-003   173.122829536071     
  3.800072018485474E-003   173.122687735449     
  3.834627141722275E-003   173.122543344357     
  3.869496484409682E-003   173.122396315474     
  3.904682903833499E-003   173.122246600615     
  3.940189283261637E-003   173.122094150713     
  3.976018532180371E-003   173.121938915806     
  4.012173586532749E-003   173.121780845020     
  4.048657408959181E-003   173.121619886551     
  4.085472989040193E-003   173.121455987647     
  4.122623343541415E-003   173.121289094596     
  4.160111516660766E-003   173.121119152703     
  4.197940580277918E-003   173.120946106274     
  4.236113634206008E-003   173.120769898597     
  4.274633806445644E-003   173.120590471926     
  4.313504253441223E-003   173.120407767459     
  4.352728160339579E-003   173.120221725321     
  4.392308741250983E-003   173.120032284542     
  4.432249239512513E-003   173.119839383039     
  4.472552927953821E-003   173.119642957595     
  4.513223109165322E-003   173.119442943839     
  4.554263115768812E-003   173.119239276225     
  4.595676310690557E-003   173.119031888006     
  4.637466087436854E-003   173.118820711221     
  4.679635870372108E-003   173.118605676663     
  4.722189114999433E-003   173.118386713866     
  4.765129308243801E-003   173.118163751073     
  4.808459968737778E-003   173.117936715217     
  4.852184647109842E-003   173.117705531899     
  4.896306926275335E-003   173.117470125358     
  4.940830421730054E-003   173.117230418452     
  4.985758781846518E-003   173.116986332628     
  5.031095688172923E-003   173.116737787899     
  5.076844855734817E-003   173.116484702819     
  5.123010033339516E-003   173.116226994451     
  5.169595003883303E-003   173.115964578347     
  5.216603584661395E-003   173.115697368514     
  5.264039627680746E-003   173.115425277390     
  5.311907019975697E-003   173.115148215813     
  5.360209683926482E-003   173.114866092994     
  5.408951577580644E-003   173.114578816484     
  5.458136694977360E-003   173.114286292147     
  5.507769066474735E-003   173.113988424127     
  5.557852759080046E-003   173.113685114819     
  5.608391876783017E-003   173.113376264835     
  5.659390560892100E-003   173.113061772970     
  5.710852990373834E-003   173.112741536172     
  5.762783382195268E-003   173.112415449510     
  5.815185991669524E-003   173.112083406132     
  5.868065112804482E-003   173.111745297238     
  5.921425078654642E-003   173.111401012040     
  5.975270261676185E-003   173.111050437726     
  6.029605074085267E-003   173.110693459427     
  6.084433968219566E-003   173.110329960173     
  6.139761436903121E-003   173.109959820860     
  6.195592013814475E-003   173.109582920209     
  6.251930273858195E-003   173.109199134724     
  6.308780833539735E-003   173.108808338659     
  6.366148351343730E-003   173.108410403966     
  6.424037528115731E-003   173.108005200264     
  6.482453107447394E-003   173.107592594787     
  6.541399876065192E-003   173.107172452348     
  6.600882664222641E-003   173.106744635290     
  6.660906346096118E-003   173.106309003443     
  6.721475840184253E-003   173.105865414077     
  6.782596109710964E-003   173.105413721857     
  6.844272163032162E-003   173.104953778794     
  6.906509054046150E-003   173.104485434196     
  6.969311882607742E-003   173.104008534621     
  7.032685794946169E-003   173.103522923825     
  7.096635984086773E-003   173.103028442711     
  7.161167690276533E-003   173.102524929278     
  7.226286201413467E-003   173.102012218566     
  7.291996853479941E-003   173.101490142605     
  7.358305030979899E-003   173.100958530357     
  7.425216167380103E-003   173.100417207663     
  7.492735745555352E-003   173.099865997182     
  7.560869298237766E-003   173.099304718338     
  7.629622408470155E-003   173.098733187258     
  7.699000710063507E-003   173.098151216710     
  7.769009888058637E-003   173.097558616046     
  7.839655679192033E-003   173.096955191138     
  7.910943872365945E-003   173.096340744313     
  7.982880309122732E-003   173.095715074291     
  8.055470884123546E-003   173.095077976116     
  8.128721545631349E-003   173.094429241091     
  8.202638295998326E-003   173.093768656711     
  8.277227192157744E-003   173.093096006592     
  8.352494346120265E-003   173.092411070397     
  8.428445925474778E-003   173.091713623771     
  8.505088153893798E-003   173.091003438263     
  8.582427311643442E-003   173.090280281250     
  8.660469736098049E-003   173.089543915867     
  8.739221822259492E-003   173.088794100922     
  8.818690023281185E-003   173.088030590823     
  8.898880850996885E-003   173.087253135496     
  8.979800876454287E-003   173.086461480301     
  9.061456730453466E-003   173.085655365953     
  9.143855104090224E-003   173.084834528433     
  9.227002749304384E-003   173.083998698906     
  9.310906479433053E-003   173.083147603629     
  9.395573169768927E-003   173.082280963863     
  9.481009758123675E-003   173.081398495785     
  9.567223245396437E-003   173.080499910391     
  9.654220696147495E-003   173.079584913402     
  9.742009239177164E-003   173.078653205173     
  9.830596068109944E-003   173.077704480587     
  9.919988441983987E-003   173.076738428963     
  1.001019368584592E-002   173.075754733949     
  1.010121919135108E-002   173.074753073422     
  1.019307241736920E-002   173.073733119382     
  1.028576089059561E-002   173.072694537843     
  1.037929220616801E-002   173.071636988728     
  1.047367402828880E-002   173.070560125753     
  1.056891409085315E-002   173.069463596319     
  1.066502019808271E-002   173.068347041393     
  1.076200022516509E-002   173.067210095392     
  1.085986211889921E-002   173.066052386065     
  1.095861389834648E-002   173.064873534370     
  1.105826365548788E-002   173.063673154351     
  1.115881955588703E-002   173.062450853012     
  1.126028983935933E-002   173.061206230189     
  1.136268282064715E-002   173.059938878416     
  1.146600689010114E-002   173.058648382801     
  1.157027051436776E-002   173.057334320880     
  1.167548223708306E-002   173.055996262486     
  1.178165067957281E-002   173.054633769608     
  1.188878454155889E-002   173.053246396245     
  1.199689260187220E-002   173.051833688263     
  1.210598371917202E-002   173.050395183247     
  1.221606683267191E-002   173.048930410351     
  1.232715096287221E-002   173.047438890142     
  1.243924521229922E-002   173.045920134445     
  1.255235876625104E-002   173.044373646185     
  1.266650089355031E-002   173.042798919223     
  1.278168094730364E-002   173.041195438194     
  1.289790836566809E-002   173.039562678334     
  1.301519267262452E-002   173.037900105317     
  1.313354347875806E-002   173.036207175073     
  1.325297048204555E-002   173.034483333614     
  1.337348346865028E-002   173.032728016857     
  1.349509231372389E-002   173.030940650433     
  1.361780698221551E-002   173.029120649508     
  1.374163752968839E-002   173.027267418586     
  1.386659410314382E-002   173.025380351320     
  1.399268694185265E-002   173.023458830310     
  1.411992637819428E-002   173.021502226909     
  1.424832283850335E-002   173.019509901011     
  1.437788684392407E-002   173.017481200848     
  1.450862901127241E-002   173.015415462774     
  1.464056005390601E-002   173.013312011053     
  1.477369078260208E-002   173.011170157638     
  1.490803210644327E-002   173.008989201946     
  1.504359503371159E-002   173.006768430631     
  1.518039067279045E-002   173.004507117354     
  1.531843023307492E-002   173.002204522545     
  1.545772502589024E-002   172.999859893161     
  1.559828646541872E-002   172.997472462446     
  1.574012606963504E-002   172.995041449679     
  1.588325546125004E-002   172.992566059921     
  1.602768636866317E-002   172.990045483756     
  1.617343062692348E-002   172.987478897030     
  1.632050017869948E-002   172.984865460583     
  1.646890707525771E-002   172.982204319976     
  1.661866347745026E-002   172.979494605214     
  1.676978165671126E-002   172.976735430464     
  1.692227399606246E-002   172.973925893769     
  1.707615299112791E-002   172.971065076752     
  1.723143125115785E-002   172.968152044323     
  1.738812150006201E-002   172.965185844372     
  1.754623657745219E-002   172.962165507463     
  1.770578943969441E-002   172.959090046517     
  1.786679316097054E-002   172.955958456497     
  1.802926093434970E-002   172.952769714077     
  1.819320607286926E-002   172.949522777315     
  1.835864201062579E-002   172.946216585313     
  1.852558230387590E-002   172.942850057878     
  1.869404063214701E-002   172.939422095164     
  1.886403079935839E-002   172.935931577326     
  1.903556673495216E-002   172.932377364152     
  1.920866249503483E-002   172.928758294696     
  1.938333226352900E-002   172.925073186902     
  1.955959035333569E-002   172.921320837222     
  1.973745120750714E-002   172.917500020230     
  1.991692940043033E-002   172.913609488223     
  2.009803963902124E-002   172.909647970818     
  2.028079676392996E-002   172.905614174545     
  2.046521575075680E-002   172.901506782426     
  2.065131171127940E-002   172.897324453553     
  2.083909989469105E-002   172.893065822655     
  2.102859568885025E-002   172.888729499655     
  2.121981462154160E-002   172.884314069227     
  2.141277236174824E-002   172.879818090334     
  2.160748472093576E-002   172.875240095771     
  2.180396765434785E-002   172.870578591684     
  2.200223726231372E-002   172.865832057097     
  2.220230979156742E-002   172.860998943418     
  2.240420163657908E-002   172.856077673942     
  2.260792934089840E-002   172.851066643345     
  2.281350959851020E-002   172.845964217165     
  2.302095925520240E-002   172.840768731280     
  2.323029530994642E-002   172.835478491374     
  2.344153491629009E-002   172.830091772387     
  2.365469538376328E-002   172.824606817969     
  2.386979417929630E-002   172.819021839912     
  2.408684892865113E-002   172.813335017576     
  2.430587741786577E-002   172.807544497308     
  2.452689759471170E-002   172.801648391846     
  2.474992757016449E-002   172.795644779715     
  2.497498561988792E-002   172.789531704613     
  2.520209018573152E-002   172.783307174783     
  2.543125987724174E-002   172.776969162374     
  2.566251347318686E-002   172.770515602798     
  2.589586992309579E-002   172.763944394067     
  2.613134834881083E-002   172.757253396119     
  2.636896804605457E-002   172.750440430139     
  2.660874848601103E-002   172.743503277862     
  2.685070931692118E-002   172.736439680863     
  2.709487036569296E-002   172.729247339842     
  2.734125163952598E-002   172.721923913883     
  2.758987332755092E-002   172.714467019720     
  2.784075580248391E-002   172.706874230966     
  2.809391962229592E-002   172.699143077349     
  2.834938553189732E-002   172.691271043925     
  2.860717446483778E-002   172.683255570277     
  2.886730754502164E-002   172.675094049700     
  2.912980608843883E-002   172.666783828380     
  2.939469160491156E-002   172.658322204545     
  2.966198579985693E-002   172.649706427611     
  2.993171057606546E-002   172.640933697313     
  3.020388803549592E-002   172.632001162813     
  3.047854048108643E-002   172.622905921802     
  3.075569041858196E-002   172.613645019580     
  3.103536055837857E-002   172.604215448123     
  3.131757381738431E-002   172.594614145131     
  3.160235332089715E-002   172.584837993066     
  3.188972240449987E-002   172.574883818163     
  3.217970461597228E-002   172.564748389432     
  3.247232371722078E-002   172.554428417643     
  3.276760368622544E-002   172.543920554286     
  3.306556871900485E-002   172.533221390523     
  3.336624323159882E-002   172.522327456111     
  3.366965186206906E-002   172.511235218319     
  3.397581947251811E-002   172.499941080813     
  3.428477115112658E-002   172.488441382534     
  3.459653221420897E-002   172.476732396549     
  3.491112820828816E-002   172.464810328884     
  3.522858491218871E-002   172.452671317339     
  3.554892833914933E-002   172.440311430280     
  3.587218473895438E-002   172.427726665414     
  3.619838060008489E-002   172.414912948539     
  3.652754265188913E-002   172.401866132276     
  3.685969786677282E-002   172.388581994776     
  3.719487346240934E-002   172.375056238411     
  3.753309690397007E-002   172.361284488435     
  3.787439590637486E-002   172.347262291630     
  3.821879843656317E-002   172.332985114922     
  3.856633271578565E-002   172.318448343981     
  3.891702722191677E-002   172.303647281789     
  3.927091069178827E-002   172.288577147194     
  3.962801212354403E-002   172.273233073429     
  3.998836077901616E-002   172.257610106617     
  4.035198618612285E-002   172.241703204240     
  4.071891814128797E-002   172.225507233591     
  4.108918671188264E-002   172.209016970198     
  4.146282223868903E-002   172.192227096219     
  4.183985533838658E-002   172.175132198813     
  4.222031690606078E-002   172.157726768482     
  4.260423811773486E-002   172.140005197391     
  4.299165043292436E-002   172.121961777651     
  4.338258559721508E-002   172.103590699584     
  4.377707564486430E-002   172.084886049949     
  4.417515290142586E-002   172.065841810151     
  4.457684998639892E-002   172.046451854407     
  4.498219981590090E-002   172.026709947895     
  4.539123560536480E-002   172.006609744864     
  4.580399087226081E-002   171.986144786716     
  4.622049943884295E-002   171.965308500061     
  4.664079543492047E-002   171.944094194732     
  4.706491330065461E-002   171.922495061776     
  4.749288778938066E-002   171.900504171408     
  4.792475397045575E-002   171.878114470936     
  4.836054723213253E-002   171.855318782648     
  4.880030328445900E-002   171.832109801669     
  4.924405816220466E-002   171.808480093784     
  4.969184822781329E-002   171.784422093223     
  5.014371017438263E-002   171.759928100415     
  5.059968102867101E-002   171.734990279707     
  5.105979815413154E-002   171.709600657039     
  5.152409925397369E-002   171.683751117596     
  5.199262237425282E-002   171.657433403411     
  5.246540590698776E-002   171.630639110940     
  5.294248859330676E-002   171.603359688592     
  5.342390952662206E-002   171.575586434226     
  5.390970815583328E-002   171.547310492607     
  5.439992428855994E-002   171.518522852826     
  5.489459809440350E-002   171.489214345676     
  5.539377010823885E-002   171.459375640992     
  5.589748123353592E-002   171.428997244948     
  5.640577274571136E-002   171.398069497317     
  5.691868629551083E-002   171.366582568687     
  5.743626391242191E-002   171.334526457634     
  5.795854800811812E-002   171.301890987858     
  5.848558137993426E-002   171.268665805271     
  5.901740721437332E-002   171.234840375049     
  5.955406909064532E-002   171.200403978630     
  6.009561098423826E-002   171.165345710681     
  6.064207727052165E-002   171.129654476012     
  6.119351272838270E-002   171.093318986451     
  6.174996254389560E-002   171.056327757669     
  6.231147231402426E-002   171.018669105962     
  6.287808805035859E-002   170.980331144991     
  6.344985618288480E-002   170.941301782472     
  6.402682356379004E-002   170.901568716818     
  6.460903747130158E-002   170.861119433743     
  6.519654561356085E-002   170.819941202806     
  6.578939613253292E-002   170.778021073920     
  6.638763760795117E-002   170.735345873805     
  6.699131906129822E-002   170.691902202402     
  6.760048995982283E-002   170.647676429224     
  6.821520022059331E-002   170.602654689679     
  6.883550021458792E-002   170.556822881323     
  6.946144077082241E-002   170.510166660081     
  7.009307318051504E-002   170.462671436412     
  7.073044920128954E-002   170.414322371421     
  7.137362106141627E-002   170.365104372929     
  7.202264146409193E-002   170.315002091490     
  7.267756359175821E-002   170.263999916356     
  7.333844111045970E-002   170.212081971399     
  7.400532817424141E-002   170.159232110974     
  7.467827942958628E-002   170.105433915740     
  7.535735001989317E-002   170.050670688427     
  7.604259558999528E-002   169.994925449554     
  7.673407229071995E-002   169.938180933099     
  7.743183678348979E-002   169.880419582114     
  7.813594624496566E-002   169.821623544299     
  7.884645837173186E-002   169.761774667516     
  7.956343138502395E-002   169.700854495264     
  8.028692403549956E-002   169.638844262097     
  8.101699560805256E-002   169.575724888999     
  8.175370592667104E-002   169.511476978706     
  8.249711535933942E-002   169.446080810984     
  8.324728482298518E-002   169.379516337854     
  8.400427578847056E-002   169.311763178778     
  8.476815028562962E-002   169.242800615791     
  8.553897090835115E-002   169.172607588589     
  8.631680081970773E-002   169.101162689574     
  8.710170375713155E-002   169.028444158850     
  8.789374403763722E-002   168.954429879182     
  8.869298656309202E-002   168.879097370904     
  8.949949682553411E-002   168.802423786788     
  9.031334091253920E-002   168.724385906873     
  9.113458551263597E-002   168.644960133256     
  9.196329792077054E-002   168.564122484836     
  9.279954604382096E-002   168.481848592027     
  9.364339840616155E-002   168.398113691434     
  9.449492415527810E-002   168.312892620491     
  9.535419306743394E-002   168.226159812067     
  9.622127555338748E-002   168.137889289039     
  9.709624266416203E-002   168.048054658836     
  9.797916609686783E-002   167.956629107954     
  9.887011820057706E-002   167.863585396441     
  9.976917198225239E-002   167.768895852365     
  0.100676401112729        167.672532366250     
  0.101591879932753        167.574466385496     
  0.102515683459070        167.474668908784     
  0.103447887390574        167.373110480458     
  0.104388568114513        167.269761184902     
  0.105337802712743        167.164590640900     
  0.106295668968047        167.057567995993     
  0.107262245370510        166.948661920828     
  0.108237611123949        166.837840603514     
  0.109221846152404        166.725071743966     
  0.110215031106686        166.610322548271     
  0.111217247370987        166.493559723049     
  0.112228577069547        166.374749469841     
  0.113249103073387        166.253857479500     
  0.114278909007096        166.130848926617     
  0.115318079255685        166.005688463967     
  0.116366698971503        165.878340216981     
  0.117424854081211        165.748767778264     
  0.118492631292828        165.616934202147     
  0.119570118102830        165.482801999287     
  0.120657402803326        165.346333131314     
  0.121754574489289        165.207489005545     
  0.122861723065856        165.066230469754     
  0.123978939255701        164.922517807010     
  0.125106314606459        164.776310730599     
  0.126243941498239        164.627568379022     
  0.127391913151184        164.476249311086     
  0.128550323633116        164.322311501090     
  0.129719267867243        164.165712334121     
  0.130898841639933        164.006408601457     
  0.132089141608570        163.844356496095     
  0.133290265309470        163.679511608407     
  0.134502311165872        163.511828921939     
  0.135725378496007        163.341262809350     
  0.136959567521235        163.167767028515     
  0.138204979374256        162.991294718795     
  0.139461716107398        162.811798397483     
  0.140729880700981        162.629229956440     
  0.142009577071751        162.443540658929     
  0.143300910081402        162.254681136662     
  0.144603985545162        162.062601387071     
  0.145918910240467        161.867250770811     
  0.147245791915712        161.668578009515     
  0.148584739299077        161.466531183808     
  0.149935862107437        161.261057731596     
  0.151299271055356        161.052104446647     
  0.152675077864154        160.839617477472     
  0.154063395271066        160.623542326526     
  0.155464337038479        160.403823849746     
  0.156878017963250        160.180406256435     
  0.158304553886121        159.953233109513     
  0.159744061701202        159.722247326158     
  0.161196659365557        159.487391178839     
  0.162662465908865        159.248606296779     
  0.164141601443176        159.005833667845     
  0.165634187172753        158.759013640906     
  0.167140345404002        158.508085928660     
  0.168660199555497        158.252989610965     
  0.170193874168092        157.993663138683     
  0.171741494915125        157.730044338068     
  0.173303188612717        157.462070415714     
  0.174879083230164        157.189677964091     
  0.176469307900424        156.912802967684     
  0.178073992930694        156.631380809770     
  0.179693269813094        156.345346279845     
  0.181327271235438        156.054633581743     
  0.182976131092107        155.759176342453     
  0.184639984495023        155.458907621676     
  0.186318967784716        155.153759922142     
  0.188013218541500        154.843665200714     
  0.189722875596747        154.528554880316     
  0.191448079044259        154.208359862701     
  0.193188970251752        153.883010542098     
  0.194945691872439        153.552436819766     
  0.196718387856717        153.216568119487     
  0.198507203463965        152.875333404024     
  0.200312285274447        152.528661192584     
  0.202133781201322        152.176479579316     
  0.203971840502766        151.818716252870     
  0.205826613794199        151.455298517067     
  0.207698253060632        151.086153312698     
  0.209586911669118        150.711207240495     
  0.211492744381318        150.330386585314     
  0.213415907366187        149.943617341552     
  0.215356558212765        149.550825239855     
  0.217314855943096        149.151935775129     
  0.219290961025256        148.746874235917     
  0.221285035386500        148.335565735164     
  0.223297242426536        147.917935242409     
  0.225327747030910        147.493907617451     
  0.227376715584518        147.063407645521     
  0.229444315985243        146.626360074000     
  0.231530717657707        146.182689650725     
  0.233636091567162        145.732321163925     
  0.235760610233491        145.275179483809     
  0.237904447745352        144.811189605881     
  0.240067779774438        144.340276695976     
  0.242250783589875        143.862366137100     
  0.244453638072748        143.377383578084     
  0.246676523730756        142.885254984100     
  0.248919622713006        142.385906689083     
  0.251183118824938        141.879265450093     
  0.253467197543388        141.365258503648     
  0.255772046031783        140.843813624078     
  0.258097853155481        140.314859183928     
  0.260444809497244        139.778324216451     
  0.262813107372859        139.234138480210     
  0.265202940846892        138.682232525852     
  0.267614505748596        138.122537765057     
  0.270047999687952        137.554986541706     
  0.272503622071863        136.979512205299     
  0.274981574120498        136.396049186650     
  0.277482058883777        135.804533075874     
  0.280005281258007        135.204900702706     
  0.282551448002679        134.597090219167     
  0.285120767757403        133.981041184585     
  0.287713451059009        133.356694653016     
  0.290329710358798        132.723993263041     
  0.292969760039949        132.082881329985     
  0.295633816435088        131.433304940549     
  0.298322097844016        130.775212049853     
  0.301034824551593        130.108552580910     
  0.303772218845792        129.433278526509     
  0.306534505035915        128.749344053518     
  0.309321909470968        128.056705609573     
  0.312134660558215        127.355322032156     
  0.314972988781890        126.645154660041     
  0.317837126722086        125.926167447055     
  0.320727309073811        125.198327078164     
  0.323643772666222        124.461603087806     
  0.326586756482030        123.715967980456     
  0.329556501677080        122.961397353356     
  0.332553251600120        122.197870021357     
  0.335577251812732        121.425368143816     
  0.338628750109461        120.643877353466     
  0.341707996538116        119.853386887182     
  0.344815243420264        119.053889718565     
  0.347950745371899        118.245382692233     
  0.351114759324312        117.427866659725     
  0.354307544545142        116.601346616905     
  0.357529362659622        115.765831842731     
  0.360780477672017        114.921336039270     
  0.364061155987255        114.067877472809     
  0.367371666432761        113.205479115906     
  0.370712280280483        112.334168790224     
  0.374083271269120        111.453979309959     
  0.377484915626556        110.564948625697     
  0.380917492092490        109.667119968473     
  0.384381281941282        108.760541993845     
  0.387876569004998        107.845268925748     
  0.391403639696668        106.921360699887     
  0.394962783033757        105.988883106437     
  0.398554290661847        105.047907931769     
  0.402178456878535        104.098513098938     
  0.405835578657548        103.140782806642     
  0.409525955673082        102.174807666346     
  0.413249890324350        101.200684837256     
  0.417007687760369        100.218518158814     
  0.420799655904961        99.2284182803668     
  0.424626105481986        98.2305027876569     
  0.428487350040804        97.2248963257514     
  0.432383705981966        96.2117307180346     
  0.436315492583144        95.1911450808575     
  0.440283032025290        94.1632859334339     
  0.444286649419038        93.1283073025556     
  0.448326672831347        92.0863708216874     
  0.452403433312378        91.0376458239900     
  0.456517264922625        89.9823094288072     
  0.460668504760289        88.9205466211408     
  0.464857492988898        87.8525503236284     
  0.469084572865185        86.7785214605252     
  0.473350090767211        85.6986690131862     
  0.477654396222751        84.6132100665320     
  0.481997841937934        83.5223698459770     
  0.486380783826145        82.4263817442909     
  0.490803581037189        81.3254873378602     
  0.495266595986722        80.2199363918103     
  0.499770194385947        79.1099868534490     
  0.504314745271583        77.9959048334877     
  0.508900621036101        76.8779645745014     
  0.513528197458243        75.7564484060863     
  0.518197853733814        74.6316466861813     
  0.522909972506751        73.5038577280242     
  0.527664939900481        72.3733877122225     
  0.532463145549559        71.2405505834277     
  0.537304982631597        70.1056679311170     
  0.542190847899482        68.9690688539997     
  0.547121141713887        67.8310898075842     
  0.552096268076076        66.6920744344628     
  0.557116634661010        65.5523733768926     
  0.562182652850754        64.4123440712808     
  0.567294737768184        63.2723505242082     
  0.572453308311008        62.1327630696599     
  0.577658787186086        60.9939581071669     
  0.582911600944071        59.8563178206003     
  0.588212180014362        58.7202298774051     
  0.593560958740373        57.5860871081019     
  0.598958375415124        56.4542871659389     
  0.604404872317157        55.3252321666244     
  0.609900895746778        54.1993283081306     
  0.615446896062625        53.0769854706151     
  0.621043327718578        51.9586167965728     
  0.626690649300988        50.8446382513954     
  0.632389323566267        49.7354681645852     
  0.638139817478795        48.6315267519451     
  0.643942602249194        47.5332356191403     
  0.649798153372937        46.4410172471070     
  0.655706950669310        45.3552944598673     
  0.661669478320729        44.2764898753889     
  0.667686224912420        43.2050253402219     
  0.673757683472450        42.1413213487269     
  0.679884351512128        41.0857964478047     
  0.686066731066776        40.0388666281264     
  0.692305328736862        39.0009447029569     
  0.698600655729515        37.9724396757604     
  0.704953227900414        36.9537560978670     
  0.711363565796059        35.9452934175773     
  0.717832194696427        34.9474453221703     
  0.724359644658010        33.9605990743780     
  0.730946450557257        32.9851348449728     
  0.737593152134396        32.0214250432080     
  0.744300294037665        31.0698336469313     
  0.751068425867942        30.1307155342747     
  0.757898102223782        29.2044158188998     
  0.764789882746857        28.2912691908486     
  0.771744332167820        27.3915992651153     
  0.778762020352580        26.5057179401144     
  0.785843522348994        25.6339247682709     
  0.792989418433994        24.7765063410033     
  0.800200294161129        23.9337356904045     
  0.807476740408557        23.1058717099510     
  0.814819353427451        22.2931585965881     
  0.822228734890868        21.4958253165393     
  0.829705491943046        20.7140850971875     
  0.837250237249154        19.9481349473508     
  0.844863589045501        19.1981552082479     
  0.852546171190191        18.4643091374016     
  0.860298613214246        17.7467425276727     
  0.868121550373188        17.0455833635410     
  0.876015623699099        16.3609415166689     
  0.883981480053145        15.6929084826760     
  0.892019772178582        15.0415571609442     
  0.900131158754245        14.4069416791360     
  0.908316304448519        13.7890972639724     
  0.916575879973807        13.1880401596494     
  0.924910562141488        12.6037675951072     
  0.933321033917377        12.0362578011754     
  0.941807984477689        11.4854700784226     
  0.950372109265514        10.9513449163238     
  0.959014110047798        10.4338041641430     
  0.967734694972854        9.93275125369229     
  0.976534578628386        9.44807147388912     
  0.985414482100045        8.97963229678801     
  0.994375133030515        8.52728375450509     
   1.00341726567914        8.09085886619794     
   1.01254162098210        7.67017411400066     
   1.02174894661309        7.26502996655196     
   1.03103999704464        6.87521144849239     
   1.04041553360991        6.50048875404871     
   1.04987632456505        6.14061790256916     
   1.05942314515220        5.79534143362724     
   1.06905677766300        5.46438913907443     
   1.07877801150267        5.14747882919568     
   1.08858764325472        4.84431712990977     
   1.09848647674623        4.55460030775913     
   1.10847532311369        4.27801511925481     
   1.11855500086948        4.01423968098240     
   1.12872633596897        3.76294435673641     
   1.13899016187813        3.52379265783540     
   1.14934731964192        3.29644215267954     
   1.15979865795312        3.08054538154756     
   1.17034503322193        2.87575077259246     
   1.18098730964612        2.68170355498579     
   1.19172635928186        2.49804666517899     
   1.20256306211518        2.32442164229849     
   1.21349830613405        2.16046950876762     
   1.22453298740118        2.00583163235455     
   1.23566801012741        1.86015056597872     
   1.24690428674586        1.72307086176980     
   1.25824273798663        1.59423985606025     
   1.26968429295228        1.47330842220470     
   1.28122988919397        1.35993168835431     
   1.29288047278829        1.25376971757009     
   1.30463699841473        1.15448814793345     
   1.31650042943399        1.06175879060284     
   1.32847173796685       0.975260184068660     
   1.34055190497388       0.894678103172893     
   1.35274192033579       0.819706021780784     
   1.36504278293455       0.750045528317199     
   1.37745550073526       0.685406693706249     
   1.38998109086870       0.625508391576341     
   1.40262057971474       0.570078570910567     
   1.41537500298639       0.518854481631489     
   1.42824540581469       0.471582853906463     
   1.44123284283437       0.428020032242165     
   1.45433837827023       0.387932065702129     
   1.46756308602436       0.351094755826446     
   1.48090804976417       0.317293664056316     
   1.49437436301114       0.286324080666002     
   1.50796312923046       0.257990957379443     
   1.52167546192143       0.232108805997312     
   1.53551248470871       0.208501565481773     
   1.54947533143442       0.187002440040488     
   1.56356514625099       0.167453710818257     
   1.57778308371498       0.149706523844722     
   1.59213030888163       0.133620656900403     
   1.60660799740038       0.119064267952080     
   1.62121733561117       0.105913627773579     
   1.63595952064165       9.405283931106517E-002
   1.65083576050531       8.337354627475875E-002
   1.66584727420045       7.377463334383363E-002
   1.68099529181002       6.516192026020969E-002
   1.69628105460252       5.744785196247389E-002
   1.71170581513361       5.055118677560180E-002
   1.72727083734882       4.439668452794435E-002
   1.74297739668705       3.891479631649251E-002
   1.75882678018518       3.404135748701245E-002
   1.77482028658344       2.971728523951896E-002
   1.79095922643187       2.588828211372560E-002
   1.80724492219774       2.250454645551315E-002
   1.82367870837386       1.952049081574735E-002
   1.84026193158795       1.689446908844727E-002
   1.85699595071303       1.458851305760069E-002
   1.87388213697871       1.256807889185672E-002
   1.89092187408357       1.080180400469215E-002
   1.90811655830857       9.261274585005124E-003
   1.92546759863144       7.920803999791165E-003
   1.94297641684212       6.757222176753288E-003
   1.96064444765932       5.749675990365253E-003
   1.97847313884803       4.879440599863791E-003
   1.99646395133817       4.129741621576808E-003
