  1.215775037524561E-006   33.3186659918621     
  1.226830421750313E-006   33.3186659909290     
  1.237986335693001E-006   33.3186659913929     
  1.249243693497602E-006   33.3186659918568     
  1.260603417621676E-006   33.3186659904580     
  1.272066438910944E-006   33.3186659913874     
  1.283633696675570E-006   33.3186659909199     
  1.295306138767131E-006   33.3186659913836     
  1.307084721656284E-006   33.3186659909160     
  1.318970410511143E-006   33.3186659909140     
  1.330964179276365E-006   33.3186659913776     
  1.343067010752962E-006   33.3186659913756     
  1.355279896678832E-006   33.3186659909078     
  1.367603837810021E-006   33.3186659904400     
  1.380039844002736E-006   33.3186659913691     
  1.392588934296086E-006   33.3186659904355     
  1.405252136995594E-006   33.3186659913646     
  1.418030489757448E-006   33.3186659904310     
  1.430925039673541E-006   33.3186659908943     
  1.443936843357265E-006   33.3186659908919     
  1.457066967030092E-006   33.3186659913551     
  1.470316486608951E-006   33.3186659913526     
  1.483686487794382E-006   33.3186659908844     
  1.497178066159505E-006   33.3186659913475     
  1.510792327239798E-006   33.3186659913449     
  1.524530386623681E-006   33.3186659908766     
  1.538393370043933E-006   33.3186659913395     
  1.552382413469940E-006   33.3186659913367     
  1.566498663200774E-006   33.3186659908683     
  1.580743275959129E-006   33.3186659903997     
  1.595117418986103E-006   33.3186659908625     
  1.609622270136845E-006   33.3186659908595     
  1.624259017977073E-006   33.3186659913221     
  1.639028861880466E-006   33.3186659908534     
  1.653933012126946E-006   33.3186659908502     
  1.668972690001851E-006   33.3186659908470     
  1.684149127896008E-006   33.3186659913094     
  1.699463569406722E-006   33.3186659908405     
  1.714917269439678E-006   33.3186659903714     
  1.730511494311769E-006   33.3186659912993     
  1.746247521854867E-006   33.3186659908301     
  1.762126641520526E-006   33.3186659912922     
  1.778150154485646E-006   33.3186659912886     
  1.794319373759094E-006   33.3186659908192     
  1.810635624289298E-006   33.3186659908155     
  1.827100243072811E-006   33.3186659908117     
  1.843714579263874E-006   33.3186659912734     
  1.860479994284967E-006   33.3186659912694     
  1.877397861938365E-006   33.3186659907997     
  1.894469568518716E-006   33.3186659907956     
  1.911696512926634E-006   33.3186659907914     
  1.929080106783329E-006   33.3186659912528     
  1.946621774546280E-006   33.3186659907828     
  1.964322953625958E-006   33.3186659907783     
  1.982185094503613E-006   33.3186659907738     
  2.000209660850127E-006   33.3186659907692     
  2.018398129645952E-006   33.3186659902989     
  2.036751991302144E-006   33.3186659902941     
  2.055272749782477E-006   33.3186659912206     
  2.073961922726699E-006   33.3186659907500     
  2.092821041574877E-006   33.3186659907450     
  2.111851651692896E-006   33.3186659907398     
  2.131055312499086E-006   33.3186659907346     
  2.150433597592007E-006   33.3186659907293     
  2.169988094879394E-006   33.3186659916552     
  2.189720406708272E-006   33.3186659911841     
  2.209632149996258E-006   33.3186659911785     
  2.229724956364056E-006   33.3186659907071     
  2.250000472269157E-006   33.3186659907013     
  2.270460359140750E-006   33.3186659906954     
  2.291106293515870E-006   33.3186659906893     
  2.311939967176771E-006   33.3186659906832     
  2.332963087289563E-006   33.3186659906769     
  2.354177376544093E-006   33.3186659902049     
  2.375584573295115E-006   33.3186659911297     
  2.397186431704728E-006   33.3186659904246     
  2.418984721886122E-006   33.3186659906508     
  2.440981230048625E-006   33.3186659908768     
  2.463177758644066E-006   33.3186659908698     
  2.485576126514476E-006   33.3186659908627     
  2.508178169041131E-006   33.3186659908555     
  2.530985738294940E-006   33.3186659908481     
  2.554000703188216E-006   33.3186659906078     
  2.577224949627819E-006   33.3186659906001     
  2.600660380669686E-006   33.3186659905924     
  2.624308916674781E-006   33.3186659908173     
  2.648172495466446E-006   33.3186659908093     
  2.672253072489201E-006   33.3186659905682     
  2.696552620968965E-006   33.3186659907927     
  2.721073132074761E-006   33.3186659905514     
  2.745816615081871E-006   33.3186659907755     
  2.770785097536482E-006   33.3186659905339     
  2.795980625421825E-006   33.3186659902921     
  2.821405263325837E-006   33.3186659905158     
  2.847061094610328E-006   33.3186659905064     
  2.872950221581709E-006   33.3186659904970     
  2.899074765663249E-006   33.3186659907201     
  2.925436867568917E-006   33.3186659907103     
  2.952038687478797E-006   33.3186659902346     
  2.978882405216097E-006   33.3186659904573     
  3.005970220425769E-006   33.3186659906797     
  3.033304352754756E-006   33.3186659902035     
  3.060887042033876E-006   33.3186659901927     
  3.088720548461358E-006   33.3186659906475     
  3.116807152788046E-006   33.3186659906363     
  3.145149156504296E-006   33.3186659908578     
  3.173748882028561E-006   33.3186659901477     
  3.202608672897700E-006   33.3186659903687     
  3.231730893959008E-006   33.3186659901239     
  3.261117931564005E-006   33.3186659905774     
  3.290772193763975E-006   33.3186659905649     
  3.320696110507288E-006   33.3186659903194     
  3.350892133838518E-006   33.3186659905394     
  3.381362738099372E-006   33.3186659905262     
  3.412110420131440E-006   33.3186659902800     
  3.443137699480794E-006   33.3186659900336     
  3.474447118604449E-006   33.3186659902525     
  3.506041243078693E-006   33.3186659902384     
  3.537922661809324E-006   33.3186659899912     
  3.570093987243787E-006   33.3186659904422     
  3.602557855585245E-006   33.3186659901945     
  3.635316927008598E-006   33.3186659901793     
  3.668373885878466E-006   33.3186659903967     
  3.701731440969149E-006   33.3186659903810     
  3.735392325686595E-006   33.3186659901321     
  3.769359298292378E-006   33.3186659903486     
  3.803635142129723E-006   33.3186659898663     
  3.838222665851578E-006   33.3186659900823     
  3.873124703650757E-006   33.3186659898322     
  3.908344115492190E-006   33.3186659900475     
  3.943883787347273E-006   33.3186659902624     
  3.979746631430350E-006   33.3186659904771     
  4.015935586437346E-006   33.3186659899929     
  4.052453617786579E-006   33.3186659897412     
  4.089303717861747E-006   33.3186659901877     
  4.126488906257133E-006   33.3186659901681     
  4.164012230025044E-006   33.3186659899153     
  4.201876763925485E-006   33.3186659901279     
  4.240085610678122E-006   33.3186659901072     
  4.278641901216521E-006   33.3186659900862     
  4.317548794944710E-006   33.3186659898320     
  4.356809479996062E-006   33.3186659898102     
  4.396427173494547E-006   33.3186659900208     
  4.436405121818345E-006   33.3186659899982     
  4.476746600865867E-006   33.3186659899752     
  4.517454916324189E-006   33.3186659899517     
  4.558533403939929E-006   33.3186659896950     
  4.599985429792585E-006   33.3186659896707     
  4.641814390570366E-006   33.3186659896460     
  4.684023713848518E-006   33.3186659898536     
  4.726616858370195E-006   33.3186659900608     
  4.769597314329873E-006   33.3186659899183     
  4.812968603659350E-006   33.3186659896588     
  4.856734280316338E-006   33.3186659896317     
  4.900897930575686E-006   33.3186659896041     
  4.945463173323248E-006   33.3186659896925     
  4.990433660352426E-006   33.3186659895474     
  5.035813076663405E-006   33.3186659895183     
  5.081605140765114E-006   33.3186659897215     
  5.127813604979927E-006   33.3186659895749     
  5.174442255751142E-006   33.3186659896605     
  5.221494913953250E-006   33.3186659895128     
  5.268975435205028E-006   33.3186659894809     
  5.316887710185476E-006   33.3186659895649     
  5.365235664952637E-006   33.3186659895318     
  5.414023261265301E-006   33.3186659897309     
  5.463254496907642E-006   33.3186659894638     
  5.512933406016814E-006   33.3186659893125     
  5.563064059413512E-006   33.3186659893934     
  5.613650564935550E-006   33.3186659894736     
  5.664697067774460E-006   33.3186659892039     
  5.716207750815174E-006   33.3186659892828     
  5.768186834978766E-006   33.3186659891282     
  5.820638579568341E-006   33.3186659893221     
  5.873567282618032E-006   33.3186659891661     
  5.926977281245215E-006   33.3186659891257     
  5.980872952005890E-006   33.3186659892010     
  6.035258711253311E-006   33.3186659891592     
  6.090139015499875E-006   33.3186659892330     
  6.145518361782295E-006   33.3186659888404     
  6.201401288030110E-006   33.3186659890290     
  6.257792373437524E-006   33.3186659891005     
  6.314696238838641E-006   33.3186659889383     
  6.372117547086107E-006   33.3186659888916     
  6.430061003433205E-006   33.3186659888441     
  6.488531355919403E-006   33.3186659887958     
  6.547533395759427E-006   33.3186659888630     
  6.607071957735868E-006   33.3186659886964     
  6.667151920595352E-006   33.3186659886454     
  6.727778207448322E-006   33.3186659887098     
  6.788955786172447E-006   33.3186659885404     
  6.850689669819703E-006   33.3186659886029     
  6.912984917027163E-006   33.3186659886645     
  6.975846632431499E-006   33.3186659884921     
  7.039279967087289E-006   33.3186659884352     
  7.103290118889093E-006   33.3186659882609     
  7.167882332997389E-006   33.3186659884347     
  7.233061902268377E-006   33.3186659881418     
  7.298834167687678E-006   33.3186659883134     
  7.365204518808008E-006   33.3186659883675     
  7.432178394190792E-006   33.3186659883041     
  7.499761281851830E-006   33.3186659882395     
  7.567958719710984E-006   33.3186659880573     
  7.636776296045988E-006   33.3186659878739     
  7.706219649950349E-006   33.3186659879221     
  7.776294471795441E-006   33.3186659878526     
  7.847006503696785E-006   33.3186659877819     
  7.918361539984566E-006   33.3186659879427     
  7.990365427678453E-006   33.3186659878694     
  8.063024066966700E-006   33.3186659877947     
  8.136343411689639E-006   33.3186659878351     
  8.210329469827537E-006   33.3186659875248     
  8.284988303992923E-006   33.3186659875624     
  8.360326031927360E-006   33.3186659874821     
  8.436348827002760E-006   33.3186659872840     
  8.513062918727238E-006   33.3186659873171     
  8.590474593255582E-006   33.3186659873488     
  8.668590193904344E-006   33.3186659871461     
  8.747416121671649E-006   33.3186659870582     
  8.826958835761685E-006   33.3186659869687     
  8.907224854114010E-006   33.3186659869940     
  8.988220753937634E-006   33.3186659867848     
  9.069953172249977E-006   33.3186659869231     
  9.152428806420727E-006   33.3186659867105     
  9.235654414720636E-006   33.3186659867289     
  9.319636816875310E-006   33.3186659866292     
  9.404382894624042E-006   33.3186659865276     
  9.489899592283712E-006   33.3186659863077     
  9.576193917317826E-006   33.3186659863188     
  9.663272940910726E-006   33.3186659862115     
  9.751143798547024E-006   33.3186659861023     
  9.839813690596293E-006   33.3186659859329     
  9.929289882903098E-006   33.3186659860525     
  1.001957970738237E-005   33.3186659859372     
  1.011069056262019E-005   33.3186659858780     
  1.020262991448010E-005   33.3186659857002     
  1.029540529671478E-005   33.3186659856949     
  1.038902431158350E-005   33.3186659855127     
  1.048349463047497E-005   33.3186659854447     
  1.057882399453602E-005   33.3186659853744     
  1.067502021530589E-005   33.3186659851271     
  1.077209117535634E-005   33.3186659851684     
  1.087004482893758E-005   33.3186659849163     
  1.096888920263005E-005   33.3186659848945     
  1.106863239600215E-005   33.3186659847538     
  1.116928258227392E-005   33.3186659847269     
  1.127084800898679E-005   33.3186659845228     
  1.137333699867941E-005   33.3186659844324     
  1.147675794956962E-005   33.3186659843394     
  1.158111933624259E-005   33.3186659842435     
  1.168642971034531E-005   33.3186659840866     
  1.179269770128726E-005   33.3186659839851     
  1.189993201694761E-005   33.3186659838807     
  1.200814144438869E-005   33.3186659836568     
  1.211733485057607E-005   33.3186659834882     
  1.222752118310513E-005   33.3186659834911     
  1.233870947093426E-005   33.3186659833162     
  1.245090882512470E-005   33.3186659831382     
  1.256412843958712E-005   33.3186659829569     
  1.267837759183501E-005   33.3186659828886     
  1.279366564374492E-005   33.3186659827007     
  1.291000204232356E-005   33.3186659826256     
  1.302739632048191E-005   33.3186659823143     
  1.314585809781641E-005   33.3186659822904     
  1.326539708139719E-005   33.3186659820883     
  1.338602306656351E-005   33.3186659819407     
  1.350774593772639E-005   33.3186659817893     
  1.363057566917857E-005   33.3186659815760     
  1.375452232591186E-005   33.3186659814169     
  1.387959606444186E-005   33.3186659813120     
  1.400580713364022E-005   33.3186659810285     
  1.413316587557445E-005   33.3186659809737     
  1.426168272635542E-005   33.3186659807401     
  1.439136821699245E-005   33.3186659804440     
  1.452223297425633E-005   33.3186659803182     
  1.465428772155003E-005   33.3186659801297     
  1.478754327978746E-005   33.3186659798785     
  1.492201056828012E-005   33.3186659797392     
  1.505770060563190E-005   33.3186659795952     
  1.519462451064195E-005   33.3186659794464     
  1.533279350321579E-005   33.3186659791764     
  1.547221890528467E-005   33.3186659788432     
  1.561291214173337E-005   33.3186659787379     
  1.575488474133635E-005   33.3186659784528     
  1.589814833770247E-005   33.3186659782207     
  1.604271467022824E-005   33.3186659779833     
  1.618859558505982E-005   33.3186659777405     
  1.633580303606371E-005   33.3186659774922     
  1.648434908580628E-005   33.3186659772965     
  1.663424590654220E-005   33.3186659770951     
  1.678550578121186E-005   33.3186659767133     
  1.693814110444791E-005   33.3186659766166     
  1.709216438359087E-005   33.3186659762810     
  1.724758823971400E-005   33.3186659759976     
  1.740442540865757E-005   33.3186659756496     
  1.756268874207238E-005   33.3186659754700     
  1.772239120847294E-005   33.3186659751092     
  1.788354589430009E-005   33.3186659749165     
  1.804616600499336E-005   33.3186659746007     
  1.821026486607307E-005   33.3186659742198     
  1.837585592423220E-005   33.3186659740066     
  1.854295274843834E-005   33.3186659737280     
  1.871156903104549E-005   33.3186659733259     
  1.888171858891607E-005   33.3186659730328     
  1.905341536455314E-005   33.3186659726158     
  1.922667342724283E-005   33.3186659723659     
  1.940150697420726E-005   33.3186659720208     
  1.957793033176788E-005   33.3186659716679     
  1.975595795651941E-005   33.3186659713651     
  1.993560443651446E-005   33.3186659710251     
  2.011688449245888E-005   33.3186659706185     
  2.029981297891806E-005   33.3186659702325     
  2.048440488553410E-005   33.3186659698669     
  2.067067533825417E-005   33.3186659694926     
  2.085863960056990E-005   33.3186659690510     
  2.104831307476815E-005   33.3186659686877     
  2.123971130319311E-005   33.3186659682569     
  2.143284996951986E-005   33.3186659678457     
  2.162774490003957E-005   33.3186659674539     
  2.182441206495631E-005   33.3186659669650     
  2.202286757969570E-005   33.3186659665826     
  2.222312770622546E-005   33.3186659661318     
  2.242520885438798E-005   33.3186659656997     
  2.262912758324492E-005   33.3186659651988     
  2.283490060243416E-005   33.3186659647163     
  2.304254477353902E-005   33.3186659642229     
  2.325207711146994E-005   33.3186659637474     
  2.346351478585873E-005   33.3186659632606     
  2.367687512246545E-005   33.3186659627622     
  2.389217560459821E-005   33.3186659622521     
  2.410943387454574E-005   33.3186659617300     
  2.432866773502306E-005   33.3186659611957     
  2.454989515063029E-005   33.3186659606780     
  2.477313424932471E-005   33.3186659601187     
  2.499840332390619E-005   33.3186659595173     
  2.522572083351621E-005   33.3186659589902     
  2.545510540515038E-005   33.3186659583914     
  2.568657583518483E-005   33.3186659577791     
  2.592015109091644E-005   33.3186659571821     
  2.615585031211701E-005   33.3186659566000     
  2.639369281260170E-005   33.3186659559745     
  2.663369808181163E-005   33.3186659553344     
  2.687588578641086E-005   33.3186659546211     
  2.712027577189795E-005   33.3186659539510     
  2.736688806423221E-005   33.3186659532945     
  2.761574287147457E-005   33.3186659525932     
  2.786686058544356E-005   33.3186659518758     
  2.812026178338625E-005   33.3186659512586     
  2.837596722966443E-005   33.3186659505084     
  2.863399787745601E-005   33.3186659497413     
  2.889437487047208E-005   33.3186659489570     
  2.915711954468944E-005   33.3186659482425     
  2.942225343009892E-005   33.3186659474228     
  2.968979825246959E-005   33.3186659466432     
  2.995977593512907E-005   33.3186659458451     
  3.023220860075995E-005   33.3186659449990     
  3.050711857321260E-005   33.3186659441628     
  3.078452837933444E-005   33.3186659433072     
  3.106446075081582E-005   33.3186659424316     
  3.134693862605278E-005   33.3186659415649     
  3.163198515202662E-005   33.3186659406485     
  3.191962368620065E-005   33.3186659397402     
  3.220987779843418E-005   33.3186659388105     
  3.250277127291385E-005   33.3186659378590     
  3.279832811010261E-005   33.3186659368854     
  3.309657252870638E-005   33.3186659359183     
  3.339752896765854E-005   33.3186659348700     
  3.370122208812262E-005   33.3186659338856     
  3.400767677551299E-005   33.3186659327901     
  3.431691814153412E-005   33.3186659318158     
  3.462897152623827E-005   33.3186659306713     
  3.494386250010190E-005   33.3186659295598     
  3.526161686612102E-005   33.3186659284227     
  3.558226066192552E-005   33.3186659272887     
  3.590582016191280E-005   33.3186659261280     
  3.623232187940073E-005   33.3186659249694     
  3.656179256880021E-005   33.3186659237833     
  3.689425922780758E-005   33.3186659225691     
  3.722974909961676E-005   33.3186659213263     
  3.756828967515173E-005   33.3186659200254     
  3.790990869531917E-005   33.3186659187530     
  3.825463415328160E-005   33.3186659174069     
  3.860249429675125E-005   33.3186659160446     
  3.895351763030475E-005   33.3186659146946     
  3.930773291771884E-005   33.3186659132983     
  3.966516918432738E-005   33.3186659119132     
  4.002585571939975E-005   33.3186659104369     
  4.038982207854088E-005   33.3186659089561     
  4.075709808611315E-005   33.3186659074701     
  4.112771383768023E-005   33.3186659059493     
  4.150169970247322E-005   33.3186659043930     
  4.187908632587916E-005   33.3186659028006     
  4.225990463195226E-005   33.3186659011859     
  4.264418582594776E-005   33.3186658995773     
  4.303196139687917E-005   33.3186658979016     
  4.342326312009836E-005   33.3186658961869     
  4.381812305989947E-005   33.3186658944764     
  4.421657357214622E-005   33.3186658926964     
  4.461864730692338E-005   33.3186658909046     
  4.502437721121202E-005   33.3186658891000     
  4.543379653158946E-005   33.3186658872239     
  4.584693881695344E-005   33.3186658853044     
  4.626383792127128E-005   33.3186658833990     
  4.668452800635395E-005   33.3186658814341     
  4.710904354465535E-005   33.3186658794235     
  4.753741932209709E-005   33.3186658773955     
  4.796969044091900E-005   33.3186658753055     
  4.840589232255539E-005   33.3186658731963     
  4.884606071053764E-005   33.3186658710379     
  4.929023167342313E-005   33.3186658688440     
  4.973844160775074E-005   33.3186658665991     
  5.019072724102335E-005   33.3186658643606     
  5.064712563471734E-005   33.3186658620400     
  5.110767418731948E-005   33.3186658596802     
  5.157241063739154E-005   33.3186658572802     
  5.204137306666261E-005   33.3186658548388     
  5.251459990314965E-005   33.3186658523698     
  5.299212992430642E-005   33.3186658498283     
  5.347400226020093E-005   33.3186658472424     
  5.396025639672192E-005   33.3186658446111     
  5.445093217881440E-005   33.3186658419333     
  5.494606981374467E-005   33.3186658392369     
  5.544570987439503E-005   33.3186658364335     
  5.594989330258837E-005   33.3186658336383     
  5.645866141244312E-005   33.3186658307629     
  5.697205589375860E-005   33.3186658278352     
  5.749011881543115E-005   33.3186658248393     
  5.801289262890149E-005   33.3186658218032     
  5.854042017163315E-005   33.3186658187111     
  5.907274467062279E-005   33.3186658155761     
  5.960990974594233E-005   33.3186658123679     
  6.015195941431323E-005   33.3186658090997     
  6.069893809271341E-005   33.3186658057847     
  6.125089060201679E-005   33.3186658024215     
  6.180786217066619E-005   33.3186657989649     
  6.236989843837927E-005   33.3186657954574     
  6.293704545988859E-005   33.3186657918827     
  6.350934970871526E-005   33.3186657882686     
  6.408685808097723E-005   33.3186657845408     
  6.466961789923196E-005   33.3186657807704     
  6.525767691635434E-005   33.3186657769414     
  6.585108331944947E-005   33.3186657730230     
  6.644988573380143E-005   33.3186657690282     
  6.705413322685762E-005   33.3186657649843     
  6.766387531224957E-005   33.3186657608461     
  6.827916195385015E-005   33.3186657566555     
  6.890004356986783E-005   33.3186657523671     
  6.952657103697793E-005   33.3186657480373     
  7.015879569449178E-005   33.3186657435769     
  7.079676934856344E-005   33.3186657390569     
  7.144054427643494E-005   33.3186657344609     
  7.209017323071993E-005   33.3186657297868     
  7.274570944372642E-005   33.3186657249891     
  7.340720663181872E-005   33.3186657201386     
  7.407471899981926E-005   33.3186657151896     
  7.474830124545004E-005   33.3186657101545     
  7.542800856381487E-005   33.3186657050168     
  7.611389665192219E-005   33.3186656998033     
  7.680602171324893E-005   33.3186656944828     
  7.750444046234606E-005   33.3186656890604     
  7.820921012948598E-005   33.3186656835337     
  7.892038846535194E-005   33.3186656779223     
  7.963803374577039E-005   33.3186656722094     
  8.036220477648639E-005   33.3186656663852     
  8.109296089798202E-005   33.3186656604472     
  8.183036199033911E-005   33.3186656544077     
  8.257446847814592E-005   33.3186656482714     
  8.332534133544848E-005   33.3186656420137     
  8.408304209074692E-005   33.3186656356322     
  8.484763283203734E-005   33.3186656291388     
  8.561917621189949E-005   33.3186656225234     
  8.639773545263061E-005   33.3186656158051     
  8.718337435142599E-005   33.3186656089447     
  8.797615728560690E-005   33.3186656019684     
  8.877614921789557E-005   33.3186655948516     
  8.958341570173859E-005   33.3186655876349     
  9.039802288667844E-005   33.3186655802498     
  9.122003752377400E-005   33.3186655727441     
  9.204952697107028E-005   33.3186655651002     
  9.288655919911796E-005   33.3186655573222     
  9.373120279654303E-005   33.3186655494068     
  9.458352697566714E-005   33.3186655413434     
  9.544360157817901E-005   33.3186655331214     
  9.631149708085756E-005   33.3186655247592     
  9.718728460134677E-005   33.3186655162314     
  9.807103590398340E-005   33.3186655075564     
  9.896282340567751E-005   33.3186654987377     
  9.986272018184645E-005   33.3186654897354     
  1.007707999724029E-004   33.3186654805893     
  1.016871371877974E-004   33.3186654712592     
  1.026118069151154E-004   33.3186654617631     
  1.035448849242306E-004   33.3186654520824     
  1.044864476740132E-004   33.3186654422422     
  1.054365723185956E-004   33.3186654322166     
  1.063953367136943E-004   33.3186654220013     
  1.073628194229899E-004   33.3186654116213     
  1.083390997245644E-004   33.3186654010213     
  1.093242576173978E-004   33.3186653902549     
  1.103183738279234E-004   33.3186653792742     
  1.113215298166424E-004   33.3186653680890     
  1.123338077847995E-004   33.3186653567166     
  1.133552906811184E-004   33.3186653451302     
  1.143860622085987E-004   33.3186653333252     
  1.154262068313750E-004   33.3186653213184     
  1.164758097816382E-004   33.3186653090902     
  1.175349570666190E-004   33.3186652966137     
  1.186037354756366E-004   33.3186652839347     
  1.196822325872095E-004   33.3186652710114     
  1.207705367762324E-004   33.3186652578603     
  1.218687372212178E-004   33.3186652444541     
  1.229769239116034E-004   33.3186652308235     
  1.240951876551263E-004   33.3186652169338     
  1.252236200852637E-004   33.3186652027938     
  1.263623136687419E-004   33.3186651883901     
  1.275113617131132E-004   33.3186651737242     
  1.286708583744015E-004   33.3186651587971     
  1.298408986648180E-004   33.3186651435954     
  1.310215784605467E-004   33.3186651281053     
  1.322129945096006E-004   33.3186651123351     
  1.334152444397497E-004   33.3186650962782     
  1.346284267665207E-004   33.3186650799278     
  1.358526409012696E-004   33.3186650632843     
  1.370879871593279E-004   33.3186650463409     
  1.383345667682227E-004   33.3186650290759     
  1.395924818759712E-004   33.3186650114894     
  1.408618355594515E-004   33.3186649936104     
  1.421427318328487E-004   33.3186649753878     
  1.434352756561779E-004   33.3186649568213     
  1.447395729438854E-004   33.3186649379249     
  1.460557305735272E-004   33.3186649186908     
  1.473838563945269E-004   33.3186648990963     
  1.487240592370134E-004   33.3186648791480     
  1.500764489207386E-004   33.3186648588300     
  1.514411362640759E-004   33.3186648381414     
  1.528182330931018E-004   33.3186648170733     
  1.542078522507584E-004   33.3186647956207     
  1.556101076061006E-004   33.3186647737746     
  1.570251140636266E-004   33.3186647515404     
  1.584529875726934E-004   33.3186647288907     
  1.598938451370181E-004   33.3186647058269     
  1.613478048242657E-004   33.3186646823431     
  1.628149857757236E-004   33.3186646584404     
  1.642955082160641E-004   33.3186646340869     
  1.657894934631968E-004   33.3186646092943     
  1.672970639382087E-004   33.3186645840522     
  1.688183431753964E-004   33.3186645583357     
  1.703534558323884E-004   33.3186645321521     
  1.719025277003603E-004   33.3186645054941     
  1.734656857143421E-004   33.3186644783579     
  1.750430579636197E-004   33.3186644507140     
  1.766347737022308E-004   33.3186644225618     
  1.782409633595568E-004   33.3186643939077     
  1.798617585510096E-004   33.3186643647288     
  1.814972920888173E-004   33.3186643350057     
  1.831476979929071E-004   33.3186643047478     
  1.848131115018867E-004   33.3186642739352     
  1.864936690841269E-004   33.3186642425550     
  1.881895084489433E-004   33.3186642106087     
  1.899007685578814E-004   33.3186641780757     
  1.916275896361030E-004   33.3186641449424     
  1.933701131838766E-004   33.3186641112132     
  1.951284819881726E-004   33.3186640768595     
  1.969028401343633E-004   33.3186640418777     
  1.986933330180300E-004   33.3186640062680     
  2.005001073568766E-004   33.3186639699972     
  2.023233112027527E-004   33.3186639330683     
  2.041630939537847E-004   33.3186638954551     
  2.060196063666181E-004   33.3186638571638     
  2.078930005687714E-004   33.3186638181745     
  2.097834300711011E-004   33.3186637784676     
  2.116910497803809E-004   33.3186637380336     
  2.136160160119957E-004   33.3186636968667     
  2.155584865027499E-004   33.3186636549423     
  2.175186204237932E-004   33.3186636122539     
  2.194965783936631E-004   33.3186635687873     
  2.214925224914468E-004   33.3186635245243     
  2.235066162700622E-004   33.3186634794430     
  2.255390247696596E-004   33.3186634335462     
  2.275899145311462E-004   33.3186633868112     
  2.296594536098321E-004   33.3186633392221     
  2.317478115892019E-004   33.3186632907628     
  2.338551595948103E-004   33.3186632414129     
  2.359816703083049E-004   33.3186631911629     
  2.381275179815760E-004   33.3186631399989     
  2.402928784510353E-004   33.3186630878925     
  2.424779291520245E-004   33.3186630348437     
  2.446828491333547E-004   33.3186629808195     
  2.469078190719783E-004   33.3186629258117     
  2.491530212877937E-004   33.3186628697940     
  2.514186397585858E-004   33.3186628127538     
  2.537048601351011E-004   33.3186627546745     
  2.560118697562602E-004   33.3186626955248     
  2.583398576645096E-004   33.3186626352980     
  2.606890146213119E-004   33.3186625739727     
  2.630595331227770E-004   33.3186625115161     
  2.654516074154362E-004   33.3186624479312     
  2.678654335121592E-004   33.3186623831842     
  2.703012092082159E-004   33.3186623172444     
  2.727591340974838E-004   33.3186622501061     
  2.752394095888041E-004   33.3186621817415     
  2.777422389224850E-004   33.3186621121146     
  2.802678271869560E-004   33.3186620412291     
  2.828163813355733E-004   33.3186619690446     
  2.853881102035782E-004   33.3186618955383     
  2.879832245252096E-004   33.3186618206830     
  2.906019369509720E-004   33.3186617444695     
  2.932444620650607E-004   33.3186616668550     
  2.959110164029456E-004   33.3186615878253     
  2.986018184691143E-004   33.3186615073547     
  3.013170887549774E-004   33.3186614254097     
  3.040570497569354E-004   33.3186613419670     
  3.068219259946117E-004   33.3186612569972     
  3.096119440292494E-004   33.3186611704723     
  3.124273324822766E-004   33.3186610823687     
  3.152683220540408E-004   33.3186609926571     
  3.181351455427121E-004   33.3186609013018     
  3.210280378633601E-004   33.3186608082776     
  3.239472360672031E-004   33.3186607135510     
  3.268929793610327E-004   33.3186606170934     
  3.298655091268153E-004   33.3186605188737     
  3.328650689414711E-004   33.3186604188583     
  3.358919045968340E-004   33.3186603170108     
  3.389462641197920E-004   33.3186602133088     
  3.420283977926113E-004   33.3186601077036     
  3.451385581734453E-004   33.3186600001711     
  3.482770001170293E-004   33.3186598906738     
  3.514439807955649E-004   33.3186597791697     
  3.546397597197925E-004   33.3186596656305     
  3.578645987602564E-004   33.3186595500178     
  3.611187621687640E-004   33.3186594322871     
  3.644025166000382E-004   33.3186593124058     
  3.677161311335683E-004   33.3186591903328     
  3.710598772956593E-004   33.3186590660282     
  3.744340290816809E-004   33.3186589394512     
  3.778388629785201E-004   33.3186588105597     
  3.812746579872366E-004   33.3186586793092     
  3.847416956459252E-004   33.3186585456631     
  3.882402600527859E-004   33.3186584095729     
  3.917706378894034E-004   33.3186582709911     
  3.953331184442387E-004   33.3186581298780     
  3.989279936363341E-004   33.3186579861821     
  4.025555580392338E-004   33.3186578398598     
  4.062161089051221E-004   33.3186576908628     
  4.099099461891809E-004   33.3186575391417     
  4.136373725741689E-004   33.3186573846479     
  4.173986934952244E-004   33.3186572273261     
  4.211942171648931E-004   33.3186570671306     
  4.250242545983840E-004   33.3186569040055     
  4.288891196390549E-004   33.3186567378992     
  4.327891289841297E-004   33.3186565687499     
  4.367246022106489E-004   33.3186563965105     
  4.406958618016569E-004   33.3186562211256     
  4.447032331726273E-004   33.3186560425276     
  4.487470446981279E-004   33.3186558606657     
  4.528276277387288E-004   33.3186556754768     
  4.569453166681551E-004   33.3186554869056     
  4.611004489006858E-004   33.3186552948825     
  4.652933649188031E-004   33.3186550993528     
  4.695244083010922E-004   33.3186549002425     
  4.737939257503948E-004   33.3186546974940     
  4.781022671222190E-004   33.3186544910355     
  4.824497854534075E-004   33.3186542808009     
  4.868368369910662E-004   33.3186540667263     
  4.912637812217563E-004   33.3186538487316     
  4.957309809009507E-004   33.3186536267512     
  5.002388020827607E-004   33.3186534007146     
  5.047876141499301E-004   33.3186531705422     
  5.093777898441038E-004   33.3186529361578     
  5.140097052963713E-004   33.3186526974913     
  5.186837400580879E-004   33.3186524544594     
  5.234002771319760E-004   33.3186522069791     
  5.281597030035097E-004   33.3186519549764     
  5.329624076725841E-004   33.3186516983625     
  5.378087846854723E-004   33.3186514370543     
  5.426992311670754E-004   33.3186511709682     
  5.476341478534621E-004   33.3186509000171     
  5.526139391247072E-004   33.3186506241098     
  5.576390130380271E-004   33.3186503431587     
  5.627097813612172E-004   33.3186500570650     
  5.678266596063931E-004   33.3186497657366     
  5.729900670640391E-004   33.3186494690831     
  5.782004268373657E-004   33.3186491670064     
  5.834581658769797E-004   33.3186488593987     
  5.887637150158699E-004   33.3186485461666     
  5.941175090047109E-004   33.3186482272032     
  5.995199865474868E-004   33.3186479024082     
  6.049715903374407E-004   33.3186475716718     
  6.104727670933500E-004   33.3186472348864     
  6.160239675961312E-004   33.3186468919369     
  6.216256467257786E-004   33.3186465427180     
  6.272782634986383E-004   33.3186461871085     
  6.329822811050205E-004   33.3186458249950     
  6.387381669471559E-004   33.3186454562576     
  6.445463926774944E-004   33.3186450807726     
  6.504074342373549E-004   33.3186446984218     
  6.563217718959240E-004   33.3186443090742     
  6.622898902896112E-004   33.3186439126041     
  6.683122784617611E-004   33.3186435088825     
  6.743894299027270E-004   33.3186430977751     
  6.805218425903086E-004   33.3186426791460     
  6.867100190305580E-004   33.3186422528565     
  6.929544662989560E-004   33.3186418187689     
  6.992556960819628E-004   33.3186413767417     
  7.056142247189482E-004   33.3186409266243     
  7.120305732445008E-004   33.3186404682749     
  7.185052674311232E-004   33.3186400015379     
  7.250388378323147E-004   33.3186395262609     
  7.316318198260474E-004   33.3186390422888     
  7.382847536586357E-004   33.3186385494600     
  7.449981844890053E-004   33.3186380476157     
  7.517726624333656E-004   33.3186375365878     
  7.586087426102871E-004   33.3186370162101     
  7.655069851861897E-004   33.3186364863112     
  7.724679554212442E-004   33.3186359467161     
  7.794922237156906E-004   33.3186353972466     
  7.865803656565791E-004   33.3186348377246     
  7.937329620649345E-004   33.3186342679593     
  8.009505990433503E-004   33.3186336877716     
  8.082338680240165E-004   33.3186330969655     
  8.155833658171812E-004   33.3186324953504     
  8.229996946600566E-004   33.3186318827261     
  8.304834622661668E-004   33.3186312588875     
  8.380352818751463E-004   33.3186306236341     
  8.456557723029893E-004   33.3186299767533     
  8.533455579927584E-004   33.3186293180360     
  8.611052690657523E-004   33.3186286472625     
  8.689355413731400E-004   33.3186279642137     
  8.768370165480636E-004   33.3186272686608     
  8.848103420582162E-004   33.3186265603817     
  8.928561712588962E-004   33.3186258391399     
  9.009751634465457E-004   33.3186251046952     
  9.091679839127747E-004   33.3186243568067     
  9.174353039988768E-004   33.3186235952313     
  9.257778011508408E-004   33.3186228197148     
  9.341961589748620E-004   33.3186220300057     
  9.426910672933596E-004   33.3186212258399     
  9.512632222015017E-004   33.3186204069538     
  9.599133261242453E-004   33.3186195730785     
  9.686420878738951E-004   33.3186187239390     
  9.774502227081854E-004   33.3186178592567     
  9.863384523888907E-004   33.3186169787437     
  9.953075052409673E-004   33.3186160821129     
  1.004358116212235E-003   33.3186151690677     
  1.013491026933603E-003   33.3186142393075     
  1.022706985779836E-003   33.3186132925265     
  1.032006747930882E-003   33.3186123284119     
  1.041391075433752E-003   33.3186113466446     
  1.050860737264966E-003   33.3186103469063     
  1.060416509393564E-003   33.3186093288623     
  1.070059174844687E-003   33.3186082921783     
  1.079789523763749E-003   33.3186072365142     
  1.089608353481175E-003   33.3186061615211     
  1.099516468577740E-003   33.3186050668438     
  1.109514680950499E-003   33.3186039521238     
  1.119603809879314E-003   33.3186028169920     
  1.129784682093992E-003   33.3186016610748     
  1.140058131842022E-003   33.3186004839917     
  1.150425000956944E-003   33.3185992853525     
  1.160886138927326E-003   33.3185980647617     
  1.171442402966373E-003   33.3185968218221     
  1.182094658082173E-003   33.3185955561197     
  1.192843777148572E-003   33.3185942672377     
  1.203690640976707E-003   33.3185929547503     
  1.214636138387178E-003   33.3185916182259     
  1.225681166282878E-003   33.3185902572240     
  1.236826629722492E-003   33.3185888712946     
  1.248073441994658E-003   33.3185874599808     
  1.259422524692804E-003   33.3185860228187     
  1.270874807790667E-003   33.3185845593320     
  1.282431229718495E-003   33.3185830690386     
  1.294092737439948E-003   33.3185815514486     
  1.305860286529691E-003   33.3185800060596     
  1.317734841251699E-003   33.3185784323611     
  1.329717374638271E-003   33.3185768298353     
  1.341808868569760E-003   33.3185751979526     
  1.354010313855036E-003   33.3185735361743     
  1.366322710312672E-003   33.3185718439534     
  1.378747066852870E-003   33.3185701207295     
  1.391284401560139E-003   33.3185683659351     
  1.403935741776714E-003   33.3185665789897     
  1.416702124186745E-003   33.3185647593059     
  1.429584594901240E-003   33.3185629062814     
  1.442584209543789E-003   33.3185610193028     
  1.455702033337064E-003   33.3185590977502     
  1.468939141190107E-003   33.3185571409873     
  1.482296617786410E-003   33.3185551483678     
  1.495775557672796E-003   33.3185531192359     
  1.509377065349111E-003   33.3185510529181     
  1.523102255358726E-003   33.3185489487344     
  1.536952252379874E-003   33.3185468059893     
  1.550928191317798E-003   33.3185446239740     
  1.565031217397754E-003   33.3185424019685     
  1.579262486258857E-003   33.3185401392389     
  1.593623164048769E-003   33.3185378350382     
  1.608114427519263E-003   33.3185354886040     
  1.622737464122647E-003   33.3185330991602     
  1.637493472109064E-003   33.3185306659194     
  1.652383660624685E-003   33.3185281880760     
  1.667409249810786E-003   33.3185256648104     
  1.682571470903732E-003   33.3185230952904     
  1.697871566335864E-003   33.3185204786659     
  1.713310789837312E-003   33.3185178140712     
  1.728890406538725E-003   33.3185151006258     
  1.744611693074942E-003   33.3185123374332     
  1.760475937689599E-003   33.3185095235793     
  1.776484440340697E-003   33.3185066581322     
  1.792638512807117E-003   33.3185037401469     
  1.808939478796118E-003   33.3185007686556     
  1.825388674051798E-003   33.3184977426788     
  1.841987446464553E-003   33.3184946612116     
  1.858737156181526E-003   33.3184915232364     
  1.875639175718059E-003   33.3184883277168     
  1.892694890070162E-003   33.3184850735930     
  1.909905696828005E-003   33.3184817597887     
  1.927273006290435E-003   33.3184783852080     
  1.944798241580546E-003   33.3184749487328     
  1.962482838762289E-003   33.3184714492279     
  1.980328246958149E-003   33.3184678855325     
  1.998335928467888E-003   33.3184642564682     
  2.016507358888371E-003   33.3184605608331     
  2.034844027234481E-003   33.3184567974037     
  2.053347436061133E-003   33.3184529649332     
  2.072019101586393E-003   33.3184490621540     
  2.090860553815727E-003   33.3184450877718     
  2.109873336667370E-003   33.3184410404714     
  2.129059008098839E-003   33.3184369189115     
  2.148419140234597E-003   33.3184327217263     
  2.167955319494877E-003   33.3184284475265     
  2.187669146725678E-003   33.3184240948946     
  2.207562237329941E-003   33.3184196623885     
  2.227636221399918E-003   33.3184151485389     
  2.247892743850751E-003   33.3184105518509     
  2.268333464555258E-003   33.3184058708000     
  2.288960058479945E-003   33.3184011038344     
  2.309774215822261E-003   33.3183962493732     
  2.330777642149095E-003   33.3183913058072     
  2.351972058536535E-003   33.3183862714968     
  2.373359201710899E-003   33.3183811447729     
  2.394940824191044E-003   33.3183759239346     
  2.416718694431974E-003   33.3183706072502     
  2.438694596969753E-003   33.3183651929562     
  2.460870332567731E-003   33.3183596792553     
  2.483247718364107E-003   33.3183540643188     
  2.505828588020829E-003   33.3183483462824     
  2.528614791873847E-003   33.3183425232489     
  2.551608197084736E-003   33.3183365932851     
  2.574810687793698E-003   33.3183305544236     
  2.598224165273950E-003   33.3183244046577     
  2.621850548087519E-003   33.3183181419458     
  2.645691772242462E-003   33.3183117642087     
  2.669749791351496E-003   33.3183052693283     
  2.694026576792089E-003   33.3182986551463     
  2.718524117868000E-003   33.3182919194665     
  2.743244421972284E-003   33.3182850600500     
  2.768189514751789E-003   33.3182780746179     
  2.793361440273135E-003   33.3182709608491     
  2.818762261190217E-003   33.3182637163789     
  2.844394058913222E-003   33.3182563387986     
  2.870258933779184E-003   33.3182488256566     
  2.896359005224093E-003   33.3182411744550     
  2.922696411956564E-003   33.3182333826480     
  2.949273312133095E-003   33.3182254476454     
  2.976091883534903E-003   33.3182173668080     
  3.003154323746385E-003   33.3182091374468     
  3.030462850335191E-003   33.3182007568243     
  3.058019701033935E-003   33.3181922221516     
  3.085827133923564E-003   33.3181835305892     
  3.113887427618390E-003   33.3181746792435     
  3.142202881452805E-003   33.3181656651679     
  3.170775815669696E-003   33.3181564853615     
  3.199608571610569E-003   33.3181471367678     
  3.228703511907409E-003   33.3181376162732     
  3.258063020676277E-003   33.3181279207067     
  3.287689503712670E-003   33.3181180468391     
  3.317585388688662E-003   33.3181079913805     
  3.347753125351831E-003   33.3180977509801     
  3.378195185725997E-003   33.3180873222244     
  3.408914064313792E-003   33.3180767016394     
  3.439912278301056E-003   33.3180658856830     
  3.471192367763110E-003   33.3180548707499     
  3.502756895872896E-003   33.3180436531656     
  3.534608449111006E-003   33.3180322291907     
  3.566749637477627E-003   33.3180205950133     
  3.599183094706413E-003   33.3180087467530     
  3.631911478480297E-003   33.3179966804564     
  3.664937470649270E-003   33.3179843920954     
  3.698263777450142E-003   33.3179718775693     
  3.731893129728291E-003   33.3179591327018     
  3.765828283161444E-003   33.3179461532356     
  3.800072018485474E-003   33.3179329348372     
  3.834627141722275E-003   33.3179194730917     
  3.869496484409682E-003   33.3179057635025     
  3.904682903833499E-003   33.3178918014895     
  3.940189283261637E-003   33.3178775823865     
  3.976018532180371E-003   33.3178631014410     
  4.012173586532749E-003   33.3178483538143     
  4.048657408959181E-003   33.3178333345735     
  4.085472989040193E-003   33.3178180386978     
  4.122623343541415E-003   33.3178024610714     
  4.160111516660766E-003   33.3177865964829     
  4.197940580277918E-003   33.3177704396248     
  4.236113634206008E-003   33.3177539850911     
  4.274633806445644E-003   33.3177372273745     
  4.313504253441223E-003   33.3177201608648     
  4.352728160339579E-003   33.3177027798486     
  4.392308741250983E-003   33.3176850785051     
  4.432249239512513E-003   33.3176670509058     
  4.472552927953821E-003   33.3176486910113     
  4.513223109165322E-003   33.3176299926697     
  4.554263115768812E-003   33.3176109496150     
  4.595676310690557E-003   33.3175915554635     
  4.637466087436854E-003   33.3175718037140     
  4.679635870372108E-003   33.3175516877427     
  4.722189114999433E-003   33.3175312008025     
  4.765129308243801E-003   33.3175103360216     
  4.808459968737778E-003   33.3174890863993     
  4.852184647109842E-003   33.3174674448036     
  4.896306926275335E-003   33.3174454039702     
  4.940830421730054E-003   33.3174229564997     
  4.985758781846518E-003   33.3174000948540     
  5.031095688172923E-003   33.3173768113538     
  5.076844855734817E-003   33.3173530981775     
  5.123010033339516E-003   33.3173289473572     
  5.169595003883303E-003   33.3173043507752     
  5.216603584661395E-003   33.3172793001633     
  5.264039627680746E-003   33.3172537870984     
  5.311907019975697E-003   33.3172278030002     
  5.360209683926482E-003   33.3172013391276     
  5.408951577580644E-003   33.3171743865761     
  5.458136694977360E-003   33.3171469362749     
  5.507769066474735E-003   33.3171189789840     
  5.557852759080046E-003   33.3170905052896     
  5.608391876783017E-003   33.3170615056028     
  5.659390560892100E-003   33.3170319701545     
  5.710852990373834E-003   33.3170018889931     
  5.762783382195268E-003   33.3169712519803     
  5.815185991669524E-003   33.3169400487885     
  5.868065112804482E-003   33.3169082688966     
  5.921425078654642E-003   33.3168759015859     
  5.975270261676185E-003   33.3168429359373     
  6.029605074085267E-003   33.3168093608270     
  6.084433968219566E-003   33.3167751649230     
  6.139761436903121E-003   33.3167403366801     
  6.195592013814475E-003   33.3167048643369     
  6.251930273858195E-003   33.3166687359121     
  6.308780833539735E-003   33.3166319391984     
  6.366148351343730E-003   33.3165944617608     
  6.424037528115731E-003   33.3165562909294     
  6.482453107447394E-003   33.3165174137973     
  6.541399876065192E-003   33.3164778172155     
  6.600882664222641E-003   33.3164374877874     
  6.660906346096118E-003   33.3163964118652     
  6.721475840184253E-003   33.3163545755443     
  6.782596109710964E-003   33.3163119646586     
  6.844272163032162E-003   33.3162685647768     
  6.906509054046150E-003   33.3162243611949     
  6.969311882607742E-003   33.3161793389322     
  7.032685794946169E-003   33.3161334827280     
  7.096635984086773E-003   33.3160867770323     
  7.161167690276533E-003   33.3160392060040     
  7.226286201413467E-003   33.3159907535027     
  7.291996853479941E-003   33.3159414030847     
  7.358305030979899E-003   33.3158911379962     
  7.425216167380103E-003   33.3158399411680     
  7.492735745555352E-003   33.3157877952087     
  7.560869298237766E-003   33.3157346823995     
  7.629622408470155E-003   33.3156805846877     
  7.699000710063507E-003   33.3156254836797     
  7.769009888058637E-003   33.3155693606350     
  7.839655679192033E-003   33.3155121964596     
  7.910943872365945E-003   33.3154539716990     
  7.982880309122732E-003   33.3153946665308     
  8.055470884123546E-003   33.3153342607599     
  8.128721545631349E-003   33.3152727338076     
  8.202638295998326E-003   33.3152100647075     
  8.277227192157744E-003   33.3151462320972     
  8.352494346120265E-003   33.3150812142099     
  8.428445925474778E-003   33.3150149888669     
  8.505088153893798E-003   33.3149475334704     
  8.582427311643442E-003   33.3148788249949     
  8.660469736098049E-003   33.3148088399794     
  8.739221822259492E-003   33.3147375545177     
  8.818690023281185E-003   33.3146649442520     
  8.898880850996885E-003   33.3145909843622     
  8.979800876454287E-003   33.3145156495587     
  9.061456730453466E-003   33.3144389140719     
  9.143855104090224E-003   33.3143607516436     
  9.227002749304384E-003   33.3142811355176     
  9.310906479433053E-003   33.3142000384304     
  9.395573169768927E-003   33.3141174326008     
  9.481009758123675E-003   33.3140332897206     
  9.567223245396437E-003   33.3139475809433     
  9.654220696147495E-003   33.3138602768750     
  9.742009239177164E-003   33.3137713475633     
  9.830596068109944E-003   33.3136807624862     
  9.919988441983987E-003   33.3135884905413     
  1.001019368584592E-002   33.3134945000351     
  1.010121919135108E-002   33.3133987586708     
  1.019307241736920E-002   33.3133012335369     
  1.028576089059561E-002   33.3132018910955     
  1.037929220616801E-002   33.3131006971699     
  1.047367402828880E-002   33.3129976169323     
  1.056891409085315E-002   33.3128926148913     
  1.066502019808271E-002   33.3127856548788     
  1.076200022516509E-002   33.3126767000371     
  1.085986211889921E-002   33.3125657128054     
  1.095861389834648E-002   33.3124526549059     
  1.105826365548788E-002   33.3123374873305     
  1.115881955588703E-002   33.3122201703262     
  1.126028983935933E-002   33.3121006633805     
  1.136268282064715E-002   33.3119789252065     
  1.146600689010114E-002   33.3118549137287     
  1.157027051436776E-002   33.3117285860664     
  1.167548223708306E-002   33.3115998985188     
  1.178165067957281E-002   33.3114688065492     
  1.188878454155889E-002   33.3113352647684     
  1.199689260187220E-002   33.3111992269172     
  1.210598371917202E-002   33.3110606458511     
  1.221606683267191E-002   33.3109194735217     
  1.232715096287221E-002   33.3107756609599     
  1.243924521229922E-002   33.3106291582567     
  1.255235876625104E-002   33.3104799145468     
  1.266650089355031E-002   33.3103278779874     
  1.278168094730364E-002   33.3101729957415     
  1.289790836566809E-002   33.3100152139564     
  1.301519267262452E-002   33.3098544777452     
  1.313354347875806E-002   33.3096907311659     
  1.325297048204555E-002   33.3095239172008     
  1.337348346865028E-002   33.3093539777354     
  1.349509231372389E-002   33.3091808535368     
  1.361780698221551E-002   33.3090044842320     
  1.374163752968839E-002   33.3088248082851     
  1.386659410314382E-002   33.3086417629747     
  1.399268694185265E-002   33.3084552843705     
  1.411992637819428E-002   33.3082653073097     
  1.424832283850335E-002   33.3080717653724     
  1.437788684392407E-002   33.3078745908567     
  1.450862901127241E-002   33.3076737147542     
  1.464056005390601E-002   33.3074690667234     
  1.477369078260208E-002   33.3072605750641     
  1.490803210644327E-002   33.3070481666894     
  1.504359503371159E-002   33.3068317671001     
  1.518039067279045E-002   33.3066113003552     
  1.531843023307492E-002   33.3063866890442     
  1.545772502589024E-002   33.3061578542577     
  1.559828646541872E-002   33.3059247155580     
  1.574012606963504E-002   33.3056871909483     
  1.588325546125004E-002   33.3054451968429     
  1.602768636866317E-002   33.3051986480341     
  1.617343062692348E-002   33.3049474576616     
  1.632050017869948E-002   33.3046915371789     
  1.646890707525771E-002   33.3044307963194     
  1.661866347745026E-002   33.3041651430633     
  1.676978165671126E-002   33.3038944836022     
  1.692227399606246E-002   33.3036187223032     
  1.707615299112791E-002   33.3033377616728     
  1.723143125115785E-002   33.3030515023204     
  1.738812150006201E-002   33.3027598429199     
  1.754623657745219E-002   33.3024626801713     
  1.770578943969441E-002   33.3021599087610     
  1.786679316097054E-002   33.3018514213225     
  1.802926093434970E-002   33.3015371083944     
  1.819320607286926E-002   33.3012168583792     
  1.835864201062579E-002   33.3008905575004     
  1.852558230387590E-002   33.3005580897588     
  1.869404063214701E-002   33.3002193368885     
  1.886403079935839E-002   33.2998741783106     
  1.903556673495216E-002   33.2995224910878     
  1.920866249503483E-002   33.2991641498769     
  1.938333226352900E-002   33.2987990268800     
  1.955959035333569E-002   33.2984269917962     
  1.973745120750714E-002   33.2980479117704     
  1.991692940043033E-002   33.2976616513425     
  2.009803963902124E-002   33.2972680723950     
  2.028079676392996E-002   33.2968670340996     
  2.046521575075680E-002   33.2964583928624     
  2.065131171127940E-002   33.2960420022686     
  2.083909989469105E-002   33.2956177130253     
  2.102859568885025E-002   33.2951853729036     
  2.121981462154160E-002   33.2947448266798     
  2.141277236174824E-002   33.2942959160743     
  2.160748472093576E-002   33.2938384796906     
  2.180396765434785E-002   33.2933723529514     
  2.200223726231372E-002   33.2928973680355     
  2.220230979156742E-002   33.2924133538113     
  2.240420163657908E-002   33.2919201357704     
  2.260792934089840E-002   33.2914175359585     
  2.281350959851020E-002   33.2909053729064     
  2.302095925520240E-002   33.2903834615583     
  2.323029530994642E-002   33.2898516131996     
  2.344153491629009E-002   33.2893096353817     
  2.365469538376328E-002   33.2887573318472     
  2.386979417929630E-002   33.2881945024518     
  2.408684892865113E-002   33.2876209430858     
  2.430587741786577E-002   33.2870364455934     
  2.452689759471170E-002   33.2864407976902     
  2.474992757016449E-002   33.2858337828791     
  2.497498561988792E-002   33.2852151803648     
  2.520209018573152E-002   33.2845847649660     
  2.543125987724174E-002   33.2839423070262     
  2.566251347318686E-002   33.2832875723220     
  2.589586992309579E-002   33.2826203219703     
  2.613134834881083E-002   33.2819403123329     
  2.636896804605457E-002   33.2812472949197     
  2.660874848601103E-002   33.2805410162888     
  2.685070931692118E-002   33.2798212179460     
  2.709487036569296E-002   33.2790876362409     
  2.734125163952598E-002   33.2783400022617     
  2.758987332755092E-002   33.2775780417270     
  2.784075580248391E-002   33.2768014748761     
  2.809391962229592E-002   33.2760100163565     
  2.834938553189732E-002   33.2752033751093     
  2.860717446483778E-002   33.2743812542517     
  2.886730754502164E-002   33.2735433509578     
  2.912980608843883E-002   33.2726893563365     
  2.939469160491156E-002   33.2718189553064     
  2.966198579985693E-002   33.2709318264688     
  2.993171057606546E-002   33.2700276419778     
  3.020388803549592E-002   33.2691060674073     
  3.047854048108643E-002   33.2681667616154     
  3.075569041858196E-002   33.2672093766068     
  3.103536055837857E-002   33.2662335573901     
  3.131757381738431E-002   33.2652389418350     
  3.160235332089715E-002   33.2642251605238     
  3.188972240449987E-002   33.2631918366020     
  3.217970461597228E-002   33.2621385856236     
  3.247232371722078E-002   33.2610650153952     
  3.276760368622544E-002   33.2599707258153     
  3.306556871900485E-002   33.2588553087109     
  3.336624323159882E-002   33.2577183476706     
  3.366965186206906E-002   33.2565594178741     
  3.397581947251811E-002   33.2553780859178     
  3.428477115112658E-002   33.2541739096376     
  3.459653221420897E-002   33.2529464379263     
  3.491112820828816E-002   33.2516952105497     
  3.522858491218871E-002   33.2504197579560     
  3.554892833914933E-002   33.2491196010831     
  3.587218473895438E-002   33.2477942511614     
  3.619838060008489E-002   33.2464432095118     
  3.652754265188913E-002   33.2450659673403     
  3.685969786677282E-002   33.2436620055276     
  3.719487346240934E-002   33.2422307944146     
  3.753309690397007E-002   33.2407717935837     
  3.787439590637486E-002   33.2392844516343     
  3.821879843656317E-002   33.2377682059552     
  3.856633271578565E-002   33.2362224824907     
  3.891702722191677E-002   33.2346466955028     
  3.927091069178827E-002   33.2330402473279     
  3.962801212354403E-002   33.2314025281285     
  3.998836077901616E-002   33.2297329156397     
  4.035198618612285E-002   33.2280307749100     
  4.071891814128797E-002   33.2262954580377     
  4.108918671188264E-002   33.2245263038999     
  4.146282223868903E-002   33.2227226378782     
  4.183985533838658E-002   33.2208837715762     
  4.222031690606078E-002   33.2190090025329     
  4.260423811773486E-002   33.2170976139291     
  4.299165043292436E-002   33.2151488742882     
  4.338258559721508E-002   33.2131620371699     
  4.377707564486430E-002   33.2111363408587     
  4.417515290142586E-002   33.2090710080447     
  4.457684998639892E-002   33.2069652454985     
  4.498219981590090E-002   33.2048182437387     
  4.539123560536480E-002   33.2026291766931     
  4.580399087226081E-002   33.2003972013523     
  4.622049943884295E-002   33.1981214574162     
  4.664079543492047E-002   33.1958010669334     
  4.706491330065461E-002   33.1934351339324     
  4.749288778938066E-002   33.1910227440463     
  4.792475397045575E-002   33.1885629641280     
  4.836054723213253E-002   33.1860548418594     
  4.880030328445900E-002   33.1834974053509     
  4.924405816220466E-002   33.1808896627331     
  4.969184822781329E-002   33.1782306017403     
  5.014371017438263E-002   33.1755191892855     
  5.059968102867101E-002   33.1727543710255     
  5.105979815413154E-002   33.1699350709187     
  5.152409925397369E-002   33.1670601907725     
  5.199262237425282E-002   33.1641286097819     
  5.246540590698776E-002   33.1611391840584     
  5.294248859330676E-002   33.1580907461499     
  5.342390952662206E-002   33.1549821045498     
  5.390970815583328E-002   33.1518120431966     
  5.439992428855994E-002   33.1485793209633     
  5.489459809440350E-002   33.1452826711365     
  5.539377010823885E-002   33.1419208008845     
  5.589748123353592E-002   33.1384923907149     
  5.640577274571136E-002   33.1349960939211     
  5.691868629551083E-002   33.1314305360180     
  5.743626391242191E-002   33.1277943141657     
  5.795854800811812E-002   33.1240859965820     
  5.848558137993426E-002   33.1203041219429     
  5.901740721437332E-002   33.1164471987719     
  5.955406909064532E-002   33.1125137048153     
  6.009561098423826E-002   33.1085020864073     
  6.064207727052165E-002   33.1044107578206     
  6.119351272838270E-002   33.1002381006054     
  6.174996254389560E-002   33.0959824629147     
  6.231147231402426E-002   33.0916421588163     
  6.287808805035859E-002   33.0872154675919     
  6.344985618288480E-002   33.0827006330218     
  6.402682356379004E-002   33.0780958626558     
  6.460903747130158E-002   33.0733993270703     
  6.519654561356085E-002   33.0686091591105     
  6.578939613253292E-002   33.0637234531186     
  6.638763760795117E-002   33.0587402641464     
  6.699131906129822E-002   33.0536576071535     
  6.760048995982283E-002   33.0484734561896     
  6.821520022059331E-002   33.0431857435622     
  6.883550021458792E-002   33.0377923589874     
  6.946144077082241E-002   33.0322911487253     
  7.009307318051504E-002   33.0266799146997     
  7.073044920128954E-002   33.0209564136005     
  7.137362106141627E-002   33.0151183559697     
  7.202264146409193E-002   33.0091634052711     
  7.267756359175821E-002   33.0030891769422     
  7.333844111045970E-002   32.9968932374290     
  7.400532817424141E-002   32.9905731032040     
  7.467827942958628E-002   32.9841262397650     
  7.535735001989317E-002   32.9775500606174     
  7.604259558999528E-002   32.9708419262378     
  7.673407229071995E-002   32.9639991430191     
  7.743183678348979E-002   32.9570189621974     
  7.813594624496566E-002   32.9498985787598     
  7.884645837173186E-002   32.9426351303340     
  7.956343138502395E-002   32.9352256960581     
  8.028692403549956E-002   32.9276672954312     
  8.101699560805256E-002   32.9199568871455     
  8.175370592667104E-002   32.9120913678975     
  8.249711535933942E-002   32.9040675711806     
  8.324728482298518E-002   32.8958822660574     
  8.400427578847056E-002   32.8875321559119     
  8.476815028562962E-002   32.8790138771819     
  8.553897090835115E-002   32.8703239980709     
  8.631680081970773E-002   32.8614590172406     
  8.710170375713155E-002   32.8524153624815     
  8.789374403763722E-002   32.8431893893647     
  8.869298656309202E-002   32.8337773798719     
  8.949949682553411E-002   32.8241755410064     
  9.031334091253920E-002   32.8143800033817     
  9.113458551263597E-002   32.8043868197913     
  9.196329792077054E-002   32.7941919637572     
  9.279954604382096E-002   32.7837913280581     
  9.364339840616155E-002   32.7731807232375     
  9.449492415527810E-002   32.7623558760907     
  9.535419306743394E-002   32.7513124281329     
  9.622127555338748E-002   32.7400459340465     
  9.709624266416203E-002   32.7285518601086     
  9.797916609686783E-002   32.7168255825987     
  9.887011820057706E-002   32.7048623861880     
  9.976917198225239E-002   32.6926574623079     
  0.100676401112729        32.6802059075015     
  0.101591879932753        32.6675027217546     
  0.102515683459070        32.6545428068106     
  0.103447887390574        32.6413209644659     
  0.104388568114513        32.6278318948489     
  0.105337802712743        32.6140701946824     
  0.106295668968047        32.6000303555288     
  0.107262245370510        32.5857067620206     
  0.108237611123949        32.5710936900753     
  0.109221846152404        32.5561853050961     
  0.110215031106686        32.5409756601588     
  0.111217247370987        32.5254586941864     
  0.112228577069547        32.5096282301113     
  0.113249103073387        32.4934779730265     
  0.114278909007096        32.4770015083268     
  0.115318079255685        32.4601922998411     
  0.116366698971503        32.4430436879573     
  0.117424854081211        32.4255488877390     
  0.118492631292828        32.4077009870388     
  0.119570118102830        32.3894929446064     
  0.120657402803326        32.3709175881939     
  0.121754574489289        32.3519676126613     
  0.122861723065856        32.3326355780808     
  0.123978939255701        32.3129139078451     
  0.125106314606459        32.2927948867788     
  0.126243941498239        32.2722706592555     
  0.127391913151184        32.2513332273240     
  0.128550323633116        32.2299744488436     
  0.129719267867243        32.2081860356320     
  0.130898841639933        32.1859595516285     
  0.132089141608570        32.1632864110734     
  0.133290265309470        32.1401578767074     
  0.134502311165872        32.1165650579943     
  0.135725378496007        32.0924989093679     
  0.136959567521235        32.0679502285076     
  0.138204979374256        32.0429096546459     
  0.139461716107398        32.0173676669096     
  0.140729880700981        31.9913145827000     
  0.142009577071751        31.9647405561147     
  0.143300910081402        31.9376355764138     
  0.144603985545162        31.9099894665370     
  0.145918910240467        31.8817918816730     
  0.147245791915712        31.8530323078863     
  0.148584739299077        31.8237000608072     
  0.149935862107437        31.7937842843870     
  0.151299271055356        31.7632739497255     
  0.152675077864154        31.7321578539745     
  0.154063395271066        31.7004246193225     
  0.155464337038479        31.6680626920667     
  0.156878017963250        31.6350603417766     
  0.158304553886121        31.6014056605569     
  0.159744061701202        31.5670865624125     
  0.161196659365557        31.5320907827259     
  0.162662465908865        31.4964058778492     
  0.164141601443176        31.4600192248203     
  0.165634187172753        31.4229180212087     
  0.167140345404002        31.3850892850982     
  0.168660199555497        31.3465198552140     
  0.170193874168092        31.3071963912006     
  0.171741494915125        31.2671053740604     
  0.173303188612717        31.2262331067579     
  0.174879083230164        31.1845657150007     
  0.176469307900424        31.1420891482028     
  0.178073992930694        31.0987891806413     
  0.179693269813094        31.0546514128133     
  0.181327271235438        31.0096612730037     
  0.182976131092107        30.9638040190708     
  0.184639984495023        30.9170647404626     
  0.186318967784716        30.8694283604696     
  0.188013218541500        30.8208796387264     
  0.189722875596747        30.7714031739724     
  0.191448079044259        30.7209834070792     
  0.193188970251752        30.6696046243581     
  0.194945691872439        30.6172509611566     
  0.196718387856717        30.5639064057546     
  0.198507203463965        30.5095548035721     
  0.200312285274447        30.4541798616983     
  0.202133781201322        30.3977651537540     
  0.203971840502766        30.3402941250984     
  0.205826613794199        30.2817500983908     
  0.207698253060632        30.2221162795193     
  0.209586911669118        30.1613757639087     
  0.211492744381318        30.0995115432162     
  0.213415907366187        30.0365065124299     
  0.215356558212765        29.9723434773783     
  0.217314855943096        29.9070051626640     
  0.219290961025256        29.8404742200327     
  0.221285035386500        29.7727332371870     
  0.223297242426536        29.7037647470577     
  0.225327747030910        29.6335512375425     
  0.227376715584518        29.5620751617224     
  0.229444315985243        29.4893189485663     
  0.231530717657707        29.4152650141333     
  0.233636091567162        29.3398957732827     
  0.235760610233491        29.2631936519002     
  0.237904447745352        29.1851410996486     
  0.240067779774438        29.1057206032520     
  0.242250783589875        29.0249147003199     
  0.244453638072748        28.9427059937184     
  0.246676523730756        28.8590771664946     
  0.248919622713006        28.7740109973587     
  0.251183118824938        28.6874903767296     
  0.253467197543388        28.5994983233458     
  0.255772046031783        28.5100180014451     
  0.258097853155481        28.4190327385139     
  0.260444809497244        28.3265260436069     
  0.262813107372859        28.2324816262353     
  0.265202940846892        28.1368834158214     
  0.267614505748596        28.0397155817167     
  0.270047999687952        27.9409625537759     
  0.272503622071863        27.8406090434829     
  0.274981574120498        27.7386400656174     
  0.277482058883777        27.6350409604530     
  0.280005281258007        27.5297974164748     
  0.282551448002679        27.4228954936016     
  0.285120767757403        27.3143216468958     
  0.287713451059009        27.2040627507440     
  0.290329710358798        27.0921061234864     
  0.292969760039949        26.9784395524716     
  0.295633816435088        26.8630513195124     
  0.298322097844016        26.7459302267129     
  0.301034824551593        26.6270656226375     
  0.303772218845792        26.5064474287872     
  0.306534505035915        26.3840661663475     
  0.309321909470968        26.2599129831681     
  0.312134660558215        26.1339796809332     
  0.314972988781890        26.0062587424756     
  0.317837126722086        25.8767433591877     
  0.320727309073811        25.7454274584776     
  0.323643772666222        25.6123057312153     
  0.326586756482030        25.4773736591110     
  0.329556501677080        25.3406275419653     
  0.332553251600120        25.2020645247265     
  0.335577251812732        25.0616826242868     
  0.338628750109461        24.9194807559475     
  0.341707996538116        24.7754587594789     
  0.344815243420264        24.6296174246980     
  0.347950745371899        24.4819585164826     
  0.351114759324312        24.3324847991406     
  0.354307544545142        24.1812000600466     
  0.357529362659622        24.0281091324580     
  0.360780477672017        23.8732179174189     
  0.364061155987255        23.7165334046578     
  0.367371666432761        23.5580636923832     
  0.370712280280483        23.3978180058792     
  0.374083271269120        23.2358067148013     
  0.377484915626556        23.0720413490701     
  0.380917492092490        22.9065346132632     
  0.384381281941282        22.7393003993992     
  0.387876569004998        22.5703537980124     
  0.391403639696668        22.3997111074139     
  0.394962783033757        22.2273898410359     
  0.398554290661847        22.0534087327583     
  0.402178456878535        21.8777877401161     
  0.405835578657548        21.7005480452884     
  0.409525955673082        21.5217120537753     
  0.413249890324350        21.3413033906672     
  0.417007687760369        21.1593468944203     
  0.420799655904961        20.9758686080512     
  0.424626105481986        20.7908957676736     
  0.428487350040804        20.6044567883031     
  0.432383705981966        20.4165812468632     
  0.436315492583144        20.2272998623337     
  0.440283032025290        20.0366444729914     
  0.444286649419038        19.8446480107003     
  0.448326672831347        19.6513444722200     
  0.452403433312378        19.4567688875118     
  0.456517264922625        19.2609572850313     
  0.460668504760289        19.0639466540129     
  0.464857492988898        18.8657749037591     
  0.469084572865185        18.6664808199674     
  0.473350090767211        18.4661040181375     
  0.477654396222751        18.2646848941206     
  0.481997841937934        18.0622645718854     
  0.486380783826145        17.8588848485958     
  0.490803581037189        17.6545881371100     
  0.495266595986722        17.4494174060302     
  0.499770194385947        17.2434161174483     
  0.504314745271583        17.0366281625567     
  0.508900621036101        16.8290977953058     
  0.513528197458243        16.6208695643143     
  0.518197853733814        16.4119882432554     
  0.522909972506751        16.2024987599610     
  0.527664939900481        15.9924461245069     
  0.532463145549559        15.7818753565579     
  0.537304982631597        15.5708314122727     
  0.542190847899482        15.3593591110836     
  0.547121141713887        15.1475030626851     
  0.552096268076076        14.9353075945779     
  0.557116634661010        14.7228166805334     
  0.562182652850754        14.5100738703524     
  0.567294737768184        14.2971222213077     
  0.572453308311008        14.0840042316650     
  0.577658787186086        13.8707617766893     
  0.582911600944071        13.6574360475457     
  0.588212180014362        13.4440674935081     
  0.593560958740373        13.2306957678910     
  0.598958375415124        13.0173596781138     
  0.604404872317157        12.8040971403081     
  0.609900895746778        12.5909451388623     
  0.615446896062625        12.3779396912952     
  0.621043327718578        12.1651158188275     
  0.626690649300988        11.9525075230083     
  0.632389323566267        11.7401477687278     
  0.638139817478795        11.5280684739252     
  0.643942602249194        11.3163005062686     
  0.649798153372937        11.1048736870550     
  0.655706950669310        10.8938168025389     
  0.661669478320729        10.6831576228608     
  0.667686224912420        10.4729229287032     
  0.673757683472450        10.2631385457546     
  0.679884351512128        10.0538293870139     
  0.686066731066776        9.84501950291477     
  0.692305328736862        9.63673213919557     
  0.698600655729515        9.42898980238181     
  0.704953227900414        9.22181433269172     
  0.711363565796059        9.01522698411311     
  0.717832194696427        8.80924851133954     
  0.724359644658010        8.60389926319164     
  0.730946450557257        8.39919928208734     
  0.737593152134396        8.19516840906354     
  0.744300294037665        7.99182639379149     
  0.751068425867942        7.78919300896910     
  0.757898102223782        7.58728816841755     
  0.764789882746857        7.38613204815558     
  0.771744332167820        7.18574520967512     
  0.778762020352580        6.98614872459617     
  0.785843522348994        6.78736429983757     
  0.792989418433994        6.58941440240475     
  0.800200294161129        6.39232238286563     
  0.807476740408557        6.19611259656243     
  0.814819353427451        6.00081052159106     
  0.822228734890868        5.80644287256982     
  0.829705491943046        5.61303770921872     
  0.837250237249154        5.42062453877651     
  0.844863589045501        5.22923441129767     
  0.852546171190191        5.03890000689495     
  0.860298613214246        4.84965571402405     
  0.868121550373188        4.66153769794780     
  0.876015623699099        4.47458395856473     
  0.883981480053145        4.28883437684358     
  0.892019772178582        4.10433074916894     
  0.900131158754245        3.92111680897461     
  0.908316304448519        3.73923823511914     
  0.916575879973807        3.55874264654178     
  0.924910562141488        3.37967958282699     
  0.933321033917377        3.20210047039951     
  0.941807984477689        3.02605857417000     
  0.950372109265514        2.85160893455240     
  0.959014110047798        2.67880828987675     
  0.967734694972854        2.50771498432553     
  0.976534578628386        2.33838886162513     
  0.985414482100045        2.17089114482762     
  0.994375133030515        2.00528430261854     
   1.00341726567914        1.84163190268479     
   1.01254162098210        1.67999845277111     
   1.02174894661309        1.52044923014301     
   1.03103999704464        1.36305010025790     
   1.04041553360991        1.20786732552428     
   1.04987632456505        1.05496736509930     
   1.05942314515220       0.904416666738150     
   1.06905677766300       0.756281451764740     
   1.07877801150267       0.610627494279115     
   1.08858764325472       0.467519895756526     
   1.09848647674623       0.327022856222209     
   1.10847532311369       0.189199443207345     
   1.11855500086948       5.411135970412317E-002
   1.12872633596897      -7.818128765811583E-002
   1.13899016187813      -0.207620218997694     
   1.14934731964192      -0.334149208920233     
   1.15979865795312      -0.457714310426273     
   1.17034503322193      -0.578264073826018     
   1.18098730964612      -0.695749759532871     
   1.19172635928186      -0.810125543645696     
   1.20256306211518      -0.921348715273148     
   1.21349830613405       -1.02937986460172     
   1.22453298740118       -1.13418306076119     
   1.23566801012741       -1.23572601859715     
   1.24690428674586       -1.33398025351902     
   1.25824273798663       -1.42892122365347     
   1.26968429295228       -1.52052845859663     
   1.28122988919397       -1.60878567412400     
   1.29288047278829       -1.69368087228367     
   1.30463699841473       -1.77520642636661     
   1.31650042943399       -1.85335915031684     
   1.32847173796685       -1.92814035221427     
   1.34055190497388       -1.99955587153351     
   1.35274192033579       -2.06761609995355     
   1.36504278293455       -2.13233598556489     
   1.37745550073526       -2.19373502039339     
   1.38998109086870       -2.25183721123313     
   1.40262057971474       -2.30667103385413     
   1.41537500298639       -2.35826937072501     
   1.42824540581469       -2.40666943246474     
   1.44123284283437       -2.45191266331294     
   1.45433837827023       -2.49404463098251     
   1.46756308602436       -2.53311490133360     
   1.48090804976417       -2.56917689838232     
   1.49437436301114       -2.60228775023136     
   1.50796312923046       -2.63250812158290     
   1.52167546192143       -2.65990203356523     
   1.53551248470871       -2.68453667167472     
   1.54947533143442       -2.70648218270117     
   1.56356514625099       -2.72581146156949     
   1.57778308371498       -2.74259992909060     
   1.59213030888163       -2.75692530167114     
   1.60660799740038       -2.76886735408270     
   1.62121733561117       -2.77850767643732     
   1.63595952064165       -2.78592942655553     
   1.65083576050531       -2.79121707894606     
   1.66584727420045       -2.79445617164183     
   1.68099529181002       -2.79573305215434     
   1.69628105460252       -2.79513462381762     
   1.71170581513361       -2.79274809379323     
   1.72727083734882       -2.78866072399909     
   1.74297739668705       -2.78295958620667     
   1.75882678018518       -2.77573132252351     
   1.77482028658344       -2.76706191244096     
   1.79095922643187       -2.75703644758080     
   1.80724492219774       -2.74573891521850     
   1.82367870837386       -2.73325199159697     
   1.84026193158795       -2.71965684597160     
   1.85699595071303       -2.70503295624718     
   1.87388213697871       -2.68945793697967     
   1.89092187408357       -2.67300738042202     
   1.90811655830857       -2.65575471119388     
   1.92546759863144       -2.63777105505153     
   1.94297641684212       -2.61912512212705     
   1.96064444765932       -2.59988310489648     
   1.97847313884803       -2.58010859102602     
   1.99646395133817       -2.55986249113465     
