                                                  

          SCF,CCSD
        0.00000,        0.00000
        0.00000,        0.00000
        0.00000,        0.00000
        0.00000,        0.00000
        0.00000,        0.00000
        0.00000,        0.00000
        0.00000,        0.00000
        0.00000,        0.00000
        0.00000,        0.00000
        0.00000,        0.00000
        0.00000,        0.00000
        0.00000,        0.00000
        0.00000,        0.00000
        0.00000,        0.00000
        0.00000,        0.00000
   -17809.83912,   -17812.65666
                                                  
