    1   0 0   0/2   1    2.0000       -241.185156
    2   0 0   0/2   1    2.0000        -29.750164
    2   1 1   2/2   1    2.0000        -25.456857
    2   1 0   2/2   1    2.0000        -25.456857
    2   1-1   2/2   1    2.0000        -25.456857
    3   0 0   0/2   1    2.0000         -4.455574
    3   1 1   2/2   1    2.0000         -3.125614
    3   1 0   2/2   1    2.0000         -3.125614
    3   1-1   2/2   1    2.0000         -3.125614
    3   2 2   4/2   1    1.0000         -1.288249
    3   2 1   4/2   1    1.0000         -1.288249
    3   2 0   4/2   1    1.0000         -1.288249
    3   2-1   4/2   1    1.0000         -1.288249
    3   2-2   4/2   1    1.0000         -1.288249
 TOTAL ENERGY =    -1149.108518 -31269.081358

    1   0 0   0/2   1    2.0000       -241.333864
    2   0 0   0/2   1    2.0000        -29.908368
    2   1 1   2/2   1    2.0000        -25.614139
    2   1 0   2/2   1    2.0000        -25.614139
    2   1-1   2/2   1    2.0000        -25.614139
    3   0 0   0/2   1    2.0000         -4.560255
    3   1 1   2/2   1    2.0000         -3.223324
    3   1 0   2/2   1    2.0000         -3.223324
    3   1-1   2/2   1    2.0000         -3.223324
    3   2 2   4/2   1    2.0000         -1.001034
    3   2 1   4/2   1    2.0000         -1.001034
    3   2 0   4/2   1    1.0000         -1.001034
 TOTAL ENERGY =    -1148.227661 -31245.111831
 PLEASE ENTER FULL FILENAME.

    1   0 0   0/2   1    2.0000         -4.527452
    2   1 1   2/2   1    2.0000         -3.153058
    2   1 0   2/2   1    2.0000         -3.153058
    2   1-1   2/2   1    2.0000         -3.153058
    3   2 2   4/2   1    1.0000         -1.283827
    3   2 1   4/2   1    1.0000         -1.283827
    3   2 0   4/2   1    1.0000         -1.283827
    3   2-1   4/2   1    1.0000         -1.283827
    3   2-2   4/2   1    1.0000         -1.283827
 TOTAL ENERGY =     -102.652706  -2793.344372

