                                                  



     Z,SCF,CCSD
   0.0,      0.0000000,      0.0000000
   0.0,      0.0000000,      0.0000000
   1.7,   -119.6220922,   -120.5896726
                                                  

     Z,SCF,CCSD
   0.0,      0.0000000,      0.0000000
   0.0,      0.0000000,      0.0000000
   0.0,      0.0000000,      0.0000000
   1.8,   -119.6098159,   -120.5864266
                                                  

     Z,SCF,CCSD
   0.0,      0.0000000,      0.0000000
   1.6,   -119.6153897,   -120.5742917
                                                  

     Z,SCF,CCSD
   0.0,      0.0000000,      0.0000000
   0.0,      0.0000000,      0.0000000
   0.0,      0.0000000,      0.0000000
   0.0,      0.0000000,      0.0000000
   1.9,   -119.5876791,   -120.5734050
                                                  
