   -4937.918271 0 0.0 2000 0.21739130D-05 0.11795356D+03  46.0 46.00000000 23
   1
  1 0 0.0 1 -873.312865-1057.826271  2.00000000
  2 0 0.0 1 -127.964634 -262.109200  2.00000000
  2 1 1.0 1 -118.528994 -261.489754  2.00000000
  2 1 1.0 1 -118.528994 -261.489754  2.00000000
  2 1 1.0 1 -118.528994 -261.489754  2.00000000
  3 0 0.0 1  -24.208337 -109.326573  2.00000000
  3 1 1.0 1  -20.373517 -107.361188  2.00000000
  3 1 1.0 1  -20.373517 -107.361188  2.00000000
  3 1 1.0 1  -20.373517 -107.361188  2.00000000
  3 2 2.0 1  -13.362540 -104.147263  2.00000000
  3 2 2.0 1  -13.362540 -104.147263  2.00000000
  3 2 2.0 1  -13.362540 -104.147263  2.00000000
  3 2 2.0 1  -13.362540 -104.147263  2.00000000
  3 2 2.0 1  -13.362540 -104.147263  2.00000000
  4 0 0.0 1   -3.587255  -49.360396  2.00000000
  4 1 1.0 1   -2.330080  -45.874388  2.00000000
  4 1 1.0 1   -2.330080  -45.874388  2.00000000
  4 1 1.0 1   -2.330080  -45.874388  2.00000000
  4 2 2.0 1   -0.336042  -34.624177  2.00000000
  4 2 2.0 1   -0.336042  -34.624177  2.00000000
  4 2 2.0 1   -0.336042  -34.624177  2.00000000
  4 2 2.0 1   -0.336042  -34.624177  2.00000000
  4 2 2.0 1   -0.336042  -34.624177  2.00000000
    0    0    0    0
