0.19616
0.19616
0.19616
0.19616
0.19616
0.196152
0.196168
0.196092
0.196227
0.196462
0.195858
0.196111
0.196208
0.196258
0.196061
0.19616
0.19616
0.19616
0.19616
0.19616
0.19616
0.196171
0.196148
0.196175
0.196144
0.196075
0.196244
0.195855
0.196464
0.196134
0.196186
0.19616
0.19616
0.19616
0.19616
2380.71
765.857
56.7547
0.081857
0.081857
0.0818568
0.0818572
0.081862
0.081852
0.0819012
0.0818129
0.0816607
0.0820536
0.081842
0.0818716
0.0817936
0.0819208
0.081857
0.081857
0.081857
0.081857
0.081857
0.081857
0.0818499
0.0818638
0.0818471
0.0818669
0.081912
0.0818022
0.0820476
0.0816664
0.0818734
0.0818405
0.081857
0.081857
0.081857
0.081857
0.0297718
0.0297718
0.0297718
0.0297718
0.0297703
0.0297729
0.0297619
0.0297817
0.0298149
0.0297291
0.0297707
0.0297729
0.0297858
0.0297579
0.0297718
0.0297718
0.0297718
0.0297718
0.0297718
0.0297718
0.0297734
0.0297699
0.0297739
0.0297698
0.0297598
0.0297839
0.0297395
0.0298044
0.0297683
0.0297755
0.0297718
0.0297718
0.0297718
0.0297718
0.0270443
0.0270443
0.0270443
0.0270443
0.0270439
0.0270448
0.0270414
0.0270474
0.0270572
0.0270315
0.0270441
0.0270448
0.0270483
0.0270401
0.0270442
0.0270443
0.0270443
0.0270443
0.0270443
0.0270443
0.0270449
0.0270437
0.0270449
0.0270438
0.0270408
0.027048
0.0270345
0.027054
0.0270432
0.0270455
0.0270443
0.0270443
0.0270443
0.0270443
0.0267718
0.0267718
0.0267718
0.0267718
0.0267717
0.0267721
0.0267718
0.0267718
0.0267714
0.0267726
0.0267718
0.0267718
0.0267717
0.0267721
0.0267718
0.0267718
0.0267718
0.0267718
0.0267718
0.0267718
0.026772
0.0267716
0.0267716
0.026772
0.0267721
0.0267719
0.0267725
0.0267714
0.0267719
0.0267718
0.0267718
0.0267718
0.0267718
0.0267718
0.0267622
0.0267622
0.0267622
0.0267622
0.0267619
0.0267622
0.0267621
0.0267622
0.0267621
0.026763
0.0267623
0.0267622
0.0267621
0.0267624
0.0267622
0.0267622
0.0267622
0.0267622
0.0267622
0.0267622
0.0267623
0.026762
0.0267622
0.0267622
0.0267623
0.0267621
0.0267628
0.0267618
0.0267622
0.0267622
0.0267622
0.0267622
0.0267622
0.0267622
0.0267022
0.0267022
0.0267023
0.0267023
0.0267021
0.0267024
0.0267023
0.0267023
0.0267022
0.0267025
0.0267025
0.0267024
0.0267023
0.0267022
0.0267022
0.0267023
0.0267022
0.0267023
0.0267023
0.0267022
0.0267023
0.0267022
0.0267021
0.0267023
0.0267022
0.0267025
0.0267025
0.0267024
0.0267024
0.0267023
0.0267023
0.0267022
0.0267022
0.0267022
0.0266631
0.0266248
0.0265517
0.02642
0.0262305
0.0264041
0.0262305
0.0262304
0.0262305
0.0262305
0.0262307
0.0262293
0.0262318
0.026236
0.0262255
0.0262302
0.0262308
0.0262323
0.0262288
0.0262305
0.0262304
0.0262303
0.0262304
0.0262304
0.0262304
0.0262309
0.0262303
0.0262307
0.0262303
0.0262291
0.026232
0.0262265
0.0262348
0.0262301
0.0262309
0.0262304
0.0262304
0.0262304
0.0262304
0.0260366
0.0258956
0.0257302
0.0264328
0.0257302
0.0257302
0.0257302
0.0257303
0.0257302
0.0257294
0.0257311
0.0257357
0.0257254
0.0257297
0.0257308
0.0257318
0.0257287
0.0257302
0.0257303
0.0257302
0.0257302
0.0257303
0.0257302
0.0257305
0.0257302
0.0257303
0.0257302
0.0257288
0.0257318
0.0257264
0.0257344
0.0257299
0.0257308
0.0257302
0.0257303
0.0257303
0.0257302
0.0257006
0.025855
0.0257006
0.0257006
0.0257006
0.0257006
0.0257006
0.0257013
0.0256997
0.0256978
0.0257039
0.0257009
0.0257003
0.0256996
0.0257017
0.0257006
0.0257006
0.0257006
0.0257006
0.0257006
0.0257006
0.0257006
0.0257005
0.0257005
0.025701
0.0257014
0.0256999
0.0257032
0.0256982
0.0257006
0.0257003
0.0257006
0.0257006
0.0257006
0.0257006
0.0256353
0.025575
0.0254868
0.0282356
0.0254868
0.0254868
0.0254868
0.0254869
0.0254867
0.0254869
0.0254868
0.0254888
0.0254851
0.0254865
0.0254871
0.0254874
0.0254862
0.0254868
0.0254867
0.0254868
0.0254868
0.0254868
0.0254868
0.0254869
0.0254867
0.0254868
0.025487
0.0254862
0.0254873
0.0254856
0.0254883
0.0254867
0.0254869
0.0254867
0.0254868
0.0254868
0.0254868
0.0259079
0.0281362
0.0259079
0.0259079
0.0259079
0.0259083
0.0259072
0.025905
0.0259106
0.0259271
0.0258891
0.0259034
0.0259125
0.0259136
0.0259021
0.0259079
0.0259079
0.0259079
0.0259079
0.0259079
0.0259079
0.0259082
0.0259074
0.0259084
3.2775e+06
0.0259025
0.0259131
0.0258929
0.0259233
0.0259064
0.0259091
0.0259079
0.0259079
0.0259079
0.0259079
2.72008e+08
8.78851e+07
6.38067e+07
1.32475e+07
1.32597e+07
21.3997
0.343368
1.2085
0.20106
0.0552052
0.0321761
0.0276998
0.0265558
0.0261801
0.0260322
0.0259673
0.0259368
0.0259222
0.0259151
0.0259115
0.0260266
0.0259646
0.0259355
0.0259216
0.0259145
0.025911
0.0259095
0.0259086
0.0259084
0.0259079
0.0259078
0.0259078
0.025908
0.0259079
0.0259079
0.0259079
0.0259079
0.0259079
0.0259079
0.0259079
482.896
482.896
482.896
482.896
482.896
482.896
482.896
482.896
482.896
482.896
482.896
482.896
482.896
482.896
482.896
482.896
482.896
482.896
406097
0.258065
0.00111509
0.0381404
3175.72
3175.72
3175.85
3175.6
3175.59
3175.86
3175.86
3175.59
3175.58
3175.87
3175.74
3175.71
3175.71
3175.74
3175.75
3175.7
3175.7
3175.75
3175.71
3175.73
3175.23
3176.22
3175.76
3175.69
3175.76
3175.68
3175.78
3175.67
0.0264219
18.5058
18.5058
18.5074
18.5042
18.5041
18.5075
48.3603
18.5058
18.5058
18.5074
18.5042
18.5041
18.5075
18.5076
18.504
18.5039
18.5077
18.51
18.5016
18.5011
18.5105
18.5132
18.4984
18.4985
18.5131
18.5058
18.5058
18.5073
18.5043
18.5063
18.5053
18.5058
18.5058
18.5074
18.5042
18.5041
18.5075
0.0264036
48.6952
0.027629
0.027629
0.027629
0.0276415
0.0276172
0.0276164
0.0276424
0.0276402
0.0276184
0.0276178
0.0276411
0.0274496
0.0278108
0.0278281
0.0274327
0.0273498
0.0279135
0.0279068
0.0273562
0.027629
0.027629
0.027629
0.027629
0.027633
0.0276251
0.0276333
0.0276248
0.027634
0.0276242
0.0276342
0.027624
0.0275676
0.0276907
0.0275614
0.0276968
0.571989
0.0277663
0.0274957
0.0277633
0.027629
0.027629
48.6952
0.027629
0.027629
0.027629
0.0276415
0.0276172
0.0276164
0.0276424
0.0276402
0.0276184
0.0276178
0.0276411
0.0274496
0.0278108
0.0278281
0.027629
0.027629
0.0276415
0.0276172
0.0276164
0.0276424
0.0276402
0.0276184
0.0276178
0.0276411
0.0274496
0.0278108
0.0278281
0.0274327
0.0273498
0.0279135
0.0279068
0.0273562
0.027633
0.0276251
0.0276333
0.0276248
0.027634
0.0276242
0.0276342
0.027624
0.0275676
0.0276907
0.0275614
0.0276968
0.571989
0.0277663
0.0274957
0.0277633
1.89076e+08
3.99547e+07
1.19229e+06
34572.3
2.04031
0.336308
0.463232
2.09228
0.278933
0.047052
0.0357923
0.031349
0.0293998
0.0284924
0.0280551
0.027841
0.0277345
0.0276819
0.0276555
0.0276423
1.89076e+08
3.99547e+07
1.19229e+06
34572.3
2.04031
0.336308
0.463232
2.09228
0.278933
0.047052
0.0357923
0.031349
0.0293998
0.0284924
0.0280551
0.027841
0.0277345
0.0276819
0.0276555
0.0276423
