                                                  

     Z,SCF,CCSD
   1.985,   -141.1599893,   -142.1272926
   1.935,   -141.1589003,   -142.1299565
   1.885,   -141.1560698,   -142.1316815
   1.835,   -141.1511079,   -142.1321622
   1.785,   -141.1435629,   -142.1309904
   1.735,   -141.1329191,   -142.1276097
   1.685,   -141.1185976,   -142.1212673
   1.635,   -141.0999557,   -142.1109793
   1.585,   -141.0762871,   -142.0955205
   1.535,   -141.0468257,   -142.0733677
   1.485,   -141.0107767,   -142.0426246
                                                  
