  1.215775037524561E-006  -26.0180559991726     
  1.226830421750313E-006  -26.0180560001042     
  1.237986335693001E-006  -26.0180559991731     
  1.249243693497602E-006  -26.0180559991733     
  1.260603417621676E-006  -26.0180560001048     
  1.272066438910944E-006  -26.0180559991737     
  1.283633696675570E-006  -26.0180559991739     
  1.295306138767131E-006  -26.0180559991741     
  1.307084721656284E-006  -26.0180559996400     
  1.318970410511143E-006  -26.0180560001059     
  1.330964179276365E-006  -26.0180559996405     
  1.343067010752962E-006  -26.0180559987094     
  1.355279896678832E-006  -26.0180559996409     
  1.367603837810021E-006  -26.0180559996412     
  1.380039844002736E-006  -26.0180559987101     
  1.392588934296086E-006  -26.0180559996417     
  1.405252136995594E-006  -26.0180559987106     
  1.418030489757448E-006  -26.0180560001079     
  1.430925039673541E-006  -26.0180559996425     
  1.443936843357265E-006  -26.0180559991771     
  1.457066967030092E-006  -26.0180559991774     
  1.470316486608951E-006  -26.0180559991777     
  1.483686487794382E-006  -26.0180559987123     
  1.497178066159505E-006  -26.0180559987126     
  1.510792327239798E-006  -26.0180559991785     
  1.524530386623681E-006  -26.0180559991789     
  1.538393370043933E-006  -26.0180559991792     
  1.552382413469940E-006  -26.0180559991795     
  1.566498663200774E-006  -26.0180559987141     
  1.580743275959129E-006  -26.0180559996458     
  1.595117418986103E-006  -26.0180559996461     
  1.609622270136845E-006  -26.0180559991808     
  1.624259017977073E-006  -26.0180559987155     
  1.639028861880466E-006  -26.0180559996472     
  1.653933012126946E-006  -26.0180559987162     
  1.668972690001851E-006  -26.0180559991822     
  1.684149127896008E-006  -26.0180559987169     
  1.699463569406722E-006  -26.0180559991830     
  1.714917269439678E-006  -26.0180559991834     
  1.730511494311769E-006  -26.0180559991838     
  1.746247521854867E-006  -26.0180559996498     
  1.762126641520526E-006  -26.0180559991846     
  1.778150154485646E-006  -26.0180559991850     
  1.794319373759094E-006  -26.0180559987198     
  1.810635624289298E-006  -26.0180559982545     
  1.827100243072811E-006  -26.0180559991863     
  1.843714579263874E-006  -26.0180559987211     
  1.860479994284967E-006  -26.0180559987215     
  1.877397861938365E-006  -26.0180559991877     
  1.894469568518716E-006  -26.0180559987225     
  1.911696512926634E-006  -26.0180559987229     
  1.929080106783329E-006  -26.0180559987234     
  1.946621774546280E-006  -26.0180559987239     
  1.964322953625958E-006  -26.0180559987244     
  1.982185094503613E-006  -26.0180559982593     
  2.000209660850127E-006  -26.0180559987255     
  2.018398129645952E-006  -26.0180559987260     
  2.036751991302144E-006  -26.0180559987266     
  2.055272749782477E-006  -26.0180559987271     
  2.073961922726699E-006  -26.0180559987277     
  2.092821041574877E-006  -26.0180559987283     
  2.111851651692896E-006  -26.0180559991945     
  2.131055312499086E-006  -26.0180559982638     
  2.150433597592007E-006  -26.0180559982644     
  2.169988094879394E-006  -26.0180559977994     
  2.189720406708272E-006  -26.0180559982656     
  2.209632149996258E-006  -26.0180559982663     
  2.229724956364056E-006  -26.0180559982669     
  2.250000472269157E-006  -26.0180559982676     
  2.270460359140750E-006  -26.0180559978026     
  2.291106293515870E-006  -26.0180559982690     
  2.311939967176771E-006  -26.0180559982697     
  2.332963087289563E-006  -26.0180559982704     
  2.354177376544093E-006  -26.0180559987368     
  2.375584573295115E-006  -26.0180559982719     
  2.397186431704728E-006  -26.0180559980398     
  2.418984721886122E-006  -26.0180559982734     
  2.440981230048625E-006  -26.0180559978085     
  2.463177758644066E-006  -26.0180559980421     
  2.485576126514476E-006  -26.0180559980430     
  2.508178169041131E-006  -26.0180559978110     
  2.530985738294940E-006  -26.0180559978118     
  2.554000703188216E-006  -26.0180559978127     
  2.577224949627819E-006  -26.0180559978135     
  2.600660380669686E-006  -26.0180559978144     
  2.624308916674781E-006  -26.0180559978153     
  2.648172495466446E-006  -26.0180559971178     
  2.672253072489201E-006  -26.0180559973515     
  2.696552620968965E-006  -26.0180559973525     
  2.721073132074761E-006  -26.0180559975863     
  2.745816615081871E-006  -26.0180559975873     
  2.770785097536482E-006  -26.0180559973555     
  2.795980625421825E-006  -26.0180559975893     
  2.821405263325837E-006  -26.0180559973575     
  2.847061094610328E-006  -26.0180559973586     
  2.872950221581709E-006  -26.0180559975925     
  2.899074765663249E-006  -26.0180559968951     
  2.925436867568917E-006  -26.0180559968963     
  2.952038687478797E-006  -26.0180559971302     
  2.978882405216097E-006  -26.0180559971314     
  3.005970220425769E-006  -26.0180559968998     
  3.033304352754756E-006  -26.0180559971338     
  3.060887042033876E-006  -26.0180559973679     
  3.088720548461358E-006  -26.0180559964378     
  3.116807152788046E-006  -26.0180559969047     
  3.145149156504296E-006  -26.0180559964404     
  3.173748882028561E-006  -26.0180559971402     
  3.202608672897700E-006  -26.0180559969087     
  3.231730893959008E-006  -26.0180559969101     
  3.261117931564005E-006  -26.0180559964458     
  3.290772193763975E-006  -26.0180559964472     
  3.320696110507288E-006  -26.0180559962159     
  3.350892133838518E-006  -26.0180559959845     
  3.381362738099372E-006  -26.0180559959860     
  3.412110420131440E-006  -26.0180559964532     
  3.443137699480794E-006  -26.0180559962219     
  3.474447118604449E-006  -26.0180559959907     
  3.506041243078693E-006  -26.0180559959923     
  3.537922661809324E-006  -26.0180559959940     
  3.570093987243787E-006  -26.0180559955300     
  3.602557855585245E-006  -26.0180559957645     
  3.635316927008598E-006  -26.0180559955334     
  3.668373885878466E-006  -26.0180559957680     
  3.701731440969149E-006  -26.0180559953042     
  3.735392325686595E-006  -26.0180559955388     
  3.769359298292378E-006  -26.0180559953079     
  3.803635142129723E-006  -26.0180559953098     
  3.838222665851578E-006  -26.0180559953117     
  3.873124703650757E-006  -26.0180559953137     
  3.908344115492190E-006  -26.0180559948500     
  3.943883787347273E-006  -26.0180559946192     
  3.979746631430350E-006  -26.0180559943885     
  4.015935586437346E-006  -26.0180559946235     
  4.052453617786579E-006  -26.0180559948584     
  4.089303717861747E-006  -26.0180559943950     
  4.126488906257133E-006  -26.0180559943972     
  4.164012230025044E-006  -26.0180559941667     
  4.201876763925485E-006  -26.0180559941690     
  4.240085610678122E-006  -26.0180559939385     
  4.278641901216521E-006  -26.0180559939409     
  4.317548794944710E-006  -26.0180559937106     
  4.356809479996062E-006  -26.0180559937131     
  4.396427173494547E-006  -26.0180559932499     
  4.436405121818345E-006  -26.0180559934854     
  4.476746600865867E-006  -26.0180559932552     
  4.517454916324189E-006  -26.0180559932579     
  4.558533403939929E-006  -26.0180559930278     
  4.599985429792585E-006  -26.0180559930305     
  4.641814390570366E-006  -26.0180559928005     
  4.684023713848518E-006  -26.0180559925706     
  4.726616858370195E-006  -26.0180559925735     
  4.769597314329873E-006  -26.0180559924601     
  4.812968603659350E-006  -26.0180559923467     
  4.856734280316338E-006  -26.0180559922334     
  4.900897930575686E-006  -26.0180559918874     
  4.945463173323248E-006  -26.0180559918906     
  4.990433660352426E-006  -26.0180559917774     
  5.035813076663405E-006  -26.0180559916644     
  5.081605140765114E-006  -26.0180559913185     
  5.127813604979927E-006  -26.0180559914384     
  5.174442255751142E-006  -26.0180559909762     
  5.221494913953250E-006  -26.0180559909798     
  5.268975435205028E-006  -26.0180559907506     
  5.316887710185476E-006  -26.0180559906379     
  5.365235664952637E-006  -26.0180559905253     
  5.414023261265301E-006  -26.0180559901799     
  5.463254496907642E-006  -26.0180559900674     
  5.512933406016814E-006  -26.0180559898386     
  5.563064059413512E-006  -26.0180559897263     
  5.613650564935550E-006  -26.0180559893812     
  5.664697067774460E-006  -26.0180559893854     
  5.716207750815174E-006  -26.0180559890404     
  5.768186834978766E-006  -26.0180559889284     
  5.820638579568341E-006  -26.0180559885836     
  5.873567282618032E-006  -26.0180559883553     
  5.926977281245215E-006  -26.0180559882435     
  5.980872952005890E-006  -26.0180559881318     
  6.035258711253311E-006  -26.0180559880202     
  6.090139015499875E-006  -26.0180559875594     
  6.145518361782295E-006  -26.0180559876808     
  6.201401288030110E-006  -26.0180559872202     
  6.257792373437524E-006  -26.0180559867597     
  6.314696238838641E-006  -26.0180559865321     
  6.372117547086107E-006  -26.0180559864210     
  6.430061003433205E-006  -26.0180559861936     
  6.488531355919403E-006  -26.0180559858499     
  6.547533395759427E-006  -26.0180559857392     
  6.607071957735868E-006  -26.0180559853957     
  6.667151920595352E-006  -26.0180559851687     
  6.727778207448322E-006  -26.0180559849418     
  6.788955786172447E-006  -26.0180559845986     
  6.850689669819703E-006  -26.0180559843720     
  6.912984917027163E-006  -26.0180559840290     
  6.975846632431499E-006  -26.0180559838026     
  7.039279967087289E-006  -26.0180559835763     
  7.103290118889093E-006  -26.0180559831172     
  7.167882332997389E-006  -26.0180559828912     
  7.233061902268377E-006  -26.0180559825488     
  7.298834167687678E-006  -26.0180559820901     
  7.365204518808008E-006  -26.0180559817480     
  7.432178394190792E-006  -26.0180559815225     
  7.499761281851830E-006  -26.0180559811806     
  7.567958719710984E-006  -26.0180559807225     
  7.636776296045988E-006  -26.0180559806138     
  7.706219649950349E-006  -26.0180559800395     
  7.776294471795441E-006  -26.0180559798146     
  7.847006503696785E-006  -26.0180559793571     
  7.918361539984566E-006  -26.0180559790161     
  7.990365427678453E-006  -26.0180559784424     
  8.063024066966700E-006  -26.0180559784509     
  8.136343411689639E-006  -26.0180559777612     
  8.210329469827537E-006  -26.0180559775372     
  8.284988303992923E-006  -26.0180559770806     
  8.360326031927360E-006  -26.0180559765077     
  8.436348827002760E-006  -26.0180559762842     
  8.513062918727238E-006  -26.0180559758281     
  8.590474593255582E-006  -26.0180559753721     
  8.668590193904344E-006  -26.0180559749164     
  8.747416121671649E-006  -26.0180559744608     
  8.826958835761685E-006  -26.0180559740053     
  8.907224854114010E-006  -26.0180559735501     
  8.988220753937634E-006  -26.0180559732115     
  9.069953172249977E-006  -26.0180559725238     
  9.152428806420727E-006  -26.0180559721856     
  9.235654414720636E-006  -26.0180559714983     
  9.319636816875310E-006  -26.0180559709277     
  9.404382894624042E-006  -26.0180559703572     
  9.489899592283712E-006  -26.0180559699034     
  9.576193917317826E-006  -26.0180559694498     
  9.663272940910726E-006  -26.0180559688800     
  9.751143798547024E-006  -26.0180559682523     
  9.839813690596293E-006  -26.0180559676829     
  9.929289882903098E-006  -26.0180559671138     
  1.001957970738237E-005  -26.0180559664868     
  1.011069056262019E-005  -26.0180559659181     
  1.020262991448010E-005  -26.0180559652915     
  1.029540529671478E-005  -26.0180559645488     
  1.038902431158350E-005  -26.0180559640391     
  1.048349463047497E-005  -26.0180559633551     
  1.057882399453602E-005  -26.0180559626131     
  1.067502021530589E-005  -26.0180559619878     
  1.077209117535634E-005  -26.0180559612464     
  1.087004482893758E-005  -26.0180559606216     
  1.096888920263005E-005  -26.0180559598808     
  1.106863239600215E-005  -26.0180559590820     
  1.116928258227392E-005  -26.0180559582835     
  1.127084800898679E-005  -26.0180559576599     
  1.137333699867941E-005  -26.0180559568038     
  1.147675794956962E-005  -26.0180559561226     
  1.158111933624259E-005  -26.0180559552090     
  1.168642971034531E-005  -26.0180559544120     
  1.179269770128726E-005  -26.0180559536154     
  1.189993201694761E-005  -26.0180559527027     
  1.200814144438869E-005  -26.0180559519068     
  1.211733485057607E-005  -26.0180559510530     
  1.222752118310513E-005  -26.0180559500831     
  1.233870947093426E-005  -26.0180559492300     
  1.245090882512470E-005  -26.0180559483191     
  1.256412843958712E-005  -26.0180559474086     
  1.267837759183501E-005  -26.0180559463820     
  1.279366564374492E-005  -26.0180559453558     
  1.291000204232356E-005  -26.0180559444464     
  1.302739632048191E-005  -26.0180559433627     
  1.314585809781641E-005  -26.0180559422213     
  1.326539708139719E-005  -26.0180559413714     
  1.338602306656351E-005  -26.0180559401726     
  1.350774593772639E-005  -26.0180559390324     
  1.363057566917857E-005  -26.0180559380091     
  1.375452232591186E-005  -26.0180559368699     
  1.387959606444186E-005  -26.0180559357893     
  1.400580713364022E-005  -26.0180559345345     
  1.413316587557445E-005  -26.0180559333384     
  1.426168272635542E-005  -26.0180559321428     
  1.439136821699245E-005  -26.0180559309477     
  1.452223297425633E-005  -26.0180559296949     
  1.465428772155003E-005  -26.0180559283262     
  1.478754327978746E-005  -26.0180559270744     
  1.492201056828012E-005  -26.0180559257067     
  1.505770060563190E-005  -26.0180559243395     
  1.519462451064195E-005  -26.0180559229729     
  1.533279350321579E-005  -26.0180559215486     
  1.547221890528467E-005  -26.0180559201249     
  1.561291214173337E-005  -26.0180559186436     
  1.575488474133635E-005  -26.0180559171629     
  1.589814833770247E-005  -26.0180559156827     
  1.604271467022824E-005  -26.0180559141450     
  1.618859558505982E-005  -26.0180559125496     
  1.633580303606371E-005  -26.0180559108967     
  1.648434908580628E-005  -26.0180559093027     
  1.663424590654220E-005  -26.0180559076510     
  1.678550578121186E-005  -26.0180559060001     
  1.693814110444791E-005  -26.0180559042916     
  1.709216438359087E-005  -26.0180559025256     
  1.724758823971400E-005  -26.0180559007603     
  1.740442540865757E-005  -26.0180558989375     
  1.756268874207238E-005  -26.0180558970572     
  1.772239120847294E-005  -26.0180558952359     
  1.788354589430009E-005  -26.0180558932407     
  1.804616600499336E-005  -26.0180558913627     
  1.821026486607307E-005  -26.0180558894273     
  1.837585592423220E-005  -26.0180558872598     
  1.854295274843834E-005  -26.0180558852678     
  1.871156903104549E-005  -26.0180558832183     
  1.888171858891607E-005  -26.0180558809951     
  1.905341536455314E-005  -26.0180558789474     
  1.922667342724283E-005  -26.0180558766387     
  1.940150697420726E-005  -26.0180558743890     
  1.957793033176788E-005  -26.0180558721111     
  1.975595795651941E-005  -26.0180558697759     
  1.993560443651446E-005  -26.0180558673835     
  2.011688449245888E-005  -26.0180558649629     
  2.029981297891806E-005  -26.0180558624851     
  2.048440488553410E-005  -26.0180558600083     
  2.067067533825417E-005  -26.0180558574160     
  2.085863960056990E-005  -26.0180558548248     
  2.104831307476815E-005  -26.0180558521764     
  2.123971130319311E-005  -26.0180558494709     
  2.143284996951986E-005  -26.0180558467083     
  2.162774490003957E-005  -26.0180558439176     
  2.182441206495631E-005  -26.0180558410990     
  2.202286757969570E-005  -26.0180558381651     
  2.222312770622546E-005  -26.0180558352324     
  2.242520885438798E-005  -26.0180558321845     
  2.262912758324492E-005  -26.0180558291377     
  2.283490060243416E-005  -26.0180558260340     
  2.304254477353902E-005  -26.0180558228733     
  2.325207711146994E-005  -26.0180558195975     
  2.346351478585873E-005  -26.0180558162939     
  2.367687512246545E-005  -26.0180558129334     
  2.389217560459821E-005  -26.0180558095451     
  2.410943387454574E-005  -26.0180558060418     
  2.432866773502306E-005  -26.0180558025108     
  2.454989515063029E-005  -26.0180557988939     
  2.477313424932471E-005  -26.0180557952203     
  2.499840332390619E-005  -26.0180557915190     
  2.522572083351621E-005  -26.0180557876446     
  2.545510540515038E-005  -26.0180557838008     
  2.568657583518483E-005  -26.0180557798131     
  2.592015109091644E-005  -26.0180557758560     
  2.615585031211701E-005  -26.0180557717260     
  2.639369281260170E-005  -26.0180557675394     
  2.663369808181163E-005  -26.0180557632671     
  2.687588578641086E-005  -26.0180557590257     
  2.712027577189795E-005  -26.0180557546113     
  2.736688806423221E-005  -26.0180557501115     
  2.761574287147457E-005  -26.0180557455261     
  2.786686058544356E-005  -26.0180557408843     
  2.812026178338625E-005  -26.0180557361571     
  2.837596722966443E-005  -26.0180557313154     
  2.863399787745601E-005  -26.0180557264756     
  2.889437487047208E-005  -26.0180557214632     
  2.915711954468944E-005  -26.0180557163363     
  2.942225343009892E-005  -26.0180557111824     
  2.968979825246959E-005  -26.0180557058851     
  2.995977593512907E-005  -26.0180557004734     
  3.023220860075995E-005  -26.0180556950348     
  3.050711857321260E-005  -26.0180556894820     
  3.078452837933444E-005  -26.0180556837860     
  3.106446075081582E-005  -26.0180556780048     
  3.134693862605278E-005  -26.0180556721678     
  3.163198515202662E-005  -26.0180556661585     
  3.191962368620065E-005  -26.0180556600644     
  3.220987779843418E-005  -26.0180556538271     
  3.250277127291385E-005  -26.0180556475050     
  3.279832811010261E-005  -26.0180556410691     
  3.309657252870638E-005  -26.0180556345193     
  3.339752896765854E-005  -26.0180556278558     
  3.370122208812262E-005  -26.0180556210203     
  3.400767677551299E-005  -26.0180556141293     
  3.431691814153412E-005  -26.0180556070374     
  3.462897152623827E-005  -26.0180555999192     
  3.494386250010190E-005  -26.0180555926292     
  3.526161686612102E-005  -26.0180555851385     
  3.558226066192552E-005  -26.0180555775344     
  3.590582016191280E-005  -26.0180555698168     
  3.623232187940073E-005  -26.0180555619860     
  3.656179256880021E-005  -26.0180555539546     
  3.689425922780758E-005  -26.0180555458099     
  3.722974909961676E-005  -26.0180555375231     
  3.756828967515173E-005  -26.0180555290940     
  3.790990869531917E-005  -26.0180555204937     
  3.825463415328160E-005  -26.0180555117077     
  3.860249429675125E-005  -26.0180555028088     
  3.895351763030475E-005  -26.0180554937243     
  3.930773291771884E-005  -26.0180554844543     
  3.966516918432738E-005  -26.0180554750279     
  4.002585571939975E-005  -26.0180554654598     
  4.038982207854088E-005  -26.0180554556772     
  4.075709808611315E-005  -26.0180554457531     
  4.112771383768023E-005  -26.0180554356147     
  4.150169970247322E-005  -26.0180554253202     
  4.187908632587916E-005  -26.0180554148262     
  4.225990463195226E-005  -26.0180554041327     
  4.264418582594776E-005  -26.0180553932251     
  4.303196139687917E-005  -26.0180553821474     
  4.342326312009836E-005  -26.0180553708703     
  4.381812305989947E-005  -26.0180553593504     
  4.421657357214622E-005  -26.0180553476605     
  4.461864730692338E-005  -26.0180553357570     
  4.502437721121202E-005  -26.0180553235964     
  4.543379653158946E-005  -26.0180553112514     
  4.584693881695344E-005  -26.0180552986786     
  4.626383792127128E-005  -26.0180552858635     
  4.668452800635395E-005  -26.0180552728206     
  4.710904354465535E-005  -26.0180552595357     
  4.753741932209709E-005  -26.0180552460086     
  4.796969044091900E-005  -26.0180552322106     
  4.840589232255539E-005  -26.0180552181852     
  4.884606071053764E-005  -26.0180552039181     
  4.929023167342313E-005  -26.0180551894093     
  4.973844160775074E-005  -26.0180551745862     
  5.019072724102335E-005  -26.0180551594635     
  5.064712563471734E-005  -26.0180551441285     
  5.110767418731948E-005  -26.0180551285087     
  5.157241063739154E-005  -26.0180551125750     
  5.204137306666261E-005  -26.0180550963712     
  5.251459990314965E-005  -26.0180550798684     
  5.299212992430642E-005  -26.0180550630520     
  5.347400226020093E-005  -26.0180550459513     
  5.396025639672192E-005  -26.0180550285083     
  5.445093217881440E-005  -26.0180550107521     
  5.494606981374467E-005  -26.0180549926538     
  5.544570987439503E-005  -26.0180549742863     
  5.594989330258837E-005  -26.0180549555333     
  5.645866141244312E-005  -26.0180549364530     
  5.697205589375860E-005  -26.0180549170167     
  5.749011881543115E-005  -26.0180548972535     
  5.801289262890149E-005  -26.0180548770907     
  5.854042017163315E-005  -26.0180548565868     
  5.907274467062279E-005  -26.0180548356982     
  5.960990974594233E-005  -26.0180548144251     
  6.015195941431323E-005  -26.0180547927677     
  6.069893809271341E-005  -26.0180547707115     
  6.125089060201679E-005  -26.0180547482421     
  6.180786217066619E-005  -26.0180547254034     
  6.236989843837927E-005  -26.0180547020937     
  6.293704545988859E-005  -26.0180546783859     
  6.350934970871526E-005  -26.0180546542365     
  6.408685808097723E-005  -26.0180546296456     
  6.466961789923196E-005  -26.0180546046281     
  6.525767691635434E-005  -26.0180545791259     
  6.585108331944947E-005  -26.0180545531682     
  6.644988573380143E-005  -26.0180545267408     
  6.705413322685762E-005  -26.0180544998146     
  6.766387531224957E-005  -26.0180544724045     
  6.827916195385015E-005  -26.0180544444961     
  6.890004356986783E-005  -26.0180544160750     
  6.952657103697793E-005  -26.0180543871560     
  7.015879569449178E-005  -26.0180543576811     
  7.079676934856344E-005  -26.0180543276651     
  7.144054427643494E-005  -26.0180542971372     
  7.209017323071993E-005  -26.0180542660395     
  7.274570944372642E-005  -26.0180542343577     
  7.340720663181872E-005  -26.0180542020920     
  7.407471899981926E-005  -26.0180541692572     
  7.474830124545004E-005  -26.0180541357952     
  7.542800856381487E-005  -26.0180541017501     
  7.611389665192219E-005  -26.0180540670638     
  7.680602171324893E-005  -26.0180540317511     
  7.750444046234606E-005  -26.0180539957978     
  7.820921012948598E-005  -26.0180539591968     
  7.892038846535194E-005  -26.0180539219047     
  7.963803374577039E-005  -26.0180538839437     
  8.036220477648639E-005  -26.0180538452776     
  8.109296089798202E-005  -26.0180538059212     
  8.183036199033911E-005  -26.0180537658385     
  8.257446847814592E-005  -26.0180537250225     
  8.332534133544848E-005  -26.0180536834516     
  8.408304209074692E-005  -26.0180536411407     
  8.484763283203734E-005  -26.0180535980319     
  8.561917621189949E-005  -26.0180535541619     
  8.639773545263061E-005  -26.0180535094800     
  8.718337435142599E-005  -26.0180534639793     
  8.797615728560690E-005  -26.0180534176456     
  8.877614921789557E-005  -26.0180533704720     
  8.958341570173859E-005  -26.0180533224296     
  9.039802288667844E-005  -26.0180532735334     
  9.122003752377400E-005  -26.0180532237182     
  9.204952697107028E-005  -26.0180531729917     
  9.288655919911796E-005  -26.0180531213543     
  9.373120279654303E-005  -26.0180530687626     
  9.458352697566714E-005  -26.0180530152025     
  9.544360157817901E-005  -26.0180529606816     
  9.631149708085756E-005  -26.0180529051568     
  9.718728460134677E-005  -26.0180528486210     
  9.807103590398340E-005  -26.0180527910602     
  9.896282340567751E-005  -26.0180527324166     
  9.986272018184645E-005  -26.0180526727269     
  1.007707999724029E-004  -26.0180526119553     
  1.016871371877974E-004  -26.0180525500512     
  1.026118069151154E-004  -26.0180524870078     
  1.035448849242306E-004  -26.0180524228547     
  1.044864476740132E-004  -26.0180523574904     
  1.054365723185956E-004  -26.0180522909518     
  1.063953367136943E-004  -26.0180522231958     
  1.073628194229899E-004  -26.0180521542082     
  1.083390997245644E-004  -26.0180520839459     
  1.093242576173978E-004  -26.0180520123949     
  1.103183738279234E-004  -26.0180519395557     
  1.113215298166424E-004  -26.0180518653851     
  1.123338077847995E-004  -26.0180517898400     
  1.133552906811184E-004  -26.0180517129283     
  1.143860622085987E-004  -26.0180516346141     
  1.154262068313750E-004  -26.0180515548689     
  1.164758097816382E-004  -26.0180514736641     
  1.175349570666190E-004  -26.0180513909858     
  1.186037354756366E-004  -26.0180513067764     
  1.196822325872095E-004  -26.0180512210438     
  1.207705367762324E-004  -26.0180511337230     
  1.218687372212178E-004  -26.0180510448366     
  1.229769239116034E-004  -26.0180509543051     
  1.240951876551263E-004  -26.0180508621219     
  1.252236200852637E-004  -26.0180507682660     
  1.263623136687419E-004  -26.0180506727014     
  1.275113617131132E-004  -26.0180505753708     
  1.286708583744015E-004  -26.0180504762749     
  1.298408986648180E-004  -26.0180503753561     
  1.310215784605467E-004  -26.0180502726079     
  1.322129945096006E-004  -26.0180501679874     
  1.334152444397497E-004  -26.0180500614444     
  1.346284267665207E-004  -26.0180499529578     
  1.358526409012696E-004  -26.0180498424848     
  1.370879871593279E-004  -26.0180497299971     
  1.383345667682227E-004  -26.0180496154518     
  1.395924818759712E-004  -26.0180494988206     
  1.408618355594515E-004  -26.0180493800462     
  1.421427318328487E-004  -26.0180492591148     
  1.434352756561779E-004  -26.0180491359693     
  1.447395729438854E-004  -26.0180490105885     
  1.460557305735272E-004  -26.0180488828933     
  1.473838563945269E-004  -26.0180487528775     
  1.487240592370134E-004  -26.0180486204837     
  1.500764489207386E-004  -26.0180484856766     
  1.514411362640759E-004  -26.0180483484060     
  1.528182330931018E-004  -26.0180482086295     
  1.542078522507584E-004  -26.0180480662861     
  1.556101076061006E-004  -26.0180479213587     
  1.570251140636266E-004  -26.0180477737683     
  1.584529875726934E-004  -26.0180476234868     
  1.598938451370181E-004  -26.0180474704754     
  1.613478048242657E-004  -26.0180473146514     
  1.628149857757236E-004  -26.0180471559868     
  1.642955082160641E-004  -26.0180469944211     
  1.657894934631968E-004  -26.0180468299043     
  1.672970639382087E-004  -26.0180466623831     
  1.688183431753964E-004  -26.0180464918114     
  1.703534558323884E-004  -26.0180463181069     
  1.719025277003603E-004  -26.0180461412488     
  1.734656857143421E-004  -26.0180459611439     
  1.750430579636197E-004  -26.0180457777498     
  1.766347737022308E-004  -26.0180455910133     
  1.782409633595568E-004  -26.0180454008630     
  1.798617585510096E-004  -26.0180452072311     
  1.814972920888173E-004  -26.0180450100717     
  1.831476979929071E-004  -26.0180448093062     
  1.848131115018867E-004  -26.0180446048779     
  1.864936690841269E-004  -26.0180443967118     
  1.881895084489433E-004  -26.0180441847402     
  1.899007685578814E-004  -26.0180439689030     
  1.916275896361030E-004  -26.0180437491288     
  1.933701131838766E-004  -26.0180435253174     
  1.951284819881726E-004  -26.0180432974340     
  1.969028401343633E-004  -26.0180430653893     
  1.986933330180300E-004  -26.0180428290905     
  2.005001073568766E-004  -26.0180425884918     
  2.023233112027527E-004  -26.0180423434932     
  2.041630939537847E-004  -26.0180420940238     
  2.060196063666181E-004  -26.0180418399906     
  2.078930005687714E-004  -26.0180415813118     
  2.097834300711011E-004  -26.0180413179166     
  2.116910497803809E-004  -26.0180410497123     
  2.136160160119957E-004  -26.0180407765953     
  2.155584865027499E-004  -26.0180404985020     
  2.175186204237932E-004  -26.0180402153181     
  2.194965783936631E-004  -26.0180399269729     
  2.214925224914468E-004  -26.0180396333520     
  2.235066162700622E-004  -26.0180393343775     
  2.255390247696596E-004  -26.0180390299314     
  2.275899145311462E-004  -26.0180387199324     
  2.296594536098321E-004  -26.0180384042589     
  2.317478115892019E-004  -26.0180380828224     
  2.338551595948103E-004  -26.0180377555231     
  2.359816703083049E-004  -26.0180374222435     
  2.381275179815760E-004  -26.0180370828731     
  2.402928784510353E-004  -26.0180367373017     
  2.424779291520245E-004  -26.0180363854189     
  2.446828491333547E-004  -26.0180360271073     
  2.469078190719783E-004  -26.0180356622529     
  2.491530212877937E-004  -26.0180352907275     
  2.514186397585858E-004  -26.0180349124209     
  2.537048601351011E-004  -26.0180345272050     
  2.560118697562602E-004  -26.0180341349514     
  2.583398576645096E-004  -26.0180337355322     
  2.606890146213119E-004  -26.0180333288155     
  2.630595331227770E-004  -26.0180329146769     
  2.654516074154362E-004  -26.0180324929667     
  2.678654335121592E-004  -26.0180320635460     
  2.703012092082159E-004  -26.0180316262942     
  2.727591340974838E-004  -26.0180311810543     
  2.752394095888041E-004  -26.0180307276733     
  2.777422389224850E-004  -26.0180302660196     
  2.802678271869560E-004  -26.0180297959257     
  2.828163813355733E-004  -26.0180293172458     
  2.853881102035782E-004  -26.0180288298305     
  2.879832245252096E-004  -26.0180283335051     
  2.906019369509720E-004  -26.0180278281095     
  2.932444620650607E-004  -26.0180273134872     
  2.959110164029456E-004  -26.0180267894673     
  2.986018184691143E-004  -26.0180262558790     
  3.013170887549774E-004  -26.0180257125333     
  3.040570497569354E-004  -26.0180251592631     
  3.068219259946117E-004  -26.0180245958942     
  3.096119440292494E-004  -26.0180240222342     
  3.124273324822766E-004  -26.0180234380907     
  3.152683220540408E-004  -26.0180228432788     
  3.181351455427121E-004  -26.0180222376026     
  3.210280378633601E-004  -26.0180216208647     
  3.239472360672031E-004  -26.0180209928640     
  3.268929793610327E-004  -26.0180203533848     
  3.298655091268153E-004  -26.0180197022317     
  3.328650689414711E-004  -26.0180190391801     
  3.358919045968340E-004  -26.0180183640221     
  3.389462641197920E-004  -26.0180176765279     
  3.420283977926113E-004  -26.0180169764768     
  3.451385581734453E-004  -26.0180162636392     
  3.482770001170293E-004  -26.0180155377821     
  3.514439807955649E-004  -26.0180147986686     
  3.546397597197925E-004  -26.0180140460495     
  3.578645987602564E-004  -26.0180132796847     
  3.611187621687640E-004  -26.0180124993213     
  3.644025166000382E-004  -26.0180117047121     
  3.677161311335683E-004  -26.0180108955828     
  3.710598772956593E-004  -26.0180100716699     
  3.744340290816809E-004  -26.0180092327139     
  3.778388629785201E-004  -26.0180083784315     
  3.812746579872366E-004  -26.0180075085506     
  3.847416956459252E-004  -26.0180066227738     
  3.882402600527859E-004  -26.0180057208217     
  3.917706378894034E-004  -26.0180048023971     
  3.953331184442387E-004  -26.0180038671939     
  3.989279936363341E-004  -26.0180029149112     
  4.025555580392338E-004  -26.0180019452341     
  4.062161089051221E-004  -26.0180009578456     
  4.099099461891809E-004  -26.0179999524238     
  4.136373725741689E-004  -26.0179989286357     
  4.173986934952244E-004  -26.0179978861503     
  4.211942171648931E-004  -26.0179968246223     
  4.250242545983840E-004  -26.0179957437065     
  4.288891196390549E-004  -26.0179946430485     
  4.327891289841297E-004  -26.0179935222872     
  4.367246022106489E-004  -26.0179923810541     
  4.406958618016569E-004  -26.0179912189754     
  4.447032331726273E-004  -26.0179900356793     
  4.487470446981279E-004  -26.0179888307614     
  4.528276277387288E-004  -26.0179876038430     
  4.569453166681551E-004  -26.0179863545127     
  4.611004489006858E-004  -26.0179850823630     
  4.652933649188031E-004  -26.0179837869774     
  4.695244083010922E-004  -26.0179824679359     
  4.737939257503948E-004  -26.0179811248025     
  4.781022671222190E-004  -26.0179797571357     
  4.824497854534075E-004  -26.0179783644887     
  4.868368369910662E-004  -26.0179769464060     
  4.912637812217563E-004  -26.0179755024284     
  4.957309809009507E-004  -26.0179740320753     
  5.002388020827607E-004  -26.0179725348643     
  5.047876141499301E-004  -26.0179710103097     
  5.093777898441038E-004  -26.0179694579148     
  5.140097052963713E-004  -26.0179678771634     
  5.186837400580879E-004  -26.0179662675412     
  5.234002771319760E-004  -26.0179646285213     
  5.281597030035097E-004  -26.0179629595681     
  5.329624076725841E-004  -26.0179612601316     
  5.378087846854723E-004  -26.0179595296563     
  5.426992311670754E-004  -26.0179577675820     
  5.476341478534621E-004  -26.0179559733227     
  5.526139391247072E-004  -26.0179541462912     
  5.576390130380271E-004  -26.0179522858930     
  5.627097813612172E-004  -26.0179503915196     
  5.678266596063931E-004  -26.0179484625478     
  5.729900670640391E-004  -26.0179464983478     
  5.782004268373657E-004  -26.0179444982715     
  5.834581658769797E-004  -26.0179424616676     
  5.887637150158699E-004  -26.0179403878741     
  5.941175090047109E-004  -26.0179382762038     
  5.995199865474868E-004  -26.0179361259681     
  6.049715903374407E-004  -26.0179339364620     
  6.104727670933500E-004  -26.0179317069674     
  6.160239675961312E-004  -26.0179294367592     
  6.216256467257786E-004  -26.0179271250888     
  6.272782634986383E-004  -26.0179247712007     
  6.329822811050205E-004  -26.0179223743261     
  6.387381669471559E-004  -26.0179199336782     
  6.445463926774944E-004  -26.0179174484580     
  6.504074342373549E-004  -26.0179149178503     
  6.563217718959240E-004  -26.0179123410265     
  6.622898902896112E-004  -26.0179097171448     
  6.683122784617611E-004  -26.0179070453466     
  6.743894299027270E-004  -26.0179043247533     
  6.805218425903086E-004  -26.0179015544779     
  6.867100190305580E-004  -26.0178987336098     
  6.929544662989560E-004  -26.0178958612263     
  6.992556960819628E-004  -26.0178929363886     
  7.056142247189482E-004  -26.0178899581383     
  7.120305732445008E-004  -26.0178869254981     
  7.185052674311232E-004  -26.0178838374786     
  7.250388378323147E-004  -26.0178806930642     
  7.316318198260474E-004  -26.0178774912301     
  7.382847536586357E-004  -26.0178742309250     
  7.449981844890053E-004  -26.0178709110802     
  7.517726624333656E-004  -26.0178675306128     
  7.586087426102871E-004  -26.0178640884112     
  7.655069851861897E-004  -26.0178605833516     
  7.724679554212442E-004  -26.0178570142858     
  7.794922237156906E-004  -26.0178533800438     
  7.865803656565791E-004  -26.0178496794366     
  7.937329620649345E-004  -26.0178459112548     
  8.009505990433503E-004  -26.0178420742606     
  8.082338680240165E-004  -26.0178381672010     
  8.155833658171812E-004  -26.0178341887936     
  8.229996946600566E-004  -26.0178301377384     
  8.304834622661668E-004  -26.0178260127103     
  8.380352818751463E-004  -26.0178218123548     
  8.456557723029893E-004  -26.0178175353024     
  8.533455579927584E-004  -26.0178131801461     
  8.611052690657523E-004  -26.0178087454640     
  8.689355413731400E-004  -26.0178042298055     
  8.768370165480636E-004  -26.0177996316897     
  8.848103420582162E-004  -26.0177949496111     
  8.928561712588962E-004  -26.0177901820398     
  9.009751634465457E-004  -26.0177853274114     
  9.091679839127747E-004  -26.0177803841402     
  9.174353039988768E-004  -26.0177753506066     
  9.257778011508408E-004  -26.0177702251624     
  9.341961589748620E-004  -26.0177650061302     
  9.426910672933596E-004  -26.0177596918023     
  9.512632222015017E-004  -26.0177542804372     
  9.599133261242453E-004  -26.0177487702668     
  9.686420878738951E-004  -26.0177431594844     
  9.774502227081854E-004  -26.0177374462542     
  9.863384523888907E-004  -26.0177316287076     
  9.953075052409673E-004  -26.0177257049383     
  1.004358116212235E-003  -26.0177196730090     
  1.013491026933603E-003  -26.0177135309443     
  1.022706985779836E-003  -26.0177072767329     
  1.032006747930882E-003  -26.0177009083308     
  1.041391075433752E-003  -26.0176944236557     
  1.050860737264966E-003  -26.0176878205762     
  1.060416509393564E-003  -26.0176810969398     
  1.070059174844687E-003  -26.0176742505431     
  1.079789523763749E-003  -26.0176672791436     
  1.089608353481175E-003  -26.0176601804631     
  1.099516468577740E-003  -26.0176529521747     
  1.109514680950499E-003  -26.0176455919174     
  1.119603809879314E-003  -26.0176380972788     
  1.129784682093992E-003  -26.0176304658073     
  1.140058131842022E-003  -26.0176226950076     
  1.150425000956944E-003  -26.0176147823338     
  1.160886138927326E-003  -26.0176067251972     
  1.171442402966373E-003  -26.0175985209629     
  1.182094658082173E-003  -26.0175901669444     
  1.192843777148572E-003  -26.0175816604087     
  1.203690640976707E-003  -26.0175729985734     
  1.214636138387178E-003  -26.0175641786031     
  1.225681166282878E-003  -26.0175551976121     
  1.236826629722492E-003  -26.0175460526615     
  1.248073441994658E-003  -26.0175367407596     
  1.259422524692804E-003  -26.0175272588598     
  1.270874807790667E-003  -26.0175176038601     
  1.282431229718495E-003  -26.0175077726005     
  1.294092737439948E-003  -26.0174977618637     
  1.305860286529691E-003  -26.0174875683772     
  1.317734841251699E-003  -26.0174771888047     
  1.329717374638271E-003  -26.0174666197502     
  1.341808868569760E-003  -26.0174558577561     
  1.354010313855036E-003  -26.0174448993028     
  1.366322710312672E-003  -26.0174337408034     
  1.378747066852870E-003  -26.0174223786093     
  1.391284401560139E-003  -26.0174108090027     
  1.403935741776714E-003  -26.0173990281998     
  1.416702124186745E-003  -26.0173870323458     
  1.429584594901240E-003  -26.0173748175172     
  1.442584209543789E-003  -26.0173623797199     
  1.455702033337064E-003  -26.0173497148845     
  1.468939141190107E-003  -26.0173368188664     
  1.482296617786410E-003  -26.0173236874517     
  1.495775557672796E-003  -26.0173103163419     
  1.509377065349111E-003  -26.0172967011651     
  1.523102255358726E-003  -26.0172828374684     
  1.536952252379874E-003  -26.0172687207189     
  1.550928191317798E-003  -26.0172543462974     
  1.565031217397754E-003  -26.0172397095039     
  1.579262486258857E-003  -26.0172248055524     
  1.593623164048769E-003  -26.0172096295669     
  1.608114427519263E-003  -26.0171941765860     
  1.622737464122647E-003  -26.0171784415566     
  1.637493472109064E-003  -26.0171624193328     
  1.652383660624685E-003  -26.0171461046745     
  1.667409249810786E-003  -26.0171294922493     
  1.682571470903732E-003  -26.0171125766225     
  1.697871566335864E-003  -26.0170953522644     
  1.713310789837312E-003  -26.0170778135437     
  1.728890406538725E-003  -26.0170599547248     
  1.744611693074942E-003  -26.0170417699693     
  1.760475937689599E-003  -26.0170232533313     
  1.776484440340697E-003  -26.0170043987581     
  1.792638512807117E-003  -26.0169852000847     
  1.808939478796118E-003  -26.0169656510351     
  1.825388674051798E-003  -26.0169457452170     
  1.841987446464553E-003  -26.0169254761248     
  1.858737156181526E-003  -26.0169048371327     
  1.875639175718059E-003  -26.0168838214920     
  1.892694890070162E-003  -26.0168624223350     
  1.909905696828005E-003  -26.0168406326662     
  1.927273006290435E-003  -26.0168184453637     
  1.944798241580546E-003  -26.0167958531758     
  1.962482838762289E-003  -26.0167728487162     
  1.980328246958149E-003  -26.0167494244695     
  1.998335928467888E-003  -26.0167255727777     
  2.016507358888371E-003  -26.0167012858458     
  2.034844027234481E-003  -26.0166765557374     
  2.053347436061133E-003  -26.0166513743705     
  2.072019101586393E-003  -26.0166257335140     
  2.090860553815727E-003  -26.0165996247926     
  2.109873336667370E-003  -26.0165730396723     
  2.129059008098839E-003  -26.0165459694659     
  2.148419140234597E-003  -26.0165184053292     
  2.167955319494877E-003  -26.0164903382551     
  2.187669146725678E-003  -26.0164617590736     
  2.207562237329941E-003  -26.0164326584464     
  2.227636221399918E-003  -26.0164030268666     
  2.247892743850751E-003  -26.0163728546532     
  2.268333464555258E-003  -26.0163421319498     
  2.288960058479945E-003  -26.0163108487182     
  2.309774215822261E-003  -26.0162789947401     
  2.330777642149095E-003  -26.0162465596104     
  2.351972058536535E-003  -26.0162135327335     
  2.373359201710899E-003  -26.0161799033209     
  2.394940824191044E-003  -26.0161456603890     
  2.416718694431974E-003  -26.0161107927531     
  2.438694596969753E-003  -26.0160752890251     
  2.460870332567731E-003  -26.0160391376107     
  2.483247718364107E-003  -26.0160023267016     
  2.505828588020829E-003  -26.0159648442774     
  2.528614791873847E-003  -26.0159266780970     
  2.551608197084736E-003  -26.0158878156984     
  2.574810687793698E-003  -26.0158482443897     
  2.598224165273950E-003  -26.0158079512508     
  2.621850548087519E-003  -26.0157669231263     
  2.645691772242462E-003  -26.0157251466188     
  2.669749791351496E-003  -26.0156826080892     
  2.694026576792089E-003  -26.0156392936499     
  2.718524117868000E-003  -26.0155951891592     
  2.743244421972284E-003  -26.0155502802204     
  2.768189514751789E-003  -26.0155045521726     
  2.793361440273135E-003  -26.0154579900882     
  2.818762261190217E-003  -26.0154105787697     
  2.844394058913222E-003  -26.0153623027424     
  2.870258933779184E-003  -26.0153131462484     
  2.896359005224093E-003  -26.0152630932439     
  2.922696411956564E-003  -26.0152121273952     
  2.949273312133095E-003  -26.0151602320684     
  2.976091883534903E-003  -26.0151073903284     
  3.003154323746385E-003  -26.0150535849320     
  3.030462850335191E-003  -26.0149987983219     
  3.058019701033935E-003  -26.0149430126221     
  3.085827133923564E-003  -26.0148862096314     
  3.113887427618390E-003  -26.0148283708158     
  3.142202881452805E-003  -26.0147694773065     
  3.170775815669696E-003  -26.0147095098898     
  3.199608571610569E-003  -26.0146484490035     
  3.228703511907409E-003  -26.0145862747297     
  3.258063020676277E-003  -26.0145229667874     
  3.287689503712670E-003  -26.0144585045275     
  3.317585388688662E-003  -26.0143928669248     
  3.347753125351831E-003  -26.0143260325723     
  3.378195185725997E-003  -26.0142579796741     
  3.408914064313792E-003  -26.0141886860369     
  3.439912278301056E-003  -26.0141181290646     
  3.471192367763110E-003  -26.0140462857501     
  3.502756895872896E-003  -26.0139731326690     
  3.534608449111006E-003  -26.0138986459696     
  3.566749637477627E-003  -26.0138228013669     
  3.599183094706413E-003  -26.0137455741355     
  3.631911478480297E-003  -26.0136669390992     
  3.664937470649270E-003  -26.0135868706260     
  3.698263777450142E-003  -26.0135053426166     
  3.731893129728291E-003  -26.0134223284971     
  3.765828283161444E-003  -26.0133378012120     
  3.800072018485474E-003  -26.0132517332140     
  3.834627141722275E-003  -26.0131640964542     
  3.869496484409682E-003  -26.0130748623756     
  3.904682903833499E-003  -26.0129840019007     
  3.940189283261637E-003  -26.0128914854245     
  3.976018532180371E-003  -26.0127972828060     
  4.012173586532749E-003  -26.0127013633526     
  4.048657408959181E-003  -26.0126036958181     
  4.085472989040193E-003  -26.0125042483865     
  4.122623343541415E-003  -26.0124029886654     
  4.160111516660766E-003  -26.0122998836738     
  4.197940580277918E-003  -26.0121948998302     
  4.236113634206008E-003  -26.0120880029460     
  4.274633806445644E-003  -26.0119791582093     
  4.313504253441223E-003  -26.0118683301781     
  4.352728160339579E-003  -26.0117554827657     
  4.392308741250983E-003  -26.0116405792312     
  4.432249239512513E-003  -26.0115235821660     
  4.472552927953821E-003  -26.0114044534826     
  4.513223109165322E-003  -26.0112831544031     
  4.554263115768812E-003  -26.0111596454450     
  4.595676310690557E-003  -26.0110338864090     
  4.637466087436854E-003  -26.0109058363669     
  4.679635870372108E-003  -26.0107754536482     
  4.722189114999433E-003  -26.0106426958260     
  4.765129308243801E-003  -26.0105075197027     
  4.808459968737778E-003  -26.0103698812985     
  4.852184647109842E-003  -26.0102297358353     
  4.896306926275335E-003  -26.0100870377227     
  4.940830421730054E-003  -26.0099417405435     
  4.985758781846518E-003  -26.0097937970387     
  5.031095688172923E-003  -26.0096431590923     
  5.076844855734817E-003  -26.0094897777155     
  5.123010033339516E-003  -26.0093336030322     
  5.169595003883303E-003  -26.0091745842606     
  5.216603584661395E-003  -26.0090126696998     
  5.264039627680746E-003  -26.0088478067109     
  5.311907019975697E-003  -26.0086799417008     
  5.360209683926482E-003  -26.0085090201054     
  5.408951577580644E-003  -26.0083349863724     
  5.458136694977360E-003  -26.0081577839411     
  5.507769066474735E-003  -26.0079773552275     
  5.557852759080046E-003  -26.0077936416038     
  5.608391876783017E-003  -26.0076065833800     
  5.659390560892100E-003  -26.0074161197852     
  5.710852990373834E-003  -26.0072221889472     
  5.762783382195268E-003  -26.0070247278737     
  5.815185991669524E-003  -26.0068236724311     
  5.868065112804482E-003  -26.0066189573257     
  5.921425078654642E-003  -26.0064105160800     
  5.975270261676185E-003  -26.0061982810139     
  6.029605074085267E-003  -26.0059821832221     
  6.084433968219566E-003  -26.0057621525516     
  6.139761436903121E-003  -26.0055381175803     
  6.195592013814475E-003  -26.0053100055929     
  6.251930273858195E-003  -26.0050777425591     
  6.308780833539735E-003  -26.0048412531082     
  6.366148351343730E-003  -26.0046004605066     
  6.424037528115731E-003  -26.0043552866326     
  6.482453107447394E-003  -26.0041056519505     
  6.541399876065192E-003  -26.0038514754880     
  6.600882664222641E-003  -26.0035926748069     
  6.660906346096118E-003  -26.0033291659785     
  6.721475840184253E-003  -26.0030608635575     
  6.782596109710964E-003  -26.0027876805533     
  6.844272163032162E-003  -26.0025095284032     
  6.906509054046150E-003  -26.0022263169435     
  6.969311882607742E-003  -26.0019379543820     
  7.032685794946169E-003  -26.0016443472668     
  7.096635984086773E-003  -26.0013454004582     
  7.161167690276533E-003  -26.0010410170973     
  7.226286201413467E-003  -26.0007310985764     
  7.291996853479941E-003  -26.0004155445064     
  7.358305030979899E-003  -26.0000942526854     
  7.425216167380103E-003  -25.9997671190664     
  7.492735745555352E-003  -25.9994340377235     
  7.560869298237766E-003  -25.9990949008200     
  7.629622408470155E-003  -25.9987495985710     
  7.699000710063507E-003  -25.9983980192118     
  7.769009888058637E-003  -25.9980400489603     
  7.839655679192033E-003  -25.9976755719826     
  7.910943872365945E-003  -25.9973044703537     
  7.982880309122732E-003  -25.9969266240236     
  8.055470884123546E-003  -25.9965419107756     
  8.128721545631349E-003  -25.9961502061905     
  8.202638295998326E-003  -25.9957513836055     
  8.277227192157744E-003  -25.9953453140747     
  8.352494346120265E-003  -25.9949318663282     
  8.428445925474778E-003  -25.9945109067309     
  8.505088153893798E-003  -25.9940822992392     
  8.582427311643442E-003  -25.9936459053596     
  8.660469736098049E-003  -25.9932015841035     
  8.739221822259492E-003  -25.9927491919435     
  8.818690023281185E-003  -25.9922885827680     
  8.898880850996885E-003  -25.9918196078346     
  8.979800876454287E-003  -25.9913421157239     
  9.061456730453466E-003  -25.9908559522907     
  9.143855104090224E-003  -25.9903609606171     
  9.227002749304384E-003  -25.9898569809618     
  9.310906479433053E-003  -25.9893438507095     
  9.395573169768927E-003  -25.9888214043218     
  9.481009758123675E-003  -25.9882894732819     
  9.567223245396437E-003  -25.9877478860450     
  9.654220696147495E-003  -25.9871964679822     
  9.742009239177164E-003  -25.9866350413258     
  9.830596068109944E-003  -25.9860634251152     
  9.919988441983987E-003  -25.9854814351384     
  1.001019368584592E-002  -25.9848888838743     
  1.010121919135108E-002  -25.9842855804351     
  1.019307241736920E-002  -25.9836713305056     
  1.028576089059561E-002  -25.9830459362830     
  1.037929220616801E-002  -25.9824091964139     
  1.047367402828880E-002  -25.9817609059328     
  1.056891409085315E-002  -25.9811008561972     
  1.066502019808271E-002  -25.9804288348225     
  1.076200022516509E-002  -25.9797446256156     
  1.085986211889921E-002  -25.9790480085080     
  1.095861389834648E-002  -25.9783387594867     
  1.105826365548788E-002  -25.9776166505250     
  1.115881955588703E-002  -25.9768814495101     
  1.126028983935933E-002  -25.9761329201727     
  1.136268282064715E-002  -25.9753708220125     
  1.146600689010114E-002  -25.9745949102234     
  1.157027051436776E-002  -25.9738049356180     
  1.167548223708306E-002  -25.9730006445500     
  1.178165067957281E-002  -25.9721817788351     
  1.188878454155889E-002  -25.9713480756717     
  1.199689260187220E-002  -25.9704992675593     
  1.210598371917202E-002  -25.9696350822152     
  1.221606683267191E-002  -25.9687552424916     
  1.232715096287221E-002  -25.9678594662879     
  1.243924521229922E-002  -25.9669474664655     
  1.255235876625104E-002  -25.9660189507583     
  1.266650089355031E-002  -25.9650736216826     
  1.278168094730364E-002  -25.9641111764456     
  1.289790836566809E-002  -25.9631313068521     
  1.301519267262452E-002  -25.9621336992099     
  1.313354347875806E-002  -25.9611180342330     
  1.325297048204555E-002  -25.9600839869437     
  1.337348346865028E-002  -25.9590312265734     
  1.349509231372389E-002  -25.9579594164602     
  1.361780698221551E-002  -25.9568682139462     
  1.374163752968839E-002  -25.9557572702733     
  1.386659410314382E-002  -25.9546262304753     
  1.399268694185265E-002  -25.9534747332703     
  1.411992637819428E-002  -25.9523024109501     
  1.424832283850335E-002  -25.9511088892684     
  1.437788684392407E-002  -25.9498937873263     
  1.450862901127241E-002  -25.9486567174565     
  1.464056005390601E-002  -25.9473972851055     
  1.477369078260208E-002  -25.9461150887137     
  1.490803210644327E-002  -25.9448097195936     
  1.504359503371159E-002  -25.9434807618057     
  1.518039067279045E-002  -25.9421277920323     
  1.531843023307492E-002  -25.9407503794503     
  1.545772502589024E-002  -25.9393480855998     
  1.559828646541872E-002  -25.9379204642526     
  1.574012606963504E-002  -25.9364670612772     
  1.588325546125004E-002  -25.9349874145019     
  1.602768636866317E-002  -25.9334810535764     
  1.617343062692348E-002  -25.9319474998289     
  1.632050017869948E-002  -25.9303862661243     
  1.646890707525771E-002  -25.9287968567168     
  1.661866347745026E-002  -25.9271787671017     
  1.676978165671126E-002  -25.9255314838642     
  1.692227399606246E-002  -25.9238544845270     
  1.707615299112791E-002  -25.9221472373932     
  1.723143125115785E-002  -25.9204092013883     
  1.738812150006201E-002  -25.9186398258990     
  1.754623657745219E-002  -25.9168385506099     
  1.770578943969441E-002  -25.9150048053365     
  1.786679316097054E-002  -25.9131380098568     
  1.802926093434970E-002  -25.9112375737390     
  1.819320607286926E-002  -25.9093028961670     
  1.835864201062579E-002  -25.9073333657633     
  1.852558230387590E-002  -25.9053283604086     
  1.869404063214701E-002  -25.9032872470584     
  1.886403079935839E-002  -25.9012093815571     
  1.903556673495216E-002  -25.8990941084490     
  1.920866249503483E-002  -25.8969407607861     
  1.938333226352900E-002  -25.8947486599331     
  1.955959035333569E-002  -25.8925171153688     
  1.973745120750714E-002  -25.8902454244849     
  1.991692940043033E-002  -25.8879328723816     
  2.009803963902124E-002  -25.8855787316594     
  2.028079676392996E-002  -25.8831822622082     
  2.046521575075680E-002  -25.8807427109928     
  2.065131171127940E-002  -25.8782593118352     
  2.083909989469105E-002  -25.8757312851935     
  2.102859568885025E-002  -25.8731578379367     
  2.121981462154160E-002  -25.8705381631172     
  2.141277236174824E-002  -25.8678714397390     
  2.160748472093576E-002  -25.8651568325223     
  2.180396765434785E-002  -25.8623934916645     
  2.200223726231372E-002  -25.8595805525977     
  2.220230979156742E-002  -25.8567171357429     
  2.240420163657908E-002  -25.8538023462591     
  2.260792934089840E-002  -25.8508352737900     
  2.281350959851020E-002  -25.8478149922064     
  2.302095925520240E-002  -25.8447405593442     
  2.323029530994642E-002  -25.8416110167389     
  2.344153491629009E-002  -25.8384253893560     
  2.365469538376328E-002  -25.8351826853180     
  2.386979417929630E-002  -25.8318818956258     
  2.408684892865113E-002  -25.8285219938776     
  2.430587741786577E-002  -25.8251019359825     
  2.452689759471170E-002  -25.8216206598705     
  2.474992757016449E-002  -25.8180770851980     
  2.497498561988792E-002  -25.8144701130487     
  2.520209018573152E-002  -25.8107986256313     
  2.543125987724174E-002  -25.8070614859709     
  2.566251347318686E-002  -25.8032575375974     
  2.589586992309579E-002  -25.7993856042296     
  2.613134834881083E-002  -25.7954444894533     
  2.636896804605457E-002  -25.7914329763960     
  2.660874848601103E-002  -25.7873498273971     
  2.685070931692118E-002  -25.7831937836725     
  2.709487036569296E-002  -25.7789635649751     
  2.734125163952598E-002  -25.7746578692508     
  2.758987332755092E-002  -25.7702753722891     
  2.784075580248391E-002  -25.7658147273691     
  2.809391962229592E-002  -25.7612745649008     
  2.834938553189732E-002  -25.7566534920615     
  2.860717446483778E-002  -25.7519500924271     
  2.886730754502164E-002  -25.7471629255983     
  2.912980608843883E-002  -25.7422905268221     
  2.939469160491156E-002  -25.7373314066081     
  2.966198579985693E-002  -25.7322840503397     
  2.993171057606546E-002  -25.7271469178805     
  3.020388803549592E-002  -25.7219184431746     
  3.047854048108643E-002  -25.7165970338432     
  3.075569041858196E-002  -25.7111810707748     
  3.103536055837857E-002  -25.7056689077105     
  3.131757381738431E-002  -25.7000588708245     
  3.160235332089715E-002  -25.6943492582987     
  3.188972240449987E-002  -25.6885383398923     
  3.217970461597228E-002  -25.6826243565060     
  3.247232371722078E-002  -25.6766055197413     
  3.276760368622544E-002  -25.6704800114539     
  3.306556871900485E-002  -25.6642459833017     
  3.336624323159882E-002  -25.6579015562880     
  3.366965186206906E-002  -25.6514448202991     
  3.397581947251811E-002  -25.6448738336359     
  3.428477115112658E-002  -25.6381866225415     
  3.459653221420897E-002  -25.6313811807219     
  3.491112820828816E-002  -25.6244554688624     
  3.522858491218871E-002  -25.6174074141382     
  3.554892833914933E-002  -25.6102349097197     
  3.587218473895438E-002  -25.6029358142724     
  3.619838060008489E-002  -25.5955079514517     
  3.652754265188913E-002  -25.5879491093925     
  3.685969786677282E-002  -25.5802570401928     
  3.719487346240934E-002  -25.5724294593932     
  3.753309690397007E-002  -25.5644640454499     
  3.787439590637486E-002  -25.5563584392039     
  3.821879843656317E-002  -25.5481102433442     
  3.856633271578565E-002  -25.5397170218658     
  3.891702722191677E-002  -25.5311762995237     
  3.927091069178827E-002  -25.5224855612805     
  3.962801212354403E-002  -25.5136422517508     
  3.998836077901616E-002  -25.5046437746393     
  4.035198618612285E-002  -25.4954874921751     
  4.071891814128797E-002  -25.4861707245406     
  4.108918671188264E-002  -25.4766907492970     
  4.146282223868903E-002  -25.4670448008041     
  4.183985533838658E-002  -25.4572300696364     
  4.222031690606078E-002  -25.4472437019951     
  4.260423811773486E-002  -25.4370827991152     
  4.299165043292436E-002  -25.4267444166699     
  4.338258559721508E-002  -25.4162255641699     
  4.377707564486430E-002  -25.4055232043597     
  4.417515290142586E-002  -25.3946342526102     
  4.457684998639892E-002  -25.3835555763080     
  4.498219981590090E-002  -25.3722839942413     
  4.539123560536480E-002  -25.3608162759828     
  4.580399087226081E-002  -25.3491491412701     
  4.622049943884295E-002  -25.3372792593834     
  4.664079543492047E-002  -25.3252032485202     
  4.706491330065461E-002  -25.3129176751691     
  4.749288778938066E-002  -25.3004190534800     
  4.792475397045575E-002  -25.2877038446344     
  4.836054723213253E-002  -25.2747684562128     
  4.880030328445900E-002  -25.2616092415621     
  4.924405816220466E-002  -25.2482224991614     
  4.969184822781329E-002  -25.2346044719880     
  5.014371017438263E-002  -25.2207513468824     
  5.059968102867101E-002  -25.2066592539141     
  5.105979815413154E-002  -25.1923242657478     
  5.152409925397369E-002  -25.1777423970100     
  5.199262237425282E-002  -25.1629096036577     
  5.246540590698776E-002  -25.1478217823481     
  5.294248859330676E-002  -25.1324747698107     
  5.342390952662206E-002  -25.1168643422217     
  5.390970815583328E-002  -25.1009862145819     
  5.439992428855994E-002  -25.0848360400973     
  5.489459809440350E-002  -25.0684094095648     
  5.539377010823885E-002  -25.0517018507613     
  5.589748123353592E-002  -25.0347088278385     
  5.640577274571136E-002  -25.0174257407231     
  5.691868629551083E-002  -24.9998479245234     
  5.743626391242191E-002  -24.9819706489427     
  5.795854800811812E-002  -24.9637891176999     
  5.848558137993426E-002  -24.9452984679585     
  5.901740721437332E-002  -24.9264937697645     
  5.955406909064532E-002  -24.9073700254938     
  6.009561098423826E-002  -24.8879221693093     
  6.064207727052165E-002  -24.8681450666303     
  6.119351272838270E-002  -24.8480335136122     
  6.174996254389560E-002  -24.8275822366407     
  6.231147231402426E-002  -24.8067858918375     
  6.287808805035859E-002  -24.7856390645825     
  6.344985618288480E-002  -24.7641362690498     
  6.402682356379004E-002  -24.7422719477607     
  6.460903747130158E-002  -24.7200404711541     
  6.519654561356085E-002  -24.6974361371750     
  6.578939613253292E-002  -24.6744531708824     
  6.638763760795117E-002  -24.6510857240780     
  6.699131906129822E-002  -24.6273278749562     
  6.760048995982283E-002  -24.6031736277770     
  6.821520022059331E-002  -24.5786169125630     
  6.883550021458792E-002  -24.5536515848216     
  6.946144077082241E-002  -24.5282714252943     
  7.009307318051504E-002  -24.5024701397324     
  7.073044920128954E-002  -24.4762413587042     
  7.137362106141627E-002  -24.4495786374306     
  7.202264146409193E-002  -24.4224754556549     
  7.267756359175821E-002  -24.3949252175446     
  7.333844111045970E-002  -24.3669212516300     
  7.400532817424141E-002  -24.3384568107779     
  7.467827942958628E-002  -24.3095250722056     
  7.535735001989317E-002  -24.2801191375334     
  7.604259558999528E-002  -24.2502320328807     
  7.673407229071995E-002  -24.2198567090045     
  7.743183678348979E-002  -24.1889860414841     
  7.813594624496566E-002  -24.1576128309531     
  7.884645837173186E-002  -24.1257298033815     
  7.956343138502395E-002  -24.0933296104082     
  8.028692403549956E-002  -24.0604048297278     
  8.101699560805256E-002  -24.0269479655332     
  8.175370592667104E-002  -23.9929514490151     
  8.249711535933942E-002  -23.9584076389228     
  8.324728482298518E-002  -23.9233088221863     
  8.400427578847056E-002  -23.8876472146040     
  8.476815028562962E-002  -23.8514149615970     
  8.553897090835115E-002  -23.8146041390329     
  8.631680081970773E-002  -23.7772067541221     
  8.710170375713155E-002  -23.7392147463887     
  8.789374403763722E-002  -23.7006199887185     
  8.869298656309202E-002  -23.6614142884877     
  8.949949682553411E-002  -23.6215893887730     
  9.031334091253920E-002  -23.5811369696494     
  9.113458551263597E-002  -23.5400486495745     
  9.196329792077054E-002  -23.4983159868659     
  9.279954604382096E-002  -23.4559304812716     
  9.364339840616155E-002  -23.4128835756390     
  9.449492415527810E-002  -23.3691666576843     
  9.535419306743394E-002  -23.3247710618654     
  9.622127555338748E-002  -23.2796880713619     
  9.709624266416203E-002  -23.2339089201658     
  9.797916609686783E-002  -23.1874247952853     
  9.887011820057706E-002  -23.1402268390664     
  9.976917198225239E-002  -23.0923061516342     
  0.100676401112729       -23.0436537934588     
  0.101591879932753       -22.9942607880486     
  0.102515683459070       -22.9441181247741     
  0.103447887390574       -22.8932167618281     
  0.104388568114513       -22.8415476293222     
  0.105337802712743       -22.7891016325273     
  0.106295668968047       -22.7358696552589     
  0.107262245370510       -22.6818425634125     
  0.108237611123949       -22.6270112086524     
  0.109221846152404       -22.5713664322581     
  0.110215031106686       -22.5148990691316     
  0.111217247370987       -22.4575999519692     
  0.112228577069547       -22.3994599156041     
  0.113249103073387       -22.3404698015193     
  0.114278909007096       -22.2806204625393     
  0.115318079255685       -22.2199027677015     
  0.116366698971503       -22.1583076073117     
  0.117424854081211       -22.0958258981891     
  0.118492631292828       -22.0324485891024     
  0.119570118102830       -21.9681666664020     
  0.120657402803326       -21.9029711598527     
  0.121754574489289       -21.8368531486686     
  0.122861723065856       -21.7698037677563     
  0.123978939255701       -21.7018142141676     
  0.125106314606459       -21.6328757537670     
  0.126243941498239       -21.5629797281170     
  0.127391913151184       -21.4921175615831     
  0.128550323633116       -21.4202807686645     
  0.129719267867243       -21.3474609615502     
  0.130898841639933       -21.2736498579065     
  0.132089141608570       -21.1988392888966     
  0.133290265309470       -21.1230212074363     
  0.134502311165872       -21.0461876966867     
  0.135725378496007       -20.9683309787880     
  0.136959567521235       -20.8894434238349     
  0.138204979374256       -20.8095175590963     
  0.139461716107398       -20.7285460784803     
  0.140729880700981       -20.6465218522464     
  0.142009577071751       -20.5634379369650     
  0.143300910081402       -20.4792875857266     
  0.144603985545162       -20.3940642585983     
  0.145918910240467       -20.3077616333308     
  0.147245791915712       -20.2203736163131     
  0.148584739299077       -20.1318943537761     
  0.149935862107437       -20.0423182432416     
  0.151299271055356       -19.9516399452183     
  0.152675077864154       -19.8598543951393     
  0.154063395271066       -19.7669568155416     
  0.155464337038479       -19.6729427284827     
  0.156878017963250       -19.5778079681912     
  0.158304553886121       -19.4815486939477     
  0.159744061701202       -19.3841614031903     
  0.161196659365557       -19.2856429448410     
  0.162662465908865       -19.1859905328444     
  0.164141601443176       -19.0852017599150     
  0.165634187172753       -18.9832746114830     
  0.167140345404002       -18.8802074798321     
  0.168660199555497       -18.7759991784202     
  0.170193874168092       -18.6706489563719     
  0.171741494915125       -18.5641565131340     
  0.173303188612717       -18.4565220132814     
  0.174879083230164       -18.3477461014612     
  0.176469307900424       -18.2378299174619     
  0.178073992930694       -18.1267751113935     
  0.179693269813094       -18.0145838589626     
  0.181327271235438       -17.9012588768270     
  0.182976131092107       -17.7868034380113     
  0.184639984495023       -17.6712213873671     
  0.186318967784716       -17.5545171570553     
  0.188013218541500       -17.4366957820325     
  0.189722875596747       -17.3177629155174     
  0.191448079044259       -17.1977248444163     
  0.193188970251752       -17.0765885046807     
  0.194945691872439       -16.9543614965742     
  0.196718387856717       -16.8310520998195     
  0.198507203463965       -16.7066692885987     
  0.200312285274447       -16.5812227463774     
  0.202133781201322       -16.4547228805209     
  0.203971840502766       -16.3271808366717     
  0.205826613794199       -16.1986085128535     
  0.207698253060632       -16.0690185732683     
  0.209586911669118       -15.9384244617493     
  0.211492744381318       -15.8068404148334     
  0.213415907366187       -15.6742814744130     
  0.215356558212765       -15.5407634999286     
  0.217314855943096       -15.4063031800596     
  0.219290961025256       -15.2709180438715     
  0.221285035386500       -15.1346264713751     
  0.223297242426536       -14.9974477034532     
  0.225327747030910       -14.8594018511073     
  0.227376715584518       -14.7205099039790     
  0.229444315985243       -14.5807937380954     
  0.231530717657707       -14.4402761227909     
  0.233636091567162       -14.2989807267537     
  0.235760610233491       -14.1569321231477     
  0.237904447745352       -14.0141557937545     
  0.240067779774438       -13.8706781320876     
  0.242250783589875       -13.7265264454210     
  0.244453638072748       -13.5817289556819     
  0.246676523730756       -13.4363147991523     
  0.248919622713006       -13.2903140249252     
  0.251183118824938       -13.1437575920626     
  0.253467197543388       -12.9966773654000     
  0.255772046031783       -12.8491061099448     
  0.258097853155481       -12.7010774838147     
  0.260444809497244       -12.5526260296650     
  0.262813107372859       -12.4037871645516     
  0.265202940846892       -12.2545971681808     
  0.267614505748596       -12.1050931694959     
  0.270047999687952       -11.9553131315538     
  0.272503622071863       -11.8052958346458     
  0.274981574120498       -11.6550808576184     
  0.277482058883777       -11.5047085573544     
  0.280005281258007       -11.3542200463744     
  0.282551448002679       -11.2036571685240     
  0.285120767757403       -11.0530624727144     
  0.287713451059009       -10.9024791846871     
  0.290329710358798       -10.7519511767791     
  0.292969760039949       -10.6015229356664     
  0.295633816435088       -10.4512395280714     
  0.298322097844016       -10.3011465644222     
  0.301034824551593       -10.1512901604582     
  0.303772218845792       -10.0017168967815     
  0.306534505035915       -9.85247377636064     
  0.309321909470968       -9.70360817999698     
  0.312134660558215       -9.55516781977444     
  0.314972988781890       -9.40720069051643     
  0.317837126722086       -9.25975501928374     
  0.320727309073811       -9.11287921295374     
  0.323643772666222       -8.96662180392923     
  0.326586756482030       -8.82103139403362     
  0.329556501677080       -8.67615659665783     
  0.332553251600120       -8.53204597723274     
  0.335577251812732       -8.38874799211019     
  0.338628750109461       -8.24631092594472     
  0.341707996538116       -8.10478282767789     
  0.344815243420264       -7.96421144523606     
  0.347950745371899       -7.82464415906269     
  0.351114759324312       -7.68612791461573     
  0.354307544545142       -7.54870915397036     
  0.357529362659622       -7.41243374667738     
  0.360780477672017       -7.27734692003680     
  0.364061155987255       -7.14349318895636     
  0.367371666432761       -7.01091628557331     
  0.370712280280483       -6.87965908882772     
  0.374083271269120       -6.74976355418384     
  0.377484915626556       -6.62127064370475     
  0.380917492092490       -6.49422025669359     
  0.384381281941282       -6.36865116112200     
  0.387876569004998       -6.24460092607354     
  0.391403639696668       -6.12210585543581     
  0.394962783033757       -6.00120092308086     
  0.398554290661847       -5.88191970977780     
  0.402178456878535       -5.76429434208559     
  0.405835578657548       -5.64835543347648     
  0.409525955673082       -5.53413202794254     
  0.413249890324350       -5.42165154633820     
  0.417007687760369       -5.31093973571096     
  0.420799655904961       -5.20202062187065     
  0.424626105481986       -5.09491646544421     
  0.428487350040804       -4.98964772165826     
  0.432383705981966       -4.88623300408547     
  0.436315492583144       -4.78468905258292     
  0.440283032025290       -4.68503070564152     
  0.444286649419038       -4.58727087735404     
  0.448326672831347       -4.49142053919736     
  0.452403433312378       -4.39748870680956     
  0.456517264922625       -4.30548243192681     
  0.460668504760289       -4.21540679962743     
  0.464857492988898       -4.12726493101070     
  0.469084572865185       -4.04105799141753     
  0.473350090767211       -3.95678520427720     
  0.477654396222751       -3.87444387064046     
  0.481997841937934       -3.79402939443380     
  0.486380783826145       -3.71553531344267     
  0.490803581037189       -3.63895333600360     
  0.495266595986722       -3.56427338335582     
  0.499770194385947       -3.49148363757290     
  0.504314745271583       -3.42057059496412     
  0.508900621036101       -3.35151912480359     
  0.513528197458243       -3.28431253321341     
  0.518197853733814       -3.21893263199505     
  0.522909972506751       -3.15535981217085     
  0.527664939900481       -3.09357312196628     
  0.532463145549559       -3.03355034893176     
  0.537304982631597       -2.97526810587303     
  0.542190847899482       -2.91870192022937     
  0.547121141713887       -2.86382632651112     
  0.552096268076076       -2.81061496138186     
  0.557116634661010       -2.75904066094594     
  0.562182652850754       -2.70907555978011     
  0.567294737768184       -2.66069119122857     
  0.572453308311008       -2.61385858846334     
  0.577658787186086       -2.56854838579881     
  0.582911600944071       -2.52473091973796     
  0.588212180014362       -2.48237632922146     
  0.593560958740373       -2.44145465454682     
  0.598958375415124       -2.40193593442581     
  0.604404872317157       -2.36379030065242     
  0.609900895746778       -2.32698806986258     
  0.615446896062625       -2.29149983187942     
  0.621043327718578       -2.25729653415510     
  0.626690649300988       -2.22434956184108     
  0.632389323566267       -2.19263081304442     
  0.638139817478795       -2.16211276885679     
  0.643942602249194       -2.13276855777636     
  0.649798153372937       -2.10457201417936     
  0.655706950669310       -2.07749773053881     
  0.661669478320729       -2.05152110313114     
  0.667686224912420       -2.02661837101780     
  0.673757683472450       -2.00276664813775     
  0.679884351512128       -1.97994394839699     
  0.686066731066776       -1.95812920369402     
  0.692305328736862       -1.93730227487264     
  0.698600655729515       -1.91744395564764     
  0.704953227900414       -1.89853596960219     
  0.711363565796059       -1.88056096040880     
  0.717832194696427       -1.86350247547751     
  0.724359644658010       -1.84734494328469     
  0.730946450557257       -1.83207364468389     
  0.737593152134396       -1.81767467854463     
  0.744300294037665       -1.80413492210648     
  0.751068425867942       -1.79144198647353     
  0.757898102223782       -1.77958416770736     
  0.764789882746857       -1.76855039400517     
  0.771744332167820       -1.75833016947341     
  0.778762020352580       -1.74891351502518     
  0.785843522348994       -1.74029090694259     
  0.792989418433994       -1.73245321365220     
  0.800200294161129       -1.72539163126291     
  0.807476740408557       -1.71909761841157     
  0.814819353427451       -1.71356283095150     
  0.822228734890868       -1.70877905700396     
  0.829705491943046       -1.70473815287216     
  0.837250237249154       -1.70143198029235     
  0.844863589045501       -1.69885234546689     
  0.852546171190191       -1.69699094029089     
  0.860298613214246       -1.69583928614712     
  0.868121550373188       -1.69538868060438     
  0.876015623699099       -1.69563014731257     
  0.883981480053145       -1.69655438934450     
  0.892019772178582       -1.69815174619002     
  0.900131158754245       -1.70041215456353     
  0.908316304448519       -1.70332511314170     
  0.916575879973807       -1.70687965130502     
  0.924910562141488       -1.71106430191510     
  0.933321033917377       -1.71586707811998     
  0.941807984477689       -1.72127545414295     
  0.950372109265514       -1.72727634997630     
  0.959014110047798       -1.73385611987081     
  0.967734694972854       -1.74100054448524     
  0.976534578628386       -1.74869482653673     
  0.985414482100045       -1.75692358977436     
  0.994375133030515       -1.76567088108330     
   1.00341726567914       -1.77492017551594     
   1.01254162098210       -1.78465438403987     
   1.02174894661309       -1.79485586378950     
   1.03103999704464       -1.80550643060837     
   1.04041553360991       -1.81658737367350     
   1.04987632456505       -1.82807947199952     
   1.05942314515220       -1.83996301262976     
   1.06905677766300       -1.85221781033308     
   1.07877801150267       -1.86482322863827     
   1.08858764325472       -1.87775820205269     
   1.09848647674623       -1.89100125932693     
   1.10847532311369       -1.90453054764367     
   1.11855500086948       -1.91832385762468     
   1.12872633596897       -1.93235864906566     
   1.13899016187813       -1.94661207732424     
   1.14934731964192       -1.96106102030030     
   1.15979865795312       -1.97568210596119     
   1.17034503322193       -1.99045174037659     
   1.18098730964612       -2.00534613623741     
   1.19172635928186       -2.02034134184288     
   1.20256306211518       -2.03541327054624     
   1.21349830613405       -2.05053773065550     
   1.22453298740118       -2.06569045578925     
   1.23566801012741       -2.08084713568970     
   1.24690428674586       -2.09598344749586     
   1.25824273798663       -2.11107508747882     
   1.26968429295228       -2.12609780323906     
   1.28122988919397       -2.14102742636228     
   1.29288047278829       -2.15583990552602     
   1.30463699841473       -2.17051134004403     
   1.31650042943399       -2.18501801382932     
   1.32847173796685       -2.19933642975024     
   1.34055190497388       -2.21344334434705     
   1.35274192033579       -2.22731580286892     
   1.36504278293455       -2.24093117458386     
   1.37745550073526       -2.25426718830649     
   1.38998109086870       -2.26730196808097     
   1.40262057971474       -2.28001406894892     
   1.41537500298639       -2.29238251272504     
   1.42824540581469       -2.30438682369601     
   1.44123284283437       -2.31600706415185     
   1.45433837827023       -2.32722386965237     
   1.46756308602436       -2.33801848392606     
   1.48090804976417       -2.34837279329287     
   1.49437436301114       -2.35826936049811     
   1.50796312923046       -2.36769145784008     
   1.52167546192143       -2.37662309947074     
   1.53551248470871       -2.38504907274540     
   1.54947533143442       -2.39295496849540     
   1.56356514625099       -2.40032721009571     
   1.57778308371498       -2.40715308119862     
   1.59213030888163       -2.41342075200440     
   1.60660799740038       -2.41911930394007     
   1.62121733561117       -2.42423875261900     
   1.63595952064165       -2.42877006895569     
   1.65083576050531       -2.43270519831332     
   1.66584727420045       -2.43603707756502     
   1.68099529181002       -2.43875964995436     
   1.69628105460252       -2.44086787764610     
   1.71170581513361       -2.44235775186427     
   1.72727083734882       -2.44322630052163     
   1.74297739668705       -2.44347159325279     
   1.75882678018518       -2.44309274377179     
   1.77482028658344       -2.44208990948448     
   1.79095922643187       -2.44046428829679     
   1.80724492219774       -2.43821811257063     
   1.82367870837386       -2.43535464019158     
   1.84026193158795       -2.43187814272480     
   1.85699595071303       -2.42779389064887     
   1.87388213697871       -2.42310813567122     
   1.89092187408357       -2.41782809014290     
   1.90811655830857       -2.41196190360533     
   1.92546759863144       -2.40551863651660     
   1.94297641684212       -2.39850823122025     
   1.96064444765932       -2.39094148023485     
   1.97847313884803       -2.38282999195814     
   1.99646395133817       -2.37418615389479     
