                                                  

     Z,SCF,CCSD
   1.679,   -127.4350973,   -128.2173233
   1.629,   -127.4355707,   -128.2202983
   1.579,   -127.4351465,   -128.2224616
   1.529,   -127.4336417,   -128.2235537
   1.479,   -127.4308274,   -128.2232652
   1.429,   -127.4264067,   -128.2212006
   1.379,   -127.4199867,   -128.2168789
   1.329,   -127.4110456,   -128.2097078
   1.279,   -127.3988978,   -128.1989488
   1.229,   -127.3826540,   -128.1836712
   1.179,   -127.3611699,   -128.1626996
                                                  
