                                                  

     Z,SCF,CCSD
   1.985,   -142.3556916,   -143.3254982
   1.935,   -142.3547773,   -143.3284370
   1.885,   -142.3521590,   -143.3305045
   1.835,   -142.3474530,   -143.3314117
   1.785,   -142.3402154,   -143.3307593
   1.735,   -142.3299402,   -143.3280035
   1.685,   -142.3160605,   -143.3223896
   1.635,   -142.2979500,   -143.3129351
   1.585,   -142.2749199,   -143.2984036
   1.535,   -142.2462209,   -143.2772871
   1.485,   -142.2111040,   -143.2477345
                                                  
