                                                  

     Z,SCF,CCSD
   1.5,   -119.3805063,   -120.3216507
                                                  

     Z,SCF,CCSD
   0.0,      0.0000000,      0.0000000
   0.0,      0.0000000,      0.0000000
   0.0,      0.0000000,      0.0000000
   0.0,      0.0000000,      0.0000000
   1.9,   -119.3942300,   -120.3696687
                                                  

     Z,SCF,CCSD
   1.5,   -119.3805063,   -120.3216508
   1.6,   -119.4203604,   -120.3695801
   1.7,   -119.4274233,   -120.3852182
   1.8,   -119.4156897,   -120.3823008
   1.9,   -119.3942300,   -120.3696676
                                                  
