  1.363600441568433E-006  -58.6211830010304     
  1.375960561541763E-006  -58.6211830010315     
  1.388432717681331E-006  -58.6211830010327     
  1.401017925519559E-006  -58.6211830028965     
  1.413717209793982E-006  -58.6211829991724     
  1.426531604530696E-006  -58.6211830028989     
  1.439462153128542E-006  -58.6211830010375     
  1.452509908444074E-006  -58.6211829991761     
  1.465675932877279E-006  -58.6211830010400     
  1.478961298458085E-006  -58.6211829991787     
  1.492367086933650E-006  -58.6211829991800     
  1.505894389856442E-006  -58.6211829991813     
  1.519544308673116E-006  -58.6211829991827     
  1.533317954814200E-006  -58.6211829991841     
  1.547216449784592E-006  -58.6211829973229     
  1.561240925254877E-006  -58.6211829991870     
  1.575392523153472E-006  -58.6211829991885     
  1.589672395759605E-006  -58.6211829973273     
  1.604081705797140E-006  -58.6211829991915     
  1.618621626529250E-006  -58.6211829973304     
  1.633293341853950E-006  -58.6211829973320     
  1.648098046400493E-006  -58.6211829991963     
  1.663036945626640E-006  -58.6211829991979     
  1.678111255916817E-006  -58.6211829991996     
  1.693322204681155E-006  -58.6211829982700     
  1.708671030455433E-006  -58.6211829973404     
  1.724158983001921E-006  -58.6211830001361     
  1.739787323411144E-006  -58.6211829982753     
  1.755557324204562E-006  -58.6211829992084     
  1.771470269438187E-006  -58.6211829992103     
  1.787527454807135E-006  -58.6211829992122     
  1.803730187751122E-006  -58.6211829982828     
  1.820079787560929E-006  -58.6211829973535     
  1.836577585485819E-006  -58.6211829982868     
  1.853224924841930E-006  -58.6211829982888     
  1.870023161121660E-006  -58.6211829964283     
  1.886973662104032E-006  -58.6211829982930     
  1.904077807966065E-006  -58.6211829973639     
  1.921336991395153E-006  -58.6211829982974     
  1.938752617702465E-006  -58.6211829973683     
  1.956326104937367E-006  -58.6211829983019     
  1.974058884002889E-006  -58.6211829983042     
  1.991952398772236E-006  -58.6211829973752     
  2.010008106206349E-006  -58.6211829983090     
  2.028227476472539E-006  -58.6211829983114     
  2.046611993064195E-006  -58.6211829983139     
  2.065163152921574E-006  -58.6211829983164     
  2.083882466553690E-006  -58.6211829983190     
  2.102771458161301E-006  -58.6211829973903     
  2.121831665761023E-006  -58.6211829992557     
  2.141064641310555E-006  -58.6211830001897     
  2.160471950835047E-006  -58.6211829983298     
  2.180055174554614E-006  -58.6211829974013     
  2.199815907013001E-006  -58.6211829974042     
  2.219755757207422E-006  -58.6211829992698     
  2.239876348719562E-006  -58.6211829974101     
  2.260179319847786E-006  -58.6211829992758     
  2.280666323740528E-006  -58.6211829992789     
  2.301339028530901E-006  -58.6211829964881     
  2.322199117472519E-006  -58.6211829974226     
  2.343248289076560E-006  -58.6211829974259     
  2.364488257250062E-006  -58.6211829964979     
  2.385920751435473E-006  -58.6211829965013     
  2.407547516751477E-006  -58.6211829974361     
  2.429370314135080E-006  -58.6211829974396     
  2.451390920485000E-006  -58.6211829965118     
  2.473611128806343E-006  -58.6211829965155     
  2.496032748356599E-006  -58.6211829974505     
  2.518657604792963E-006  -58.6211829965229     
  2.541487540320978E-006  -58.6211829974581     
  2.564524413844543E-006  -58.6211829974620     
  2.587770101117270E-006  -58.6211829974660     
  2.611226494895212E-006  -58.6211829965387     
  2.634895505090983E-006  -58.6211829956115     
  2.658779058929270E-006  -58.6211829965470     
  2.682879101103753E-006  -58.6211829974827     
  2.707197593935450E-006  -58.6211829965557     
  2.731736517532500E-006  -58.6211829974915     
  2.756497869951389E-006  -58.6211829947020     
  2.781483667359637E-006  -58.6211829965693     
  2.806695944199969E-006  -58.6211829965739     
  2.832136753355961E-006  -58.6211829956474     
  2.857808166319198E-006  -58.6211829965836     
  2.883712273357942E-006  -58.6211829965885     
  2.909851183687327E-006  -58.6211829965935     
  2.936227025641104E-006  -58.6211829965987     
  2.962841946844939E-006  -58.6211829966039     
  2.989698114391273E-006  -58.6211829966092     
  3.016797715015786E-006  -58.6211829966146     
  3.044142955275441E-006  -58.6211829975515     
  3.071736061728159E-006  -58.6211829956944     
  3.099579281114105E-006  -58.6211829957001     
  3.127674880538635E-006  -58.6211829947746     
  3.156025147656883E-006  -58.6211829957119     
  3.184632390860042E-006  -58.6211829957179     
  3.213498939463317E-006  -58.6211829957241     
  3.242627143895584E-006  -58.6211829947990     
  3.272019375890776E-006  -58.6211829948054     
  3.301678028680996E-006  -58.6211829957432     
  3.331605517191387E-006  -58.6211829957498     
  3.361804278236762E-006  -58.6211829957565     
  3.392276770720018E-006  -58.6211829952977     
  3.423025475832354E-006  -58.6211829953046     
  3.454052897255295E-006  -58.6211829953117     
  3.485361561364553E-006  -58.6211829953190     
  3.516954017435736E-006  -58.6211829948607     
  3.548832837851921E-006  -58.6211829948681     
  3.581000618313101E-006  -58.6211829948758     
  3.613459978047546E-006  -58.6211829948835     
  3.646213560025065E-006  -58.6211829944258     
  3.679264031172210E-006  -58.6211829948995     
  3.712614082589425E-006  -58.6211829949077     
  3.746266429770170E-006  -58.6211829944504     
  3.780223812822025E-006  -58.6211829935276     
  3.814488996689796E-006  -58.6211829940019     
  3.849064771380659E-006  -58.6211829935450     
  3.883953952191324E-006  -58.6211829944853     
  3.919159379937266E-006  -58.6211829940288     
  3.954683921184045E-006  -58.6211829935724     
  3.990530468480707E-006  -58.6211829931162     
  4.026701940595307E-006  -58.6211829940572     
  4.063201282752568E-006  -58.6211829936014     
  4.100031466873690E-006  -58.6211829926801     
  4.137195491818340E-006  -58.6211829931559     
  4.174696383628830E-006  -58.6211829927006     
  4.212537195776505E-006  -58.6211829931768     
  4.250721009410375E-006  -58.6211829927219     
  4.289250933607989E-006  -58.6211829927328     
  4.328130105628594E-006  -58.6211829922783     
  4.367361691168576E-006  -58.6211829913584     
  4.406948884619229E-006  -58.6211829918356     
  4.446894909326858E-006  -58.6211829913817     
  4.487203017855224E-006  -58.6211829913936     
  4.527876492250395E-006  -58.6211829909402     
  4.568918644307975E-006  -58.6211829918839     
  4.610332815842764E-006  -58.6211829904996     
  4.652122378960865E-006  -58.6211829909781     
  4.694290736334254E-006  -58.6211829914569     
  4.736841321477835E-006  -58.6211829905389     
  4.779777599029012E-006  -58.6211829910181     
  4.823103065029800E-006  -58.6211829905663     
  4.866821247211476E-006  -58.6211829905804     
  4.910935705281827E-006  -58.6211829901291     
  4.955450031214997E-006  -58.6211829901437     
  5.000367849543955E-006  -58.6211829896929     
  5.045692817655622E-006  -58.6211829897080     
  5.091428626088669E-006  -58.6211829892578     
  5.137578998834014E-006  -58.6211829897392     
  5.184147693638048E-006  -58.6211829888238     
  5.231138502308603E-006  -58.6211829893058     
  5.278555251023695E-006  -58.6211829883910     
  5.326401800643068E-006  -58.6211829888736     
  5.374682047022558E-006  -58.6211829879594     
  5.423399921331319E-006  -58.6211829879769     
  5.472559390371896E-006  -58.6211829879947     
  5.522164456903236E-006  -58.6211829870815     
  5.572219159966602E-006  -58.6211829875657     
  5.622727575214440E-006  -58.6211829875845     
  5.673693815242246E-006  -58.6211829876036     
  5.725122029923426E-006  -58.6211829871575     
  5.777016406747192E-006  -58.6211829871773     
  5.829381171159529E-006  -58.6211829867319     
  5.882220586907242E-006  -58.6211829862868     
  5.935538956385134E-006  -58.6211829858421     
  5.989340620986320E-006  -58.6211829853977     
  6.043629961455716E-006  -58.6211829858851     
  6.098411398246746E-006  -58.6211829849759     
  6.153689391881268E-006  -58.6211829849984     
  6.209468443312766E-006  -58.6211829845557     
  6.265753094292838E-006  -58.6211829845791     
  6.322547927741000E-006  -58.6211829841372     
  6.379857568117854E-006  -58.6211829836957     
  6.437686681801618E-006  -58.6211829837204     
  6.496039977468090E-006  -58.6211829828142     
  6.554922206474043E-006  -58.6211829823741     
  6.614338163244101E-006  -58.6211829819344     
  6.674292685661119E-006  -58.6211829819609     
  6.734790655460102E-006  -58.6211829819879     
  6.795836998625700E-006  -58.6211829815497     
  6.857436685793291E-006  -58.6211829813448     
  6.919594732653725E-006  -58.6211829806748     
  6.982316200361703E-006  -58.6211829807038     
  7.045606195947893E-006  -58.6211829802677     
  7.109469872734757E-006  -58.6211829798321     
  7.173912430756153E-006  -58.6211829793970     
  7.238939117180746E-006  -58.6211829787297     
  7.304555226739253E-006  -58.6211829785286     
  7.370766102155561E-006  -58.6211829780953     
  7.437577134581750E-006  -58.6211829774297     
  7.504993764037064E-006  -58.6211829769975     
  7.573021479850865E-006  -58.6211829770316     
  7.641665821109581E-006  -58.6211829768335     
  7.710932377107733E-006  -58.6211829761704     
  7.780826787803038E-006  -58.6211829757408     
  7.851354744275630E-006  -58.6211829755446     
  7.922521989191447E-006  -58.6211829746506     
  7.994334317269836E-006  -58.6211829744558     
  8.066797575755371E-006  -58.6211829737960     
  8.139917664893958E-006  -58.6211829733697     
  8.213700538413265E-006  -58.6211829731770     
  8.288152204007489E-006  -58.6211829725194     
  8.363278723826533E-006  -58.6211829718625     
  8.439086214969608E-006  -58.6211829712064     
  8.515580849983308E-006  -58.6211829707839     
  8.592768857364207E-006  -58.6211829703621     
  8.670656522066010E-006  -58.6211829699412     
  8.749250186011294E-006  -58.6211829692882     
  8.828556248607892E-006  -58.6211829681704     
  8.908581167269967E-006  -58.6211829679848     
  8.989331457943789E-006  -58.6211829675672     
  9.070813695638293E-006  -58.6211829664520     
  9.153034514960450E-006  -58.6211829665018     
  9.236000610655472E-006  -58.6211829658540     
  9.319718738151926E-006  -58.6211829649744     
  9.404195714111796E-006  -58.6211829645613     
  9.489438416985517E-006  -58.6211829639164     
  9.575453787572047E-006  -58.6211829630396     
  9.662248829584013E-006  -58.6211829623966     
  9.749830610217976E-006  -58.6211829617547     
  9.838206260729884E-006  -58.6211829608809     
  9.927382977015718E-006  -58.6211829602411     
  1.001736802019740E-005  -58.6211829596023     
  1.010816871721406E-005  -58.6211829587317     
  1.019979246141857E-005  -58.6211829580951     
  1.029224671317959E-005  -58.6211829572268     
  1.038553900048897E-005  -58.6211829565924     
  1.047967691957478E-005  -58.6211829557264     
  1.057466813551974E-005  -58.6211829548616     
  1.067052038288543E-005  -58.6211829544637     
  1.076724146634197E-005  -58.6211829533685     
  1.086483926130361E-005  -58.6211829525074     
  1.096332171456990E-005  -58.6211829516476     
  1.106269684497279E-005  -58.6211829507890     
  1.116297274402952E-005  -58.6211829501647     
  1.126415757660153E-005  -58.6211829490760     
  1.136625958155919E-005  -58.6211829477558     
  1.146928707245270E-005  -58.6211829471356     
  1.157324843818900E-005  -58.6211829460511     
  1.167815214371481E-005  -58.6211829449680     
  1.178400673070591E-005  -58.6211829438865     
  1.189082081826262E-005  -58.6211829430393     
  1.199860310361157E-005  -58.6211829419607     
  1.210736236281394E-005  -58.6211829413494     
  1.221710745147996E-005  -58.6211829398084     
  1.232784730549003E-005  -58.6211829389675     
  1.243959094172227E-005  -58.6211829376625     
  1.255234745878674E-005  -58.6211829368249     
  1.266612603776628E-005  -58.6211829350577     
  1.278093594296405E-005  -58.6211829342235     
  1.289678652265788E-005  -58.6211829326926     
  1.301368720986148E-005  -58.6211829318621     
  1.313164752309243E-005  -58.6211829310333     
  1.325067706714729E-005  -58.6211829292751     
  1.337078553388364E-005  -58.6211829281009     
  1.349198270300920E-005  -58.6211829269286     
  1.361427844287818E-005  -58.6211829252926     
  1.373768271129477E-005  -58.6211829241243     
  1.386220555632394E-005  -58.6211829226087     
  1.398785711710963E-005  -58.6211829213281     
  1.411464762470026E-005  -58.6211829199332     
  1.424258740288184E-005  -58.6211829180748     
  1.437168686901854E-005  -58.6211829170335     
  1.450195653490092E-005  -58.6211829152960     
  1.463340700760187E-005  -58.6211829136771     
  1.476604899034022E-005  -58.6211829121770     
  1.489989328335228E-005  -58.6211829106792     
  1.503495078477126E-005  -58.6211829090674     
  1.517123249151457E-005  -58.6211829075745     
  1.530874950017930E-005  -58.6211829056184     
  1.544751300794571E-005  -58.6211829038977     
  1.558753431348897E-005  -58.6211829022960     
  1.572882481789913E-005  -58.6211829005805     
  1.587139602560944E-005  -58.6211828987513     
  1.601525954533309E-005  -58.6211828966919     
  1.616042709100845E-005  -58.6211828949846     
  1.630691048275285E-005  -58.6211828929309     
  1.645472164782504E-005  -58.6211828909965     
  1.660387262159630E-005  -58.6211828891814     
  1.675437554853050E-005  -58.6211828871364     
  1.690624268317286E-005  -58.6211828849781     
  1.705948639114783E-005  -58.6211828830558     
  1.721411915016589E-005  -58.6211828807873     
  1.737015355103959E-005  -58.6211828786385     
  1.752760229870871E-005  -58.6211828763765     
  1.768647821327475E-005  -58.6211828740014     
  1.784679423104482E-005  -58.6211828719789     
  1.800856340558492E-005  -58.6211828696107     
  1.817179890878285E-005  -58.6211828670131     
  1.833651403192070E-005  -58.6211828645356     
  1.850272218675710E-005  -58.6211828624109     
  1.867043690661921E-005  -58.6211828597078     
  1.883967184750473E-005  -58.6211828571250     
  1.901044078919375E-005  -58.6211828546624     
  1.918275763637080E-005  -58.6211828519709     
  1.935663641975704E-005  -58.6211828492833     
  1.953209129725262E-005  -58.6211828465999     
  1.970913655508958E-005  -58.6211828438041     
  1.988778660899499E-005  -58.6211828408962     
  2.006805600536481E-005  -58.6211828381089     
  2.024995942244827E-005  -58.6211828350932     
  2.043351167154305E-005  -58.6211828320819     
  2.061872769820127E-005  -58.6211828288423     
  2.080562258344643E-005  -58.6211828258401     
  2.099421154500134E-005  -58.6211828227262     
  2.118450993852724E-005  -58.6211828196171     
  2.137653325887408E-005  -58.6211828160472     
  2.157029714134221E-005  -58.6211828128315     
  2.176581736295544E-005  -58.6211828093880     
  2.196310984374569E-005  -58.6211828060660     
  2.216219064804924E-005  -58.6211828021672     
  2.236307598581476E-005  -58.6211827987394     
  2.256578221392321E-005  -58.6211827950841     
  2.277032583751966E-005  -58.6211827915508     
  2.297672351135719E-005  -58.6211827876739     
  2.318499204115301E-005  -58.6211827838026     
  2.339514838495687E-005  -58.6211827800536     
  2.360720965453179E-005  -58.6211827759613     
  2.382119311674740E-005  -58.6211827716422     
  2.403711619498591E-005  -58.6211827675621     
  2.425499647056075E-005  -58.6211827632554     
  2.447485168414809E-005  -58.6211827589551     
  2.469669973723141E-005  -58.6211827546613     
  2.492055869355909E-005  -58.6211827501412     
  2.514644678061523E-005  -58.6211827456279     
  2.537438239110378E-005  -58.6211827410050     
  2.560438408444618E-005  -58.6211827361562     
  2.583647058829253E-005  -58.6211827314310     
  2.607066080004650E-005  -58.6211827265966     
  2.630697378840393E-005  -58.6211827217695     
  2.654542879490562E-005  -58.6211827164843     
  2.678604523550396E-005  -58.6211827113813     
  2.702884270214386E-005  -58.6211827061115     
  2.727384096435804E-005  -58.6211827007914     
  2.752105997087671E-005  -58.6211826953047     
  2.777051985125192E-005  -58.6211826898262     
  2.802224091749651E-005  -58.6211826841232     
  2.827624366573808E-005  -58.6211826783706     
  2.853254877788782E-005  -58.6211826725684     
  2.879117712332450E-005  -58.6211826666004     
  2.905214976059379E-005  -58.6211826605249     
  2.931548793912287E-005  -58.6211826542840     
  2.958121310095068E-005  -58.6211826480524     
  2.984934688247383E-005  -58.6211826415974     
  3.011991111620828E-005  -58.6211826350939     
  3.039292783256703E-005  -58.6211826283673     
  3.066841926165398E-005  -58.6211826217672     
  3.094640783507392E-005  -58.6211826148280     
  3.122691618775907E-005  -58.6211826077828     
  3.150996715981205E-005  -58.6211826005735     
  3.179558379836563E-005  -58.6211825933168     
  3.208378935945933E-005  -58.6211825858964     
  3.237460730993303E-005  -58.6211825783708     
  3.266806132933768E-005  -58.6211825707982     
  3.296417531186343E-005  -58.6211825629462     
  3.326297336828519E-005  -58.6211825549896     
  3.356447982792580E-005  -58.6211825468703     
  3.386871924063705E-005  -58.6211825385886     
  3.417571637879856E-005  -58.6211825302029     
  3.448549623933496E-005  -58.6211825215970     
  3.479808404575112E-005  -58.6211825129458     
  3.511350525018603E-005  -58.6211825040749     
  3.543178553548518E-005  -58.6211824949845     
  3.575295081729174E-005  -58.6211824858495     
  3.607702724615677E-005  -58.6211824763209     
  3.640404120966846E-005  -58.6211824668646     
  3.673401933460071E-005  -58.6211824571898     
  3.706698848908121E-005  -58.6211824473551     
  3.740297578477914E-005  -58.6211824372441     
  3.774200857911269E-005  -58.6211824270319     
  3.808411447747666E-005  -58.6211824166023     
  3.842932133549013E-005  -58.6211824060138     
  3.877765726126467E-005  -58.6211823951502     
  3.912915061769288E-005  -58.6211823841865     
  3.948383002475796E-005  -58.6211823729484     
  3.984172436186395E-005  -58.6211823615525     
  4.020286277018724E-005  -58.6211823499410     
  4.056727465504940E-005  -58.6211823379395     
  4.093498968831141E-005  -58.6211823260141     
  4.130603781078971E-005  -58.6211823136994     
  4.168044923469407E-005  -58.6211823012867     
  4.205825444608761E-005  -58.6211822885436     
  4.243948420736910E-005  -58.6211822755869     
  4.282416955977773E-005  -58.6211822623004     
  4.321234182592062E-005  -58.6211822488591     
  4.360403261232325E-005  -58.6211822353216     
  4.399927381200296E-005  -58.6211822213391     
  4.439809760706583E-005  -58.6211822071447     
  4.480053647132709E-005  -58.6211821926807     
  4.520662317295517E-005  -58.6211821780055     
  4.561639077713997E-005  -58.6211821631197     
  4.602987264878502E-005  -58.6211821477325     
  4.644710245522428E-005  -58.6211821322518     
  4.686811416896336E-005  -58.6211821164453     
  4.729294207044584E-005  -58.6211821003715     
  4.772162075084440E-005  -58.6211820839727     
  4.815418511487740E-005  -58.6211820672494     
  4.859067038365101E-005  -58.6211820502601     
  4.903111209752699E-005  -58.6211820330053     
  4.947554611901656E-005  -58.6211820154273     
  4.992400863570044E-005  -58.6211819974684     
  5.037653616317547E-005  -58.6211819792455     
  5.083316554802770E-005  -58.6211819605844     
  5.129393397083275E-005  -58.6211819417766     
  5.175887894918308E-005  -58.6211819224735     
  5.222803834074291E-005  -58.6211819027919     
  5.270145034633066E-005  -58.6211818828489     
  5.317915351302945E-005  -58.6211818624703     
  5.366118673732580E-005  -58.6211818417730     
  5.414758926827665E-005  -58.6211818206704     
  5.463840071070526E-005  -58.6211817991921     
  5.513366102842588E-005  -58.6211817773096     
  5.563341054749792E-005  -58.6211817551398     
  5.613768995950929E-005  -58.6211817324215     
  5.664654032488980E-005  -58.6211817093590     
  5.716000307625439E-005  -58.6211816858365     
  5.767812002177676E-005  -58.6211816618837     
  5.820093334859357E-005  -58.6211816375304     
  5.872848562623948E-005  -58.6211816127190     
  5.926081981011327E-005  -58.6211815874502     
  5.979797924497556E-005  -58.6211815617829     
  6.034000766847802E-005  -58.6211815355431     
  6.088694921472463E-005  -58.6211815088480     
  6.143884841786541E-005  -58.6211814817274     
  6.199575021572240E-005  -58.6211814540948     
  6.255769995344874E-005  -58.6211814259216     
  6.312474338722088E-005  -58.6211813972379     
  6.369692668796422E-005  -58.6211813680735     
  6.427429644511246E-005  -58.6211813383418     
  6.485689967040124E-005  -58.6211813081020     
  6.544478380169581E-005  -58.6211812772674     
  6.603799670685384E-005  -58.6211812459262     
  6.663658668762284E-005  -58.6211812139628     
  6.724060248357320E-005  -58.6211811814073     
  6.785009327606664E-005  -58.6211811483187     
  6.846510869226082E-005  -58.6211811146396     
  6.908569880915023E-005  -58.6211810802838     
  6.971191415764354E-005  -58.6211810453102     
  7.034380572667813E-005  -58.6211810096908     
  7.098142496737175E-005  -58.6211809734556     
  7.162482379721186E-005  -58.6211809365765     
  7.227405460428308E-005  -58.6211808989962     
  7.292917025153266E-005  -58.6211808607159     
  7.359022408107492E-005  -58.6211808217364     
  7.425726991853452E-005  -58.6211807820880     
  7.493036207742919E-005  -58.6211807417135     
  7.560955536359210E-005  -58.6211807005558     
  7.629490507963441E-005  -58.6211806586743     
  7.698646702944825E-005  -58.6211806160409     
  7.768429752275042E-005  -58.6211805726567     
  7.838845337966744E-005  -58.6211805284358     
  7.909899193536195E-005  -58.6211804834664     
  7.981597104470133E-005  -58.6211804376336     
  8.053944908696831E-005  -58.6211803909966     
  8.126948497061454E-005  -58.6211803434694     
  8.200613813805713E-005  -58.6211802950534     
  8.274946857051869E-005  -58.6211802458080     
  8.349953679291120E-005  -58.6211801957054     
  8.425640387876426E-005  -58.6211801446015     
  8.502013145519786E-005  -58.6211800926432     
  8.579078170794037E-005  -58.6211800396281     
  8.656841738639190E-005  -58.6211799857614     
  8.735310180873363E-005  -58.6211799308409     
  8.814489886708348E-005  -58.6211798749843     
  8.894387303269833E-005  -58.6211798180769     
  8.975008936122359E-005  -58.6211797600910     
  9.056361349799039E-005  -58.6211797011155     
  9.138451168336051E-005  -58.6211796410356     
  9.221285075812004E-005  -58.6211795798529     
  9.304869816892180E-005  -58.6211795175982     
  9.389212197377710E-005  -58.6211794541857     
  9.474319084759731E-005  -58.6211793896464     
  9.560197408778563E-005  -58.6211793238946     
  9.646854161987959E-005  -58.6211792569031     
  9.734296400324460E-005  -58.6211791887609     
  9.822531243681926E-005  -58.6211791193535     
  9.911565876491256E-005  -58.6211790486826     
  1.000140754830539E-004  -58.6211789767795     
  1.009206357438956E-004  -58.6211789034421     
  1.018354133631698E-004  -58.6211788288472     
  1.027584828256985E-004  -58.6211787529385     
  1.036899192914582E-004  -58.6211786756017     
  1.046297986017004E-004  -58.6211785968098     
  1.055781972851262E-004  -58.6211785166230     
  1.065351925641180E-004  -58.6211784349854     
  1.075008623610269E-004  -58.6211783518700     
  1.084752853045178E-004  -58.6211782672354     
  1.094585407359717E-004  -58.6211781810111     
  1.104507087159453E-004  -58.6211780932868     
  1.114518700306910E-004  -58.6211780039193     
  1.124621061987336E-004  -58.6211779129401     
  1.134814994775087E-004  -58.6211778203080     
  1.145101328700603E-004  -58.6211777259964     
  1.155480901317989E-004  -58.6211776299643     
  1.165954557773214E-004  -58.6211775321704     
  1.176523150872928E-004  -58.6211774325883     
  1.187187541153899E-004  -58.6211773312208     
  1.197948596953079E-004  -58.6211772279687     
  1.208807194478312E-004  -58.6211771228784     
  1.219764217879676E-004  -58.6211770158364     
  1.230820559321474E-004  -58.6211769068746     
  1.241977119054878E-004  -58.6211767959232     
  1.253234805491230E-004  -58.6211766829415     
  1.264594535276010E-004  -58.6211765679326     
  1.276057233363472E-004  -58.6211764507832     
  1.287623833091957E-004  -58.6211763315255     
  1.299295276259891E-004  -58.6211762100900     
  1.311072513202467E-004  -58.6211760864653     
  1.322956502869028E-004  -58.6211759605531     
  1.334948212901147E-004  -58.6211758323420     
  1.347048619711415E-004  -58.6211757018210     
  1.359258708562949E-004  -58.6211755689354     
  1.371579473649610E-004  -58.6211754336161     
  1.384011918176957E-004  -58.6211752958230     
  1.396557054443934E-004  -58.6211751555016     
  1.409215903925290E-004  -58.6211750126993     
  1.421989497354760E-004  -58.6211748672454     
  1.434878874808983E-004  -58.6211747191438     
  1.447885085792191E-004  -58.6211745683549     
  1.461009189321669E-004  -58.6211744147953     
  1.474252254013979E-004  -58.6211742584692     
  1.487615358171972E-004  -58.6211740992936     
  1.501099589872590E-004  -58.6211739372144     
  1.514706047055458E-004  -58.6211737721487     
  1.528435837612286E-004  -58.6211736041302     
  1.542290079477077E-004  -58.6211734330323     
  1.556269900717151E-004  -58.6211732588160     
  1.570376439625001E-004  -58.6211730814278     
  1.584610844810973E-004  -58.6211729008288     
  1.598974275296793E-004  -58.6211727169075     
  1.613467900609942E-004  -58.6211725296687     
  1.628092900878874E-004  -58.6211723390013     
  1.642850466929120E-004  -58.6211721448665     
  1.657741800380235E-004  -58.6211719471969     
  1.672768113743654E-004  -58.6211717459105     
  1.687930630521406E-004  -58.6211715409982     
  1.703230585305746E-004  -58.6211713323054     
  1.718669223879674E-004  -58.6211711198522     
  1.734247803318375E-004  -58.6211709035136     
  1.749967592091576E-004  -58.6211706832515     
  1.765829870166824E-004  -58.6211704589410     
  1.781835929113715E-004  -58.6211702306027     
  1.797987072209051E-004  -58.6211699980390     
  1.814284614542961E-004  -58.6211697612998     
  1.830729883125981E-004  -58.6211695202314     
  1.847324216997103E-004  -58.6211692747676     
  1.864068967332809E-004  -58.6211690248276     
  1.880965497557083E-004  -58.6211687703454     
  1.898015183452431E-004  -58.6211685112261     
  1.915219413271901E-004  -58.6211682473601     
  1.932579587852119E-004  -58.6211679787401     
  1.950097120727354E-004  -58.6211677052131     
  1.967773438244610E-004  -58.6211674266993     
  1.985609979679768E-004  -58.6211671431334     
  2.003608197354774E-004  -58.6211668543484     
  2.021769556755895E-004  -58.6211665603667     
  2.040095536653045E-004  -58.6211662610069     
  2.058587629220192E-004  -58.6211659561608     
  2.077247340156856E-004  -58.6211656458074     
  2.096076188810708E-004  -58.6211653298095     
  2.115075708301287E-004  -58.6211650080448     
  2.134247445644822E-004  -58.6211646804127     
  2.153592961880209E-004  -58.6211643468275     
  2.173113832196106E-004  -58.6211640071527     
  2.192811646059198E-004  -58.6211636613173     
  2.212688007343617E-004  -58.6211633091633     
  2.232744534461529E-004  -58.6211629505984     
  2.252982860494922E-004  -58.6211625855085     
  2.273404633328570E-004  -58.6211622137871     
  2.294011515784214E-004  -58.6211618352767     
  2.314805185755954E-004  -58.6211614498640     
  2.335787336346870E-004  -58.6211610574428     
  2.356959676006884E-004  -58.6211606578855     
  2.378323928671863E-004  -58.6211602510500     
  2.399881833903994E-004  -58.6211598368092     
  2.421635147033425E-004  -58.6211594150212     
  2.443585639301188E-004  -58.6211589855448     
  2.465735098003421E-004  -58.6211585482678     
  2.488085326636904E-004  -58.6211581030200     
  2.510638145045895E-004  -58.6211576496607     
  2.533395389570319E-004  -58.6211571880347     
  2.556358913195284E-004  -58.6211567180089     
  2.579530585701961E-004  -58.6211562394505     
  2.602912293819829E-004  -58.6211557521468     
  2.626505941380300E-004  -58.6211552559945     
  2.650313449471734E-004  -58.6211547507815     
  2.674336756595865E-004  -58.6211542363903     
  2.698577818825641E-004  -58.6211537126238     
  2.723038609964493E-004  -58.6211531793289     
  2.747721121707051E-004  -58.6211526363088     
  2.772627363801317E-004  -58.6211520834108     
  2.797759364212304E-004  -58.6211515204460     
  2.823119169287166E-004  -58.6211509472188     
  2.848708843921812E-004  -58.6211503635771     
  2.874530471729045E-004  -58.6211497692965     
  2.900586155208215E-004  -58.6211491641894     
  2.926878015916412E-004  -58.6211485480537     
  2.953408194641212E-004  -58.6211479207315     
  2.980178851574993E-004  -58.6211472819631     
  3.007192166490818E-004  -58.6211466315766     
  3.034450338919929E-004  -58.6211459693275     
  3.061955588330835E-004  -58.6211452950446     
  3.089710154310034E-004  -58.6211446084767     
  3.117716296744369E-004  -58.6211439093950     
  3.145976296005033E-004  -58.6211431976073     
  3.174492453133251E-004  -58.6211424728345     
  3.203267090027637E-004  -58.6211417348778     
  3.232302549633254E-004  -58.6211409834879     
  3.261601196132380E-004  -58.6211402184085     
  3.291165415137019E-004  -58.6211394393911     
  3.320997613883140E-004  -58.6211386462164     
  3.351100221426683E-004  -58.6211378385858     
  3.381475688841349E-004  -58.6211370162299     
  3.412126489418168E-004  -58.6211361789236     
  3.443055118866891E-004  -58.6211353263619     
  3.474264095519195E-004  -58.6211344582914     
  3.505755960533742E-004  -58.6211335744079     
  3.537533278103081E-004  -58.6211326744225     
  3.569598635662447E-004  -58.6211317580610     
  3.601954644100427E-004  -58.6211308250136     
  3.634603937971559E-004  -58.6211298749705     
  3.667549175710843E-004  -58.6211289076227     
  3.700793039850204E-004  -58.6211279226834     
  3.734338237236909E-004  -58.6211269197935     
  3.768187499253978E-004  -58.6211258986526     
  3.802343582042576E-004  -58.6211248589171     
  3.836809266726433E-004  -58.6211238002440     
  3.871587359638294E-004  -58.6211227222980     
  3.906680692548419E-004  -58.6211216247297     
  3.942092122895163E-004  -58.6211205071759     
  3.977824534017631E-004  -58.6211193692737     
  4.013880835390458E-004  -58.6211182106463     
  4.050263962860710E-004  -58.6211170309321     
  4.086976878886924E-004  -58.6211158297408     
  4.124022572780338E-004  -58.6211146066682     
  4.161404060948275E-004  -58.6211133613471     
  4.199124387139766E-004  -58.6211120933381     
  4.237186622693375E-004  -58.6211108022389     
  4.275593866787281E-004  -58.6211094876330     
  4.314349246691630E-004  -58.6211081490938     
  4.353455918023165E-004  -58.6211067861846     
  4.392917065002170E-004  -58.6211053984617     
  4.432735900711743E-004  -58.6211039854751     
  4.472915667359415E-004  -58.6211025467572     
  4.513459636541149E-004  -58.6211010818520     
  4.554371109507718E-004  -58.6210995902750     
  4.595653417433515E-004  -58.6210980715280     
  4.637309921687786E-004  -58.6210965251391     
  4.679344014108323E-004  -58.6210949505931     
  4.721759117277648E-004  -58.6210933473869     
  4.764558684801685E-004  -58.6210917149852     
  4.807746201590974E-004  -58.6210900528608     
  4.851325184144422E-004  -58.6210883604764     
  4.895299180835631E-004  -58.6210866372811     
  4.939671772201819E-004  -58.6210848827135     
  4.984446571235367E-004  -58.6210830961954     
  5.029627223677997E-004  -58.6210812771527     
  5.075217408317627E-004  -58.6210794249979     
  5.121220837287909E-004  -58.6210775391149     
  5.167641256370485E-004  -58.6210756188999     
  5.214482445299994E-004  -58.6210736637279     
  5.261748218071815E-004  -58.6210716729566     
  5.309442423252635E-004  -58.6210696459450     
  5.357568944293802E-004  -58.6210675820200     
  5.406131699847539E-004  -58.6210654805314     
  5.455134644086014E-004  -58.6210633407755     
  5.504581767023298E-004  -58.6210611620642     
  5.554477094840260E-004  -58.6210589436814     
  5.604824690212385E-004  -58.6210566849154     
  5.655628652640574E-004  -58.6210543850232     
  5.706893118784948E-004  -58.6210520432664     
  5.758622262801664E-004  -58.6210496588677     
  5.810820296682796E-004  -58.6210472310691     
  5.863491470599289E-004  -58.6210447590667     
  5.916640073247029E-004  -58.6210422420538     
  5.970270432196039E-004  -58.6210396792252     
  6.024386914242853E-004  -58.6210370697332     
  6.078993925766075E-004  -58.6210344127349     
  6.134095913085166E-004  -58.6210317073634     
  6.189697362822479E-004  -58.6210289527420     
  6.245802802268575E-004  -58.6210261479736     
  6.302416799750860E-004  -58.6210232921405     
  6.359543965005551E-004  -58.6210203843085     
  6.417188949553019E-004  -58.6210174235517     
  6.475356447076538E-004  -58.6210144088913     
  6.534051193804459E-004  -58.6210113393426     
  6.593277968895853E-004  -58.6210082139114     
  6.653041594829656E-004  -58.6210050315906     
  6.713346937797323E-004  -58.6210017913308     
  6.774198908099062E-004  -58.6209984920771     
  6.835602460543644E-004  -58.6209951327688     
  6.897562594851849E-004  -58.6209917122994     
  6.960084356063555E-004  -58.6209882295642     
  7.023172834948537E-004  -58.6209846834239     
  7.086833168420963E-004  -58.6209810727297     
  7.151070539957674E-004  -58.6209773963021     
  7.215890180020238E-004  -58.6209736529486     
  7.281297366480838E-004  -58.6209698414458     
  7.347297425052010E-004  -58.6209659605614     
  7.413895729720292E-004  -58.6209620090248     
  7.481097703183792E-004  -58.6209579855527     
  7.548908817293726E-004  -58.6209538888420     
  7.617334593499954E-004  -58.6209497175479     
  7.686380603300567E-004  -58.6209454703167     
  7.756052468695532E-004  -58.6209411457714     
  7.826355862644458E-004  -58.6209367425077     
  7.897296509528520E-004  -58.6209322590800     
  7.968880185616551E-004  -58.6209276940375     
  8.041112719535370E-004  -58.6209230458916     
  8.113999992744381E-004  -58.6209183131377     
  8.187547940014449E-004  -58.6209134942263     
  8.261762549911146E-004  -58.6209085875920     
  8.336649865282361E-004  -58.6209035916425     
  8.412215983750329E-004  -58.6208985047481     
  8.488467058208123E-004  -58.6208933252524     
  8.565409297320651E-004  -58.6208880514741     
  8.643048966030194E-004  -58.6208826816927     
  8.721392386066505E-004  -58.6208772141685     
  8.800445936461572E-004  -58.6208716471133     
  8.880216054069008E-004  -58.6208659787219     
  8.960709234088174E-004  -58.6208602071479     
  9.041932030593036E-004  -58.6208543305187     
  9.123891057065830E-004  -58.6208483469118     
  9.206592986935559E-004  -58.6208422543892     
  9.290044554121363E-004  -58.6208360509670     
  9.374252553580825E-004  -58.6208297346242     
  9.459223841863248E-004  -58.6208233033117     
  9.544965337667935E-004  -58.6208167549256     
  9.631484022407543E-004  -58.6208100873468     
  9.718786940776531E-004  -58.6208032983994     
  9.806881201324773E-004  -58.6207963858780     
  9.895773977036362E-004  -58.6207893475370     
  9.985472505913658E-004  -58.6207821810832     
  1.007598409156665E-003  -58.6207748841831     
  1.016731610380762E-003  -58.6207674544614     
  1.025947597925126E-003  -58.6207598895080     
  1.035247122192013E-003  -58.6207521868603     
  1.044630940385574E-003  -58.6207443440065     
  1.054099816573504E-003  -58.6207363584021     
  1.063654521749257E-003  -58.6207282274486     
  1.073295833894825E-003  -58.6207199484982     
  1.083024538044081E-003  -58.6207115188602     
  1.092841426346704E-003  -58.6207029357896     
  1.102747298132675E-003  -58.6206941964964     
  1.112742959977363E-003  -58.6206852981402     
  1.122829225767200E-003  -58.6206762378250     
  1.133006916765950E-003  -58.6206670126008     
  1.143276861681583E-003  -58.6206576194731     
  1.153639896733744E-003  -58.6206480553809     
  1.164096865721850E-003  -58.6206383172151     
  1.174648620093790E-003  -58.6206284018075     
  1.185296019015255E-003  -58.6206183059385     
  1.196039929439696E-003  -58.6206080263168     
  1.206881226178910E-003  -58.6205975596071     
  1.217820791974278E-003  -58.6205869023953     
  1.228859517568634E-003  -58.6205760512270     
  1.239998301778799E-003  -58.6205650025604     
  1.251238051568761E-003  -58.6205537528135     
  1.262579682123528E-003  -58.6205422983204     
  1.274024116923641E-003  -58.6205306353646     
  1.285572287820373E-003  -58.6205187601405     
  1.297225135111600E-003  -58.6205066687973     
  1.308983607618368E-003  -58.6204943573992     
  1.320848662762142E-003  -58.6204818219415     
  1.332821266642773E-003  -58.6204690583476     
  1.344902394117154E-003  -58.6204560624686     
  1.357093028878599E-003  -58.6204428300767     
  1.369394163536941E-003  -58.6204293568701     
  1.381806799699354E-003  -58.6204156384718     
  1.394331948051904E-003  -58.6204016704114     
  1.406970628441846E-003  -58.6203874481578     
  1.419723869960667E-003  -58.6203729670779     
  1.432592711027871E-003  -58.6203582224688     
  1.445578199475539E-003  -58.6203432095367     
  1.458681392633644E-003  -58.6203279233933     
  1.471903357416141E-003  -58.6203123590755     
  1.485245170407844E-003  -58.6202965115189     
  1.498707917952083E-003  -58.6202803755755     
  1.512292696239160E-003  -58.6202639459944     
  1.526000611395601E-003  -58.6202472174414     
  1.539832779574228E-003  -58.6202301844706     
  1.553790327045034E-003  -58.6202128415439     
  1.567874390286892E-003  -58.6201951830283     
  1.582086116080092E-003  -58.6201772031789     
  1.596426661599714E-003  -58.6201588961561     
  1.610897194509852E-003  -58.6201402560053     
  1.625498893058689E-003  -58.6201212766661     
  1.640232946174431E-003  -58.6201019519694     
  1.655100553562124E-003  -58.6200822756369     
  1.670102925801328E-003  -58.6200622412707     
  1.685241284444692E-003  -58.6200418423554     
  1.700516862117420E-003  -58.6200210722633     
  1.715930902617631E-003  -58.6199999242451     
  1.731484661017638E-003  -58.6199783914232     
  1.747179403766138E-003  -58.6199564668034     
  1.763016408791335E-003  -58.6199341432561     
  1.778996965604991E-003  -58.6199114135274     
  1.795122375407422E-003  -58.6198882702313     
  1.811393951193451E-003  -58.6198647058412     
  1.827813017859316E-003  -58.6198407127044     
  1.844380912310545E-003  -58.6198162830199     
  1.861098983570816E-003  -58.6197914088547     
  1.877968592891797E-003  -58.6197660821158     
  1.894991113863988E-003  -58.6197402945815     
  1.912167932528561E-003  -58.6197140378690     
  1.929500447490218E-003  -58.6196873034424     
  1.946990070031071E-003  -58.6196600826188     
  1.964638224225554E-003  -58.6196323665546     
  1.982446347056379E-003  -58.6196041462396     
  2.000415888531535E-003  -58.6195754125061     
  2.018548311802362E-003  -58.6195461560202     
  2.036845093282677E-003  -58.6195163672723     
  2.055307722768998E-003  -58.6194860365876     
  2.073937703561844E-003  -58.6194551541097     
  2.092736552588141E-003  -58.6194237098062     
  2.111705800524735E-003  -58.6193916934614     
  2.130846991923031E-003  -58.6193590946760     
  2.150161685334749E-003  -58.6193259028562     
  2.169651453438832E-003  -58.6192921072216     
  2.189317883169500E-003  -58.6192576967942     
  2.209162575845461E-003  -58.6192226603953     
  2.229187147300302E-003  -58.6191869866459     
  2.249393228014052E-003  -58.6191506639547     
  2.269782463245943E-003  -58.6191136805271     
  2.290356513168375E-003  -58.6190760243500     
  2.311117053002094E-003  -58.6190376831908     
  2.332065773152593E-003  -58.6189986445983     
  2.353204379347753E-003  -58.6189588958936     
  2.374534592776731E-003  -58.6189184241703     
  2.396058150230103E-003  -58.6188772162782     
  2.417776804241284E-003  -58.6188352588401     
  2.439692323229224E-003  -58.6187925382282     
  2.461806491642399E-003  -58.6187490405706     
  2.484121110104111E-003  -58.6187047517429     
  2.506637995559099E-003  -58.6186596573634     
  2.529358981421483E-003  -58.6186137427895     
  2.552285917724048E-003  -58.6185669931124     
  2.575420671268879E-003  -58.6185193931522     
  2.598765125779368E-003  -58.6184709274563     
  2.622321182053589E-003  -58.6184215802881     
  2.646090758119071E-003  -58.6183713356283     
  2.670075789388972E-003  -58.6183201771628     
  2.694278228819669E-003  -58.6182680882844     
  2.718700047069769E-003  -58.6182150520832     
  2.743343232660578E-003  -58.6181610513434     
  2.768209792138005E-003  -58.6181060685346     
  2.793301750235948E-003  -58.6180500858126     
  2.818621150041154E-003  -58.6179930850018     
  2.844170053159579E-003  -58.6179350476024     
  2.869950539884245E-003  -58.6178759547786     
  2.895964709364632E-003  -58.6178157873503     
  2.922214679777596E-003  -58.6177545257900     
  2.948702588499840E-003  -58.6176921502204     
  2.975430592281948E-003  -58.6176286403943     
  3.002400867423997E-003  -58.6175639757003     
  3.029615609952758E-003  -58.6174981351627     
  3.057077035800506E-003  -58.6174310974083     
  3.084787380985451E-003  -58.6173628406905     
  3.112748901793804E-003  -58.6172933428603     
  3.140963874963487E-003  -58.6172225813699     
  3.169434597869523E-003  -58.6171505332577     
  3.198163388711091E-003  -58.6170771751544     
  3.227152586700285E-003  -58.6170024832565     
  3.256404552252581E-003  -58.6169264333367     
  3.285921667179035E-003  -58.6168490007228     
  3.315706334880215E-003  -58.6167701602996     
  3.345760980541893E-003  -58.6166898864909     
  3.376088051332525E-003  -58.6166081532596     
  3.406690016602496E-003  -58.6165249340991     
  3.437569368085193E-003  -58.6164402020162     
  3.468728620099885E-003  -58.6163539295317     
  3.500170309756455E-003  -58.6162660886659     
  3.531896997161979E-003  -58.6161766509360     
  3.563911265629179E-003  -58.6160855873347     
  3.596215721886769E-003  -58.6159928683383     
  3.628812996291703E-003  -58.6158984638795     
  3.661705743043349E-003  -58.6158023433502     
  3.694896640399607E-003  -58.6157044755859     
  3.728388390894981E-003  -58.6156048288566     
  3.762183721560631E-003  -58.6155033708580     
  3.796285384146419E-003  -58.6154000686995     
  3.830696155344964E-003  -58.6152948888953     
  3.865418837017740E-003  -58.6151877973494     
  3.900456256423203E-003  -58.6150787593511     
  3.935811266447007E-003  -58.6149677395599     
  3.971486745834292E-003  -58.6148547019915     
  4.007485599424086E-003  -58.6147396100145     
  4.043810758385826E-003  -58.6146224263289     
  4.080465180458027E-003  -58.6145031129601     
  4.117451850189114E-003  -58.6143816312482     
  4.154773779180431E-003  -58.6142579418269     
  4.192434006331462E-003  -58.6141320046216     
  4.230435598087271E-003  -58.6140037788300     
  4.268781648688179E-003  -58.6138732229080     
  4.307475280421713E-003  -58.6137402945626     
  4.346519643876836E-003  -58.6136049507329     
  4.385917918200478E-003  -58.6134671475750     
  4.425673311356394E-003  -58.6133268404577     
  4.465789060386374E-003  -58.6131839839317     
  4.506268431673809E-003  -58.6130385317331     
  4.547114721209659E-003  -58.6128904367560     
  4.588331254860820E-003  -58.6127396510403     
  4.629921388640938E-003  -58.6125861257600     
  4.671888508983656E-003  -58.6124298112019     
  4.714236033018364E-003  -58.6122706567559     
  4.756967408848427E-003  -58.6121086108930     
  4.800086115831946E-003  -58.6119436211504     
  4.843595664865059E-003  -58.6117756341182     
  4.887499598667817E-003  -58.6116045954163     
  4.931801492072641E-003  -58.6114304496835     
  4.976504952315400E-003  -58.6112531405538     
  5.021613619329132E-003  -58.6110726106404     
  5.067131166040411E-003  -58.6108888015204     
  5.113061298668426E-003  -58.6107016537105     
  5.159407757026740E-003  -58.6105111066522     
  5.206174314827813E-003  -58.6103170986927     
  5.253364779990265E-003  -58.6101195670594     
  5.300982994948937E-003  -58.6099184478481     
  5.349032836967751E-003  -58.6097136759934     
  5.397518218455421E-003  -58.6095051852590     
  5.446443087284010E-003  -58.6092929082038     
  5.495811427110383E-003  -58.6090767761707     
  5.545627257700573E-003  -58.6088567192589     
  5.595894635257084E-003  -58.6086326663044     
  5.646617652749169E-003  -58.6084045448546     
  5.697800440246086E-003  -58.6081722811467     
  5.749447165253396E-003  -58.6079358000852     
  5.801562033052290E-003  -58.6076950252161     
  5.854149287042002E-003  -58.6074498787020     
  5.907213209085320E-003  -58.6072002812983     
  5.960758119857240E-003  -58.6069461523282     
  6.014788379196764E-003  -58.6066874096577     
  6.069308386461907E-003  -58.6064239696635     
  6.124322580887891E-003  -58.6061557472175     
  6.179835441948628E-003  -58.6058826556468     
  6.235851489721434E-003  -58.6056046067163     
  6.292375285255095E-003  -58.6053215105935     
  6.349411430941226E-003  -58.6050332758245     
  6.406964570889021E-003  -58.6047398093012     
  6.465039391303405E-003  -58.6044410162364     
  6.523640620866590E-003  -58.6041368001267     
  6.582773031123111E-003  -58.6038270627280     
  6.642441436868342E-003  -58.6035117040200     
  6.702650696540533E-003  -58.6031906221785     
  6.763405712616410E-003  -58.6028637135380     
  6.824711432010346E-003  -58.6025308725616     
  6.886572846477165E-003  -58.6021919918070     
  6.948994993018587E-003  -58.6018469618918     
  7.011982954293360E-003  -58.6014956714596     
  7.075541859031115E-003  -58.6011380071436     
  7.139676882449961E-003  -58.6007738535296     
  7.204393246677876E-003  -58.6004030931229     
  7.269696221177915E-003  -58.6000256063057     
  7.335591123177265E-003  -58.5996412713040     
  7.402083318100196E-003  -58.5992499641445     
  7.469178220004940E-003  -58.5988515586192     
  7.536881292024522E-003  -58.5984459262425     
  7.605198046811589E-003  -58.5980329362117     
  7.674134046987273E-003  -58.5976124553640     
  7.743694905594121E-003  -58.5971843481362     
  7.813886286553131E-003  -58.5967484765207     
  7.884713905124935E-003  -58.5963047000206     
  7.956183528375151E-003  -58.5958528756073     
  8.028300975643967E-003  -58.5953928576726     
  8.101072119019970E-003  -58.5949244979856     
  8.174502883818281E-003  -58.5944476456422     
  8.248599249063005E-003  -58.5939621470202     
  8.323367247974084E-003  -58.5934678457286     
  8.398812968458534E-003  -58.5929645825597     
  8.474942553606144E-003  -58.5924521954370     
  8.551762202189684E-003  -58.5919305193653     
  8.629278169169627E-003  -58.5913993863766     
  8.707496766203440E-003  -58.5908586254812     
  8.786424362159526E-003  -58.5903080626064     
  8.866067383635792E-003  -58.5897475205498     
  8.946432315482920E-003  -58.5891768189166     
  9.027525701332409E-003  -58.5885957740654     
  9.109354144129365E-003  -58.5880041990506     
  9.191924306670146E-003  -58.5874019035637     
  9.275242912144875E-003  -58.5867886938691     
  9.359316744684871E-003  -58.5861643727488     
  9.444152649915025E-003  -58.5855287394360     
  9.529757535511224E-003  -58.5848815895545     
  9.616138371762770E-003  -58.5842227150518     
  9.703302192139961E-003  -58.5835519041354     
  9.791256093866753E-003  -58.5828689412044     
  9.880007238498670E-003  -58.5821736067845     
  9.969562852505914E-003  -58.5814656774544     
  1.005993022786177E-002  -58.5807449257806     
  1.015111672263635E-002  -58.5800111202418     
  1.024312976159573E-002  -58.5792640251579     
  1.033597683680647E-002  -58.5785034006170     
  1.042966550824569E-002  -58.5777290023967     
  1.052420340441661E-002  -58.5769405818911     
  1.061959822296969E-002  -58.5761378860296     
  1.071585773132940E-002  -58.5753206572004     
  1.081298976732670E-002  -58.5744886331671     
  1.091100223983721E-002  -58.5736415469885     
  1.100990312942517E-002  -58.5727791269345     
  1.110970048899328E-002  -58.5719010963990     
  1.121040244443836E-002  -58.5710071738156     
  1.131201719531303E-002  -58.5700970725704     
  1.141455301549333E-002  -58.5691705009084     
  1.151801825385241E-002  -58.5682271618460     
  1.162242133494035E-002  -58.5672667530765     
  1.172777075967009E-002  -58.5662889668755     
  1.183407510600962E-002  -58.5652934900065     
  1.194134302968045E-002  -58.5642800036209     
  1.204958326486237E-002  -58.5632481831599     
  1.215880462490462E-002  -58.5621976982536     
  1.226901600304354E-002  -58.5611282126170     
  1.238022637312665E-002  -58.5600393839459     
  1.249244479034337E-002  -58.5589308638105     
  1.260568039196230E-002  -58.5578022975468     
  1.271994239807524E-002  -58.5566533241461     
  1.283524011234792E-002  -58.5554835761435     
  1.295158292277752E-002  -58.5542926795030     
  1.306898030245710E-002  -58.5530802535014     
  1.318744181034694E-002  -58.5518459106116     
  1.330697709205286E-002  -58.5505892563810     
  1.342759588061158E-002  -58.5493098893095     
  1.354930799728327E-002  -58.5480074007253     
  1.367212335235120E-002  -58.5466813746591     
  1.379605194592869E-002  -58.5453313877147     
  1.392110386877336E-002  -58.5439570089377     
  1.404728930310874E-002  -58.5425577996841     
  1.417461852345336E-002  -58.5411333134835     
  1.430310189745737E-002  -58.5396830959011     
  1.443274988674665E-002  -58.5382066843990     
  1.456357304777472E-002  -58.5367036081922     
  1.469558203268220E-002  -58.5351733881053     
  1.482878759016423E-002  -58.5336155364238     
  1.496320056634561E-002  -58.5320295567440     
  1.509883190566396E-002  -58.5304149438225     
  1.523569265176088E-002  -58.5287711834179     
  1.537379394838112E-002  -58.5270977521361     
  1.551314704028000E-002  -58.5253941172683     
  1.565376327413896E-002  -58.5236597366278     
  1.579565409948947E-002  -58.5218940583851     
  1.593883106964529E-002  -58.5200965208971     
  1.608330584264320E-002  -58.5182665525385     
  1.622909018219223E-002  -58.5164035715237     
  1.637619595863152E-002  -58.5145069857326     
  1.652463514989683E-002  -58.5125761925282     
  1.667441984249586E-002  -58.5106105785735     
  1.682556223249235E-002  -58.5086095196441     
  1.697807462649915E-002  -58.5065723804393     
  1.713196944268027E-002  -58.5044985143904     
  1.728725921176203E-002  -58.5023872634607     
  1.744395657805333E-002  -58.5002379579499     
  1.760207430047522E-002  -58.4980499162880     
  1.776162525359980E-002  -58.4958224448314     
  1.792262242869847E-002  -58.4935548376516     
  1.808507893479977E-002  -58.4912463763227     
  1.824900799975677E-002  -58.4888963297037     
  1.841442297132410E-002  -58.4865039537196     
  1.858133731824483E-002  -58.4840684911345     
  1.874976463134708E-002  -58.4815891713273     
  1.891971862465070E-002  -58.4790652100564     
  1.909121313648391E-002  -58.4764958092271     
  1.926426213061003E-002  -58.4738801566498     
  1.943887969736451E-002  -58.4712174257984     
  1.961508005480219E-002  -58.4685067755618     
  1.979287754985504E-002  -58.4657473499928     
  1.997228665950027E-002  -58.4629382780517     
  2.015332199193915E-002  -58.4600786733476     
  2.033599828778649E-002  -58.4571676338736     
  2.052033042127081E-002  -58.4542042417376     
  2.070633340144551E-002  -58.4511875628902     
  2.089402237341098E-002  -58.4481166468481     
  2.108341261954770E-002  -58.4449905264097     
  2.127451956076069E-002  -58.4418082173702     
  2.146735875773506E-002  -58.4385687182318     
  2.166194591220306E-002  -58.4352710099045     
  2.185829686822258E-002  -58.4319140554078     
  2.205642761346724E-002  -58.4284967995643     
  2.225635428052811E-002  -58.4250181686890     
  2.245809314822739E-002  -58.4214770702741     
  2.266166064294382E-002  -58.4178723926680     
  2.286707333995021E-002  -58.4142030047493     
  2.307434796476304E-002  -58.4104677555965     
  2.328350139450437E-002  -58.4066654741511     
  2.349455065927598E-002  -58.4027949688758     
  2.370751294354607E-002  -58.3988550274074     
  2.392240558754848E-002  -58.3948444162041     
  2.413924608869459E-002  -58.3907618801871     
  2.435805210299802E-002  -58.3866061423769     
  2.457884144651230E-002  -58.3823759035232     
  2.480163209678146E-002  -58.3780698417292     
  2.502644219430387E-002  -58.3736866120707     
  2.525329004400931E-002  -58.3692248462075     
  2.548219411674944E-002  -58.3646831519906     
  2.571317305080172E-002  -58.3600601130630     
  2.594624565338708E-002  -58.3553542884524     
  2.618143090220122E-002  -58.3505642121593     
  2.641874794695990E-002  -58.3456883927394     
  2.665821611095814E-002  -58.3407253128770     
  2.689985489264363E-002  -58.3356734289539     
  2.714368396720436E-002  -58.3305311706115     
  2.738972318817065E-002  -58.3252969403050     
  2.763799258903172E-002  -58.3199691128515     
  2.788851238486685E-002  -58.3145460349721     
  2.814130297399145E-002  -58.3090260248252     
  2.839638493961789E-002  -58.3034073715340     
  2.865377905153151E-002  -58.2976883347072     
  2.891350626778178E-002  -58.2918671439504     
  2.917558773638878E-002  -58.2859419983733     
  2.944004479706513E-002  -58.2799110660866     
  2.970689898295362E-002  -58.2737724836934     
  2.997617202238044E-002  -58.2675243557718     
  3.024788584062446E-002  -58.2611647543504     
  3.052206256170242E-002  -58.2546917183767     
  3.079872451017040E-002  -58.2481032531763     
  3.107789421294153E-002  -58.2413973299051     
  3.135959440112024E-002  -58.2345718849934     
  3.164384801185314E-002  -58.2276248195820     
  3.193067819019661E-002  -58.2205539989501     
  3.222010829100141E-002  -58.2133572519347     
  3.251216188081426E-002  -58.2060323703421     
  3.280686273979679E-002  -58.1985771083505     
  3.310423486366179E-002  -58.1909891819051     
  3.340430246562700E-002  -58.1832662681043     
  3.370708997838670E-002  -58.1754060045752     
  3.401262205610110E-002  -58.1674059888445     
  3.432092357640377E-002  -58.1592637776973     
  3.463201964242725E-002  -58.1509768865279     
  3.494593558484712E-002  -58.1425427886828     
  3.526269696394447E-002  -58.1339589147926     
  3.558232957168710E-002  -58.1252226520973     
  3.590485943382966E-002  -58.1163313437606     
  3.623031281203275E-002  -58.1072822881756     
  3.655871620600123E-002  -58.0980727382618     
  3.689009635564194E-002  -58.0886999007518     
  3.722448024324098E-002  -58.0791609354693     
  3.756189509566071E-002  -58.0694529545978     
  3.790236838655667E-002  -58.0595730219388     
  3.824592783861459E-002  -58.0495181521617     
  3.859260142580766E-002  -58.0392853100437     
  3.894241737567434E-002  -58.0288714096993     
  3.929540417161668E-002  -58.0182733138011     
  3.965159055521964E-002  -58.0074878327909     
  4.001100552859127E-002  -57.9965117240798     
  4.037367835672421E-002  -57.9853416912403     
  4.073963856987855E-002  -57.9739743831867     
  4.110891596598631E-002  -57.9624063933480     
  4.148154061307771E-002  -57.9506342588279     
  4.185754285172942E-002  -57.9386544595577     
  4.223695329753500E-002  -57.9264634174374     
  4.261980284359776E-002  -57.9140574954688     
  4.300612266304620E-002  -57.9014329968762     
  4.339594421157222E-002  -57.8885861642194     
  4.378929922999243E-002  -57.8755131784958     
  4.418621974683254E-002  -57.8622101582328     
  4.458673808093528E-002  -57.8486731585703     
  4.499088684409196E-002  -57.8348981703332     
  4.539869894369781E-002  -57.8208811190949     
  4.581020758543142E-002  -57.8066178642301     
  4.622544627595852E-002  -57.7921041979581     
  4.664444882566025E-002  -57.7773358443773     
  4.706724935138598E-002  -57.7623084584890     
  4.749388227923149E-002  -57.7470176252124     
  4.792438234734182E-002  -57.7314588583898     
  4.835878460873998E-002  -57.7156275997828     
  4.879712443418103E-002  -57.6995192180595     
  4.923943751503207E-002  -57.6831290077714     
  4.968575986617846E-002  -57.6664521883231     
  5.013612782895620E-002  -57.6494839029319     
  5.059057807411109E-002  -57.6322192175788     
  5.104914760478451E-002  -57.6146531199513     
  5.151187375952643E-002  -57.5967805183782     
  5.197879421533564E-002  -57.5785962407548     
  5.244994699072752E-002  -57.5600950334626     
  5.292537044882974E-002  -57.5412715602777     
  5.340510330050587E-002  -57.5221204012753     
  5.388918460750740E-002  -57.5026360517245     
  5.437765378565432E-002  -57.4828129209763     
  5.487055060804445E-002  -57.4626453313466     
  5.536791520829201E-002  -57.4421275169899     
  5.586978808379540E-002  -57.4212536227691     
  5.637621009903465E-002  -57.4000177031185     
  5.688722248889880E-002  -57.3784137209010     
  5.740286686204343E-002  -57.3564355462612     
  5.792318520427853E-002  -57.3340769554721     
  5.844821988198718E-002  -57.3113316297792     
  5.897801364557527E-002  -57.2881931542389     
  5.951260963295226E-002  -57.2646550165550     
  6.005205137304378E-002  -57.2407106059112     
  6.059638278933580E-002  -57.2163532118008     
  6.114564820345118E-002  -57.1915760228553     
  6.169989233875842E-002  -57.1663721256708     
  6.225916032401325E-002  -57.1407345036337     
  6.282349769703319E-002  -57.1146560357463     
  6.339295040840544E-002  -57.0881294954520     
  6.396756482522829E-002  -57.0611475494621     
  6.454738773488659E-002  -57.0337027565841     
  6.513246634886136E-002  -57.0057875665524     
  6.572284830657384E-002  -56.9773943188615     
  6.631858167926462E-002  -56.9485152416041     
  6.691971497390768E-002  -56.9191424503130     
  6.752629713716010E-002  -56.8892679468089     
  6.813837755934740E-002  -56.8588836180545     
  6.875600607848523E-002  -56.8279812350167     
  6.937923298433718E-002  -56.7965524515351     
  7.000810902250980E-002  -56.7645888032028     
  7.064268539858436E-002  -56.7320817062544     
  7.128301378228624E-002  -56.6990224564680     
  7.192914631169212E-002  -56.6654022280783     
  7.258113559747520E-002  -56.6312120727035     
  7.323903472718903E-002  -56.5964429182886     
  7.390289726959016E-002  -56.5610855680620     
  7.457277727899976E-002  -56.5251306995135     
  7.524872929970507E-002  -56.4885688633877     
  7.593080837040055E-002  -56.4513904826997     
  7.661907002866944E-002  -56.4135858517721     
  7.731357031550568E-002  -56.3751451352955     
  7.801436577987715E-002  -56.3360583674130     
  7.872151348333006E-002  -56.2963154508325     
  7.943507100463512E-002  -56.2559061559665     
  8.015509644447580E-002  -56.2148201201022     
  8.088164843017917E-002  -56.1730468466029     
  8.161478612048954E-002  -56.1305757041437     
  8.235456921038542E-002  -56.0873959259826     
  8.310105793594012E-002  -56.0434966092693     
  8.385431307922639E-002  -55.9988667143933     
  8.461439597326552E-002  -55.9534950643748     
  8.538136850702141E-002  -55.9073703442991     
  8.615529313043969E-002  -55.8604811007973     
  8.693623285953274E-002  -55.8128157415764     
  8.772425128151067E-002  -55.7643625349999     
  8.851941255995879E-002  -55.7151096097230     
  8.932178144006220E-002  -55.6650449543835     
  9.013142325387741E-002  -55.6141564173525     
  9.094840392565212E-002  -55.5624317065459     
  9.177278997719293E-002  -55.5098583893019     
  9.260464853328181E-002  -55.4564238923253     
  9.344404732714173E-002  -55.4021155017028     
  9.429105470595167E-002  -55.3469203629923     
  9.514573963641185E-002  -55.2908254813891     
  9.600817171035908E-002  -55.2338177219723     
  9.687842115043344E-002  -55.1758838100357     
  9.775655881579588E-002  -55.1170103315051     
  9.864265620789800E-002  -55.0571837334474     
  9.953678547630390E-002  -54.9963903246734     
  0.100439019424565       -54.9346162764402     
  0.101349431516147       -54.8718476232548     
  0.102268095880415       -54.8080702637847     
  0.103195087318663       -54.7432699618791     
  0.104130481310213       -54.6774323477044     
  0.105074354018551       -54.6105429189989     
  0.106026782297539       -54.5425870424512     
  0.106987843697663       -54.4735499552066     
  0.107957616472355       -54.4034167665057     
  0.108936179584360       -54.3321724594615     
  0.109923612712168       -54.2598018929781     
  0.110919996256501       -54.1862898038171     
  0.111925411346859       -54.1116208088163     
  0.112939939848126       -54.0357794072665     
  0.113963664367237       -53.9587499834512     
  0.114996668259901       -53.8805168093546     
  0.116039035637394       -53.8010640475442     
  0.117090851373401       -53.7203757542330     
  0.118152201110931       -53.6384358825266     
  0.119223171269290       -53.5552282858633     
  0.120303849051114       -53.4707367216501     
  0.121394322449476       -53.3849448551033     
  0.122494680255045       -53.2978362632986     
  0.123605012063317       -53.2093944394373     
  0.124725408281911       -53.1196027973356     
  0.125855960137933       -53.0284446761422     
  0.126996759685397       -52.9359033452924     
  0.128147899812728       -52.8419620097043     
  0.129309474250321       -52.7466038152244     
  0.130481577578172       -52.6498118543294     
  0.131664305233585       -52.5515691720911     
  0.132857753518934       -52.4518587724114     
  0.134062019609515       -52.3506636245353     
  0.135277201561447       -52.2479666698469     
  0.136503398319665       -52.1437508289591     
  0.137740709725972       -52.0379990091008     
  0.138989236527171       -51.9306941118112     
  0.140249080383265       -51.8218190409474     
  0.141520343875738       -51.7113567110138     
  0.142803130515906       -51.5992900558194     
  0.144097544753344       -51.4856020374713     
  0.145403691984395       -51.3702756557115     
  0.146721678560745       -51.2532939576046     
  0.148051611798089       -51.1346400475835     
  0.149393599984866       -51.0142970978604     
  0.150747752391078       -50.8922483592111     
  0.152114179277182       -50.7684771721381     
  0.153492991903077       -50.6429669784220     
  0.154884302537155       -50.5157013330660     
  0.156288224465446       -50.3866639166415     
  0.157704872000841       -50.2558385480413     
  0.159134360492401       -50.1232091976476     
  0.160576806334750       -49.9887600009194     
  0.162032326977548       -49.8524752724080     
  0.163501040935060       -49.7143395202041     
  0.164983067795800       -49.5743374608246     
  0.166478528232274       -49.4324540345419     
  0.167987544010802       -49.2886744211638     
  0.169510238001433       -49.1429840562661     
  0.171046734187952       -48.9953686478839     
  0.172597157677972       -48.8458141936657     
  0.174161634713123       -48.6943069984930     
  0.175740292679330       -48.5408336925691     
  0.177333260117186       -48.3853812499804     
  0.178940666732418       -48.2279370077310     
  0.180562643406447       -48.0684886852539     
  0.182199322207048       -47.9070244043976     
  0.183850836399100       -47.7435327098912     
  0.185517320455439       -47.5780025902852     
  0.187198910067805       -47.4104234993682     
  0.188895742157895       -47.2407853780576     
  0.190607954888508       -47.0690786767617     
  0.192335687674795       -46.8952943782087     
  0.194079081195612       -46.7194240207399     
  0.195838277404974       -46.5414597220600     
  0.197613419543613       -46.3613942034396     
  0.199404652150644       -46.1792208143607     
  0.201212121075329       -45.9949335575988     
  0.203035973488958       -45.8085271147293     
  0.204876357896826       -45.6199968720493     
  0.206733424150333       -45.4293389469014     
  0.208607323459178       -45.2365502143859     
  0.210498208403674       -45.0416283344465     
  0.212406232947174       -44.8445717793126     
  0.214331552448604       -44.6453798612812     
  0.216274323675114       -44.4440527608160     
  0.218234704814841       -44.2405915549462     
  0.220212855489795       -44.0349982459380     
  0.222208936768848       -43.8272757902166     
  0.224223111180855       -43.6174281275107     
  0.226255542727886       -43.4054602101905     
  0.228306396898578       -43.1913780327698     
  0.230375840681611       -42.9751886615382     
  0.232464042579306       -42.7569002642888     
  0.234571172621344       -42.5365221401050     
  0.236697402378611       -42.3140647491662     
  0.238842904977165       -42.0895397425316     
  0.241007855112339       -41.8629599918579     
  0.243192429062958       -41.6343396190039     
  0.245396804705699       -41.4036940254750     
  0.247621161529568       -41.1710399216536     
  0.249865680650521       -40.9363953557648     
  0.252130544826208       -40.6997797425179     
  0.254415938470851       -40.4612138913670     
  0.256722047670265       -40.2207200343274     
  0.259049060197009       -39.9783218532842     
  0.261397165525672       -39.7340445067263     
  0.263766554848302       -39.4879146558346     
  0.266157421089975       -39.2399604898538     
  0.268569958924504       -38.9902117506705     
  0.271004364790287       -38.7386997565212     
  0.273460836906306       -38.4854574247491     
  0.275939575288263       -38.2305192935254     
  0.278440781764868       -37.9739215424504     
  0.280964659994273       -37.7157020119453     
  0.283511415480653       -37.4559002213434     
  0.286081255590942       -37.1945573855873     
  0.288674389571712       -36.9317164304361     
  0.291291028566219       -36.6674220060851     
  0.293931385631586       -36.4017204990962     
  0.296595675756158       -36.1346600425381     
  0.299284115877005       -35.8662905242311     
  0.301996924897584       -35.5966635929914     
  0.304734323705564       -35.3258326627664     
  0.307496535190814       -35.0538529145531     
  0.310283784263548       -34.7807812959889     
  0.313096297872641       -34.5066765185050     
  0.315934305024105       -34.2315990519298     
  0.318798036799739       -33.9556111164319     
  0.321687726375943       -33.6787766716892     
  0.324603609042702       -33.4011614031747     
  0.327545922222748       -33.1228327054468     
  0.330514905490890       -32.8438596623342     
  0.333510800593522       -32.5643130239083     
  0.336533851468304       -32.2842651801354     
  0.339584304264030       -32.0037901311046     
  0.342662407360664       -31.7229634537308     
  0.345768411389568       -31.4418622648329     
  0.348902569253911       -31.1605651804953     
  0.352065136149255       -30.8791522716191     
  0.355256369584341       -30.5977050155807     
  0.358476529402053       -30.3163062439169     
  0.361725877800573       -30.0350400859617     
  0.365004679354737       -29.7539919083695     
  0.368313201037571       -29.4732482504633     
  0.371651712242033       -29.1928967553576     
  0.375020484802946       -28.9130260968117     
  0.378419793019134       -28.6337259017808     
  0.381849913675753       -28.3550866686402     
  0.385311126066833       -28.0771996810709     
  0.388803712018013       -27.8001569176050     
  0.392327955909494       -27.5240509568418     
  0.395884144699192       -27.2489748783588     
  0.399472567946101       -26.9750221593557     
  0.403093517833877       -26.7022865670831     
  0.406747289194619       -26.4308620471238     
  0.410434179532884       -26.1608426076101     
  0.414154489049905       -25.8923221994767     
  0.417908520668040       -25.6253945928654     
  0.421696580055431       -25.3601532498186     
  0.425518975650898       -25.0966911934127     
  0.429376018689050       -24.8351008735042     
  0.433268023225631       -24.5754740292808     
  0.437195306163084       -24.3179015488277     
  0.441158187276365       -24.0624733259412     
  0.445156989238969       -23.8092781144427     
  0.449192037649214       -23.5584033802636     
  0.453263661056745       -23.3099351515973     
  0.457372190989287       -23.0639578674318     
  0.461517961979644       -22.8205542247978     
  0.465701311592932       -22.5798050250898     
  0.469922580454069       -22.3417890198366     
  0.474182112275508       -22.1065827563166     
  0.478480253885224       -21.8742604234361     
  0.482817355254954       -21.6448936983044     
  0.487193769528693       -21.4185515939591     
  0.491609853051449       -21.1953003087123     
  0.496065965398258       -20.9752030776038     
  0.500562469403460       -20.7583200264620     
  0.505099731190246       -20.5447080290883     
  0.509678120200466       -20.3344205680896     
  0.514298009224712       -20.1275075998961     
  0.518959774432671       -19.9240154245095     
  0.523663795403757       -19.7239865605305     
  0.528410455158014       -19.5274596260213     
  0.533200140187305       -19.3344692257584     
  0.538033240486782       -19.1450458454297     
  0.542910149586640       -18.9592157533274     
  0.547831264584162       -18.7770009100802     
  0.552796986176047       -18.5984188869589     
  0.557807718691044       -18.4234827932763     
  0.562863870122867       -18.2522012133877     
  0.567965852163419       -18.0845781537764     
  0.573114080236314       -17.9206130006874     
  0.578308973530700       -17.7603004887461     
  0.583550955035393       -17.6036306809681     
  0.588840451573317       -17.4505889605334     
  0.594177893836261       -17.3011560346616     
  0.599563716419942       -17.1553079508826     
  0.604998357859396       -17.0130161259566     
  0.610482260664684       -16.8742473876467     
  0.616015871356923       -16.7389640294988     
  0.621599640504643       -16.6071238787304     
  0.627234022760473       -16.4786803772719     
  0.632919476898165       -16.3535826759471     
  0.638656465849944       -16.2317757417165     
  0.644445456744203       -16.1132004778454     
  0.650286920943543       -15.9977938567925     
  0.656181334083146       -15.8854890655485     
  0.662129176109508       -15.7762156630878     
  0.668130931319519       -15.6698997495272     
  0.674187088399890       -15.5664641465182     
  0.680298140466951       -15.4658285883335     
  0.686464585106799       -15.3679099230380     
  0.692686924415814       -15.2726223230750     
  0.698965665041542       -15.1798775045299     
  0.705301318223947       -15.0895849542785     
  0.711694399837039       -15.0016521641654     
  0.718145430430880       -14.9159848713090     
  0.724654935273966       -14.8324873035769     
  0.731223444396000       -14.7510624292352     
  0.737851492631046       -14.6716122097335     
  0.744539619661080       -14.5940378545572     
  0.751288370059931       -14.5182400770527     
  0.758098293337623       -14.4441193501094     
  0.764969943985119       -14.3715761605756     
  0.771903881519469       -14.3005112612765     
  0.778900670529368       -14.2308259195099     
  0.785960880721128       -14.1624221609062     
  0.793085086965065       -14.0952030075598     
  0.800273869342307       -14.0290727093683     
  0.807527813192028       -13.9639369675542     
  0.814847509159106       -13.8997031493870     
  0.822233553242218       -13.8362804931809     
  0.829686546842367       -13.7735803027015     
  0.837207096811854       -13.7115161301866     
  0.844795815503683       -13.6500039472595     
  0.852453320821430       -13.5889623030983     
  0.860180236269549       -13.5283124693092     
  0.867977191004141       -13.4679785710467     
  0.875844819884185       -13.4078877040206     
  0.883783763523229       -13.3479700371256     
  0.891794668341552       -13.2881589005373     
  0.899878186618797       -13.2283908592145     
  0.908034976547082       -13.1686057718566     
  0.916265702284595       -13.1087468354616     
  0.924571034009670       -13.0487606157341     
  0.932951647975357       -12.9885970636848     
  0.941408226564484       -12.9282095188585     
  0.949941458345219       -12.8675546997114     
  0.958552038127139       -12.8065926817381     
  0.967240667017801       -12.7452868640249     
  0.976008052479830       -12.6836039249640     
  0.984854908388524       -12.6215137679242     
  0.993781955089978       -12.5589894577166     
   1.00278991945974       -12.4960071487280     
   1.01187953496200       -12.4325460056242     
   1.02105154170930       -12.3685881175336     
   1.03030668652281       -12.3041184066323     
   1.03964572299312       -12.2391245320382     
   1.04906941154164       -12.1735967899099     
   1.05857851948244       -12.1075280106148     
   1.06817382108483       -12.0409134537990     
   1.07785609763630       -11.9737507021414     
   1.08762613750622       -11.9060395545270     
   1.09748473620999       -11.8377819193099     
   1.10743269647382       -11.7689817082777     
   1.11747082830007       -11.6996447318521     
   1.12759994903327       -11.6297785959952     
   1.13782088342659       -11.5593926012107     
   1.14813446370905       -11.4884976439575     
   1.15854152965326       -11.4171061207174     
   1.16904292864381       -11.3452318348851     
   1.17963951574625       -11.2728899065812     
   1.19033215377674       -11.2000966854217     
   1.20112171337227       -11.1268696662187     
   1.21200907306157       -11.0532274075322     
   1.22299511933666       -10.9791894529467     
   1.23408074672500       -10.9047762549069     
   1.24526685786233       -10.8300091009143     
   1.25655436356619       -10.7549100418646     
   1.26794418291006       -10.6795018222903     
   1.27943724329821       -10.6038078122661     
   1.29103448054120       -10.5278519407368     
   1.30273683893208       -10.4516586300356     
   1.31454527132328       -10.3752527313773     
   1.32646073920421       -10.2986594611333     
   1.33848421277952       -10.2219043377233     
   1.35061667104811       -10.1450131189903     
   1.36285910188286       -10.0680117399639     
   1.37521250211104       -9.99092625095335     
   1.38767787759549       -9.91378275595391     
   1.40025624331653       -9.83660735139111     
   1.41294862345457       -9.75942606526714     
   1.42575605147356       -9.68226479681379     
   1.43867957020508       -9.60514925679233     
   1.45172023193328       -9.52810490861487     
   1.46487909848055       -9.45115691049081     
   1.47815724129401       -9.37433005882760     
   1.49155574153271       -9.29764873313447     
   1.50507569015567       -9.22113684269291     
   1.51871818801074       -9.14481777526634     
   1.53248434592419       -9.06871434812469     
   1.54637528479122       -8.99284876165723     
   1.56039213566714       -8.91724255583880     
   1.57453603985956       -8.84191656980132     
   1.58880814902125       -8.76689090474418     
   1.60320962524395       -8.69218489039419     
   1.61774164115297       -8.61781705519919     
   1.63240538000267       -8.54380510040918     
   1.64720203577284       -8.47016587816602     
   1.66213281326588       -8.39691537368767     
   1.67719892820490       -8.32406869159673     
   1.69240160733275       -8.25164004640572     
   1.70774208851185       -8.17964275713451     
   1.72322162082501       -8.10808924599842     
   1.73884146467717       -8.03699104107028     
   1.75460289189796       -7.96635878278548     
   1.77050718584528       -7.89620223412782     
   1.78655564150985       -7.82653029430464     
   1.80274956562056       -7.75735101569371     
   1.81909027675095       -7.68867162382169     
   1.83557910542652       -7.62049854011457     
   1.85221739423311       -7.55283740714523     
   1.86900649792618       -7.48569311609098     
   1.88594778354114       -7.41906983610663     
   1.90304263050467       -7.35297104531380     
   1.92029243074699       -7.28739956310709     
   1.93769858881526       -7.22235758348057     
   1.95526252198792       -7.15784670908421     
   1.97298566039005       -7.09386798572967     
   1.99086944710988       -7.03042193707644     
