                                                  

     Z,PBE  ,SCF
   1.887,   -16810.61464,   -16806.66128
                                                  

     Z,PBE  ,SCF
   1.887,   -16810.61464,   -16806.66128
                                                  

     Z,PBE  ,SCF
   1.887,   -17832.83278,   -17827.39401
                                                  

     Z,PBE  ,SCF
   0.000,        0.00000,        0.00000
   0.000,        0.00000,        0.00000
   1.787,   -17832.82333,   -17827.38416
                                                  

     Z,PBE  ,SCF
   2.087,   -17832.84529,   -17827.40728
   1.987,   -17832.83988,   -17827.40147
   1.887,   -17832.83278,   -17827.39401
                                                  

     Z,PBE  ,SCF
   2.287,   -17832.85280,   -17827.41565
   2.187,   -17832.84949,   -17827.41190
   2.087,   -17832.84529,   -17827.40728
                                                  

     Z,PBE  ,SCF
   2.587,   -17832.85928,   -17827.42342
   2.487,   -17832.85756,   -17827.42129
   2.387,   -17832.85545,   -17827.41873
                                                  

     Z,PBE  ,SCF
   2.887,   -17832.86499,   -17827.43517
   2.787,   -17832.86620,   -17827.43483
   2.687,   -17832.86792,   -17827.43452
                                                  

     Z,PBE  ,SCF
   2.987,   -17832.86340,   -17827.42886
   2.887,   -17832.86266,   -17827.42784
   2.787,   -17832.86176,   -17827.42662
   2.687,   -17832.86063,   -17827.42514
   2.587,   -17832.85926,   -17827.42337
   2.487,   -17832.85754,   -17827.42124
   2.387,   -17832.85542,   -17827.41868
   2.287,   -17832.85277,   -17827.41560
                                                  

     Z,PBE  ,SCF
   3.487,   -17832.77280,   -17827.43665
   3.387,   -17832.86247,   -17827.43649
   3.287,   -17832.86267,   -17827.43629
   3.187,   -17832.86300,   -17827.43606
   3.087,   -17832.86342,   -17827.43579
   2.987,   -17832.86407,   -17827.43549
   2.887,   -17832.86497,   -17827.43515
   2.787,   -17832.86618,   -17827.43481
                                                  

     Z,PBE  ,SCF
   2.687,   -17832.86063,   -17827.42514
   2.587,   -17832.85926,   -17827.42337
   2.487,   -17832.85754,   -17827.42124
   2.387,   -17832.85542,   -17827.41868
   2.287,   -17832.85277,   -17827.41560
   2.187,   -17832.84946,   -17827.41185
   2.087,   -17832.84526,   -17827.40723
   1.987,   -17832.83985,   -17827.40143
   1.887,   -17832.83275,   -17827.39398
   1.787,   -17832.82330,   -17827.38413
                                                  
