   -4937.888784 0 0.0 2000 0.21739130D-05 0.11795356D+03  46.0 47.00000000 24
   1
  1 0 0.0 1 -873.300017-1057.826279  2.00000000
  2 0 0.0 1 -127.958925 -262.109714  2.00000000
  2 1 1.0 1 -118.521956 -261.489745  2.00000000
  2 1 1.0 1 -118.521956 -261.489745  2.00000000
  2 1 1.0 1 -118.521956 -261.489745  2.00000000
  3 0 0.0 1  -24.204480 -109.329319  2.00000000
  3 1 1.0 1  -20.368583 -107.363035  2.00000000
  3 1 1.0 1  -20.368583 -107.363035  2.00000000
  3 1 1.0 1  -20.368583 -107.363035  2.00000000
  3 2 2.0 1  -13.356096 -104.143840  2.00000000
  3 2 2.0 1  -13.356096 -104.143840  2.00000000
  3 2 2.0 1  -13.356096 -104.143840  2.00000000
  3 2 2.0 1  -13.356096 -104.143840  2.00000000
  3 2 2.0 1  -13.356096 -104.143840  2.00000000
  4 0 0.0 1   -3.575670  -49.505924  2.00000000
  4 1 1.0 1   -2.306060  -46.065769  2.00000000
  4 1 1.0 1   -2.306060  -46.065769  2.00000000
  4 1 1.0 1   -2.306060  -46.065769  2.00000000
  4 2 2.0 1   -0.311620  -35.803656  2.00000000
  4 2 2.0 1   -0.311620  -35.803656  2.00000000
  4 2 2.0 1   -0.311620  -35.803656  2.00000000
  4 2 2.0 1   -0.311620  -35.803656  2.00000000
  4 2 2.0 1   -0.311620  -35.803656  1.00000000
  5 0 0.0 1   -0.019449  -11.692828  2.00000000
    0    0    0    0
