ECP, ir, 60, 4 ;
5; !  ul potential
1,823.5880147,-0.1578014;
2,364.6613336,-1517.5270446;
2,55.7082801,-316.5306529;
2,12.0464544,-91.8880941;
2,3.5120610,-9.2241773;
6; !  s-ul potential
0,188.0490770,3.1578014;
1,340.4194712,26.8322577;
2,128.2373673,800.4250007;
2,33.8644961,369.4050683;
2,4.7560005,242.4171899;
2,3.9649974,-118.2173282;
5; !  p-ul potential
0,289.7291139,2.1578014;
1,87.4633789,61.9678610;
2,30.4363766,269.0581986;
2,4.0553412,231.1654793;
2,3.5525341,-133.6952667;
5; !  d-ul potential
0,136.4017106,3.1578014;
1,95.0776925,45.9349803;
2,49.2258410,359.0344668;
2,15.0874145,176.4740119;
2,4.0405764,54.5155286;
5; !  f-ul potential
0,127.3507908,3.9546197;
1,66.2364374,52.9773655;
2,34.4299229,274.8643383;
2,10.1995721,137.2047338;
2,2.5409702,14.8633305;
