  1.215775037524561E-006   523892372247.624     
  1.226830421750313E-006   514492971500.835     
  1.237986335693001E-006   505262209846.878     
  1.249243693497602E-006   496197061652.061     
  1.260603417621676E-006   487294555566.999     
  1.272066438910944E-006   478551773552.721     
  1.283633696675570E-006   469965849924.143     
  1.295306138767131E-006   461533970410.807     
  1.307084721656284E-006   453253371234.417     
  1.318970410511143E-006   445121338202.917     
  1.330964179276365E-006   437135205820.854     
  1.343067010752962E-006   429292356415.702     
  1.355279896678832E-006   421590219279.829     
  1.367603837810021E-006   414026269827.878     
  1.380039844002736E-006   406598028769.278     
  1.392588934296086E-006   399303061295.579     
  1.405252136995594E-006   392138976282.391     
  1.418030489757448E-006   385103425505.598     
  1.430925039673541E-006   378194102871.704     
  1.443936843357265E-006   371408743661.909     
  1.457066967030092E-006   364745123789.813     
  1.470316486608951E-006   358201059072.401     
  1.483686487794382E-006   351774404514.116     
  1.497178066159505E-006   345463053603.786     
  1.510792327239798E-006   339264937624.141     
  1.524530386623681E-006   333178024973.755     
  1.538393370043933E-006   327200320501.124     
  1.552382413469940E-006   321329864850.692     
  1.566498663200774E-006   315564733820.635     
  1.580743275959129E-006   309903037732.141     
  1.595117418986103E-006   304342920810.022     
  1.609622270136845E-006   298882560574.422     
  1.624259017977073E-006   293520167243.471     
  1.639028861880466E-006   288253983146.606     
  1.653933012126946E-006   283082282148.475     
  1.668972690001851E-006   278003369083.131     
  1.684149127896008E-006   273015579198.403     
  1.699463569406722E-006   268117277610.219     
  1.714917269439678E-006   263306858766.751     
  1.730511494311769E-006   258582745922.114     
  1.746247521854867E-006   253943390619.585     
  1.762126641520526E-006   249387272184.024     
  1.778150154485646E-006   244912897223.448     
  1.794319373759094E-006   240518799139.524     
  1.810635624289298E-006   236203537646.854     
  1.827100243072811E-006   231965698300.876     
  1.843714579263874E-006   227803892034.255     
  1.860479994284967E-006   223716754701.567     
  1.877397861938365E-006   219702946632.163     
  1.894469568518716E-006   215761152191.056     
  1.911696512926634E-006   211890079347.701     
  1.929080106783329E-006   208088459252.468     
  1.946621774546280E-006   204355045820.771     
  1.964322953625958E-006   200688615324.608     
  1.982185094503613E-006   197087965991.465     
  2.000209660850127E-006   193551917610.396     
  2.018398129645952E-006   190079311145.173     
  2.036751991302144E-006   186669008354.391     
  2.055272749782477E-006   183319891418.371     
  2.073961922726699E-006   180030862572.760     
  2.092821041574877E-006   176800843748.720     
  2.111851651692896E-006   173628776219.556     
  2.131055312499086E-006   170513620253.686     
  2.150433597592007E-006   167454354773.844     
  2.169988094879394E-006   164449977022.396     
  2.189720406708272E-006   161499502232.658     
  2.209632149996258E-006   158601963306.105     
  2.229724956364056E-006   155756410495.389     
  2.250000472269157E-006   152961911093.029     
  2.270460359140750E-006   150217549125.684     
  2.291106293515870E-006   147522425053.929     
  2.311939967176771E-006   144875655477.401     
  2.332963087289563E-006   142276372845.237     
  2.354177376544093E-006   139723725171.717     
  2.375584573295115E-006   137216875757.001     
  2.397186431704728E-006   134755002912.870     
  2.418984721886122E-006   132337299693.409     
  2.440981230048625E-006   129962973630.499     
  2.463177758644066E-006   127631246474.064     
  2.485576126514476E-006   125341353936.983     
  2.508178169041131E-006   123092545444.571     
  2.530985738294940E-006   120884083888.558     
  2.554000703188216E-006   118715245385.481     
  2.577224949627819E-006   116585319039.415     
  2.600660380669686E-006   114493606708.951     
  2.624308916674781E-006   112439422778.371     
  2.648172495466446E-006   110422093932.907     
  2.672253072489201E-006   108440958938.051     
  2.696552620968965E-006   106495368422.820     
  2.721073132074761E-006   104584684666.896     
  2.745816615081871E-006   102708281391.609     
  2.770785097536482E-006   100865543554.647     
  2.795980625421825E-006   99055867148.4640     
  2.821405263325837E-006   97278659002.2994     
  2.847061094610328E-006   95533336587.7491     
  2.872950221581709E-006   93819327827.8253     
  2.899074765663249E-006   92136070909.4479     
  2.925436867568917E-006   90483014099.2858     
  2.952038687478797E-006   88859615562.9196     
  2.978882405216097E-006   87265343187.2374     
  3.005970220425769E-006   85699674406.0192     
  3.033304352754756E-006   84162096028.6525     
  3.060887042033876E-006   82652104071.9225     
  3.088720548461358E-006   81169203594.8102     
  3.116807152788046E-006   79712908536.2740     
  3.145149156504296E-006   78282741555.9181     
  3.173748882028561E-006   76878233877.5402     
  3.202608672897700E-006   75498925135.4718     
  3.231730893959008E-006   74144363223.6808     
  3.261117931564005E-006   72814104147.5861     
  3.290772193763975E-006   71507711878.5216     
  3.320696110507288E-006   70224758210.8190     
  3.350892133838518E-006   68964822621.4489     
  3.381362738099372E-006   67727492132.1852     
  3.412110420131440E-006   66512361174.2389     
  3.443137699480794E-006   65319031455.3229     
  3.474447118604449E-006   64147111829.0997     
  3.506041243078693E-006   62996218166.9747     
  3.537922661809324E-006   61865973232.1842     
  3.570093987243787E-006   60756006556.1481     
  3.602557855585245E-006   59665954317.0392     
  3.635316927008598E-006   58595459220.5279     
  3.668373885878466E-006   57544170382.6735     
  3.701731440969149E-006   56511743214.9088     
  3.735392325686595E-006   55497839311.0919     
  3.769359298292378E-006   54502126336.5868     
  3.803635142129723E-006   53524277919.3307     
  3.838222665851578E-006   52563973542.8549     
  3.873124703650757E-006   51620898441.2294     
  3.908344115492190E-006   50694743495.8878     
  3.943883787347273E-006   49785205134.3068     
  3.979746631430350E-006   48891985230.4999     
  4.015935586437346E-006   48014791007.3019     
  4.052453617786579E-006   47153334940.3998     
  4.089303717861747E-006   46307334664.0900     
  4.126488906257133E-006   45476512878.7264     
  4.164012230025044E-006   44660597259.8265     
  4.201876763925485E-006   43859320368.8099     
  4.240085610678122E-006   43072419565.3390     
  4.278641901216521E-006   42299636921.2291     
  4.317548794944710E-006   41540719135.9090     
  4.356809479996062E-006   40795417453.3920     
  4.396427173494547E-006   40063487580.7391     
  4.436405121818345E-006   39344689607.9879     
  4.476746600865867E-006   38638787929.5135     
  4.517454916324189E-006   37945551166.8026     
  4.558533403939929E-006   37264752092.6141     
  4.599985429792585E-006   36596167556.4972     
  4.641814390570366E-006   35939578411.6493     
  4.684023713848518E-006   35294769443.0843     
  4.726616858370195E-006   34661529297.0902     
  4.769597314329873E-006   34039650411.9510     
  4.812968603659350E-006   33428928949.9144     
  4.856734280316338E-006   32829164730.3773     
  4.900897930575686E-006   32240161164.2716     
  4.945463173323248E-006   31661725189.6258     
  4.990433660352426E-006   31093667208.2855     
  5.035813076663405E-006   30535801023.7665     
  5.081605140765114E-006   29987943780.2230     
  5.127813604979927E-006   29449915902.5126     
  5.174442255751142E-006   28921541037.3356     
  5.221494913953250E-006   28402645995.4303     
  5.268975435205028E-006   27893060694.8058     
  5.316887710185476E-006   27392618104.9908     
  5.365235664952637E-006   26901154192.2898     
  5.414023261265301E-006   26418507866.0102     
  5.463254496907642E-006   25944520925.6654     
  5.512933406016814E-006   25479038009.1184     
  5.563064059413512E-006   25021906541.6576     
  5.613650564935550E-006   24572976685.9861     
  5.664697067774460E-006   24132101293.1089     
  5.716207750815174E-006   23699135854.1014     
  5.768186834978766E-006   23273938452.7412     
  5.820638579568341E-006   22856369718.9918     
  5.873567282618032E-006   22446292783.3213     
  5.926977281245215E-006   22043573231.8381     
  5.980872952005890E-006   21648079062.2335     
  6.035258711253311E-006   21259680640.5155     
  6.090139015499875E-006   20878250658.5161     
  6.145518361782295E-006   20503664092.1641     
  6.201401288030110E-006   20135798160.5032     
  6.257792373437524E-006   19774532285.4493     
  6.314696238838641E-006   19419748052.2663     
  6.372117547086107E-006   19071329170.7527     
  6.430061003433205E-006   18729161437.1247     
  6.488531355919403E-006   18393132696.5826     
  6.547533395759427E-006   18063132806.5489     
  6.607071957735868E-006   17739053600.5664     
  6.667151920595352E-006   17420788852.8428     
  6.727778207448322E-006   17108234243.4336     
  6.788955786172447E-006   16801287324.0478     
  6.850689669819703E-006   16499847484.4670     
  6.912984917027163E-006   16203815919.5688     
  6.975846632431499E-006   15913095596.9403     
  7.039279967087289E-006   15627591225.0725     
  7.103290118889093E-006   15347209222.1268     
  7.167882332997389E-006   15071857685.2606     
  7.233061902268377E-006   14801446360.5034     
  7.298834167687678E-006   14535886613.1741     
  7.365204518808008E-006   14275091398.8282     
  7.432178394190792E-006   14018975234.7270     
  7.499761281851830E-006   13767454171.8174     
  7.567958719710984E-006   13520445767.2169     
  7.636776296045988E-006   13277869057.1887     
  7.706219649950349E-006   13039644530.6053     
  7.776294471795441E-006   12805694102.8858     
  7.847006503696785E-006   12575941090.4019     
  7.918361539984566E-006   12350310185.3422     
  7.990365427678453E-006   12128727431.0283     
  8.063024066966700E-006   11911120197.6739     
  8.136343411689639E-006   11697417158.5777     
  8.210329469827537E-006   11487548266.7447     
  8.284988303992923E-006   11281444731.9262     
  8.360326031927360E-006   11079038998.0715     
  8.436348827002760E-006   10880264721.1854     
  8.513062918727238E-006   10685056747.5813     
  8.590474593255582E-006   10493351092.5258     
  8.668590193904344E-006   10305084919.2662     
  8.747416121671649E-006   10120196518.4333     
  8.826958835761685E-006   9938625287.81487     
  8.907224854114010E-006   9760311712.49194     
  8.988220753937634E-006   9585197345.33032     
  9.069953172249977E-006   9413224787.82403     
  9.152428806420727E-006   9244337671.28069     
  9.235654414720636E-006   9078480638.34496     
  9.319636816875310E-006   8915599324.85443     
  9.404382894624042E-006   8755640342.01934     
  9.489899592283712E-006   8598551258.92401     
  9.576193917317826E-006   8444280585.34014     
  9.663272940910726E-006   8292777754.85015     
  9.751143798547024E-006   8143993108.27258     
  9.839813690596293E-006   7997877877.38458     
  9.929289882903098E-006   7854384168.93719     
  1.001957970738237E-005   7713464948.95690     
  1.011069056262019E-005   7575074027.32885     
  1.020262991448010E-005   7439166042.65685     
  1.029540529671478E-005   7305696447.39520     
  1.038902431158350E-005   7174621493.24658     
  1.048349463047497E-005   7045898216.82257     
  1.057882399453602E-005   6919484425.56115     
  1.067502021530589E-005   6795338683.89724     
  1.077209117535634E-005   6673420299.68063     
  1.087004482893758E-005   6553689310.83816     
  1.096888920263005E-005   6436106472.27535     
  1.106863239600215E-005   6320633243.01232     
  1.116928258227392E-005   6207231773.55126     
  1.127084800898679E-005   6095864893.46996     
  1.137333699867941E-005   5986496099.23852     
  1.147675794956962E-005   5879089542.25390     
  1.158111933624259E-005   5773610017.08987     
  1.168642971034531E-005   5670022949.95761     
  1.179269770128726E-005   5568294387.37271     
  1.189993201694761E-005   5468390985.02639     
  1.200814144438869E-005   5370279996.85583     
  1.211733485057607E-005   5273929264.31097     
  1.222752118310513E-005   5179307205.81329     
  1.233870947093426E-005   5086382806.40438     
  1.245090882512470E-005   4995125607.57995     
  1.256412843958712E-005   4905505697.30599     
  1.267837759183501E-005   4817493700.21453     
  1.279366564374492E-005   4731060767.97497     
  1.291000204232356E-005   4646178569.83819     
  1.302739632048191E-005   4562819283.35049     
  1.314585809781641E-005   4480955585.23394     
  1.326539708139719E-005   4400560642.43041     
  1.338602306656351E-005   4321608103.30645     
  1.350774593772639E-005   4244072089.01562     
  1.363057566917857E-005   4167927185.01626     
  1.375452232591186E-005   4093148432.74084     
  1.387959606444186E-005   4019711321.41534     
  1.400580713364022E-005   3947591780.02523     
  1.413316587557445E-005   3876766169.42532     
  1.426168272635542E-005   3807211274.59145     
  1.439136821699245E-005   3738904297.01138     
  1.452223297425633E-005   3671822847.21163     
  1.465428772155003E-005   3605944937.41882     
  1.478754327978746E-005   3541248974.35265     
  1.492201056828012E-005   3477713752.14810     
  1.505770060563190E-005   3415318445.40460     
  1.519462451064195E-005   3354042602.35984     
  1.533279350321579E-005   3293866138.18636     
  1.547221890528467E-005   3234769328.40806     
  1.561291214173337E-005   3176732802.43495     
  1.575488474133635E-005   3119737537.21397     
  1.589814833770247E-005   3063764850.99369     
  1.604271467022824E-005   3008796397.20075     
  1.618859558505982E-005   2954814158.42642     
  1.633580303606371E-005   2901800440.52068     
  1.648434908580628E-005   2849737866.79284     
  1.663424590654220E-005   2798609372.31538     
  1.678550578121186E-005   2748398198.33088     
  1.693814110444791E-005   2699087886.75869     
  1.709216438359087E-005   2650662274.80032     
  1.724758823971400E-005   2603105489.64170     
  1.740442540865757E-005   2556401943.25048     
  1.756268874207238E-005   2510536327.26649     
  1.772239120847294E-005   2465493607.98411     
  1.788354589430009E-005   2421259021.42458     
  1.804616600499336E-005   2377818068.49662     
  1.821026486607307E-005   2335156510.24400     
  1.837585592423220E-005   2293260363.17840     
  1.854295274843834E-005   2252115894.69579     
  1.871156903104549E-005   2211709618.57531     
  1.888171858891607E-005   2172028290.55880     
  1.905341536455314E-005   2133058904.00956     
  1.922667342724283E-005   2094788685.64910     
  1.940150697420726E-005   2057205091.37042     
  1.957793033176788E-005   2020295802.12621     
  1.975595795651941E-005   1984048719.89103     
  1.993560443651446E-005   1948451963.69587     
  2.011688449245888E-005   1913493865.73373     
  2.029981297891806E-005   1879162967.53530     
  2.048440488553410E-005   1845448016.21311     
  2.067067533825417E-005   1812337960.77302     
  2.085863960056990E-005   1779821948.49200     
  2.104831307476815E-005   1747889321.36088     
  2.123971130319311E-005   1716529612.59088     
  2.143284996951986E-005   1685732543.18277     
  2.162774490003957E-005   1655488018.55776     
  2.182441206495631E-005   1625786125.24866     
  2.202286757969570E-005   1596617127.65047     
  2.222312770622546E-005   1567971464.82928     
  2.242520885438798E-005   1539839747.38844     
  2.262912758324492E-005   1512212754.39087     
  2.283490060243416E-005   1485081430.33672     
  2.304254477353902E-005   1458436882.19510     
  2.325207711146994E-005   1432270376.48924     
  2.346351478585873E-005   1406573336.43375     
  2.367687512246545E-005   1381337339.12346     
  2.389217560459821E-005   1356554112.77249     
  2.410943387454574E-005   1332215534.00300     
  2.432866773502306E-005   1308313625.18248     
  2.454989515063029E-005   1284840551.80893     
  2.477313424932471E-005   1261788619.94284     
  2.499840332390619E-005   1239150273.68531     
  2.522572083351621E-005   1216918092.70140     
  2.545510540515038E-005   1195084789.78789     
  2.568657583518483E-005   1173643208.48474     
  2.592015109091644E-005   1152586320.72931     
  2.615585031211701E-005   1131907224.55280     
  2.639369281260170E-005   1111599141.81788     
  2.663369808181163E-005   1091655415.99696     
  2.687588578641086E-005   1072069509.99037     
  2.712027577189795E-005   1052835003.98367     
  2.736688806423221E-005   1033945593.34330     
  2.761574287147457E-005   1015395086.55015     
  2.786686058544356E-005   997177403.170046     
  2.812026178338625E-005   979286571.860788     
  2.837596722966443E-005   961716728.414827     
  2.863399787745601E-005   944462113.837145     
  2.889437487047208E-005   927517072.457590     
  2.915711954468944E-005   910876050.077036     
  2.942225343009892E-005   894533592.146883     
  2.968979825246959E-005   878484341.981172     
  2.995977593512907E-005   862723039.000765     
  3.023220860075995E-005   847244517.009065     
  3.050711857321260E-005   832043702.498678     
  3.078452837933444E-005   817115612.988348     
  3.106446075081582E-005   802455355.389925     
  3.134693862605278E-005   788058124.404447     
  3.163198515202662E-005   773919200.947088     
  3.191962368620065E-005   760033950.600355     
  3.220987779843418E-005   746397822.095041     
  3.250277127291385E-005   733006345.818399     
  3.279832811010261E-005   719855132.349119     
  3.309657252870638E-005   706939871.018591     
  3.339752896765854E-005   694256328.497926     
  3.370122208812262E-005   681800347.410402     
  3.400767677551299E-005   669567844.968755     
  3.431691814153412E-005   657554811.636938     
  3.462897152623827E-005   645757309.815889     
  3.494386250010190E-005   634171472.552866     
  3.526161686612102E-005   622793502.273962     
  3.558226066192552E-005   611619669.539339     
  3.590582016191280E-005   600646311.820783     
  3.623232187940073E-005   589869832.301264     
  3.656179256880021E-005   579286698.695932     
  3.689425922780758E-005   568893442.094309     
  3.722974909961676E-005   558686655.823305     
  3.756828967515173E-005   548662994.330557     
  3.790990869531917E-005   538819172.087839     
  3.825463415328160E-005   529151962.514127     
  3.860249429675125E-005   519658196.918043     
  3.895351763030475E-005   510334763.459161     
  3.930773291771884E-005   501178606.128095     
  3.966516918432738E-005   492186723.744726     
  4.002585571939975E-005   483356168.974561     
  4.038982207854088E-005   474684047.362611     
  4.075709808611315E-005   466167516.384676     
  4.112771383768023E-005   457803784.515630     
  4.150169970247322E-005   449590110.314428     
  4.187908632587916E-005   441523801.525488     
  4.225990463195226E-005   433602214.196275     
  4.264418582594776E-005   425822751.810669     
  4.303196139687917E-005   418182864.437847     
  4.342326312009836E-005   410680047.896520     
  4.381812305989947E-005   403311842.934093     
  4.421657357214622E-005   396075834.420580     
  4.461864730692338E-005   388969650.556995     
  4.502437721121202E-005   381990962.097908     
  4.543379653158946E-005   375137481.587990     
  4.584693881695344E-005   368406962.612222     
  4.626383792127128E-005   361797199.059587     
  4.668452800635395E-005   355306024.399944     
  4.710904354465535E-005   348931310.973900     
  4.753741932209709E-005   342670969.295395     
  4.796969044091900E-005   336522947.366832     
  4.840589232255539E-005   330485230.006475     
  4.884606071053764E-005   324555838.187910     
  4.929023167342313E-005   318732828.391378     
  4.973844160775074E-005   313014291.966724     
  5.019072724102335E-005   307398354.507789     
  5.064712563471734E-005   301883175.238020     
  5.110767418731948E-005   296466946.407100     
  5.157241063739154E-005   291147892.698435     
  5.204137306666261E-005   285924270.647201     
  5.251459990314965E-005   280794368.068918     
  5.299212992430642E-005   275756503.498207     
  5.347400226020093E-005   270809025.637663     
  5.396025639672192E-005   265950312.816581     
  5.445093217881440E-005   261178772.459421     
  5.494606981374467E-005   256492840.563791     
  5.544570987439503E-005   251890981.187811     
  5.594989330258837E-005   247371685.946651     
  5.645866141244312E-005   242933473.518139     
  5.697205589375860E-005   238574889.157188     
  5.749011881543115E-005   234294504.219000     
  5.801289262890149E-005   230090915.690750     
  5.854042017163315E-005   225962745.731743     
  5.907274467062279E-005   221908641.221767     
  5.960990974594233E-005   217927273.317587     
  6.015195941431323E-005   214017337.017362     
  6.069893809271341E-005   210177550.732920     
  6.125089060201679E-005   206406655.869659     
  6.180786217066619E-005   202703416.414015     
  6.236989843837927E-005   199066618.528338     
  6.293704545988859E-005   195495070.153006     
  6.350934970871526E-005   191987600.615701     
  6.408685808097723E-005   188543060.247698     
  6.466961789923196E-005   185160320.007014     
  6.525767691635434E-005   181838271.108348     
  6.585108331944947E-005   178575824.659636     
  6.644988573380143E-005   175371911.305147     
  6.705413322685762E-005   172225480.874960     
  6.766387531224957E-005   169135502.040750     
  6.827916195385015E-005   166100961.977749     
  6.890004356986783E-005   163120866.032748     
  6.952657103697793E-005   160194237.398085     
  7.015879569449178E-005   157320116.791466     
  7.079676934856344E-005   154497562.141534     
  7.144054427643494E-005   151725648.279080     
  7.209017323071993E-005   149003466.633794     
  7.274570944372642E-005   146330124.936452     
  7.340720663181872E-005   143704746.926458     
  7.407471899981926E-005   141126472.064621     
  7.474830124545004E-005   138594455.251085     
  7.542800856381487E-005   136107866.548340     
  7.611389665192219E-005   133665890.909169     
  7.680602171324893E-005   131267727.909507     
  7.750444046234606E-005   128912591.486071     
  7.820921012948598E-005   126599709.678718     
  7.892038846535194E-005   124328324.377401     
  7.963803374577039E-005   122097691.073685     
  8.036220477648639E-005   119907078.616715     
  8.109296089798202E-005   117755768.973555     
  8.183036199033911E-005   115643056.993843     
  8.257446847814592E-005   113568250.178649     
  8.332534133544848E-005   111530668.453495     
  8.408304209074692E-005   109529643.945439     
  8.484763283203734E-005   107564520.764167     
  8.561917621189949E-005   105634654.787000     
  8.639773545263061E-005   103739413.447770     
  8.718337435142599E-005   101878175.529477     
  8.797615728560690E-005   100050330.960669     
  8.877614921789557E-005   98255280.6154748     
  8.958341570173859E-005   96492436.1172229     
  9.039802288667844E-005   94761219.6455866     
  9.122003752377400E-005   93061063.7471868     
  9.204952697107028E-005   91391411.1495954     
  9.288655919911796E-005   89751714.5786673     
  9.373120279654303E-005   88141436.5791670     
  9.458352697566714E-005   86560049.3385941     
  9.544360157817901E-005   85007034.5141851     
  9.631149708085756E-005   83481883.0630051     
  9.718728460134677E-005   81984095.0751029     
  9.807103590398340E-005   80513179.6096455     
  9.896282340567751E-005   79068654.5340024     
  9.986272018184645E-005   77650046.3657123     
  1.007707999724029E-004   76256890.1172877     
  1.016871371877974E-004   74888729.1437999     
  1.026118069151154E-004   73545114.9932042     
  1.035448849242306E-004   72225607.2593447     
  1.044864476740132E-004   70929773.4376012     
  1.054365723185956E-004   69657188.7831240     
  1.063953367136943E-004   68407436.1716104     
  1.073628194229899E-004   67180105.9625827     
  1.083390997245644E-004   65974795.8651171     
  1.093242576173978E-004   64791110.8059798     
  1.103183738279234E-004   63628662.8001357     
  1.113215298166424E-004   62487070.8235694     
  1.123338077847995E-004   61365960.6883989     
  1.133552906811184E-004   60264964.9202242     
  1.143860622085987E-004   59183722.6376777     
  1.154262068313750E-004   58121879.4341326     
  1.164758097816382E-004   57079087.2615419     
  1.175349570666190E-004   56055004.3163524     
  1.186037354756366E-004   55049294.9274679     
  1.196822325872095E-004   54061629.4462285     
  1.207705367762324E-004   53091684.1383567     
  1.218687372212178E-004   52139141.0778435     
  1.229769239116034E-004   51203688.0427408     
  1.240951876551263E-004   50285018.4128230     
  1.252236200852637E-004   49382831.0690830     
  1.263623136687419E-004   48496830.2950306     
  1.275113617131132E-004   47626725.6797664     
  1.286708583744015E-004   46772232.0227902     
  1.298408986648180E-004   45933069.2405183     
  1.310215784605467E-004   45108962.2744791     
  1.322129945096006E-004   44299641.0011554     
  1.334152444397497E-004   43504840.1434431     
  1.346284267665207E-004   42724299.1837010     
  1.358526409012696E-004   41957762.2783572     
  1.370879871593279E-004   41204978.1740510     
  1.383345667682227E-004   40465700.1252763     
  1.395924818759712E-004   39739685.8135051     
  1.408618355594515E-004   39026697.2677610     
  1.421427318328487E-004   38326500.7866168     
  1.434352756561779E-004   37638866.8615932     
  1.447395729438854E-004   36963570.1019322     
  1.460557305735272E-004   36300389.1607165     
  1.473838563945269E-004   35649106.6623189     
  1.487240592370134E-004   35009509.1311514     
  1.500764489207386E-004   34381386.9216923     
  1.514411362640759E-004   33764534.1497687     
  1.528182330931018E-004   33158748.6250745     
  1.542078522507584E-004   32563831.7848941     
  1.556101076061006E-004   31979588.6290201     
  1.570251140636266E-004   31405827.6558358     
  1.584529875726934E-004   30842360.7995449     
  1.598938451370181E-004   30289003.3685304     
  1.613478048242657E-004   29745573.9848129     
  1.628149857757236E-004   29211894.5246018     
  1.642955082160641E-004   28687790.0599102     
  1.657894934631968E-004   28173088.8012160     
  1.672970639382087E-004   27667622.0411545     
  1.688183431753964E-004   27171224.0992204     
  1.703534558323884E-004   26683732.2674590     
  1.719025277003603E-004   26204986.7571376     
  1.734656857143421E-004   25734830.6463671     
  1.750430579636197E-004   25273109.8286704     
  1.766347737022308E-004   24819672.9624652     
  1.782409633595568E-004   24374371.4214616     
  1.798617585510096E-004   23937059.2459433     
  1.814972920888173E-004   23507593.0949275     
  1.831476979929071E-004   23085832.1991786     
  1.848131115018867E-004   22671638.3150685     
  1.864936690841269E-004   22264875.6792644     
  1.881895084489433E-004   21865410.9642264     
  1.899007685578814E-004   21473113.2345078     
  1.916275896361030E-004   21087853.9038365     
  1.933701131838766E-004   20709506.6929670     
  1.951284819881726E-004   20337947.5882906     
  1.969028401343633E-004   19973054.8011839     
  1.986933330180300E-004   19614708.7280924     
  2.005001073568766E-004   19262791.9113238     
  2.023233112027527E-004   18917189.0005513     
  2.041630939537847E-004   18577786.7150020     
  2.060196063666181E-004   18244473.8063269     
  2.078930005687714E-004   17917141.0221367     
  2.097834300711011E-004   17595681.0701907     
  2.116910497803809E-004   17279988.5832287     
  2.136160160119957E-004   16969960.0844346     
  2.155584865027499E-004   16665493.9535190     
  2.175186204237932E-004   16366490.3934094     
  2.194965783936631E-004   16072851.3975409     
  2.214925224914468E-004   15784480.7177294     
  2.235066162700622E-004   15501283.8326261     
  2.255390247696596E-004   15223167.9167341     
  2.275899145311462E-004   14950041.8099823     
  2.296594536098321E-004   14681815.9878454     
  2.317478115892019E-004   14418402.5320008     
  2.338551595948103E-004   14159715.1015093     
  2.359816703083049E-004   13905668.9045157     
  2.381275179815760E-004   13656180.6704553     
  2.402928784510353E-004   13411168.6227602     
  2.424779291520245E-004   13170552.4520545     
  2.446828491333547E-004   12934253.2898306     
  2.469078190719783E-004   12702193.6825985     
  2.491530212877937E-004   12474297.5664975     
  2.514186397585858E-004   12250490.2423647     
  2.537048601351011E-004   12030698.3512501     
  2.560118697562602E-004   11814849.8503717     
  2.583398576645096E-004   11602873.9895008     
  2.606890146213119E-004   11394701.2877718     
  2.630595331227770E-004   11190263.5109086     
  2.654516074154362E-004   10989493.6488582     
  2.678654335121592E-004   10792325.8938269     
  2.703012092082159E-004   10598695.6187094     
  2.727591340974838E-004   10408539.3559061     
  2.752394095888041E-004   10221794.7765198     
  2.777422389224850E-004   10038400.6699249     
  2.802678271869560E-004   9858296.92370529     
  2.828163813355733E-004   9681424.50394958     
  2.853881102035782E-004   9507725.43590192     
  2.879832245252096E-004   9337142.78495909     
  2.906019369509720E-004   9169620.63800817     
  2.932444620650607E-004   9005104.08510027     
  2.959110164029456E-004   8843539.20145138     
  2.986018184691143E-004   8684873.02976798     
  3.013170887549774E-004   8529053.56288794     
  3.040570497569354E-004   8376029.72673471     
  3.068219259946117E-004   8225751.36357556     
  3.096119440292494E-004   8078169.21558144     
  3.124273324822766E-004   7933234.90868133     
  3.152683220540408E-004   7790900.93670622     
  3.181351455427121E-004   7651120.64581777     
  3.210280378633601E-004   7513848.21921622     
  3.239472360672031E-004   7379038.66212281     
  3.268929793610327E-004   7246647.78703111     
  3.298655091268153E-004   7116632.19922385     
  3.328650689414711E-004   6988949.28254867     
  3.358919045968340E-004   6863557.18545011     
  3.389462641197920E-004   6740414.80725099     
  3.420283977926113E-004   6619481.78468083     
  3.451385581734453E-004   6500718.47864567     
  3.482770001170293E-004   6384085.96123542     
  3.514439807955649E-004   6269546.00296386     
  3.546397597197925E-004   6157061.06023805     
  3.578645987602564E-004   6046594.26305263     
  3.611187621687640E-004   5938109.40290417     
  3.644025166000382E-004   5831570.92092330     
  3.677161311335683E-004   5726943.89621896     
  3.710598772956593E-004   5624194.03443257     
  3.744340290816809E-004   5523287.65649650     
  3.778388629785201E-004   5424191.68759560     
  3.812746579872366E-004   5326873.64632531     
  3.847416956459252E-004   5231301.63404535     
  3.882402600527859E-004   5137444.32442416     
  3.917706378894034E-004   5045270.95317063     
  3.953331184442387E-004   4954751.30795026     
  3.989279936363341E-004   4865855.71848251     
  4.025555580392338E-004   4778555.04681523     
  4.062161089051221E-004   4692820.67777407     
  4.099099461891809E-004   4608624.50958305     
  4.136373725741689E-004   4525938.94465352     
  4.173986934952244E-004   4444736.88053810     
  4.211942171648931E-004   4364991.70104732     
  4.250242545983840E-004   4286677.26752526     
  4.288891196390549E-004   4209767.91028209     
  4.327891289841297E-004   4134238.42017994     
  4.367246022106489E-004   4060064.04037009     
  4.406958618016569E-004   3987220.45817798     
  4.447032331726273E-004   3915683.79713444     
  4.487470446981279E-004   3845430.60914921     
  4.528276277387288E-004   3776437.86682538     
  4.569453166681551E-004   3708682.95591127     
  4.611004489006858E-004   3642143.66788837     
  4.652933649188031E-004   3576798.19269172     
  4.695244083010922E-004   3512625.11156086     
  4.737939257503948E-004   3449603.39001961     
  4.781022671222190E-004   3387712.37098121     
  4.824497854534075E-004   3326931.76797738     
  4.868368369910662E-004   3267241.65850916     
  4.912637812217563E-004   3208622.47751637     
  4.957309809009507E-004   3151055.01096492     
  5.002388020827607E-004   3094520.38954875     
  5.047876141499301E-004   3039000.08250498     
  5.093777898441038E-004   2984475.89153986     
  5.140097052963713E-004   2930929.94486390     
  5.186837400580879E-004   2878344.69133375     
  5.234002771319760E-004   2826702.89469949     
  5.281597030035097E-004   2775987.62795490     
  5.329624076725841E-004   2726182.26778911     
  5.378087846854723E-004   2677270.48913804     
  5.426992311670754E-004   2629236.25983324     
  5.476341478534621E-004   2582063.83534697     
  5.526139391247072E-004   2535737.75363153     
  5.576390130380271E-004   2490242.83005113     
  5.627097813612172E-004   2445564.15240464     
  5.678266596063931E-004   2401687.07603791     
  5.729900670640391E-004   2358597.21904331     
  5.782004268373657E-004   2316280.45754597     
  5.834581658769797E-004   2274722.92107402     
  5.887637150158699E-004   2233910.98801226     
  5.941175090047109E-004   2193831.28113749     
  5.995199865474868E-004   2154470.66323343     
  6.049715903374407E-004   2115816.23278488     
  6.104727670933500E-004   2077855.31974881     
  6.160239675961312E-004   2040575.48140145     
  6.216256467257786E-004   2003964.49825977     
  6.272782634986383E-004   1968010.37007631     
  6.329822811050205E-004   1932701.31190569     
  6.387381669471559E-004   1898025.75024183     
  6.445463926774944E-004   1863972.31922439     
  6.504074342373549E-004   1830529.85691327     
  6.563217718959240E-004   1797687.40163010     
  6.622898902896112E-004   1765434.18836504     
  6.683122784617611E-004   1733759.64524852     
  6.743894299027270E-004   1702653.39008574     
  6.805218425903086E-004   1672105.22695389     
  6.867100190305580E-004   1642105.14285995     
  6.929544662989560E-004   1612643.30445878     
  6.992556960819628E-004   1583710.05482992     
  7.056142247189482E-004   1555295.91031230     
  7.120305732445008E-004   1527391.55739567     
  7.185052674311232E-004   1499987.84966788     
  7.250388378323147E-004   1473075.80481691     
  7.316318198260474E-004   1446646.60168664     
  7.382847536586357E-004   1420691.57738543     
  7.449981844890053E-004   1395202.22444675     
  7.517726624333656E-004   1370170.18804052     
  7.586087426102871E-004   1345587.26323458     
  7.655069851861897E-004   1321445.39230539     
  7.724679554212442E-004   1297736.66209683     
  7.794922237156906E-004   1274453.30142642     
  7.865803656565791E-004   1251587.67853818     
  7.937329620649345E-004   1229132.29860102     
  8.009505990433503E-004   1207079.80125222     
  8.082338680240165E-004   1185422.95818479     
  8.155833658171812E-004   1164154.67077818     
  8.229996946600566E-004   1143267.96777158     
  8.304834622661668E-004   1122756.00297883     
  8.380352818751463E-004   1102612.05304450     
  8.456557723029893E-004   1082829.51524001     
  8.533455579927584E-004   1063401.90529944     
  8.611052690657523E-004   1044322.85529419     
  8.689355413731400E-004   1025586.11154567     
  8.768370165480636E-004   1007185.53257545     
  8.848103420582162E-004   989115.087092350     
  8.928561712588962E-004   971368.852015353     
  9.009751634465457E-004   953941.010532304     
  9.091679839127747E-004   936825.850193169     
  9.174353039988768E-004   920017.761037742     
  9.257778011508408E-004   903511.233756716     
  9.341961589748620E-004   887300.857885923     
  9.426910672933596E-004   871381.320032895     
  9.512632222015017E-004   855747.402135232     
  9.599133261242453E-004   840393.979750296     
  9.686420878738951E-004   825316.020375470     
  9.774502227081854E-004   810508.581798645     
  9.863384523888907E-004   795966.810478286     
  9.953075052409673E-004   781685.939952530     
  1.004358116212235E-003   767661.289276882     
  1.013491026933603E-003   753888.261489850     
  1.022706985779836E-003   740362.342106239     
  1.032006747930882E-003   727079.097637345     
  1.041391075433752E-003   714034.174137782     
  1.050860737264966E-003   701223.295778377     
  1.060416509393564E-003   688642.263444590     
  1.070059174844687E-003   676286.953360220     
  1.079789523763749E-003   664153.315735668     
  1.089608353481175E-003   652237.373440520     
  1.099516468577740E-003   640535.220699951     
  1.109514680950499E-003   629043.021814478     
  1.119603809879314E-003   617757.009902728     
  1.129784682093992E-003   606673.485666710     
  1.140058131842022E-003   595788.816179301     
  1.150425000956944E-003   585099.433693439     
  1.160886138927326E-003   574601.834472698     
  1.171442402966373E-003   564292.577642841     
  1.182094658082173E-003   554168.284063992     
  1.192843777148572E-003   544225.635223006     
  1.203690640976707E-003   534461.372145764     
  1.214636138387178E-003   524872.294328938     
  1.225681166282878E-003   515455.258690937     
  1.236826629722492E-003   506207.178541701     
  1.248073441994658E-003   497125.022570913     
  1.259422524692804E-003   488205.813854441     
  1.270874807790667E-003   479446.628878560     
  1.282431229718495E-003   470844.596581675     
  1.294092737439948E-003   462396.897413272     
  1.305860286529691E-003   454100.762409721     
  1.317734841251699E-003   445953.472286690     
  1.329717374638271E-003   437952.356547796     
  1.341808868569760E-003   430094.792609309     
  1.354010313855036E-003   422378.204940498     
  1.366322710312672E-003   414800.064219458     
  1.378747066852870E-003   407357.886504041     
  1.391284401560139E-003   400049.232417687     
  1.403935741776714E-003   392871.706349829     
  1.416702124186745E-003   385822.955670693     
  1.429584594901240E-003   378900.669960140     
  1.442584209543789E-003   372102.580250387     
  1.455702033337064E-003   365426.458282254     
  1.468939141190107E-003   358870.115774829     
  1.482296617786410E-003   352431.403708172     
  1.495775557672796E-003   346108.211618931     
  1.509377065349111E-003   339898.466908572     
  1.523102255358726E-003   333800.134164036     
  1.536952252379874E-003   327811.214490562     
  1.550928191317798E-003   321929.744856518     
  1.565031217397754E-003   316153.797449944     
  1.579262486258857E-003   310481.479046661     
  1.593623164048769E-003   304910.930389733     
  1.608114427519263E-003   299440.325580018     
  1.622737464122647E-003   294067.871477700     
  1.637493472109064E-003   288791.807114535     
  1.652383660624685E-003   283610.403116639     
  1.667409249810786E-003   278521.961137642     
  1.682571470903732E-003   273524.813302012     
  1.697871566335864E-003   268617.321658361     
  1.713310789837312E-003   263797.877642554     
  1.728890406538725E-003   259064.901550477     
  1.744611693074942E-003   254416.842020224     
  1.760475937689599E-003   249852.175523614     
  1.776484440340697E-003   245369.405866801     
  1.792638512807117E-003   240967.063699861     
  1.808939478796118E-003   236643.706035173     
  1.825388674051798E-003   232397.915774436     
  1.841987446464553E-003   228228.301244187     
  1.858737156181526E-003   224133.495739624     
  1.875639175718059E-003   220112.157076654     
  1.892694890070162E-003   216162.967151930     
  1.909905696828005E-003   212284.631510835     
  1.927273006290435E-003   208475.878923158     
  1.944798241580546E-003   204735.460966444     
  1.962482838762289E-003   201062.151616770     
  1.980328246958149E-003   197454.746846891     
  1.998335928467888E-003   193912.064231576     
  2.016507358888371E-003   190432.942560052     
  2.034844027234481E-003   187016.241455377     
  2.053347436061133E-003   183660.841000645     
  2.072019101586393E-003   180365.641371914     
  2.090860553815727E-003   177129.562477704     
  2.109873336667370E-003   173951.543604964     
  2.129059008098839E-003   170830.543071396     
  2.148419140234597E-003   167765.537884021     
  2.167955319494877E-003   164755.523403858     
  2.187669146725678E-003   161799.513016632     
  2.207562237329941E-003   158896.537809375     
  2.227636221399918E-003   156045.646252848     
  2.247892743850751E-003   153245.903889651     
  2.268333464555258E-003   150496.393027923     
  2.288960058479945E-003   147796.212440546     
  2.309774215822261E-003   145144.477069744     
  2.330777642149095E-003   142540.317736983     
  2.351972058536535E-003   139982.880858073     
  2.373359201710899E-003   137471.328163375     
  2.394940824191044E-003   135004.836423049     
  2.416718694431974E-003   132582.597177206     
  2.438694596969753E-003   130203.816470922     
  2.460870332567731E-003   127867.714593991     
  2.483247718364107E-003   125573.525825358     
  2.505828588020829E-003   123320.498182131     
  2.528614791873847E-003   121107.893173097     
  2.551608197084736E-003   118934.985556666     
  2.574810687793698E-003   116801.063103146     
  2.598224165273950E-003   114705.426361302     
  2.621850548087519E-003   112647.388429074     
  2.645691772242462E-003   110626.274728446     
  2.669749791351496E-003   108641.422784320     
  2.694026576792089E-003   106692.182007381     
  2.718524117868000E-003   104777.913480838     
  2.743244421972284E-003   102897.989751014     
  2.768189514751789E-003   101051.794621673     
  2.793361440273135E-003   99238.7229520470     
  2.818762261190217E-003   97458.1804584854     
  2.844394058913222E-003   95709.5835196606     
  2.870258933779184E-003   93992.3589852708     
  2.896359005224093E-003   92305.9439881773     
  2.922696411956564E-003   90649.7857599034     
  2.949273312133095E-003   89023.3414494560     
  2.976091883534903E-003   87426.0779453860     
  3.003154323746385E-003   85857.4717010504     
  3.030462850335191E-003   84317.0085630035     
  3.058019701033935E-003   82804.1836024698     
  3.085827133923564E-003   81318.5009498392     
  3.113887427618390E-003   79859.4736321339     
  3.142202881452805E-003   78426.6234133871     
  3.170775815669696E-003   77019.4806378892     
  3.199608571610569E-003   75637.5840762503     
  3.228703511907409E-003   74280.4807742086     
  3.258063020676277E-003   72947.7259041720     
  3.287689503712670E-003   71638.8826194124     
  3.317585388688662E-003   70353.5219108717     
  3.347753125351831E-003   69091.2224665485     
  3.378195185725997E-003   67851.5705333985     
  3.408914064313792E-003   66634.1597817164     
  3.439912278301056E-003   65438.5911719501     
  3.471192367763110E-003   64264.4728239060     
  3.502756895872896E-003   63111.4198882963     
  3.534608449111006E-003   61979.0544205982     
  3.566749637477627E-003   60867.0052571694     
  3.599183094706413E-003   59774.9078935894     
  3.631911478480297E-003   58702.4043651844     
  3.664937470649270E-003   57649.1431296954     
  3.698263777450142E-003   56614.7789520462     
  3.731893129728291E-003   55598.9727911897     
  3.765828283161444E-003   54601.3916889721     
  3.800072018485474E-003   53621.7086610007     
  3.834627141722275E-003   52659.6025894637     
  3.869496484409682E-003   51714.7581178759     
  3.904682903833499E-003   50786.8655477116     
  3.940189283261637E-003   49875.6207368945     
  3.976018532180371E-003   48980.7250001026     
  4.012173586532749E-003   48101.8850108699     
  4.048657408959181E-003   47238.8127054390     
  4.085472989040193E-003   46391.2251883408     
  4.122623343541415E-003   45558.8446396667     
  4.160111516660766E-003   44741.3982240080     
  4.197940580277918E-003   43938.6180010242     
  4.236113634206008E-003   43150.2408376185     
  4.274633806445644E-003   42376.0083216901     
  4.313504253441223E-003   41615.6666774319     
  4.352728160339579E-003   40868.9666821490     
  4.392308741250983E-003   40135.6635845672     
  4.432249239512513E-003   39415.5170246123     
  4.472552927953821E-003   38708.2909546238     
  4.513223109165322E-003   38013.7535619816     
  4.554263115768812E-003   37331.6771931289     
  4.595676310690557E-003   36661.8382789462     
  4.637466087436854E-003   36004.0172614745     
  4.679635870372108E-003   35357.9985219481     
  4.722189114999433E-003   34723.5703101188     
  4.765129308243801E-003   34100.5246748503     
  4.808459968737778E-003   33488.6573959563     
  4.852184647109842E-003   32887.7679172606     
  4.896306926275335E-003   32297.6592808607     
  4.940830421730054E-003   31718.1380625683     
  4.985758781846518E-003   31149.0143085111     
  5.031095688172923E-003   30590.1014728688     
  5.076844855734817E-003   30041.2163567266     
  5.123010033339516E-003   29502.1790480289     
  5.169595003883303E-003   28972.8128626087     
  5.216603584661395E-003   28452.9442862706     
  5.264039627680746E-003   27942.4029179218     
  5.311907019975697E-003   27441.0214137146     
  5.360209683926482E-003   26948.6354321964     
  5.408951577580644E-003   26465.0835804441     
  5.458136694977360E-003   25990.2073611589     
  5.507769066474735E-003   25523.8511207189     
  5.557852759080046E-003   25065.8619981563     
  5.608391876783017E-003   24616.0898750551     
  5.659390560892100E-003   24174.3873263439     
  5.710852990373834E-003   23740.6095719749     
  5.762783382195268E-003   23314.6144294674     
  5.815185991669524E-003   22896.2622673039     
  5.868065112804482E-003   22485.4159591618     
  5.921425078654642E-003   22081.9408389672     
  5.975270261676185E-003   21685.7046567529     
  6.029605074085267E-003   21296.5775353121     
  6.084433968219566E-003   20914.4319276258     
  6.139761436903121E-003   20539.1425750567     
  6.195592013814475E-003   20170.5864662917     
  6.251930273858195E-003   19808.6427970215     
  6.308780833539735E-003   19453.1929303451     
  6.366148351343730E-003   19104.1203578813     
  6.424037528115731E-003   18761.3106615813     
  6.482453107447394E-003   18424.6514762246     
  6.541399876065192E-003   18094.0324525882     
  6.600882664222641E-003   17769.3452212770     
  6.660906346096118E-003   17450.4833572018     
  6.721475840184253E-003   17137.3423446972     
  6.782596109710964E-003   16829.8195432622     
  6.844272163032162E-003   16527.8141539179     
  6.906509054046150E-003   16231.2271861670     
  6.969311882607742E-003   15939.9614255484     
  7.032685794946169E-003   15653.9214017709     
  7.096635984086773E-003   15373.0133574216     
  7.161167690276533E-003   15097.1452172330     
  7.226286201413467E-003   14826.2265579044     
  7.291996853479941E-003   14560.1685784618     
  7.358305030979899E-003   14298.8840711512     
  7.425216167380103E-003   14042.2873928549     
  7.492735745555352E-003   13790.2944370185     
  7.560869298237766E-003   13542.8226060833     
  7.629622408470155E-003   13299.7907844122     
  7.699000710063507E-003   13061.1193117024     
  7.769009888058637E-003   12826.7299568744     
  7.839655679192033E-003   12596.5458924291     
  7.910943872365945E-003   12370.4916692662     
  7.982880309122732E-003   12148.4931919537     
  8.055470884123546E-003   11930.4776944404     
  8.128721545631349E-003   11716.3737162053     
  8.202638295998326E-003   11506.1110788348     
  8.277227192157744E-003   11299.6208630192     
  8.352494346120265E-003   11096.8353859626     
  8.428445925474778E-003   10897.6881791987     
  8.505088153893798E-003   10702.1139668029     
  8.582427311643442E-003   10510.0486439973     
  8.660469736098049E-003   10321.4292561379     
  8.739221822259492E-003   10136.1939780800     
  8.818690023281185E-003   9954.28209391283     
  8.898880850996885E-003   9775.63397705896     
  8.979800876454287E-003   9600.19107072935     
  9.061456730453466E-003   9427.89586873000     
  9.143855104090224E-003   9258.69189661302     
  9.227002749304384E-003   9092.52369316525     
  9.310906479433053E-003   8929.33679222941     
  9.395573169768927E-003   8769.07770485145     
  9.481009758123675E-003   8611.69390174792     
  9.567223245396437E-003   8457.13379608804     
  9.654220696147495E-003   8305.34672658532     
  9.742009239177164E-003   8156.28294089078     
  9.830596068109944E-003   8009.89357928635     
  9.919988441983987E-003   7866.13065866931     
  1.001019368584592E-002   7724.94705682425     
  1.010121919135108E-002   7586.29649697827     
  1.019307241736920E-002   7450.13353263152     
  1.028576089059561E-002   7316.41353266172     
  1.037929220616801E-002   7185.09266669462     
  1.047367402828880E-002   7056.12789073757     
  1.056891409085315E-002   6929.47693307048     
  1.066502019808271E-002   6805.09828039033     
  1.076200022516509E-002   6682.95116420418     
  1.085986211889921E-002   6562.99554746578     
  1.095861389834648E-002   6445.19211145251     
  1.105826365548788E-002   6329.50224287786     
  1.115881955588703E-002   6215.88802123445     
  1.126028983935933E-002   6104.31220636488     
  1.136268282064715E-002   5994.73822625492     
  1.146600689010114E-002   5887.13016504654     
  1.157027051436776E-002   5781.45275126499     
  1.167548223708306E-002   5677.67134625786     
  1.178165067957281E-002   5575.75193284130     
  1.188878454155889E-002   5475.66110415005     
  1.199689260187220E-002   5377.36605268713     
  1.210598371917202E-002   5280.83455957065     
  1.221606683267191E-002   5186.03498397303     
  1.232715096287221E-002   5092.93625274969     
  1.243924521229922E-002   5001.50785025433     
  1.255235876625104E-002   4911.71980833637     
  1.266650089355031E-002   4823.54269651799     
  1.278168094730364E-002   4736.94761234780     
  1.289790836566809E-002   4651.90617192692     
  1.301519267262452E-002   4568.39050060568     
  1.313354347875806E-002   4486.37322384676     
  1.325297048204555E-002   4405.82745825243     
  1.337348346865028E-002   4326.72680275297     
  1.349509231372389E-002   4249.04532995276     
  1.361780698221551E-002   4172.75757763211     
  1.374163752968839E-002   4097.83854040114     
  1.386659410314382E-002   4024.26366150349     
  1.399268694185265E-002   3952.00882476763     
  1.411992637819428E-002   3881.05034670159     
  1.424832283850335E-002   3811.36496873035     
  1.437788684392407E-002   3742.92984957221     
  1.450862901127241E-002   3675.72255775173     
  1.464056005390601E-002   3609.72106424749     
  1.477369078260208E-002   3544.90373527120     
  1.490803210644327E-002   3481.24932517683     
  1.504359503371159E-002   3418.73696949671     
  1.518039067279045E-002   3357.34617810267     
  1.531843023307492E-002   3297.05682848968     
  1.545772502589024E-002   3237.84915918035     
  1.559828646541872E-002   3179.70376324749     
  1.574012606963504E-002   3122.60158195298     
  1.588325546125004E-002   3066.52389850065     
  1.602768636866317E-002   3011.45233190147     
  1.617343062692348E-002   2957.36883094864     
  1.632050017869948E-002   2904.25566830080     
  1.646890707525771E-002   2852.09543467133     
  1.661866347745026E-002   2800.87103312219     
  1.676978165671126E-002   2750.56567345974     
  1.692227399606246E-002   2701.16286673139     
  1.707615299112791E-002   2652.64641982084     
  1.723143125115785E-002   2605.00043014042     
  1.738812150006201E-002   2558.20928041848     
  1.754623657745219E-002   2512.25763358049     
  1.770578943969441E-002   2467.13042772193     
  1.786679316097054E-002   2422.81287117114     
  1.802926093434970E-002   2379.29043764129     
  1.819320607286926E-002   2336.54886146851     
  1.835864201062579E-002   2294.57413293652     
  1.852558230387590E-002   2253.35249368403     
  1.869404063214701E-002   2212.87043219535     
  1.886403079935839E-002   2173.11467937157     
  1.903556673495216E-002   2134.07220418126     
  1.920866249503483E-002   2095.73020938910     
  1.938333226352900E-002   2058.07612736137     
  1.955959035333569E-002   2021.09761594653     
  1.973745120750714E-002   1984.78255442961     
  1.991692940043033E-002   1949.11903955954     
  2.009803963902124E-002   1914.09538164738     
  2.028079676392996E-002   1879.70010073472     
  2.046521575075680E-002   1845.92192283086     
  2.065131171127940E-002   1812.74977621740     
  2.083909989469105E-002   1780.17278781928     
  2.102859568885025E-002   1748.18027964068     
  2.121981462154160E-002   1716.76176526517     
  2.141277236174824E-002   1685.90694641838     
  2.160748472093576E-002   1655.60570959254     
  2.180396765434785E-002   1625.84812273143     
  2.200223726231372E-002   1596.62443197503     
  2.220230979156742E-002   1567.92505846217     
  2.240420163657908E-002   1539.74059519107     
  2.260792934089840E-002   1512.06180393574     
  2.281350959851020E-002   1484.87961221799     
  2.302095925520240E-002   1458.18511033368     
  2.323029530994642E-002   1431.96954843230     
  2.344153491629009E-002   1406.22433364894     
  2.365469538376328E-002   1380.94102728781     
  2.386979417929630E-002   1356.11134205616     
  2.408684892865113E-002   1331.72713934798     
  2.430587741786577E-002   1307.78042657623     
  2.452689759471170E-002   1284.26335455318     
  2.474992757016449E-002   1261.16821491752     
  2.497498561988792E-002   1238.48743760778     
  2.520209018573152E-002   1216.21358838108     
  2.543125987724174E-002   1194.33936637624     
  2.566251347318686E-002   1172.85760172084     
  2.589586992309579E-002   1151.76125318103     
  2.613134834881083E-002   1131.04340585362     
  2.636896804605457E-002   1110.69726889945     
  2.660874848601103E-002   1090.71617331764     
  2.685070931692118E-002   1071.09356975952     
  2.709487036569296E-002   1051.82302638194     
  2.734125163952598E-002   1032.89822673907     
  2.758987332755092E-002   1014.31296771205     
  2.784075580248391E-002   996.061157475677     
  2.809391962229592E-002   978.136813501678     
  2.834938553189732E-002   960.534060597756     
  2.860717446483778E-002   943.247128981889     
  2.886730754502164E-002   926.270352391041     
  2.912980608843883E-002   909.598166223971     
  2.939469160491156E-002   893.225105717225     
  2.966198579985693E-002   877.145804153964     
  2.993171057606546E-002   861.354991104805     
  3.020388803549592E-002   845.847490700364     
  3.047854048108643E-002   830.618219934690     
  3.075569041858196E-002   815.662186999156     
  3.103536055837857E-002   800.974489646325     
  3.131757381738431E-002   786.550313582998     
  3.160235332089715E-002   772.384930892293     
  3.188972240449987E-002   758.473698483905     
  3.217970461597228E-002   744.812056572203     
  3.247232371722078E-002   731.395527181633     
  3.276760368622544E-002   718.219712678954     
  3.306556871900485E-002   705.280294331777     
  3.336624323159882E-002   692.573030893003     
  3.366965186206906E-002   680.093757210631     
  3.397581947251811E-002   667.838382862483     
  3.428477115112658E-002   655.802890815529     
  3.459653221420897E-002   643.983336109115     
  3.491112820828816E-002   632.375844561950     
  3.522858491218871E-002   620.976611502206     
  3.554892833914933E-002   609.781900520465     
  3.587218473895438E-002   598.788042244962     
  3.619838060008489E-002   587.991433138896     
  3.652754265188913E-002   577.388534319239     
  3.685969786677282E-002   566.975870396797     
  3.719487346240934E-002   556.750028337031     
  3.753309690397007E-002   546.707656341353     
  3.787439590637486E-002   536.845462748486     
  3.821879843656317E-002   527.160214955530     
  3.856633271578565E-002   517.648738358379     
  3.891702722191677E-002   508.307915311195     
  3.927091069178827E-002   499.134684104421     
  3.962801212354403E-002   490.126037961363     
  3.998836077901616E-002   481.279024052500     
  4.035198618612285E-002   472.590742527692     
  4.071891814128797E-002   464.058345565678     
  4.108918671188264E-002   455.679036440570     
  4.146282223868903E-002   447.450068605188     
  4.183985533838658E-002   439.368744790826     
  4.222031690606078E-002   431.432416123078     
  4.260423811773486E-002   423.638481253670     
  4.299165043292436E-002   415.984385507747     
  4.338258559721508E-002   408.467620046546     
  4.377707564486430E-002   401.085721045020     
  4.417515290142586E-002   393.836268884276     
  4.457684998639892E-002   386.716887358469     
  4.498219981590090E-002   379.725242895942     
  4.539123560536480E-002   372.859043794325     
  4.580399087226081E-002   366.116039469364     
  4.622049943884295E-002   359.494019717249     
  4.664079543492047E-002   352.990813990138     
  4.706491330065461E-002   346.604290684720     
  4.749288778938066E-002   340.332356443493     
  4.792475397045575E-002   334.172955468650     
  4.836054723213253E-002   328.124068848200     
  4.880030328445900E-002   322.183713894231     
  4.924405816220466E-002   316.349943493023     
  4.969184822781329E-002   310.620845466830     
  5.014371017438263E-002   304.994541947107     
  5.059968102867101E-002   299.469188759003     
  5.105979815413154E-002   294.042974816856     
  5.152409925397369E-002   288.714121530580     
  5.199262237425282E-002   283.480882222673     
  5.246540590698776E-002   278.341541555697     
  5.294248859330676E-002   273.294414970031     
  5.342390952662206E-002   268.337848131706     
  5.390970815583328E-002   263.470216390161     
  5.439992428855994E-002   258.689924245698     
  5.489459809440350E-002   253.995404826532     
  5.539377010823885E-002   249.385119375203     
  5.589748123353592E-002   244.857556744194     
  5.640577274571136E-002   240.411232900618     
  5.691868629551083E-002   236.044690439785     
  5.743626391242191E-002   231.756498107497     
  5.795854800811812E-002   227.545250330903     
  5.848558137993426E-002   223.409566757809     
  5.901740721437332E-002   219.348091804196     
  5.955406909064532E-002   215.359494209911     
  6.009561098423826E-002   211.442466602311     
  6.064207727052165E-002   207.595725067717     
  6.119351272838270E-002   203.818008730582     
  6.174996254389560E-002   200.108079340218     
  6.231147231402426E-002   196.464720864900     
  6.287808805035859E-002   192.886739093297     
  6.344985618288480E-002   189.372961243020     
  6.402682356379004E-002   185.922235576214     
  6.460903747130158E-002   182.533431022055     
  6.519654561356085E-002   179.205436805986     
  6.578939613253292E-002   175.937162085645     
  6.638763760795117E-002   172.727535593309     
  6.699131906129822E-002   169.575505284739     
  6.760048995982283E-002   166.480037994370     
  6.821520022059331E-002   163.440119096628     
  6.883550021458792E-002   160.454752173383     
  6.946144077082241E-002   157.522958687324     
  7.009307318051504E-002   154.643777661232     
  7.073044920128954E-002   151.816265362977     
  7.137362106141627E-002   149.039494996185     
  7.202264146409193E-002   146.312556396456     
  7.267756359175821E-002   143.634555733029     
  7.333844111045970E-002   141.004615215795     
  7.400532817424141E-002   138.421872807584     
  7.467827942958628E-002   135.885481941597     
  7.535735001989317E-002   133.394611243928     
  7.604259558999528E-002   130.948444261043     
  7.673407229071995E-002   128.546179192167     
  7.743183678348979E-002   126.187028626468     
  7.813594624496566E-002   123.870219284962     
  7.884645837173186E-002   121.594991767037     
  7.956343138502395E-002   119.360600301540     
  8.028692403549956E-002   117.166312502328     
  8.101699560805256E-002   115.011409128197     
  8.175370592667104E-002   112.895183847135     
  8.249711535933942E-002   110.816943004789     
  8.324728482298518E-002   108.776005397100     
  8.400427578847056E-002   106.771702047021     
  8.476815028562962E-002   104.803375985223     
  8.553897090835115E-002   102.870382034760     
  8.631680081970773E-002   100.972086599585     
  8.710170375713155E-002   99.1078674568674     
  8.789374403763722E-002   97.2771135530357     
  8.869298656309202E-002   95.4792248034784     
  8.949949682553411E-002   93.7136118958482     
  9.031334091253920E-002   91.9796960968915     
  9.113458551263597E-002   90.2769090627434     
  9.196329792077054E-002   88.6046926526306     
  9.279954604382096E-002   86.9624987459159     
  9.364339840616155E-002   85.3497890624382     
  9.449492415527810E-002   83.7660349860519     
  9.535419306743394E-002   82.2107173913683     
  9.622127555338748E-002   80.6833264735753     
  9.709624266416203E-002   79.1833615813321     
  9.797916609686783E-002   77.7103310526599     
  9.887011820057706E-002   76.2637520537676     
  9.976917198225239E-002   74.8431504207897     
  0.100676401112729        73.4480605043494     
  0.101591879932753        72.0780250169219     
  0.102515683459070        70.7325948829325     
  0.103447887390574        69.4113290915478     
  0.104388568114513        68.1137945521125     
  0.105337802712743        66.8395659521794     
  0.106295668968047        65.5882256180857     
  0.107262245370510        64.3593633780369     
  0.108237611123949        63.1525764276533     
  0.109221846152404        61.9674691979126     
  0.110215031106686        60.8036532254930     
  0.111217247370987        59.6607470254141     
  0.112228577069547        58.5383759659872     
  0.113249103073387        57.4361721459990     
  0.114278909007096        56.3537742741041     
  0.115318079255685        55.2908275503881     
  0.116366698971503        54.2469835500517     
  0.117424854081211        53.2219001091827     
  0.118492631292828        52.2152412125873     
  0.119570118102830        51.2266768836293     
  0.120657402803326        50.2558830760480     
  0.121754574489289        49.3025415677275     
  0.122861723065856        48.3663398563577     
  0.123978939255701        47.4469710569905     
  0.125106314606459        46.5441338014174     
  0.126243941498239        45.6575321393647     
  0.127391913151184        44.7868754414628     
  0.128550323633116        43.9318783039577     
  0.129719267867243        43.0922604551290     
  0.130898841639933        42.2677466634000     
  0.132089141608570        41.4580666470896     
  0.133290265309470        40.6629549857890     
  0.134502311165872        39.8821510333301     
  0.135725378496007        39.1153988323206     
  0.136959567521235        38.3624470302076     
  0.138204979374256        37.6230487968572     
  0.139461716107398        36.8969617436118     
  0.140729880700981        36.1839478437998     
  0.142009577071751        35.4837733546780     
  0.143300910081402        34.7962087407735     
  0.144603985545162        34.1210285986031     
  0.145918910240467        33.4580115827497     
  0.147245791915712        32.8069403332610     
  0.148584739299077        32.1676014043579     
  0.149935862107437        31.5397851944226     
  0.151299271055356        30.9232858772435     
  0.152675077864154        30.3179013344990     
  0.154063395271066        29.7234330894516     
  0.155464337038479        29.1396862418341     
  0.156878017963250        28.5664694039096     
  0.158304553886121        28.0035946376762     
  0.159744061701202        27.4508773932026     
  0.161196659365557        26.9081364480727     
  0.162662465908865        26.3751938479153     
  0.164141601443176        25.8518748480094     
  0.165634187172753        25.3380078559282     
  0.167140345404002        24.8334243752266     
  0.168660199555497        24.3379589501296     
  0.170193874168092        23.8514491112237     
  0.171741494915125        23.3737353221169     
  0.173303188612717        22.9046609270625     
  0.174879083230164        22.4440720995230     
  0.176469307900424        21.9918177916536     
  0.178073992930694        21.5477496847026     
  0.179693269813094        21.1117221402934     
  0.181327271235438        20.6835921525882     
  0.182976131092107        20.2632193013069     
  0.184639984495023        19.8504657055942     
  0.186318967784716        19.4451959787113     
  0.188013218541500        19.0472771835421     
  0.189722875596747        18.6565787889011     
  0.191448079044259        18.2729726266224     
  0.193188970251752        17.8963328494197     
  0.194945691872439        17.5265358895055     
  0.196718387856717        17.1634604179482     
  0.198507203463965        16.8069873047617     
  0.200312285274447        16.4569995797109     
  0.202133781201322        16.1133823938168     
  0.203971840502766        15.7760229815579     
  0.205826613794199        15.4448106237413     
  0.207698253060632        15.1196366110459     
  0.209586911669118        14.8003942082154     
  0.211492744381318        14.4869786188915     
  0.213415907366187        14.1792869510803     
  0.215356558212765        13.8772181832329     
  0.217314855943096        13.5806731309350     
  0.219290961025256        13.2895544141909     
  0.221285035386500        13.0037664252920     
  0.223297242426536        12.7232152972604     
  0.225327747030910        12.4478088728542     
  0.227376715584518        12.1774566741266     
  0.229444315985243        11.9120698725277     
  0.231530717657707        11.6515612595389     
  0.233636091567162        11.3958452178289     
  0.235760610233491        11.1448376929246     
  0.237904447745352        10.8984561653842     
  0.240067779774438        10.6566196234660     
  0.242250783589875        10.4192485362795     
  0.244453638072748        10.1862648274147     
  0.246676523730756        9.95759184903702     
  0.248919622713006        9.73315435644081     
  0.251183118824938        9.51287848305257     
  0.253467197543388        9.29669171587431     
  0.255772046031783        9.08452287136041     
  0.258097853155481        8.87630207171715     
  0.260444809497244        8.67196072162238     
  0.262813107372859        8.47143148534787     
  0.265202940846892        8.27464826428711     
  0.267614505748596        8.08154617487306     
  0.270047999687952        7.89206152688225     
  0.272503622071863        7.70613180211508     
  0.274981574120498        7.52369563344941     
  0.277482058883777        7.34469278425274     
  0.280005281258007        7.16906412815473     
  0.282551448002679        6.99675162916551     
  0.285120767757403        6.82769832213758     
  0.287713451059009        6.66184829356160     
  0.290329710358798        6.49914666269234     
  0.292969760039949        6.33953956299424     
  0.295633816435088        6.18297412390369     
  0.298322097844016        6.02939845290023     
  0.301034824551593        5.87876161787903     
  0.303772218845792        5.73101362982112     
  0.306534505035915        5.58610542575249     
  0.309321909470968        5.44398885198807     
  0.312134660558215        5.30461664765386     
  0.314972988781890        5.16794242848025     
  0.317837126722086        5.03392067086314     
  0.320727309073811        4.90250669618470     
  0.323643772666222        4.77365665538945     
  0.326586756482030        4.64732751381036     
  0.329556501677080        4.52347703623782     
  0.332553251600120        4.40206377222868     
  0.335577251812732        4.28304704164707     
  0.338628750109461        4.16638692043435     
  0.341707996538116        4.05204422660127     
  0.344815243420264        3.93998050643760     
  0.347950745371899        3.83015802093571     
  0.351114759324312        3.72253973242017     
  0.354307544545142        3.61708929138134     
  0.357529362659622        3.51377102350607     
  0.360780477672017        3.41254991690261     
  0.364061155987255        3.31339160951292     
  0.367371666432761        3.21626237670940     
  0.370712280280483        3.12112911907109     
  0.374083271269120        3.02795935033438     
  0.377484915626556        2.93672118551368     
  0.380917492092490        2.84738332918933     
  0.384381281941282        2.75991506395584     
  0.387876569004998        2.67428623902853     
  0.391403639696668        2.59046725900306     
  0.394962783033757        2.50842907276445     
  0.398554290661847        2.42814316254078     
  0.402178456878535        2.34958153309923     
  0.405835578657548        2.27271670107807     
  0.409525955673082        2.19752168445337     
  0.413249890324350        2.12396999213461     
  0.417007687760369        2.05203561368741     
  0.420799655904961        1.98169300917763     
  0.424626105481986        1.91291709913558     
  0.428487350040804        1.84568325463503     
  0.432383705981966        1.77996728748507     
  0.436315492583144        1.71574544053015     
  0.440283032025290        1.65299437805658     
  0.444286649419038        1.59169117630156     
  0.448326672831347        1.53181331406123     
  0.452403433312378        1.47333866339645     
  0.456517264922625        1.41624548043146     
  0.460668504760289        1.36051239624427     
  0.464857492988898        1.30611840784557     
  0.469084572865185        1.25304286924334     
  0.473350090767211        1.20126548259127     
  0.477654396222751        1.15076628941840     
  0.481997841937934        1.10152566193791     
  0.486380783826145        1.05352429443279     
  0.490803581037189        1.00674319471702     
  0.495266595986722       0.961163675669416     
  0.499770194385947       0.916767346839618     
  0.504314745271583       0.873536106124103     
  0.508900621036101       0.831452131510645     
  0.513528197458243       0.790497872890574     
  0.518197853733814       0.750656043937202     
  0.522909972506751       0.711909614049929     
  0.527664939900481       0.674241800363063     
  0.532463145549559       0.637636059818631     
  0.537304982631597       0.602076081303217     
  0.542190847899482       0.567545777848380     
  0.547121141713887       0.534029278894545     
  0.552096268076076       0.501510922618685     
  0.557116634661010       0.469975248326472     
  0.562182652850754       0.439406988908763     
  0.567294737768184       0.409791063364274     
  0.572453308311008       0.381112569388396     
  0.577658787186086       0.353356776030820     
  0.582911600944071       0.326509116421889     
  0.588212180014362       0.300555180570981     
  0.593560958740373       0.275480708238105     
  0.598958375415124       0.251271581881161     
  0.604404872317157       0.227913819681827     
  0.609900895746778       0.205393568652390     
  0.615446896062625       0.183697097827274     
  0.621043327718578       0.162810791542137     
  0.626690649300988       0.142721142804632     
  0.632389323566267       0.123414746761002     
  0.638139817478795       0.104878294262306     
  0.643942602249194       8.709856553553230E-002
  0.649798153372937       7.006242396428419E-002
  0.655706950669310       5.375680998430532E-002
  0.661669478320729       3.816873509971330E-002
  0.667686224912420       2.328527602557884E-002
  0.673757683472450       9.093568963315590E-003
  0.679884351512128      -4.419195984466384E-003
  0.686066731066776      -1.726578025294856E-002
  0.692305328736862      -2.945890210040680E-002
  0.698600655729515      -4.101124173240400E-002
  0.704953227900414      -5.193544625702806E-002
  0.711363565796059      -6.224413446274113E-002
  0.717832194696427      -7.194990141053204E-002
  0.724359644658010      -8.106532283139245E-002
  0.730946450557257      -8.960295932022433E-002
  0.737593152134396      -9.757536031637137E-002
  0.744300294037665      -0.104995067861573     
  0.751068425867942      -0.111874620125182     
  0.757898102223782      -0.118226554686286     
  0.764789882746857      -0.124063411562958     
  0.771744332167820      -0.129397735977363     
  0.778762020352580      -0.134242080846541     
  0.785843522348994      -0.138609008987492     
  0.792989418433994      -0.142511095026084     
  0.800200294161129      -0.145960926998166     
  0.807476740408557      -0.148971107632146     
  0.814819353427451      -0.151554255301527     
  0.822228734890868      -0.153723004636587     
  0.829705491943046      -0.155490006783849     
  0.837250237249154      -0.156867929302543     
  0.844863589045501      -0.157869455687180     
  0.852546171190191      -0.158507284505635     
  0.860298613214246      -0.158794128142574     
  0.868121550373188      -0.158742711137915     
  0.876015623699099      -0.158365768111072     
  0.883981480053145      -0.157676041261551     
  0.892019772178582      -0.156686277437471     
  0.900131158754245      -0.155409224763863     
  0.908316304448519      -0.153857628823364     
  0.916575879973807      -0.152044228382843     
  0.924910562141488      -0.149981750659995     
  0.933321033917377      -0.147682906125180     
  0.941807984477689      -0.145160382834469     
  0.950372109265514      -0.142426840291291     
  0.959014110047798      -0.139494902834990     
  0.967734694972854      -0.136377152555850     
  0.976534578628386      -0.133086121737806     
  0.985414482100045      -0.129634284831138     
  0.994375133030515      -0.126034049959253     
   1.00341726567914      -0.122297749965303     
   1.01254162098210      -0.118437633005886     
   1.02174894661309      -0.114465852701153     
   1.03103999704464      -0.110394457852624     
   1.04041553360991      -0.106235381741691     
   1.04987632456505      -0.102000431024213     
   1.05942314515220      -9.770127423873554E-002
   1.06905677766300      -9.334942994794471E-002
   1.07877801150267      -8.895625453557798E-002
   1.08858764325472      -8.453292968312365E-002
   1.09848647674623      -8.009044955346845E-002
   1.10847532311369      -7.563960771073752E-002
   1.11855500086948      -7.119098380843969E-002
   1.12872633596897      -6.675493008060318E-002
   1.13899016187813      -6.234155767294247E-002
   1.14934731964192      -5.796072285400733E-002
   1.15979865795312      -5.362201314870596E-002
   1.17034503322193      -4.933473343916273E-002
   1.18098730964612      -4.510789208056298E-002
   1.19172635928186      -4.095018708192200E-002
   1.20256306211518      -3.686999240432698E-002
   1.21349830613405      -3.287534443139428E-002
   1.22453298740118      -2.897392866889970E-002
   1.23566801012741      -2.517306673271502E-002
   1.24690428674586      -2.147970368602081E-002
   1.25824273798663      -1.790039578840119E-002
   1.26968429295228      -1.444129872125188E-002
   1.28122988919397      -1.110815635485185E-002
   1.29288047278829      -7.906290123830928E-003
   1.30463699841473      -4.840589078280111E-003
   1.31650042943399      -1.915500678408399E-003
   1.32847173796685       8.649775993960773E-004
   1.34055190497388       3.497305777321991E-003
   1.35274192033579       5.978407944640551E-003
   1.36504278293455       8.305677813855272E-003
   1.37745550073526       1.047698319979729E-002
   1.38998109086870       1.249066935896437E-002
   1.40262057971474       1.434556112859120E-002
   1.41537500298639       1.604096380793463E-002
   1.42824540581469       1.757666272746627E-002
   1.44123284283437       1.895292145557637E-002
   1.45433837827023       2.017047859677712E-002
   1.46756308602436       2.123054314020356E-002
   1.48090804976417       2.213478832274873E-002
   1.49437436301114       2.288534397701492E-002
   1.50796312923046       2.348478734081949E-002
   1.52167546192143       2.393613231192937E-002
   1.53551248470871       2.424281713918175E-002
   1.54947533143442       2.440869054911987E-002
   1.56356514625099       2.443799631563115E-002
   1.57778308371498       2.433535628891814E-002
   1.59213030888163       2.410575190925801E-002
   1.60660799740038       2.375450424056247E-002
   1.62121733561117       2.328725256848463E-002
   1.63595952064165       2.270993161781698E-002
   1.65083576050531       2.202874745409900E-002
   1.66584727420045       2.125015214451254E-002
   1.68099529181002       2.038081726345031E-002
   1.69628105460252       1.942760633821261E-002
   1.71170581513361       1.839754634035251E-002
   1.72727083734882       1.729779833784595E-002
   1.74297739668705       1.613562743271424E-002
   1.75882678018518       1.491837211759273E-002
   1.77482028658344       1.365341319316848E-002
   1.79095922643187       1.234814239611559E-002
   1.80724492219774       1.100993089410984E-002
   1.82367870837386       9.646097810648291E-003
   1.84026193158795       8.263878947520453E-003
   1.85699595071303       6.870395876881874E-003
   1.87388213697871       5.472625577806811E-003
   1.89092187408357       4.077370793920787E-003
   1.90811655830857       2.691231289069340E-003
   1.92546759863144       1.320576176988553E-003
   1.94297641684212      -2.848250151987752E-005
   1.96064444765932      -1.350114784369083E-003
   1.97847313884803      -2.638796212878547E-003
   1.99646395133817      -3.889329518365736E-003
