  1.215775037524561E-006   5133388481667.71     
  1.226830421750313E-006   5041287855830.33     
  1.237986335693001E-006   4950839651551.33     
  1.249243693497602E-006   4862014221948.08     
  1.260603417621676E-006   4774782452046.78     
  1.272066438910944E-006   4689115749239.14     
  1.283633696675570E-006   4604986033910.49     
  1.295306138767131E-006   4522365730235.82     
  1.307084721656284E-006   4441227757141.08     
  1.318970410511143E-006   4361545519426.67     
  1.330964179276365E-006   4283292899050.04     
  1.343067010752962E-006   4206444246564.89     
  1.355279896678832E-006   4130974372713.78     
  1.367603837810021E-006   4056858540171.71     
  1.380039844002736E-006   3984072455437.78     
  1.392588934296086E-006   3912592260872.32     
  1.405252136995594E-006   3842394526876.91     
  1.418030489757448E-006   3773456244214.67     
  1.430925039673541E-006   3705754816468.38     
  1.443936843357265E-006   3639268052633.86     
  1.457066967030092E-006   3573974159846.29     
  1.470316486608951E-006   3509851736236.98     
  1.483686487794382E-006   3446879763918.33     
  1.497178066159505E-006   3385037602094.66     
  1.510792327239798E-006   3324304980296.59     
  1.524530386623681E-006   3264661991736.88     
  1.538393370043933E-006   3206089086785.40     
  1.552382413469940E-006   3148567066561.24     
  1.566498663200774E-006   3092077076639.72     
  1.580743275959129E-006   3036600600872.36     
  1.595117418986103E-006   2982119455317.70     
  1.609622270136845E-006   2928615782281.01     
  1.624259017977073E-006   2876072044460.94     
  1.639028861880466E-006   2824471019201.22     
  1.653933012126946E-006   2773795792845.41     
  1.668972690001851E-006   2724029755193.05     
  1.684149127896008E-006   2675156594055.16     
  1.699463569406722E-006   2627160289907.52     
  1.714917269439678E-006   2580025110639.77     
  1.730511494311769E-006   2533735606398.86     
  1.746247521854867E-006   2488276604524.87     
  1.762126641520526E-006   2443633204577.81     
  1.778150154485646E-006   2399790773453.55     
  1.794319373759094E-006   2356734940587.44     
  1.810635624289298E-006   2314451593243.97     
  1.827100243072811E-006   2272926871890.93     
  1.843714579263874E-006   2232147165656.56     
  1.860479994284967E-006   2192099107868.24     
  1.877397861938365E-006   2152769571671.15     
  1.894469568518716E-006   2114145665725.64     
  1.911696512926634E-006   2076214729981.72     
  1.929080106783329E-006   2038964331529.35     
  1.946621774546280E-006   2002382260523.28     
  1.964322953625958E-006   1966456526180.89     
  1.982185094503613E-006   1931175352851.87     
  2.000209660850127E-006   1896527176158.48     
  2.018398129645952E-006   1862500639204.99     
  2.036751991302144E-006   1829084588855.12     
  2.055272749782477E-006   1796268072076.33     
  2.073961922726699E-006   1764040332349.64     
  2.092821041574877E-006   1732390806143.90     
  2.111851651692896E-006   1701309119453.30     
  2.131055312499086E-006   1670785084397.00     
  2.150433597592007E-006   1640808695879.79     
  2.169988094879394E-006   1611370128312.63     
  2.189720406708272E-006   1582459732392.06     
  2.209632149996258E-006   1554068031937.34     
  2.229724956364056E-006   1526185720784.44     
  2.250000472269157E-006   1498803659735.61     
  2.270460359140750E-006   1471912873563.84     
  2.291106293515870E-006   1445504548070.90     
  2.311939967176771E-006   1419570027198.32     
  2.332963087289563E-006   1394100810190.08     
  2.354177376544093E-006   1369088548806.28     
  2.375584573295115E-006   1344525044586.76     
  2.397186431704728E-006   1320402246163.86     
  2.418984721886122E-006   1296712246623.32     
  2.440981230048625E-006   1273447280912.61     
  2.463177758644066E-006   1250599723295.70     
  2.485576126514476E-006   1228162084853.52     
  2.508178169041131E-006   1206127011029.28     
  2.530985738294940E-006   1184487279217.79     
  2.554000703188216E-006   1163235796398.06     
  2.577224949627819E-006   1142365596808.36     
  2.600660380669686E-006   1121869839663.05     
  2.624308916674781E-006   1101741806910.24     
  2.648172495466446E-006   1081974901029.83     
  2.672253072489201E-006   1062562642870.99     
  2.696552620968965E-006   1043498669528.41     
  2.721073132074761E-006   1024776732256.68     
  2.745816615081871E-006   1006390694422.14     
  2.770785097536482E-006   988334529491.401     
  2.795980625421825E-006   970602319055.959     
  2.821405263325837E-006   953188250892.322     
  2.847061094610328E-006   936086617056.864     
  2.872950221581709E-006   919291812014.898     
  2.899074765663249E-006   902798330803.314     
  2.925436867568917E-006   886600767226.167     
  2.952038687478797E-006   870693812082.656     
  2.978882405216097E-006   855072251426.885     
  3.005970220425769E-006   839730964858.849     
  3.033304352754756E-006   824664923846.084     
  3.060887042033876E-006   809869190075.427     
  3.088720548461358E-006   795338913834.351     
  3.116807152788046E-006   781069332421.332     
  3.145149156504296E-006   767055768584.754     
  3.173748882028561E-006   753293628989.803     
  3.202608672897700E-006   739778402712.877     
  3.231730893959008E-006   726505659763.011     
  3.261117931564005E-006   713471049629.823     
  3.290772193763975E-006   700670299857.517     
  3.320696110507288E-006   688099214644.467     
  3.350892133838518E-006   675753673467.929     
  3.381362738099372E-006   663629629733.424     
  3.412110420131440E-006   651723109448.362     
  3.443137699480794E-006   640030209919.451     
  3.474447118604449E-006   628547098473.485     
  3.506041243078693E-006   617270011201.082     
  3.537922661809324E-006   606195251722.955     
  3.570093987243787E-006   595319189978.326     
  3.602557855585245E-006   584638261035.074     
  3.635316927008598E-006   574148963921.228     
  3.668373885878466E-006   563847860477.433     
  3.701731440969149E-006   553731574229.992     
  3.735392325686595E-006   543796789284.138     
  3.769359298292378E-006   534040249237.162     
  3.803635142129723E-006   524458756111.030     
  3.838222665851578E-006   515049169304.164     
  3.873124703650757E-006   505808404562.021     
  3.908344115492190E-006   496733432966.147     
  3.943883787347273E-006   487821279941.361     
  3.979746631430350E-006   479069024280.760     
  4.015935586437346E-006   470473797188.216     
  4.052453617786579E-006   462032781338.042     
  4.089303717861747E-006   453743209951.541     
  4.126488906257133E-006   445602365890.119     
  4.164012230025044E-006   437607580764.666     
  4.201876763925485E-006   429756234060.921     
  4.240085610678122E-006   422045752280.522     
  4.278641901216521E-006   414473608097.477     
  4.317548794944710E-006   407037319529.760     
  4.356809479996062E-006   399734449125.773     
  4.396427173494547E-006   392562603165.406     
  4.436405121818345E-006   385519430875.430     
  4.476746600865867E-006   378602623658.965     
  4.517454916324189E-006   371809914338.774     
  4.558533403939929E-006   365139076414.135     
  4.599985429792585E-006   358587923331.043     
  4.641814390570366E-006   352154307765.508     
  4.684023713848518E-006   345836120919.709     
  4.726616858370195E-006   339631291830.778     
  4.769597314329873E-006   333537786691.988     
  4.812968603659350E-006   327553608186.112     
  4.856734280316338E-006   321676794830.753     
  4.900897930575686E-006   315905420335.408     
  4.945463173323248E-006   310237592970.079     
  4.990433660352426E-006   304671454945.205     
  5.035813076663405E-006   299205181802.718     
  5.081605140765114E-006   293836981818.029     
  5.127813604979927E-006   288565095412.742     
  5.174442255751142E-006   283387794577.901     
  5.221494913953250E-006   278303382307.589     
  5.268975435205028E-006   273310192042.689     
  5.316887710185476E-006   268406587124.622     
  5.365235664952637E-006   263590960258.887     
  5.414023261265301E-006   258861732988.226     
  5.463254496907642E-006   254217355175.243     
  5.512933406016814E-006   249656304494.302     
  5.563064059413512E-006   245177085932.543     
  5.613650564935550E-006   240778231299.853     
  5.664697067774460E-006   236458298747.623     
  5.716207750815174E-006   232215872296.143     
  5.768186834978766E-006   228049561370.478     
  5.820638579568341E-006   223958000344.667     
  5.873567282618032E-006   219939848094.102     
  5.926977281245215E-006   215993787555.938     
  5.980872952005890E-006   212118525297.388     
  6.035258711253311E-006   208312791091.765     
  6.090139015499875E-006   204575337502.135     
  6.145518361782295E-006   200904939472.426     
  6.201401288030110E-006   197300393925.891     
  6.257792373437524E-006   193760519370.762     
  6.314696238838641E-006   190284155512.984     
  6.372117547086107E-006   186870162875.899     
  6.430061003433205E-006   183517422426.746     
  6.488531355919403E-006   180224835209.874     
  6.547533395759427E-006   176991321986.525     
  6.607071957735868E-006   173815822881.083     
  6.667151920595352E-006   170697297033.672     
  6.727778207448322E-006   167634722258.988     
  6.788955786172447E-006   164627094711.244     
  6.850689669819703E-006   161673428555.138     
  6.912984917027163E-006   158772755642.714     
  6.975846632431499E-006   155924125196.026     
  7.039279967087289E-006   153126603495.495     
  7.103290118889093E-006   150379273573.856     
  7.167882332997389E-006   147681234915.598     
  7.233061902268377E-006   145031603161.793     
  7.298834167687678E-006   142429509820.225     
  7.365204518808008E-006   139874101980.717     
  7.432178394190792E-006   137364542035.566     
  7.499761281851830E-006   134900007404.994     
  7.567958719710984E-006   132479690267.525     
  7.636776296045988E-006   130102797295.199     
  7.706219649950349E-006   127768549393.539     
  7.776294471795441E-006   125476181446.176     
  7.847006503696785E-006   123224942064.068     
  7.918361539984566E-006   121014093339.205     
  7.990365427678453E-006   118842910602.744     
  8.063024066966700E-006   116710682187.476     
  8.136343411689639E-006   114616709194.560     
  8.210329469827537E-006   112560305264.436     
  8.284988303992923E-006   110540796351.856     
  8.360326031927360E-006   108557520504.944     
  8.436348827002760E-006   106609827648.222     
  8.513062918727238E-006   104697079369.536     
  8.590474593255582E-006   102818648710.789     
  8.668590193904344E-006   100973919962.449     
  8.747416121671649E-006   99162288461.7250     
  8.826958835761685E-006   97383160394.3748     
  8.907224854114010E-006   95635952600.0672     
  8.988220753937634E-006   93920092381.2335     
  9.069953172249977E-006   92235017315.3508     
  9.152428806420727E-006   90580175070.5922     
  9.235654414720636E-006   88955023224.7848     
  9.319636816875310E-006   87359029087.6159     
  9.404382894624042E-006   85791669526.0290     
  9.489899592283712E-006   84252430792.7524     
  9.576193917317826E-006   82740808357.9047     
  9.663272940910726E-006   81256306743.6207     
  9.751143798547024E-006   79798439361.6450     
  9.839813690596293E-006   78366728353.8394     
  9.929289882903098E-006   76960704435.5514     
  1.001957970738237E-005   75579906741.7935     
  1.011069056262019E-005   74223882676.1817     
  1.020262991448010E-005   72892187762.5845     
  1.029540529671478E-005   71584385499.4339     
  1.038902431158350E-005   70300047216.6492     
  1.048349463047497E-005   69038751935.1295     
  1.057882399453602E-005   67800086228.7652     
  1.067502021530589E-005   66583644088.9268     
  1.077209117535634E-005   65389026791.3841     
  1.087004482893758E-005   64215842765.6132     
  1.096888920263005E-005   63063707466.4484     
  1.106863239600215E-005   61932243248.0372     
  1.116928258227392E-005   60821079240.0560     
  1.127084800898679E-005   59729851226.1473     
  1.137333699867941E-005   58658201524.5376     
  1.147675794956962E-005   57605778870.7975     
  1.158111933624259E-005   56572238302.7045     
  1.168642971034531E-005   55557241047.1728     
  1.179269770128726E-005   54560454409.2104     
  1.189993201694761E-005   53581551662.8696     
  1.200814144438869E-005   52620211944.1529     
  1.211733485057607E-005   51676120145.8415     
  1.222752118310513E-005   50748966814.2100     
  1.233870947093426E-005   49838448047.5941     
  1.245090882512470E-005   48944265396.7786     
  1.256412843958712E-005   48066125767.1723     
  1.267837759183501E-005   47203741322.7386     
  1.279366564374492E-005   46356829391.6481     
  1.291000204232356E-005   45525112373.6264     
  1.302739632048191E-005   44708317648.9618     
  1.314585809781641E-005   43906177489.1475     
  1.326539708139719E-005   43118428969.1253     
  1.338602306656351E-005   42344813881.1053     
  1.350774593772639E-005   41585078649.9306     
  1.363057566917857E-005   40838974249.9615     
  1.375452232591186E-005   40106256123.4500     
  1.387959606444186E-005   39386684100.3792     
  1.400580713364022E-005   38680022319.7412     
  1.413316587557445E-005   37986039152.2271     
  1.426168272635542E-005   37304507124.3033     
  1.439136821699245E-005   36635202843.6519     
  1.452223297425633E-005   35977906925.9467     
  1.465428772155003E-005   35332403922.9442     
  1.478754327978746E-005   34698482251.8645     
  1.492201056828012E-005   34075934126.0392     
  1.505770060563190E-005   33464555486.8033     
  1.519462451064195E-005   32864145936.6093     
  1.533279350321579E-005   32274508673.3417     
  1.547221890528467E-005   31695450425.8091     
  1.561291214173337E-005   31126781390.3945     
  1.575488474133635E-005   30568315168.8418     
  1.589814833770247E-005   30019868707.1584     
  1.604271467022824E-005   29481262235.6146     
  1.618859558505982E-005   28952319209.8185     
  1.633580303606371E-005   28432866252.8489     
  1.648434908580628E-005   27922733098.4264     
  1.663424590654220E-005   27421752535.1033     
  1.678550578121186E-005   26929760351.4561     
  1.693814110444791E-005   26446595282.2598     
  1.709216438359087E-005   25972098955.6296     
  1.724758823971400E-005   25506115841.1092     
  1.740442540865757E-005   25048493198.6921     
  1.756268874207238E-005   24599081028.7564     
  1.772239120847294E-005   24157732022.8982     
  1.788354589430009E-005   23724301515.6472     
  1.804616600499336E-005   23298647437.0488     
  1.821026486607307E-005   22880630266.0962     
  1.837585592423220E-005   22470112984.9991     
  1.854295274843834E-005   22066961034.2717     
  1.871156903104549E-005   21671042268.6273     
  1.888171858891607E-005   21282226913.6640     
  1.905341536455314E-005   20900387523.3277     
  1.922667342724283E-005   20525398938.1375     
  1.940150697420726E-005   20157138244.1618     
  1.957793033176788E-005   19795484732.7295     
  1.975595795651941E-005   19440319860.8642     
  1.993560443651446E-005   19091527212.4290     
  2.011688449245888E-005   18748992459.9669     
  2.029981297891806E-005   18412603327.2279     
  2.048440488553410E-005   18082249552.3662     
  2.067067533825417E-005   17757822851.7996     
  2.085863960056990E-005   17439216884.7162     
  2.104831307476815E-005   17126327218.2180     
  2.123971130319311E-005   16819051293.0905     
  2.143284996951986E-005   16517288390.1858     
  2.162774490003957E-005   16220939597.4090     
  2.182441206495631E-005   15929907777.2972     
  2.202286757969570E-005   15644097535.1798     
  2.222312770622546E-005   15363415187.9101     
  2.242520885438798E-005   15087768733.1584     
  2.262912758324492E-005   14817067819.2551     
  2.283490060243416E-005   14551223715.5761     
  2.304254477353902E-005   14290149283.4580     
  2.325207711146994E-005   14033758947.6365     
  2.346351478585873E-005   13781968668.1968     
  2.367687512246545E-005   13534695913.0267     
  2.389217560459821E-005   13291859630.7645     
  2.410943387454574E-005   13053380224.2324     
  2.432866773502306E-005   12819179524.3460     
  2.454989515063029E-005   12589180764.4922     
  2.477313424932471E-005   12363308555.3670     
  2.499840332390619E-005   12141488860.2641     
  2.522572083351621E-005   11923648970.8079     
  2.545510540515038E-005   11709717483.1204     
  2.568657583518483E-005   11499624274.4176     
  2.592015109091644E-005   11293300480.0238     
  2.615585031211701E-005   11090678470.7999     
  2.639369281260170E-005   10891691830.9758     
  2.663369808181163E-005   10696275336.3807     
  2.687588578641086E-005   10504364933.0641     
  2.712027577189795E-005   10315897716.3005     
  2.736688806423221E-005   10130811909.9700     
  2.761574287147457E-005   9949046846.31017     
  2.786686058544356E-005   9770542946.02990     
  2.812026178338625E-005   9595241698.78089     
  2.837596722966443E-005   9423085643.97911     
  2.863399787745601E-005   9254018351.97048     
  2.889437487047208E-005   9087984405.53448     
  2.915711954468944E-005   8924929381.71950     
  2.942225343009892E-005   8764799834.00426     
  2.968979825246959E-005   8607543274.77915     
  2.995977593512907E-005   8453108158.14189     
  3.023220860075995E-005   8301443863.00194     
  3.050711857321260E-005   8152500676.48800     
  3.078452837933444E-005   8006229777.65313     
  3.106446075081582E-005   7862583221.47238     
  3.134693862605278E-005   7721513923.12738     
  3.163198515202662E-005   7582975642.57297     
  3.191962368620065E-005   7446922969.38070     
  3.220987779843418E-005   7313311307.85424     
  3.250277127291385E-005   7182096862.41194     
  3.279832811010261E-005   7053236623.23148     
  3.309657252870638E-005   6926688352.15223     
  3.339752896765854E-005   6802410568.83049     
  3.370122208812262E-005   6680362537.14307     
  3.400767677551299E-005   6560504251.83490     
  3.431691814153412E-005   6442796425.40615     
  3.462897152623827E-005   6327200475.23462     
  3.494386250010190E-005   6213678510.92919     
  3.526161686612102E-005   6102193321.91016     
  3.558226066192552E-005   5992708365.21237     
  3.590582016191280E-005   5885187753.50727     
  3.623232187940073E-005   5779596243.33975     
  3.656179256880021E-005   5675899223.57611     
  3.689425922780758E-005   5574062704.05928     
  3.722974909961676E-005   5474053304.46753     
  3.756828967515173E-005   5375838243.37314     
  3.790990869531917E-005   5279385327.49735     
  3.825463415328160E-005   5184662941.15804     
  3.860249429675125E-005   5091640035.90684     
  3.895351763030475E-005   5000286120.35203     
  3.930773291771884E-005   4910571250.16420     
  3.966516918432738E-005   4822466018.26103     
  4.002585571939975E-005   4735941545.16836     
  4.038982207854088E-005   4650969469.55403     
  4.075709808611315E-005   4567521938.93171     
  4.112771383768023E-005   4485571600.53137     
  4.150169970247322E-005   4405091592.33366     
  4.187908632587916E-005   4326055534.26510     
  4.225990463195226E-005   4248437519.55122     
  4.264418582594776E-005   4172212106.22490     
  4.303196139687917E-005   4097354308.78702     
  4.342326312009836E-005   4023839590.01671     
  4.381812305989947E-005   3951643852.92859     
  4.421657357214622E-005   3880743432.87427     
  4.461864730692338E-005   3811115089.78557     
  4.502437721121202E-005   3742736000.55693     
  4.543379653158946E-005   3675583751.56447     
  4.584693881695344E-005   3609636331.31924     
  4.626383792127128E-005   3544872123.25235     
  4.668452800635395E-005   3481269898.62949     
  4.710904354465535E-005   3418808809.59260     
  4.753741932209709E-005   3357468382.32638     
  4.796969044091900E-005   3297228510.34738     
  4.840589232255539E-005   3238069447.91352     
  4.884606071053764E-005   3179971803.55188     
  4.929023167342313E-005   3122916533.70251     
  4.973844160775074E-005   3066884936.47642     
  5.019072724102335E-005   3011858645.52540     
  5.064712563471734E-005   2957819624.02202     
  5.110767418731948E-005   2904750158.74742     
  5.157241063739154E-005   2852632854.28537     
  5.204137306666261E-005   2801450627.32035     
  5.251459990314965E-005   2751186701.03804     
  5.299212992430642E-005   2701824599.62618     
  5.347400226020093E-005   2653348142.87417     
  5.396025639672192E-005   2605741440.86951     
  5.445093217881440E-005   2558988888.78943     
  5.494606981374467E-005   2513075161.78593     
  5.544570987439503E-005   2467985209.96263     
  5.594989330258837E-005   2423704253.44170     
  5.645866141244312E-005   2380217777.51934     
  5.697205589375860E-005   2337511527.90812     
  5.749011881543115E-005   2295571506.06477     
  5.801289262890149E-005   2254383964.60169     
  5.854042017163315E-005   2213935402.78087     
  5.907274467062279E-005   2174212562.08861     
  5.960990974594233E-005   2135202421.88964     
  6.015195941431323E-005   2096892195.15925     
  6.069893809271341E-005   2059269324.29191     
  6.125089060201679E-005   2022321476.98521     
  6.180786217066619E-005   1986036542.19751     
  6.236989843837927E-005   1950402626.17824     
  6.293704545988859E-005   1915408048.56933     
  6.350934970871526E-005   1881041338.57665     
  6.408685808097723E-005   1847291231.21012     
  6.466961789923196E-005   1814146663.59123     
  6.525767691635434E-005   1781596771.32689     
  6.585108331944947E-005   1749630884.94829     
  6.644988573380143E-005   1718238526.41367     
  6.705413322685762E-005   1687409405.67379     
  6.766387531224957E-005   1657133417.29910     
  6.827916195385015E-005   1627400637.16738     
  6.890004356986783E-005   1598201319.21078     
  6.952657103697793E-005   1569525892.22127     
  7.015879569449178E-005   1541364956.71339     
  7.079676934856344E-005   1513709281.84329     
  7.144054427643494E-005   1486549802.38302     
  7.209017323071993E-005   1459877615.74917     
  7.274570944372642E-005   1433683979.08473     
  7.340720663181872E-005   1407960306.39338     
  7.407471899981926E-005   1382698165.72517     
  7.474830124545004E-005   1357889276.41269     
  7.542800856381487E-005   1333525506.35682     
  7.611389665192219E-005   1309598869.36121     
  7.680602171324893E-005   1286101522.51453     
  7.750444046234606E-005   1263025763.61976     
  7.820921012948598E-005   1240364028.66951     
  7.892038846535194E-005   1218108889.36673     
  7.963803374577039E-005   1196253050.68983     
  8.036220477648639E-005   1174789348.50152     
  8.109296089798202E-005   1153710747.20056     
  8.183036199033911E-005   1133010337.41562     
  8.257446847814592E-005   1112681333.74049     
  8.332534133544848E-005   1092717072.51001     
  8.408304209074692E-005   1073111009.61581     
  8.484763283203734E-005   1053856718.36129     
  8.561917621189949E-005   1034947887.35507     
  8.639773545263061E-005   1016378318.44225     
  8.718337435142599E-005   998141924.672736     
  8.797615728560690E-005   980232728.306108     
  8.877614921789557E-005   962644858.852188     
  8.958341570173859E-005   945372551.146825     
  9.039802288667844E-005   928410143.462178     
  9.122003752377400E-005   911752075.650913     
  9.204952697107028E-005   895392887.323689     
  9.288655919911796E-005   879327216.059346     
  9.373120279654303E-005   863549795.647207     
  9.458352697566714E-005   848055454.360909     
  9.544360157817901E-005   832839113.263216     
  9.631149708085756E-005   817895784.541232     
  9.718728460134677E-005   803220569.871491     
  9.807103590398340E-005   788808658.814382     
  9.896282340567751E-005   774655327.237372     
  9.986272018184645E-005   760755935.766526     
  1.007707999724029E-004   747105928.265806     
  1.016871371877974E-004   733700830.343655     
  1.026118069151154E-004   720536247.886375     
  1.035448849242306E-004   707607865.617813     
  1.044864476740132E-004   694911445.684901     
  1.054365723185956E-004   682442826.268559     
  1.063953367136943E-004   670197920.219531     
  1.073628194229899E-004   658172713.718690     
  1.083390997245644E-004   646363264.961386     
  1.093242576173978E-004   634765702.865389     
  1.103183738279234E-004   623376225.802021     
  1.113215298166424E-004   612191100.350053     
  1.123338077847995E-004   601206660.071954     
  1.133552906811184E-004   590419304.312103     
  1.143860622085987E-004   579825497.016555     
  1.154262068313750E-004   569421765.573989     
  1.164758097816382E-004   559204699.677447     
  1.175349570666190E-004   549170950.206500     
  1.186037354756366E-004   539317228.129459     
  1.196822325872095E-004   529640303.425296     
  1.207705367762324E-004   520137004.024898     
  1.218687372212178E-004   510804214.771320     
  1.229769239116034E-004   501638876.398688     
  1.240951876551263E-004   492637984.529432     
  1.252236200852637E-004   483798588.689498     
  1.263623136687419E-004   475117791.341237     
  1.275113617131132E-004   466592746.933645     
  1.286708583744015E-004   458220660.969637     
  1.298408986648180E-004   449998789.090062     
  1.310215784605467E-004   441924436.174149     
  1.322129945096006E-004   433994955.456095     
  1.334152444397497E-004   426207747.657498     
  1.346284267665207E-004   418560260.135359     
  1.358526409012696E-004   411049986.045371     
  1.370879871593279E-004   403674463.520219     
  1.383345667682227E-004   396431274.862617     
  1.395924818759712E-004   389318045.752833     
  1.408618355594515E-004   382332444.470428     
  1.421427318328487E-004   375472181.129953     
  1.434352756561779E-004   368735006.930364     
  1.447395729438854E-004   362118713.417907     
  1.460557305735272E-004   355621131.762219     
  1.473838563945269E-004   349240132.045427     
  1.487240592370134E-004   342973622.563989     
  1.500764489207386E-004   336819549.143074     
  1.514411362640759E-004   330775894.463238     
  1.528182330931018E-004   324840677.399176     
  1.542078522507584E-004   319011952.370342     
  1.556101076061006E-004   313287808.703225     
  1.570251140636266E-004   307666370.005053     
  1.584529875726934E-004   302145793.548750     
  1.598938451370181E-004   296724269.668915     
  1.613478048242657E-004   291400021.168644     
  1.628149857757236E-004   286171302.736994     
  1.642955082160641E-004   281036400.376896     
  1.657894934631968E-004   275993630.843339     
  1.672970639382087E-004   271041341.091623     
  1.688183431753964E-004   266177907.735522     
  1.703534558323884E-004   261401736.515159     
  1.719025277003603E-004   256711261.774437     
  1.734656857143421E-004   252104945.947840     
  1.750430579636197E-004   247581279.056441     
  1.766347737022308E-004   243138778.212956     
  1.782409633595568E-004   238775987.135677     
  1.798617585510096E-004   234491475.671125     
  1.814972920888173E-004   230283839.325266     
  1.831476979929071E-004   226151698.803140     
  1.848131115018867E-004   222093699.556752     
  1.864936690841269E-004   218108511.341067     
  1.881895084489433E-004   214194827.777977     
  1.899007685578814E-004   210351365.928093     
  1.916275896361030E-004   206576865.870212     
  1.933701131838766E-004   202870090.288338     
  1.951284819881726E-004   199229824.066102     
  1.969028401343633E-004   195654873.888471     
  1.986933330180300E-004   192144067.850595     
  2.005001073568766E-004   188696255.073670     
  2.023233112027527E-004   185310305.327703     
  2.041630939537847E-004   181985108.661030     
  2.060196063666181E-004   178719575.036501     
  2.078930005687714E-004   175512633.974170     
  2.097834300711011E-004   172363234.200415     
  2.116910497803809E-004   169270343.303343     
  2.136160160119957E-004   166232947.394376     
  2.155584865027499E-004   163250050.775918     
  2.175186204237932E-004   160320675.614977     
  2.194965783936631E-004   157443861.622643     
  2.214925224914468E-004   154618665.739321     
  2.235066162700622E-004   151844161.825608     
  2.255390247696596E-004   149119440.358717     
  2.275899145311462E-004   146443608.134345     
  2.296594536098321E-004   143815787.973898     
  2.317478115892019E-004   141235118.436960     
  2.338551595948103E-004   138700753.538924     
  2.359816703083049E-004   136211862.473689     
  2.381275179815760E-004   133767629.341336     
  2.402928784510353E-004   131367252.880682     
  2.424779291520245E-004   129009946.206640     
  2.446828491333547E-004   126694936.552286     
  2.469078190719783E-004   124421465.015558     
  2.491530212877937E-004   122188786.310496     
  2.514186397585858E-004   119996168.522946     
  2.537048601351011E-004   117842892.870648     
  2.560118697562602E-004   115728253.467629     
  2.583398576645096E-004   113651557.092822     
  2.606890146213119E-004   111612122.962835     
  2.630595331227770E-004   109609282.508799     
  2.654516074154362E-004   107642379.157220     
  2.678654335121592E-004   105710768.114762     
  2.703012092082159E-004   103813816.156889     
  2.727591340974838E-004   101950901.420304     
  2.752394095888041E-004   100121413.199107     
  2.777422389224850E-004   98324751.7446160     
  2.802678271869560E-004   96560328.0687715     
  2.828163813355733E-004   94827563.7510763     
  2.853881102035782E-004   93125890.7489947     
  2.879832245252096E-004   91454751.2117538     
  2.906019369509720E-004   89813597.2974868     
  2.932444620650607E-004   88201890.9936557     
  2.959110164029456E-004   86619103.9406970     
  2.986018184691143E-004   85064717.2588308     
  3.013170887549774E-004   83538221.3779772     
  3.040570497569354E-004   82039115.8707250     
  3.068219259946117E-004   80566909.2882960     
  3.096119440292494E-004   79121118.9994535     
  3.124273324822766E-004   77701271.0323007     
  3.152683220540408E-004   76306899.9189167     
  3.181351455427121E-004   74937548.5427815     
  3.210280378633601E-004   73592767.9889369     
  3.239472360672031E-004   72272117.3968367     
  3.268929793610327E-004   70975163.8158368     
  3.298655091268153E-004   69701482.0632779     
  3.328650689414711E-004   68450654.5851145     
  3.358919045968340E-004   67222271.3190444     
  3.389462641197920E-004   66015929.5600938     
  3.420283977926113E-004   64831233.8286147     
  3.451385581734453E-004   63667795.7406490     
  3.482770001170293E-004   62525233.8806208     
  3.514439807955649E-004   61403173.6763106     
  3.546397597197925E-004   60301247.2760737     
  3.578645987602564E-004   59219093.4282623     
  3.611187621687640E-004   58156357.3628087     
  3.644025166000382E-004   57112690.6749357     
  3.677161311335683E-004   56087751.2109513     
  3.710598772956593E-004   55081202.9560939     
  3.744340290816809E-004   54092715.9243886     
  3.778388629785201E-004   53121966.0504807     
  3.812746579872366E-004   52168635.0834093     
  3.847416956459252E-004   51232410.4822865     
  3.882402600527859E-004   50312985.3138488     
  3.917706378894034E-004   49410058.1518468     
  3.953331184442387E-004   48523332.9782391     
  3.989279936363341E-004   47652519.0861599     
  4.025555580392338E-004   46797330.9846267     
  4.062161089051221E-004   45957488.3049586     
  4.099099461891809E-004   45132715.7088726     
  4.136373725741689E-004   44322742.7982298     
  4.173986934952244E-004   43527304.0264000     
  4.211942171648931E-004   42746138.6112171     
  4.250242545983840E-004   41978990.4494963     
  4.288891196390549E-004   41225608.0330845     
  4.327891289841297E-004   40485744.3664173     
  4.367246022106489E-004   39759156.8855552     
  4.406958618016569E-004   39045607.3786722     
  4.447032331726273E-004   38344861.9079707     
  4.487470446981279E-004   37656690.7329984     
  4.528276277387288E-004   36980868.2353395     
  4.569453166681551E-004   36317172.8446588     
  4.611004489006858E-004   35665386.9660709     
  4.652933649188031E-004   35025296.9088142     
  4.695244083010922E-004   34396692.8162032     
  4.737939257503948E-004   33779368.5968386     
  4.781022671222190E-004   33173121.8570508     
  4.824497854534075E-004   32577753.8345562     
  4.868368369910662E-004   31993069.3333035     
  4.912637812217563E-004   31418876.6594885     
  4.957309809009507E-004   30854987.5587178     
  5.002388020827607E-004   30301217.1542994     
  5.047876141499301E-004   29757383.8866400     
  5.093777898441038E-004   29223309.4537308     
  5.140097052963713E-004   28698818.7527000     
  5.186837400580879E-004   28183739.8224143     
  5.234002771319760E-004   27677903.7871105     
  5.281597030035097E-004   27181144.8010380     
  5.329624076725841E-004   26693299.9940950     
  5.378087846854723E-004   26214209.4184392     
  5.426992311670754E-004   25743715.9960579     
  5.476341478534621E-004   25281665.4672768     
  5.526139391247072E-004   24827906.3401948     
  5.576390130380271E-004   24382289.8410239     
  5.627097813612172E-004   23944669.8653219     
  5.678266596063931E-004   23514902.9300989     
  5.729900670640391E-004   23092848.1267835     
  5.782004268373657E-004   22678367.0750329     
  5.834581658769797E-004   22271323.8773717     
  5.887637150158699E-004   21871585.0746444     
  5.941175090047109E-004   21479019.6022675     
  5.995199865474868E-004   21093498.7472658     
  6.049715903374407E-004   20714896.1060807     
  6.104727670933500E-004   20343087.5431344     
  6.160239675961312E-004   19977951.1501378     
  6.216256467257786E-004   19619367.2061293     
  6.272782634986383E-004   19267218.1382291     
  6.329822811050205E-004   18921388.4830989     
  6.387381669471559E-004   18581764.8490927     
  6.445463926774944E-004   18248235.8790862     
  6.504074342373549E-004   17920692.2139738     
  6.563217718959240E-004   17599026.4568204     
  6.622898902896112E-004   17283133.1376556     
  6.683122784617611E-004   16972908.6789008     
  6.743894299027270E-004   16668251.3614157     
  6.805218425903086E-004   16369061.2911541     
  6.867100190305580E-004   16075240.3664182     
  6.929544662989560E-004   15786692.2457006     
  6.992556960819628E-004   15503322.3161024     
  7.056142247189482E-004   15225037.6623192     
  7.120305732445008E-004   14951747.0361821     
  7.185052674311232E-004   14683360.8267466     
  7.250388378323147E-004   14419791.0309172     
  7.316318198260474E-004   14160951.2245994     
  7.382847536586357E-004   13906756.5343691     
  7.449981844890053E-004   13657123.6096508     
  7.517726624333656E-004   13411970.5953942     
  7.586087426102871E-004   13171217.1052415     
  7.655069851861897E-004   12934784.1951765     
  7.724679554212442E-004   12702594.3376453     
  7.794922237156906E-004   12474571.3961428     
  7.865803656565791E-004   12250640.6002539     
  7.937329620649345E-004   12030728.5211433     
  8.009505990433503E-004   11814763.0474846     
  8.082338680240165E-004   11602673.3618218     
  8.155833658171812E-004   11394389.9173540     
  8.229996946600566E-004   11189844.4151378     
  8.304834622661668E-004   10988969.7816979     
  8.380352818751463E-004   10791700.1470395     
  8.456557723029893E-004   10597970.8230554     
  8.533455579927584E-004   10407718.2823206     
  8.611052690657523E-004   10220880.1372671     
  8.689355413731400E-004   10037395.1197324     
  8.768370165480636E-004   9857203.06087514     
  8.848103420582162E-004   9680244.87145074     
  8.928561712588962E-004   9506462.52244131     
  9.009751634465457E-004   9335799.02603282     
  9.091679839127747E-004   9168198.41693368     
  9.174353039988768E-004   9003605.73402851     
  9.257778011508408E-004   8841967.00236104     
  9.341961589748620E-004   8683229.21544025     
  9.426910672933596E-004   8527340.31786406     
  9.512632222015017E-004   8374249.18825466     
  9.599133261242453E-004   8223905.62250014     
  9.686420878738951E-004   8076260.31729667     
  9.774502227081854E-004   7931264.85398606     
  9.863384523888907E-004   7788871.68268325     
  9.953075052409673E-004   7649034.10668862     
  1.004358116212235E-003   7511706.26717993     
  1.013491026933603E-003   7376843.12817895     
  1.022706985779836E-003   7244400.46178778     
  1.032006747930882E-003   7114334.83369014     
  1.041391075433752E-003   6986603.58891267     
  1.050860737264966E-003   6861164.83784177     
  1.060416509393564E-003   6737977.44249136     
  1.070059174844687E-003   6617001.00301697     
  1.079789523763749E-003   6498195.84447173     
  1.089608353481175E-003   6381523.00380017     
  1.099516468577740E-003   6266944.21706516     
  1.109514680950499E-003   6154421.90690420     
  1.119603809879314E-003   6043919.17021060     
  1.129784682093992E-003   5935399.76603588     
  1.140058131842022E-003   5828828.10370903     
  1.150425000956944E-003   5724169.23116907     
  1.160886138927326E-003   5621388.82350687     
  1.171442402966373E-003   5520453.17171261     
  1.182094658082173E-003   5421329.17162503     
  1.192843777148572E-003   5323984.31307913     
  1.203690640976707E-003   5228386.66924835     
  1.214636138387178E-003   5134504.88617821     
  1.225681166282878E-003   5042308.17250754     
  1.236826629722492E-003   4951766.28937423     
  1.248073441994658E-003   4862849.54050210     
  1.259422524692804E-003   4775528.76246558     
  1.270874807790667E-003   4689775.31512907     
  1.282431229718495E-003   4605561.07225789     
  1.294092737439948E-003   4522858.41229762     
  1.305860286529691E-003   4441640.20931888     
  1.317734841251699E-003   4361879.82412469     
  1.329717374638271E-003   4283551.09551718     
  1.341808868569760E-003   4206628.33172120     
  1.354010313855036E-003   4131086.30196165     
  1.366322710312672E-003   4056900.22819205     
  1.378747066852870E-003   3984045.77697141     
  1.391284401560139E-003   3912499.05148691     
  1.403935741776714E-003   3842236.58371973     
  1.416702124186745E-003   3773235.32675134     
  1.429584594901240E-003   3705472.64720793     
  1.442584209543789E-003   3638926.31784037     
  1.455702033337064E-003   3573574.51023730     
  1.468939141190107E-003   3509395.78766893     
  1.482296617786410E-003   3446369.09805930     
  1.495775557672796E-003   3384473.76708456     
  1.509377065349111E-003   3323689.49139518     
  1.523102255358726E-003   3263996.33195962     
  1.536952252379874E-003   3205374.70752759     
  1.550928191317798E-003   3147805.38821047     
  1.565031217397754E-003   3091269.48917699     
  1.579262486258857E-003   3035748.46446196     
  1.593623164048769E-003   2981224.10088612     
  1.608114427519263E-003   2927678.51208508     
  1.622737464122647E-003   2875094.13264541     
  1.637493472109064E-003   2823453.71234587     
  1.652383660624685E-003   2772740.31050203     
  1.667409249810786E-003   2722937.29041236     
  1.682571470903732E-003   2674028.31390394     
  1.697871566335864E-003   2625997.33597603     
  1.713310789837312E-003   2578828.59953977     
  1.728890406538725E-003   2532506.63025223     
  1.744611693074942E-003   2487016.23144320     
  1.760475937689599E-003   2442342.47913294     
  1.776484440340697E-003   2398470.71713936     
  1.792638512807117E-003   2355386.55227299     
  1.808939478796118E-003   2313075.84961814     
  1.825388674051798E-003   2271524.72789872     
  1.841987446464553E-003   2230719.55492730     
  1.858737156181526E-003   2190646.94313566     
  1.875639175718059E-003   2151293.74518567     
  1.892694890070162E-003   2112647.04965886     
  1.909905696828005E-003   2074694.17682334     
  1.927273006290435E-003   2037422.67447668     
  1.944798241580546E-003   2000820.31386335     
  1.962482838762289E-003   1964875.08566544     
  1.980328246958149E-003   1929575.19606532     
  1.998335928467888E-003   1894909.06287889     
  2.016507358888371E-003   1860865.31175827     
  2.034844027234481E-003   1827432.77246261     
  2.053347436061133E-003   1794600.47519577     
  2.072019101586393E-003   1762357.64700977     
  2.090860553815727E-003   1730693.70827271     
  2.109873336667370E-003   1699598.26920010     
  2.129059008098839E-003   1669061.12644846     
  2.148419140234597E-003   1639072.25976992     
  2.167955319494877E-003   1609621.82872697     
  2.187669146725678E-003   1580700.16946612     
  2.207562237329941E-003   1552297.79154940     
  2.227636221399918E-003   1524405.37484274     
  2.247892743850751E-003   1497013.76646021     
  2.268333464555258E-003   1470113.97776307     
  2.288960058479945E-003   1443697.18141261     
  2.309774215822261E-003   1417754.70847593     
  2.330777642149095E-003   1392278.04558368     
  2.351972058536535E-003   1367258.83213867     
  2.373359201710899E-003   1342688.85757472     
  2.394940824191044E-003   1318560.05866455     
  2.416718694431974E-003   1294864.51687609     
  2.438694596969753E-003   1271594.45577616     
  2.460870332567731E-003   1248742.23848072     
  2.483247718364107E-003   1226300.36515093     
  2.505828588020829E-003   1204261.47053409     
  2.528614791873847E-003   1182618.32154871     
  2.551608197084736E-003   1161363.81491294     
  2.574810687793698E-003   1140490.97481547     
  2.598224165273950E-003   1119992.95062833     
  2.621850548087519E-003   1099863.01466065     
  2.645691772242462E-003   1080094.55995276     
  2.669749791351496E-003   1060681.09810982     
  2.694026576792089E-003   1041616.25717439     
  2.718524117868000E-003   1022893.77953715     
  2.743244421972284E-003   1004507.51988504     
  2.768189514751789E-003   986451.443186313     
  2.793361440273135E-003   968719.622711692     
  2.818762261190217E-003   951306.238091021     
  2.844394058913222E-003   934205.573404816     
  2.870258933779184E-003   917412.015310040     
  2.896359005224093E-003   900920.051199508     
  2.922696411956564E-003   884724.267394323     
  2.949273312133095E-003   868819.347368738     
  2.976091883534903E-003   853200.070006872     
  3.003154323746385E-003   837861.307890705     
  3.030462850335191E-003   822798.025618786     
  3.058019701033935E-003   808005.278155119     
  3.085827133923564E-003   793478.209207659     
  3.113887427618390E-003   779212.049635916     
  3.142202881452805E-003   765202.115887121     
  3.170775815669696E-003   751443.808460459     
  3.199608571610569E-003   737932.610398849     
  3.228703511907409E-003   724664.085807794     
  3.258063020676277E-003   711633.878400802     
  3.287689503712670E-003   698837.710070907     
  3.317585388688662E-003   686271.379487822     
  3.347753125351831E-003   673930.760720259     
  3.378195185725997E-003   661811.801882975     
  3.408914064313792E-003   649910.523808087     
  3.439912278301056E-003   638223.018740231     
  3.471192367763110E-003   626745.449055134     
  3.502756895872896E-003   615474.046001173     
  3.534608449111006E-003   604405.108463522     
  3.566749637477627E-003   593535.001750467     
  3.599183094706413E-003   582860.156401502     
  3.631911478480297E-003   572377.067016807     
  3.664937470649270E-003   562082.291107734     
  3.698263777450142E-003   551972.447967913     
  3.731893129728291E-003   542044.217564617     
  3.765828283161444E-003   532294.339450020     
  3.800072018485474E-003   522719.611691985     
  3.834627141722275E-003   513316.889824041     
  3.869496484409682E-003   504083.085814201     
  3.904682903833499E-003   495015.167052281     
  3.940189283261637E-003   486110.155355386     
  3.976018532180371E-003   477365.125991250     
  4.012173586532749E-003   468777.206719086     
  4.048657408959181E-003   460343.576847662     
  4.085472989040193E-003   452061.466310265     
  4.122623343541415E-003   443928.154756269     
  4.160111516660766E-003   435940.970659003     
  4.197940580277918E-003   428097.290439624     
  4.236113634206008E-003   420394.537606713     
  4.274633806445644E-003   412830.181911307     
  4.313504253441223E-003   405401.738517094     
  4.352728160339579E-003   398106.767185499     
  4.392308741250983E-003   390942.871475382     
  4.432249239512513E-003   383907.697957115     
  4.472552927953821E-003   376998.935440740     
  4.513223109165322E-003   370214.314217990     
  4.554263115768812E-003   363551.605317905     
  4.595676310690557E-003   357008.619775809     
  4.637466087436854E-003   350583.207915397     
  4.679635870372108E-003   344273.258643708     
  4.722189114999433E-003   338076.698758751     
  4.765129308243801E-003   331991.492269548     
  4.808459968737778E-003   326015.639728383     
  4.852184647109842E-003   320147.177575030     
  4.896306926275335E-003   314384.177492747     
  4.940830421730054E-003   308724.745775830     
  4.985758781846518E-003   303167.022708510     
  5.031095688172923E-003   297709.181954997     
  5.076844855734817E-003   292349.429960467     
  5.123010033339516E-003   287086.005362802     
  5.169595003883303E-003   281917.178414881     
  5.216603584661395E-003   276841.250417235     
  5.264039627680746E-003   271856.553160890     
  5.311907019975697E-003   266961.448380199     
  5.360209683926482E-003   262154.327215498     
  5.408951577580644E-003   257433.609685399     
  5.458136694977360E-003   252797.744168558     
  5.507769066474735E-003   248245.206894734     
  5.557852759080046E-003   243774.501444987     
  5.608391876783017E-003   239384.158260842     
  5.659390560892100E-003   235072.734162258     
  5.710852990373834E-003   230838.811874251     
  5.762783382195268E-003   226680.999562007     
  5.815185991669524E-003   222597.930374338     
  5.868065112804482E-003   218588.261995328     
  5.921425078654642E-003   214650.676204035     
  5.975270261676185E-003   210783.878442072     
  6.029605074085267E-003   206986.597388973     
  6.084433968219566E-003   203257.584545156     
  6.139761436903121E-003   199595.613822385     
  6.195592013814475E-003   195999.481141571     
  6.251930273858195E-003   192468.004037794     
  6.308780833539735E-003   189000.021272415     
  6.366148351343730E-003   185594.392452140     
  6.424037528115731E-003   182249.997654930     
  6.482453107447394E-003   178965.737062612     
  6.541399876065192E-003   175740.530600095     
  6.600882664222641E-003   172573.317581049     
  6.660906346096118E-003   169463.056359948     
  6.721475840184253E-003   166408.723990355     
  6.782596109710964E-003   163409.315889339     
  6.844272163032162E-003   160463.845507911     
  6.906509054046150E-003   157571.344007381     
  6.969311882607742E-003   154730.859941513     
  7.032685794946169E-003   151941.458944391     
  7.096635984086773E-003   149202.223423882     
  7.161167690276533E-003   146512.252260600     
  7.226286201413467E-003   143870.660512275     
  7.291996853479941E-003   141276.579123420     
  7.358305030979899E-003   138729.154640214     
  7.425216167380103E-003   136227.548930504     
  7.492735745555352E-003   133770.938908817     
  7.560869298237766E-003   131358.516266325     
  7.629622408470155E-003   128989.487205641     
  7.699000710063507E-003   126663.072180382     
  7.769009888058637E-003   124378.505639404     
  7.839655679192033E-003   122135.035775622     
  7.910943872365945E-003   119931.924279343     
  7.982880309122732E-003   117768.446096023     
  8.055470884123546E-003   115643.889188372     
  8.128721545631349E-003   113557.554302724     
  8.202638295998326E-003   111508.754739603     
  8.277227192157744E-003   109496.816128408     
  8.352494346120265E-003   107521.076206135     
  8.428445925474778E-003   105580.884600077     
  8.505088153893798E-003   103675.602614414     
  8.582427311643442E-003   101804.603020644     
  8.660469736098049E-003   99967.2698517655     
  8.739221822259492E-003   98162.9982001579     
  8.818690023281185E-003   96391.1940190866     
  8.898880850996885E-003   94651.2739277719     
  8.979800876454287E-003   92942.6650199546     
  9.061456730453466E-003   91264.8046758977     
  9.143855104090224E-003   89617.1403777611     
  9.227002749304384E-003   87999.1295282894     
  9.310906479433053E-003   86410.2392727538     
  9.395573169768927E-003   84849.9463240889     
  9.481009758123675E-003   83317.7367911675     
  9.567223245396437E-003   81813.1060101567     
  9.654220696147495E-003   80335.5583789010     
  9.742009239177164E-003   78884.6071942769     
  9.830596068109944E-003   77459.7744924662     
  9.919988441983987E-003   76060.5908920957     
  1.001019368584592E-002   74686.5954401920     
  1.010121919135108E-002   73337.3354609003     
  1.019307241736920E-002   72012.3664069181     
  1.028576089059561E-002   70711.2517135951     
  1.037929220616801E-002   69433.5626556514     
  1.047367402828880E-002   68178.8782064666     
  1.056891409085315E-002   66946.7848998940     
  1.066502019808271E-002   65736.8766945553     
  1.076200022516509E-002   64548.7548405694     
  1.085986211889921E-002   63382.0277486741     
  1.095861389834648E-002   62236.3108616956     
  1.105826365548788E-002   61111.2265283246     
  1.115881955588703E-002   60006.4038791586     
  1.126028983935933E-002   58921.4787049666     
  1.136268282064715E-002   57856.0933371409     
  1.146600689010114E-002   56809.8965302925     
  1.157027051436776E-002   55782.5433469539     
  1.167548223708306E-002   54773.6950443515     
  1.178165067957281E-002   53783.0189632093     
  1.188878454155889E-002   52810.1884185483     
  1.199689260187220E-002   51854.8825924459     
  1.210598371917202E-002   50916.7864287193     
  1.221606683267191E-002   49995.5905294996     
  1.232715096287221E-002   49090.9910536613     
  1.243924521229922E-002   48202.6896170749     
  1.255235876625104E-002   47330.3931946496     
  1.266650089355031E-002   46473.8140241342     
  1.278168094730364E-002   45632.6695116438     
  1.289790836566809E-002   44806.6821388821     
  1.301519267262452E-002   43995.5793720295     
  1.313354347875806E-002   43199.0935722650     
  1.325297048204555E-002   42416.9619078954     
  1.337348346865028E-002   41648.9262680598     
  1.349509231372389E-002   40894.7331779843     
  1.361780698221551E-002   40154.1337157568     
  1.374163752968839E-002   39426.8834305954     
  1.386659410314382E-002   38712.7422625841     
  1.399268694185265E-002   38011.4744638482     
  1.411992637819428E-002   37322.8485211452     
  1.424832283850335E-002   36646.6370798442     
  1.437788684392407E-002   35982.6168692702     
  1.450862901127241E-002   35330.5686293879     
  1.464056005390601E-002   34690.2770388011     
  1.477369078260208E-002   34061.5306440450     
  1.490803210644327E-002   33444.1217901468     
  1.504359503371159E-002   32837.8465524330     
  1.518039067279045E-002   32242.5046695598     
  1.531843023307492E-002   31657.8994777468     
  1.545772502589024E-002   31083.8378461893     
  1.559828646541872E-002   30520.1301136315     
  1.574012606963504E-002   29966.5900260764     
  1.588325546125004E-002   29423.0346756149     
  1.602768636866317E-002   28889.2844403522     
  1.617343062692348E-002   28365.1629254125     
  1.632050017869948E-002   27850.4969050022     
  1.646890707525771E-002   27345.1162655134     
  1.661866347745026E-002   26848.8539496485     
  1.676978165671126E-002   26361.5459015472     
  1.692227399606246E-002   25883.0310128988     
  1.707615299112791E-002   25413.1510700214     
  1.723143125115785E-002   24951.7507018910     
  1.738812150006201E-002   24498.6773291037     
  1.754623657745219E-002   24053.7811137529     
  1.770578943969441E-002   23616.9149102075     
  1.786679316097054E-002   23187.9342167726     
  1.802926093434970E-002   22766.6971282179     
  1.819320607286926E-002   22353.0642891583     
  1.835864201062579E-002   21946.8988482716     
  1.852558230387590E-002   21548.0664133368     
  1.869404063214701E-002   21156.4350070808     
  1.886403079935839E-002   20771.8750238165     
  1.903556673495216E-002   20394.2591868599     
  1.920866249503483E-002   20023.4625067106     
  1.938333226352900E-002   19659.3622399841     
  1.955959035333569E-002   19301.8378490804     
  1.973745120750714E-002   18950.7709625764     
  1.991692940043033E-002   18606.0453363299     
  2.009803963902124E-002   18267.5468152811     
  2.028079676392996E-002   17935.1632959401     
  2.046521575075680E-002   17608.7846895474     
  2.065131171127940E-002   17288.3028858962     
  2.083909989469105E-002   16973.6117178031     
  2.102859568885025E-002   16664.6069262175     
  2.121981462154160E-002   16361.1861259569     
  2.141277236174824E-002   16063.2487720569     
  2.160748472093576E-002   15770.6961267256     
  2.180396765434785E-002   15483.4312268913     
  2.200223726231372E-002   15201.3588523321     
  2.220230979156742E-002   14924.3854943780     
  2.240420163657908E-002   14652.4193251749     
  2.260792934089840E-002   14385.3701674997     
  2.281350959851020E-002   14123.1494651183     
  2.302095925520240E-002   13865.6702536741     
  2.323029530994642E-002   13612.8471321007     
  2.344153491629009E-002   13364.5962345467     
  2.365469538376328E-002   13120.8352028047     
  2.386979417929630E-002   12881.4831592354     
  2.408684892865113E-002   12646.4606801776     
  2.430587741786577E-002   12415.6897698352     
  2.452689759471170E-002   12189.0938346334     
  2.474992757016449E-002   11966.5976580354     
  2.497498561988792E-002   11748.1273758103     
  2.520209018573152E-002   11533.6104517454     
  2.543125987724174E-002   11322.9756537953     
  2.566251347318686E-002   11116.1530306575     
  2.589586992309579E-002   10913.0738887700     
  2.613134834881083E-002   10713.6707697210     
  2.636896804605457E-002   10517.8774280643     
  2.660874848601103E-002   10325.6288095330     
  2.685070931692118E-002   10136.8610296444     
  2.709487036569296E-002   9951.51135268865     
  2.734125163952598E-002   9769.51817109493     
  2.758987332755092E-002   9590.82098516784     
  2.784075580248391E-002   9415.36038318762     
  2.809391962229592E-002   9243.07802186760     
  2.834938553189732E-002   9073.91660716249     
  2.860717446483778E-002   8907.81987542118     
  2.886730754502164E-002   8744.73257487788     
  2.912980608843883E-002   8584.60044747560     
  2.939469160491156E-002   8427.37021101587     
  2.966198579985693E-002   8272.98954162890     
  2.993171057606546E-002   8121.40705655856     
  3.020388803549592E-002   7972.57229725630     
  3.047854048108643E-002   7826.43571277860     
  3.075569041858196E-002   7682.94864348259     
  3.103536055837857E-002   7542.06330501418     
  3.131757381738431E-002   7403.73277258387     
  3.160235332089715E-002   7267.91096552471     
  3.188972240449987E-002   7134.55263212755     
  3.217970461597228E-002   7003.61333474854     
  3.247232371722078E-002   6875.04943518403     
  3.276760368622544E-002   6748.81808030798     
  3.306556871900485E-002   6624.87718796731     
  3.336624323159882E-002   6503.18543313040     
  3.366965186206906E-002   6383.70223428437     
  3.397581947251811E-002   6266.38774007650     
  3.428477115112658E-002   6151.20281619554     
  3.459653221420897E-002   6038.10903248854     
  3.491112820828816E-002   5927.06865030903     
  3.522858491218871E-002   5818.04461009227     
  3.554892833914933E-002   5711.00051915364     
  3.587218473895438E-002   5605.90063970616     
  3.619838060008489E-002   5502.70987709305     
  3.652754265188913E-002   5401.39376823159     
  3.685969786677282E-002   5301.91847026459     
  3.719487346240934E-002   5204.25074941544     
  3.753309690397007E-002   5108.35797004346     
  3.787439590637486E-002   5014.20808389561     
  3.821879843656317E-002   4921.76961955130     
  3.856633271578565E-002   4831.01167205666     
  3.891702722191677E-002   4741.90389274500     
  3.927091069178827E-002   4654.41647923996     
  3.962801212354403E-002   4568.52016563828     
  3.998836077901616E-002   4484.18621286877     
  4.035198618612285E-002   4401.38639922440     
  4.071891814128797E-002   4320.09301106446     
  4.108918671188264E-002   4240.27883368364     
  4.146282223868903E-002   4161.91714234504     
  4.183985533838658E-002   4084.98169347427     
  4.222031690606078E-002   4009.44671601165     
  4.260423811773486E-002   3935.28690291965     
  4.299165043292436E-002   3862.47740284294     
  4.338258559721508E-002   3790.99381191810     
  4.377707564486430E-002   3720.81216573047     
  4.417515290142586E-002   3651.90893141544     
  4.457684998639892E-002   3584.26099990153     
  4.498219981590090E-002   3517.84567829287     
  4.539123560536480E-002   3452.64068238835     
  4.580399087226081E-002   3388.62412933522     
  4.622049943884295E-002   3325.77453041458     
  4.664079543492047E-002   3264.07078395643     
  4.706491330065461E-002   3203.49216838197     
  4.749288778938066E-002   3144.01833537085     
  4.792475397045575E-002   3085.62930315114     
  4.836054723213253E-002   3028.30544990980     
  4.880030328445900E-002   2972.02750732146     
  4.924405816220466E-002   2916.77655419352     
  4.969184822781329E-002   2862.53401022527     
  5.014371017438263E-002   2809.28162987919     
  5.059968102867101E-002   2757.00149636224     
  5.105979815413154E-002   2705.67601571535     
  5.152409925397369E-002   2655.28791100893     
  5.199262237425282E-002   2605.82021664279     
  5.246540590698776E-002   2557.25627274832     
  5.294248859330676E-002   2509.57971969127     
  5.342390952662206E-002   2462.77449267322     
  5.390970815583328E-002   2416.82481643012     
  5.439992428855994E-002   2371.71520002590     
  5.489459809440350E-002   2327.43043173975     
  5.539377010823885E-002   2283.95557404512     
  5.589748123353592E-002   2241.27595867898     
  5.640577274571136E-002   2199.37718179960     
  5.691868629551083E-002   2158.24509923136     
  5.743626391242191E-002   2117.86582179493     
  5.795854800811812E-002   2078.22571072137     
  5.848558137993426E-002   2039.31137314858     
  5.901740721437332E-002   2001.10965769866     
  5.955406909064532E-002   1963.60765013473     
  6.009561098423826E-002   1926.79266909575     
  6.064207727052165E-002   1890.65226190800     
  6.119351272838270E-002   1855.17420047172     
  6.174996254389560E-002   1820.34647722177     
  6.231147231402426E-002   1786.15730116070     
  6.287808805035859E-002   1752.59509396326     
  6.344985618288480E-002   1719.64848615074     
  6.402682356379004E-002   1687.30631333414     
  6.460903747130158E-002   1655.55761252480     
  6.519654561356085E-002   1624.39161851126     
  6.578939613253292E-002   1593.79776030134     
  6.638763760795117E-002   1563.76565762803     
  6.699131906129822E-002   1534.28511751819     
  6.760048995982283E-002   1505.34613092293     
  6.821520022059331E-002   1476.93886940846     
  6.883550021458792E-002   1449.05368190653     
  6.946144077082241E-002   1421.68109152306     
  7.009307318051504E-002   1394.81179240433     
  7.073044920128954E-002   1368.43664665930     
  7.137362106141627E-002   1342.54668133732     
  7.202264146409193E-002   1317.13308546015     
  7.267756359175821E-002   1292.18720710726     
  7.333844111045970E-002   1267.70055055353     
  7.400532817424141E-002   1243.66477345845     
  7.467827942958628E-002   1220.07168410566     
  7.535735001989317E-002   1196.91323869231     
  7.604259558999528E-002   1174.18153866693     
  7.673407229071995E-002   1151.86882811529     
  7.743183678348979E-002   1129.96749119316     
  7.813594624496566E-002   1108.47004960523     
  7.884645837173186E-002   1087.36916012930     
  7.956343138502395E-002   1066.65761218504     
  8.028692403549956E-002   1046.32832544638     
  8.101699560805256E-002   1026.37434749680     
  8.175370592667104E-002   1006.78885152685     
  8.249711535933942E-002   987.565134072913     
  8.324728482298518E-002   968.696612796755     
  8.400427578847056E-002   950.176824304871     
  8.476815028562962E-002   931.999422007083     
  8.553897090835115E-002   914.158174013607     
  8.631680081970773E-002   896.646961069930     
  8.710170375713155E-002   879.459774528786     
  8.789374403763722E-002   862.590714358609     
  8.869298656309202E-002   846.033987187766     
  8.949949682553411E-002   829.783904383958     
  9.031334091253920E-002   813.834880168129     
  9.113458551263597E-002   798.181429762298     
  9.196329792077054E-002   782.818167570669     
  9.279954604382096E-002   767.739805393452     
  9.364339840616155E-002   752.941150672782     
  9.449492415527810E-002   738.417104770175     
  9.535419306743394E-002   724.162661274958     
  9.622127555338748E-002   710.172904343098     
  9.709624266416203E-002   696.443007065904     
  9.797916609686783E-002   682.968229868052     
  9.887011820057706E-002   669.743918934414     
  9.976917198225239E-002   656.765504665168     
  0.100676401112729        644.028500158691     
  0.101591879932753        631.528499721718     
  0.102515683459070        619.261177406297     
  0.103447887390574        607.222285573047     
  0.104388568114513        595.407653480249     
  0.105337802712743        583.813185898306     
  0.106295668968047        572.434861749116     
  0.107262245370510        561.268732769915     
  0.108237611123949        550.310922201145     
  0.109221846152404        539.557623497907     
  0.110215031106686        529.005099064605     
  0.111217247370987        518.649679012327     
  0.112228577069547        508.487759938578     
  0.113249103073387        498.515803728962     
  0.114278909007096        488.730336380406     
  0.115318079255685        479.127946845555     
  0.116366698971503        469.705285897941     
  0.117424854081211        460.459065017571     
  0.118492631292828        451.386055296551     
  0.119570118102830        442.483086364394     
  0.120657402803326        433.747045332658     
  0.121754574489289        425.174875758564     
  0.122861723065856        416.763576627256     
  0.123978939255701        408.510201352361     
  0.125106314606459        400.411856794538     
  0.126243941498239        392.465702297663     
  0.127391913151184        384.668948742365     
  0.128550323633116        377.018857616578     
  0.129719267867243        369.512740102811     
  0.130898841639933        362.147956181845     
  0.132089141608570        354.921913752538     
  0.133290265309470        347.832067767478     
  0.134502311165872        340.875919384174     
  0.135725378496007        334.051015131517     
  0.136959567521235        327.354946091240     
  0.138204979374256        320.785347094099     
  0.139461716107398        314.339895930511     
  0.140729880700981        308.016312575401     
  0.142009577071751        301.812358426979     
  0.143300910081402        295.725835559225     
  0.144603985545162        289.754585987812     
  0.145918910240467        283.896490949237     
  0.147245791915712        278.149470192921     
  0.148584739299077        272.511481286040     
  0.149935862107437        266.980518930865     
  0.151299271055356        261.554614294383     
  0.152675077864154        256.231834349967     
  0.154063395271066        251.010281230907     
  0.155464337038479        245.888091595550     
  0.156878017963250        240.863436003875     
  0.158304553886121        235.934518305272     
  0.159744061701202        231.099575037339     
  0.161196659365557        226.356874835492     
  0.162662465908865        221.704717853192     
  0.164141601443176        217.141435192601     
  0.165634187172753        212.665388345480     
  0.167140345404002        208.274968644138     
  0.168660199555497        203.968596722260     
  0.170193874168092        199.744721985429     
  0.171741494915125        195.601822091171     
  0.173303188612717        191.538402438345     
  0.174879083230164        187.552995665723     
  0.176469307900424        183.644161159579     
  0.178073992930694        179.810484570132     
  0.179693269813094        176.050577336684     
  0.181327271235438        172.363076221298     
  0.182976131092107        168.746642850847     
  0.184639984495023        165.199963267307     
  0.186318967784716        161.721747486128     
  0.188013218541500        158.310729062535     
  0.189722875596747        154.965664665633     
  0.191448079044259        151.685333660157     
  0.193188970251752        148.468537695739     
  0.194945691872439        145.314100303551     
  0.196718387856717        142.220866500194     
  0.198507203463965        139.187702398702     
  0.200312285274447        136.213494826528     
  0.202133781201322        133.297150950392     
  0.203971840502766        130.437597907857     
  0.205826613794199        127.633782445528     
  0.207698253060632        124.884670563731     
  0.209586911669118        122.189247167577     
  0.211492744381318        119.546515724280     
  0.213415907366187        116.955497926619     
  0.215356558212765        114.415233362442     
  0.217314855943096        111.924779190085     
  0.219290961025256        109.483209819614     
  0.221285035386500        107.089616599777     
  0.223297242426536        104.743107510563     
  0.225327747030910        102.442806861266     
  0.227376715584518        100.187854993954     
  0.229444315985243        97.9774079922484     
  0.231530717657707        95.8106373953068     
  0.233636091567162        93.6867299169279     
  0.235760610233491        91.6048871696745     
  0.237904447745352        89.5643253939272     
  0.240067779774438        87.5642751917799     
  0.242250783589875        85.6039812656857     
  0.244453638072748        83.6827021617681     
  0.246676523730756        81.7997100177133     
  0.248919622713006        79.9542903151562     
  0.251183118824938        78.1457416364825     
  0.253467197543388        76.3733754259616     
  0.255772046031783        74.6365157551340     
  0.258097853155481        72.9344990923739     
  0.260444809497244        71.2666740765499     
  0.262813107372859        69.6324012947104     
  0.265202940846892        68.0310530637170     
  0.267614505748596        66.4620132157560     
  0.270047999687952        64.9246768876554     
  0.272503622071863        63.4184503139365     
  0.274981574120498        61.9427506235329     
  0.277482058883777        60.4970056401089     
  0.280005281258007        59.0806536859100     
  0.282551448002679        57.6931433890814     
  0.285120767757403        56.3339334943899     
  0.287713451059009        55.0024926772866     
  0.290329710358798        53.6982993612485     
  0.292969760039949        52.4208415383384     
  0.295633816435088        51.1696165929240     
  0.298322097844016        49.9441311284969     
  0.301034824551593        48.7439007975353     
  0.303772218845792        47.5684501343529     
  0.306534505035915        46.4173123908796     
  0.309321909470968        45.2900293753196     
  0.312134660558215        44.1861512936329     
  0.314972988781890        43.1052365937895     
  0.317837126722086        42.0468518127433     
  0.320727309073811        41.0105714260766     
  0.323643772666222        39.9959777002657     
  0.326586756482030        39.0026605475185     
  0.329556501677080        38.0302173831375     
  0.332553251600120        37.0782529853618     
  0.335577251812732        36.1463793576412     
  0.338628750109461        35.2342155932990     
  0.341707996538116        34.3413877425397     
  0.344815243420264        33.4675286817579     
  0.347950745371899        32.6122779851064     
  0.351114759324312        31.7752817982837     
  0.354307544545142        30.9561927144991     
  0.357529362659622        30.1546696525765     
  0.360780477672017        29.3703777371587     
  0.364061155987255        28.6029881809743     
  0.367371666432761        27.8521781691305     
  0.370712280280483        27.1176307453945     
  0.374083271269120        26.3990347004313     
  0.377484915626556        25.6960844619604     
  0.380917492092490        25.0084799867995     
  0.384381281941282        24.3359266547629     
  0.387876569004998        23.6781351643817     
  0.391403639696668        23.0348214304152     
  0.394962783033757        22.4057064831244     
  0.398554290661847        21.7905163692764     
  0.402178456878535        21.1889820548524     
  0.405835578657548        20.6008393294318     
  0.409525955673082        20.0258287122245     
  0.413249890324350        19.4636953597271     
  0.417007687760369        18.9141889749753     
  0.420799655904961        18.3770637183712     
  0.424626105481986        17.8520781200590     
  0.428487350040804        17.3389949938291     
  0.432383705981966        16.8375813525267     
  0.436315492583144        16.3476083249447     
  0.440283032025290        15.8688510741817     
  0.444286649419038        15.4010887174436     
  0.448326672831347        14.9441042472726     
  0.452403433312378        14.4976844541845     
  0.456517264922625        14.0616198506982     
  0.460668504760289        13.6357045967412     
  0.464857492988898        13.2197364264166     
  0.469084572865185        12.8135165761162     
  0.473350090767211        12.4168497139679     
  0.477654396222751        12.0295438706039     
  0.481997841937934        11.6514103712380     
  0.486380783826145        11.2822637690421     
  0.490803581037189        10.9219217798108     
  0.495266595986722        10.5702052179063     
  0.499770194385947        10.2269379334740     
  0.504314745271583        9.89194675092256     
  0.508900621036101        9.56506140866119     
  0.513528197458243        9.24611450008880     
  0.518197853733814        8.93494141582974     
  0.522909972506751        8.63138028721223     
  0.527664939900481        8.33527193098620     
  0.532463145549559        8.04645979527777     
  0.537304982631597        7.76478990677888     
  0.542190847899482        7.49011081917066     
  0.547121141713887        7.22227356278058     
  0.552096268076076        6.96113159547349     
  0.557116634661010        6.70654075477769     
  0.562182652850754        6.45835921124768     
  0.567294737768184        6.21644742306603     
  0.572453308311008        5.98066809188678     
  0.577658787186086        5.75088611992451     
  0.582911600944071        5.52696856829205     
  0.588212180014362        5.30878461659212     
  0.593560958740373        5.09620552376667     
  0.598958375415124        4.88910459020976     
  0.604404872317157        4.68735712114886     
  0.609900895746778        4.49084039130028     
  0.615446896062625        4.29943361080439     
  0.621043327718578        4.11301789244649     
  0.626690649300988        3.93147622016898     
  0.632389323566267        3.75469341888068     
  0.638139817478795        3.58255612556868     
  0.643942602249194        3.41495276171816     
  0.649798153372937        3.25177350704487     
  0.655706950669310        3.09291027454507     
  0.661669478320729        2.93825668686633     
  0.667686224912420        2.78770805400297     
  0.673757683472450        2.64116135231801     
  0.679884351512128        2.49851520489361     
  0.686066731066776        2.35966986321001     
  0.692305328736862        2.22452719015260     
  0.698600655729515        2.09299064434489     
  0.704953227900414        1.96496526580383     
  0.711363565796059        1.84035766291261     
  0.717832194696427        1.71907600070379     
  0.724359644658010        1.60102999044428     
  0.730946450557257        1.48613088051111     
  0.737593152134396        1.37429144854519     
  0.744300294037665        1.26542599486741     
  0.751068425867942        1.15945033713938     
  0.757898102223782        1.05628180624802     
  0.764789882746857       0.955839243390484     
  0.771744332167820       0.858042998333001     
  0.778762020352580       0.762814928813913     
  0.785843522348994       0.670078401057802     
  0.792989418433994       0.579758291364296     
  0.800200294161129       0.491780988731350     
  0.807476740408557       0.406074398469134     
  0.814819353427451       0.322567946756699     
  0.822228734890868       0.241192586089591     
  0.829705491943046       0.161880801562388     
  0.837250237249154       8.456661792610198E-002
  0.844863589045501       9.185607355663095E-003
  0.852546171190191      -6.432510214124321E-002
  0.860298613214246      -0.136026817747485     
  0.868121550373188      -0.205979272369857     
  0.876015623699099      -0.274240614764896     
  0.883981480053145      -0.340867399344077     
  0.892019772178582      -0.405914575749820     
  0.900131158754245      -0.469435478298202     
  0.908316304448519      -0.531481815388503     
  0.916575879973807      -0.592103658984146     
  0.924910562141488      -0.651349434273604     
  0.933321033917377      -0.709265909623762     
  0.941807984477689      -0.765898186942083     
  0.950372109265514      -0.821289692567341     
  0.959014110047798      -0.875482168812002     
  0.967734694972854      -0.928515666282129     
  0.976534578628386      -0.980428537103492     
  0.985414482100045       -1.03125742918451     
  0.994375133030515       -1.08103728164860     
   1.00341726567914       -1.12980132156977     
   1.01254162098210       -1.17758106214595     
   1.02174894661309       -1.22440630244511     
   1.03103999704464       -1.27030512885848     
   1.04041553360991       -1.31530391839456     
   1.04987632456505       -1.35942734394579     
   1.05942314515220       -1.40269838165748     
   1.06905677766300       -1.44513832052550     
   1.07877801150267       -1.48676677434552     
   1.08858764325472       -1.52760169613168     
   1.09848647674623       -1.56765939511754     
   1.10847532311369       -1.60695455644542     
   1.11855500086948       -1.64550026364342     
   1.12872633596897       -1.68330802398115     
   1.13899016187813       -1.72038779678643     
   1.14934731964192       -1.75674802479524     
   1.15979865795312       -1.79239566859670     
   1.17034503322193       -1.82733624422302     
   1.18098730964612       -1.86157386392212     
   1.19172635928186       -1.89511128013719     
   1.20256306211518       -1.92794993270344     
   1.21349830613405       -1.96008999925730     
   1.22453298740118       -1.99153044883780     
   1.23566801012741       -2.02226909864352     
   1.24690428674586       -2.05230267389161     
   1.25824273798663       -2.08162687070790     
   1.26968429295228       -2.11023642195918     
   1.28122988919397       -2.13812516592054     
   1.29288047278829       -2.16528611765193     
   1.30463699841473       -2.19171154293942     
   1.31650042943399       -2.21739303463786     
   1.32847173796685       -2.24232159123261     
   1.34055190497388       -2.26648769741989     
   1.35274192033579       -2.28988140648636     
   1.36504278293455       -2.31249242425123     
   1.37745550073526       -2.33431019431664     
   1.38998109086870       -2.35532398435548     
   1.40262057971474       -2.37552297315035     
   1.41537500298639       -2.39489633808231     
   1.42824540581469       -2.41343334275511     
   1.44123284283437       -2.43112342442777     
   1.45433837827023       -2.44795628091813     
   1.46756308602436       -2.46392195663076     
   1.48090804976417       -2.47901092735481     
   1.49437436301114       -2.49321418347257     
   1.50796312923046       -2.50652331121508     
   1.52167546192143       -2.51893057160039     
   1.53551248470871       -2.53042897669023     
   1.54947533143442       -2.54101236280407     
   1.56356514625099       -2.55067546033482     
   1.57778308371498       -2.55941395981801     
   1.59213030888163       -2.56722457391653     
   1.60660799740038       -2.57410509499556     
   1.62121733561117       -2.58005444797725     
   1.63595952064165       -2.58507273818234     
   1.65083576050531       -2.58916129388577     
   1.66584727420045       -2.59232270333528     
   1.68099529181002       -2.59456084600689     
   1.69628105460252       -2.59588091789737     
   1.71170581513361       -2.59628945068271     
   1.72727083734882       -2.59579432460206     
   1.74297739668705       -2.59440477495872     
   1.75882678018518       -2.59213139216389     
   1.77482028658344       -2.58898611528345     
   1.79095922643187       -2.58498221908481     
   1.80724492219774       -2.58013429461737     
   1.82367870837386       -2.57445822339826     
   1.84026193158795       -2.56797114531255     
   1.85699595071303       -2.56069142037539     
   1.87388213697871       -2.55263858454133     
   1.89092187408357       -2.54383329978290     
   1.90811655830857       -2.53429729869739     
   1.92546759863144       -2.52405332393549     
   1.94297641684212       -2.51312506277952     
   1.96064444765932       -2.50153707723059     
   1.97847313884803       -2.48931472999436     
   1.99646395133817       -2.47648410678207     
