  1.277317494617636E-006  -38.8200789960949     
  1.288916585824456E-006  -38.8200789979863     
  1.300621006299365E-006  -38.8200789998781     
  1.312431712518564E-006  -38.8200789980453     
  1.324349669643847E-006  -38.8200789962129     
  1.336375851601465E-006  -38.8200789981065     
  1.348511241161723E-006  -38.8200789962753     
  1.360756830019284E-006  -38.8200789963073     
  1.373113618874213E-006  -38.8200789963398     
  1.385582617513755E-006  -38.8200789982357     
  1.398164844894847E-006  -38.8200789982695     
  1.410861329227398E-006  -38.8200789964412     
  1.423673108058301E-006  -38.8200789983389     
  1.436601228356230E-006  -38.8200789946493     
  1.449646746597191E-006  -38.8200789965482     
  1.462810728850863E-006  -38.8200789965852     
  1.476094250867710E-006  -38.8200789984855     
  1.489498398166893E-006  -38.8200789947986     
  1.503024266124978E-006  -38.8200789967003     
  1.516672960065451E-006  -38.8200789948774     
  1.530445595349041E-006  -38.8200789967806     
  1.544343297464868E-006  -38.8200789968218     
  1.558367202122417E-006  -38.8200789968638     
  1.572518455344347E-006  -38.8200789931812     
  1.586798213560143E-006  -38.8200789950874     
  1.601207643700622E-006  -38.8200789951317     
  1.615747923293286E-006  -38.8200789951768     
  1.630420240558556E-006  -38.8200789970854     
  1.645225794506868E-006  -38.8200789989949     
  1.660165795036659E-006  -38.8200789990425     
  1.675241463033235E-006  -38.8200789990910     
  1.690454030468544E-006  -38.8200789935525     
  1.705804740501848E-006  -38.8200789917401     
  1.721294847581318E-006  -38.8200789955166     
  1.736925617546543E-006  -38.8200789955688     
  1.752698327731974E-006  -38.8200789974845     
  1.768614267071308E-006  -38.8200789938133     
  1.784674736202818E-006  -38.8200789938684     
  1.800881047575638E-006  -38.8200789939244     
  1.817234525557021E-006  -38.8200789939815     
  1.833736506540558E-006  -38.8200789921770     
  1.850388339055391E-006  -38.8200789940988     
  1.867191383876417E-006  -38.8200789904338     
  1.884147014135482E-006  -38.8200789904951     
  1.901256615433598E-006  -38.8200789924203     
  1.918521585954170E-006  -38.8200789943465     
  1.935943336577258E-006  -38.8200789944113     
  1.953523290994870E-006  -38.8200789926146     
  1.971262885827305E-006  -38.8200789908191     
  1.989163570740554E-006  -38.8200789946129     
  2.007226808564765E-006  -38.8200789946825     
  2.025454075413785E-006  -38.8200789947534     
  2.043846860805786E-006  -38.8200789948256     
  2.062406667784987E-006  -38.8200789911738     
  2.081135013044482E-006  -38.8200789931113     
  2.100033427050185E-006  -38.8200789931876     
  2.119103454165893E-006  -38.8200789932652     
  2.138346652779497E-006  -38.8200789933442     
  2.157764595430328E-006  -38.8200789934247     
  2.177358868937665E-006  -38.8200789916440     
  2.197131074530408E-006  -38.8200789898648     
  2.217082827977930E-006  -38.8200789918124     
  2.237215759722116E-006  -38.8200789900363     
  2.257531515010601E-006  -38.8200789919870     
  2.278031754031220E-006  -38.8200789892828     
  2.298718152047674E-006  -38.8200789903054     
  2.319592399536437E-006  -38.8200789894671     
  2.340656202324893E-006  -38.8200789904931     
  2.361911281730740E-006  -38.8200789896582     
  2.383359374702655E-006  -38.8200789888251     
  2.405002233962234E-006  -38.8200789889251     
  2.426841628147221E-006  -38.8200789890269     
  2.448879341956045E-006  -38.8200789891305     
  2.471117176293662E-006  -38.8200789892361     
  2.493556948418721E-006  -38.8200789884123     
  2.516200492092072E-006  -38.8200789885217     
  2.539049657726619E-006  -38.8200789886332     
  2.562106312538532E-006  -38.8200789868840     
  2.585372340699839E-006  -38.8200789879308     
  2.608849643492396E-006  -38.8200789880485     
  2.632540139463257E-006  -38.8200789863056     
  2.656445764581459E-006  -38.8200789864276     
  2.680568472396227E-006  -38.8200789856205     
  2.704910234196615E-006  -38.8200789857469     
  2.729473039172601E-006  -38.8200789858757     
  2.754258894577640E-006  -38.8200789850755     
  2.779269825892698E-006  -38.8200789861404     
  2.804507876991766E-006  -38.8200789853450     
  2.829975110308891E-006  -38.8200789836208     
  2.855673607006715E-006  -38.8200789837617     
  2.881605467146543E-006  -38.8200789829740     
  2.907772809859962E-006  -38.8200789821888     
  2.934177773522012E-006  -38.8200789832689     
  2.960822515925931E-006  -38.8200789843518     
  2.987709214459495E-006  -38.8200789826435     
  3.014840066282947E-006  -38.8200789818692     
  3.042217288508546E-006  -38.8200789820292     
  3.069843118381752E-006  -38.8200789812608     
  3.097719813464049E-006  -38.8200789814266     
  3.125849651817434E-006  -38.8200789815955     
  3.154234932190574E-006  -38.8200789826988     
  3.182877974206662E-006  -38.8200789810113     
  3.211781118552973E-006  -38.8200789811896     
  3.240946727172146E-006  -38.8200789804399     
  3.270377183455193E-006  -38.8200789796934     
  3.300074892436276E-006  -38.8200789808130     
  3.330042280989242E-006  -38.8200789810046     
  3.360281798025940E-006  -38.8200789802685     
  3.390795914696352E-006  -38.8200789795359     
  3.421587124590530E-006  -38.8200789769443     
  3.452657943942369E-006  -38.8200789790130     
  3.484010911835233E-006  -38.8200789773602     
  3.515648590409448E-006  -38.8200789775738     
  3.547573565071676E-006  -38.8200789759287     
  3.579788444706195E-006  -38.8200789752189     
  3.612295861888089E-006  -38.8200789754444     
  3.645098473098392E-006  -38.8200789738115     
  3.678198958941160E-006  -38.8200789759080     
  3.711600024362534E-006  -38.8200789742834     
  3.745304398871790E-006  -38.8200789745259     
  3.779314836764387E-006  -38.8200789729102     
  3.813634117347044E-006  -38.8200789722302     
  3.848265045164870E-006  -38.8200789724862     
  3.883210450230545E-006  -38.8200789718155     
  3.918473188255585E-006  -38.8200789711496     
  3.954056140883712E-006  -38.8200789695572     
  3.989962215926337E-006  -38.8200789707637     
  4.026194347600186E-006  -38.8200789682500     
  4.062755496767080E-006  -38.8200789676040     
  4.099648651175897E-006  -38.8200789688258     
  4.136876825706727E-006  -38.8200789681903     
  4.174443062617244E-006  -38.8200789666289     
  4.212350431791320E-006  -38.8200789660043     
  4.250602030989891E-006  -38.8200789653852     
  4.289200986104106E-006  -38.8200789657032     
  4.328150451410771E-006  -38.8200789650957     
  4.367453609830113E-006  -38.8200789644941     
  4.407113673185889E-006  -38.8200789620359     
  4.447133882467850E-006  -38.8200789623777     
  4.487517508096596E-006  -38.8200789617945     
  4.528267850190828E-006  -38.8200789602863     
  4.569388238837034E-006  -38.8200789606472     
  4.610882034361622E-006  -38.8200789596177     
  4.652752627605521E-006  -38.8200789590606     
  4.695003440201276E-006  -38.8200789585103     
  4.737637924852668E-006  -38.8200789575013     
  4.780659565616860E-006  -38.8200789564993     
  4.824071878189113E-006  -38.8200789555046     
  4.867878410190088E-006  -38.8200789545172     
  4.912082741455754E-006  -38.8200789544686     
  4.956688484329923E-006  -38.8200789530307     
  5.001699283959462E-006  -38.8200789534631     
  5.047118818592158E-006  -38.8200789525064     
  5.092950799877308E-006  -38.8200789510922     
  5.139198973169031E-006  -38.8200789506174     
  5.185867117832336E-006  -38.8200789496852     
  5.232959047551966E-006  -38.8200789487616     
  5.280478610644055E-006  -38.8200789473809     
  5.328429690370603E-006  -38.8200789469404     
  5.376816205256817E-006  -38.8200789460431     
  5.425642109411331E-006  -38.8200789446893     
  5.474911392849327E-006  -38.8200789433448     
  5.524628081818602E-006  -38.8200789420097     
  5.574796239128588E-006  -38.8200789420813     
  5.625419964482360E-006  -38.8200789403000     
  5.676503394811663E-006  -38.8200789389943     
  5.728050704614975E-006  -38.8200789381645     
  5.780066106298649E-006  -38.8200789373450     
  5.832553850521145E-006  -38.8200789356047     
  5.885518226540389E-006  -38.8200789352721     
  5.938963562564289E-006  -38.8200789340191     
  5.992894226104436E-006  -38.8200789327773     
  6.047314624333006E-006  -38.8200789306155     
  6.102229204442922E-006  -38.8200789298621     
  6.157642454011264E-006  -38.8200789281892     
  6.213558901365998E-006  -38.8200789274596     
  6.269983115956019E-006  -38.8200789253452     
  6.326919708724577E-006  -38.8200789251058     
  6.384373332486063E-006  -38.8200789220850     
  6.442348682306246E-006  -38.8200789218711     
  6.500850495885944E-006  -38.8200789207390     
  6.559883553948190E-006  -38.8200789186888     
  6.619452680628903E-006  -38.8200789166523     
  6.679562743871112E-006  -38.8200789155608     
  6.740218655822770E-006  -38.8200789144835     
  6.801425373238163E-006  -38.8200789124891     
  6.863187897882975E-006  -38.8200789109750     
  6.925511276943027E-006  -38.8200789094758     
  6.988400603436729E-006  -38.8200789075260     
  7.051861016631279E-006  -38.8200789065229     
  7.115897702462637E-006  -38.8200789050699     
  7.180515893959322E-006  -38.8200789027015     
  7.245720871670043E-006  -38.8200789008150     
  7.311517964095228E-006  -38.8200788994107     
  7.377912548122462E-006  -38.8200788975576     
  7.444910049465881E-006  -38.8200788952561     
  7.512515943109557E-006  -38.8200788939034     
  7.580735753754918E-006  -38.8200788921027     
  7.649575056272207E-006  -38.8200788903202     
  7.719039476156066E-006  -38.8200788876249     
  7.789134689985251E-006  -38.8200788858796     
  7.859866425886505E-006  -38.8200788832222     
  7.931240464002670E-006  -38.8200788805842     
  8.003262636965023E-006  -38.8200788788974     
  8.075938830369926E-006  -38.8200788776965     
  8.149274983259778E-006  -38.8200788751191     
  8.223277088608367E-006  -38.8200788725627     
  8.297951193810596E-006  -38.8200788700276     
  8.373303401176679E-006  -38.8200788675142     
  8.449339868430814E-006  -38.8200788650230     
  8.526066809214390E-006  -38.8200788625542     
  8.603490493593758E-006  -38.8200788601084     
  8.681617248572621E-006  -38.8200788586173     
  8.760453458609064E-006  -38.8200788552872     
  8.840005566137295E-006  -38.8200788529127     
  8.920280072094108E-006  -38.8200788500972     
  9.001283536450145E-006  -38.8200788473067     
  9.083022578745960E-006  -38.8200788443090     
  9.165503878632974E-006  -38.8200788420358     
  9.248734176419314E-006  -38.8200788386249     
  9.332720273620650E-006  -38.8200788361724     
  9.417469033515992E-006  -38.8200788325831     
  9.502987381708550E-006  -38.8200788297203     
  9.589282306691706E-006  -38.8200788268860     
  9.676360860420089E-006  -38.8200788236150     
  9.764230158885870E-006  -38.8200788206064     
  9.852897382700263E-006  -38.8200788171622     
  9.942369777680334E-006  -38.8200788137486     
  1.003265465544111E-005  -38.8200788099005     
  1.012375939399307E-005  -38.8200788070155     
  1.021569143834512E-005  -38.8200788036971     
  1.030845830111291E-005  -38.8200787997132     
  1.040206756313285E-005  -38.8200787964612     
  1.049652687408154E-005  -38.8200787920792     
  1.059184395310092E-005  -38.8200787884305     
  1.068802658942910E-005  -38.8200787848172     
  1.078508264303684E-005  -38.8200787812398     
  1.088302004526989E-005  -38.8200787767678     
  1.098184679949714E-005  -38.8200787727989     
  1.108157098176462E-005  -38.8200787688679     
  1.118220074145551E-005  -38.8200787645101     
  1.128374430195606E-005  -38.8200787604245     
  1.138620996132763E-005  -38.8200787559134     
  1.148960609298476E-005  -38.8200787519088     
  1.159394114637950E-005  -38.8200787465489     
  1.169922364769185E-005  -38.8200787421627     
  1.180546220052651E-005  -38.8200787375868     
  1.191266548661597E-005  -38.8200787325892     
  1.202084226653001E-005  -38.8200787281020     
  1.213000138039153E-005  -38.8200787231948     
  1.224015174859904E-005  -38.8200787178683     
  1.235130237255555E-005  -38.8200787125890     
  1.246346233540424E-005  -38.8200787071250     
  1.257664080277064E-005  -38.8200787019428     
  1.269084702351173E-005  -38.8200786968105     
  1.280609033047167E-005  -38.8200786907977     
  1.292238014124451E-005  -38.8200786857679     
  1.303972595894379E-005  -38.8200786796266     
  1.315813737297911E-005  -38.8200786737718     
  1.327762405983980E-005  -38.8200786677387     
  1.339819578388564E-005  -38.8200786619941     
  1.351986239814480E-005  -38.8200786560732     
  1.364263384511906E-005  -38.8200786490459     
  1.376652015759626E-005  -38.8200786430085     
  1.389153145947018E-005  -38.8200786367981     
  1.401767796656789E-005  -38.8200786297172     
  1.414496998748453E-005  -38.8200786231639     
  1.427341792442575E-005  -38.8200786164409     
  1.440303227405778E-005  -38.8200786093166     
  1.453382362836518E-005  -38.8200786020247     
  1.466580267551643E-005  -38.8200785950324     
  1.479898020073733E-005  -38.8200785876422     
  1.493336708719242E-005  -38.8200785796225     
  1.506897431687429E-005  -38.8200785719061     
  1.520581297150101E-005  -38.8200785647269     
  1.534389423342179E-005  -38.8200785566893     
  1.548322938653073E-005  -38.8200785482603     
  1.562382981718892E-005  -38.8200785403725     
  1.576570701515501E-005  -38.8200785318632     
  1.590887257452405E-005  -38.8200785231995     
  1.605333819467499E-005  -38.8200785146156     
  1.619911568122677E-005  -38.8200785056473     
  1.634621694700300E-005  -38.8200784962961     
  1.649465401300555E-005  -38.8200784872620     
  1.664443900939681E-005  -38.8200784780808     
  1.679558417649103E-005  -38.8200784685214     
  1.694810186575455E-005  -38.8200784590509     
  1.710200454081516E-005  -38.8200784492053     
  1.725730477848062E-005  -38.8200784389864     
  1.741401526976644E-005  -38.8200784286285     
  1.757214882093293E-005  -38.8200784183662     
  1.773171835453181E-005  -38.8200784077357     
  1.789273691046213E-005  -38.8200783972043     
  1.805521764703595E-005  -38.8200783860753     
  1.821917384205358E-005  -38.8200783747000     
  1.838461889388868E-005  -38.8200783634293     
  1.855156632258312E-005  -38.8200783516831     
  1.872002977095187E-005  -38.8200783398126     
  1.889002300569784E-005  -38.8200783279362     
  1.906155991853690E-005  -38.8200783157067     
  1.923465452733310E-005  -38.8200783031261     
  1.940932097724421E-005  -38.8200782905458     
  1.958557354187764E-005  -38.8200782773858     
  1.976342662445687E-005  -38.8200782643467     
  1.994289475899847E-005  -38.8200782508488     
  2.012399261149981E-005  -38.8200782372434     
  2.030673498113755E-005  -38.8200782234165     
  2.049113680147702E-005  -38.8200782090212     
  2.067721314169258E-005  -38.8200781948746     
  2.086497920779908E-005  -38.8200781800481     
  2.105445034389443E-005  -38.8200781650095     
  2.124564203341357E-005  -38.8200781497615     
  2.143856990039373E-005  -38.8200781343066     
  2.163324971075122E-005  -38.8200781185309     
  2.182969737356981E-005  -38.8200781024373     
  2.202792894240079E-005  -38.8200780860282     
  2.222796061657492E-005  -38.8200780694229     
  2.242980874252613E-005  -38.8200780523913     
  2.263348981512741E-005  -38.8200780352856     
  2.283902047903873E-005  -38.8200780174100     
  2.304641753006722E-005  -38.8200779998154     
  2.325569791653976E-005  -38.8200779812242     
  2.346687874068792E-005  -38.8200779628035     
  2.367997726004556E-005  -38.8200779438579     
  2.389501088885914E-005  -38.8200779246235     
  2.411199719951076E-005  -38.8200779048707     
  2.433095392395415E-005  -38.8200778848356     
  2.455189895516378E-005  -38.8200778646379     
  2.477485034859696E-005  -38.8200778438154     
  2.499982632366941E-005  -38.8200778228373     
  2.522684526524408E-005  -38.8200778012413     
  2.545592572513358E-005  -38.8200777793804     
  2.568708642361619E-005  -38.8200777572581     
  2.592034625096569E-005  -38.8200777345290     
  2.615572426899504E-005  -38.8200777113133     
  2.639323971261412E-005  -38.8200776878477     
  2.663291199140157E-005  -38.8200776639033     
  2.687476069119094E-005  -38.8200776394840     
  2.711880557567121E-005  -38.8200776147105     
  2.736506658800191E-005  -38.8200775894703     
  2.761356385244277E-005  -38.8200775637679     
  2.786431767599838E-005  -38.8200775377238     
  2.811734855007756E-005  -38.8200775106440     
  2.837267715216794E-005  -38.8200774835807     
  2.863032434752573E-005  -38.8200774558400     
  2.889031119088076E-005  -38.8200774278920     
  2.915265892815712E-005  -38.8200773991596     
  2.941738899820932E-005  -38.8200773699966     
  2.968452303457424E-005  -38.8200773401753     
  2.995408286723907E-005  -38.8200773100498     
  3.022609052442517E-005  -38.8200772790430     
  3.050056823438824E-005  -38.8200772477423     
  3.077753842723480E-005  -38.8200772158037     
  3.105702373675510E-005  -38.8200771831160     
  3.133904700227284E-005  -38.8200771499176     
  3.162363127051150E-005  -38.8200771162140     
  3.191079979747772E-005  -38.8200770817780     
  3.220057605036176E-005  -38.8200770469647     
  3.249298370945525E-005  -38.8200770111978     
  3.278804667008628E-005  -38.8200769748325     
  3.308578904457217E-005  -38.8200769381077     
  3.338623516418983E-005  -38.8200769003312     
  3.368940958116413E-005  -38.8200768623242     
  3.399533707067435E-005  -38.8200768232780     
  3.430404263287867E-005  -38.8200767833158     
  3.461555149495727E-005  -38.8200767431425     
  3.492988911317378E-005  -38.8200767019502     
  3.524708117495566E-005  -38.8200766599784     
  3.556715360099324E-005  -38.8200766171179     
  3.589013254735802E-005  -38.8200765737250     
  3.621604440764010E-005  -38.8200765295742     
  3.654491581510503E-005  -38.8200764843817     
  3.687677364487026E-005  -38.8200764385628     
  3.721164501610140E-005  -38.8200763917756     
  3.754955729422829E-005  -38.8200763442028     
  3.789053809318139E-005  -38.8200762957359     
  3.823461527764825E-005  -38.8200762463829     
  3.858181696535072E-005  -38.8200761961522     
  3.893217152934260E-005  -38.8200761449939     
  3.928570760032830E-005  -38.8200760930330     
  3.964245406900255E-005  -38.8200760399291     
  4.000244008841129E-005  -38.8200759858073     
  4.036569507633405E-005  -38.8200759309678     
  4.073224871768791E-005  -38.8200758749541     
  4.110213096695343E-005  -38.8200758178338     
  4.147537205062236E-005  -38.8200757598493     
  4.185200246966785E-005  -38.8200757008939     
  4.223205300203691E-005  -38.8200756405700     
  4.261555470516558E-005  -38.8200755793533     
  4.300253891851687E-005  -38.8200755168467     
  4.339303726614190E-005  -38.8200754532935     
  4.378708165926407E-005  -38.8200753885878     
  4.418470429888691E-005  -38.8200753226823     
  4.458593767842548E-005  -38.8200752556463     
  4.499081458636172E-005  -38.8200751873746     
  4.539936810892393E-005  -38.8200751179367     
  4.581163163279044E-005  -38.8200750469369     
  4.622763884781811E-005  -38.8200749749109     
  4.664742374979529E-005  -38.8200749012888     
  4.707102064322001E-005  -38.8200748266648     
  4.749846414410330E-005  -38.8200747505277     
  4.792978918279797E-005  -38.8200746729483     
  4.836503100685313E-005  -38.8200745940562     
  4.880422518389454E-005  -38.8200745136316     
  4.924740760453121E-005  -38.8200744318045     
  4.969461448528830E-005  -38.8200743485885     
  5.014588237156678E-005  -38.8200742636485     
  5.060124814062987E-005  -38.8200741771730     
  5.106074900461656E-005  -38.8200740891768     
  5.152442251358263E-005  -38.8200739996162     
  5.199230655856919E-005  -38.8200739083317     
  5.246443937469908E-005  -38.8200738154549     
  5.294085954430148E-005  -38.8200737209432     
  5.342160600006473E-005  -38.8200736245796     
  5.390671802821797E-005  -38.8200735264385     
  5.439623527174153E-005  -38.8200734267109     
  5.489019773360655E-005  -38.8200733250059     
  5.538864578004397E-005  -38.8200732215154     
  5.589162014384325E-005  -38.8200731160820     
  5.639916192768101E-005  -38.8200730087815     
  5.691131260747987E-005  -38.8200728993991     
  5.742811403579792E-005  -38.8200727881278     
  5.794960844524880E-005  -38.8200726747533     
  5.847583845195296E-005  -38.8200725593527     
  5.900684705902017E-005  -38.8200724420038     
  5.954267766006377E-005  -38.8200723222603     
  6.008337404274670E-005  -38.8200722004917     
  6.062898039235984E-005  -38.8200720763691     
  6.117954129543276E-005  -38.8200719500879     
  6.173510174337729E-005  -38.8200718215527     
  6.229570713616423E-005  -38.8200716905524     
  6.286140328603341E-005  -38.8200715571670     
  6.343223642123735E-005  -38.8200714213607     
  6.400825318981906E-005  -38.8200712831562     
  6.458950066342405E-005  -38.8200711424020     
  6.517602634114704E-005  -38.8200709991217     
  6.576787815341349E-005  -38.8200708530483     
  6.636510446589647E-005  -38.8200707044390     
  6.696775408346906E-005  -38.8200705530859     
  6.757587625419263E-005  -38.8200703990725     
  6.818952067334140E-005  -38.8200702420754     
  6.880873748746343E-005  -38.8200700822955     
  6.943357729847858E-005  -38.8200699195850     
  7.006409116781376E-005  -38.8200697539128     
  7.070033062057546E-005  -38.8200695852484     
  7.134234764976042E-005  -38.8200694135038     
  7.199019472050454E-005  -38.8200692386494     
  7.264392477437016E-005  -38.8200690605690     
  7.330359123367248E-005  -38.8200688792344     
  7.396924800584516E-005  -38.8200686946465     
  7.464094948784556E-005  -38.8200685065745     
  7.531875057060012E-005  -38.8200683151663     
  7.600270664348995E-005  -38.8200681202502     
  7.669287359887715E-005  -38.8200679217424     
  7.738930783667236E-005  -38.8200677196471     
  7.809206626894373E-005  -38.8200675138816     
  7.880120632456761E-005  -38.8200673043059     
  7.951678595392183E-005  -38.8200670909258     
  8.023886363362108E-005  -38.8200668737189     
  8.096749837129576E-005  -38.8200666524888     
  8.170274971041397E-005  -38.8200664272433     
  8.244467773514741E-005  -38.8200661978748     
  8.319334307528129E-005  -38.8200659642760     
  8.394880691116914E-005  -38.8200657264862     
  8.471113097873221E-005  -38.8200654843122     
  8.548037757450468E-005  -38.8200652377655     
  8.625660956072431E-005  -38.8200649866837     
  8.703989037046960E-005  -38.8200647310506     
  8.783028401284349E-005  -38.8200644707343     
  8.862785507820409E-005  -38.8200642056913     
  8.943266874344295E-005  -38.8200639357912     
  9.024479077731135E-005  -38.8200636609918     
  9.106428754579475E-005  -38.8200633811356     
  9.189122601753623E-005  -38.8200630962111     
  9.272567376930919E-005  -38.8200628060624     
  9.356769899153950E-005  -38.8200625107089     
  9.441737049387816E-005  -38.8200622097926     
  9.527475771082415E-005  -38.8200619035385     
  9.613993070739880E-005  -38.8200615916486     
  9.701296018487131E-005  -38.8200612740879     
  9.789391748653639E-005  -38.8200609507059     
  9.878287460354447E-005  -38.8200606214111     
  9.967990418078469E-005  -38.8200602861714     
  1.005850795228214E-004  -38.8200599447227     
  1.014984745998847E-004  -38.8200595971223     
  1.024201640539148E-004  -38.8200592431374     
  1.033502232046621E-004  -38.8200588827106     
  1.042887280558425E-004  -38.8200585157570     
  1.052357553013474E-004  -38.8200581420470     
  1.061913823315122E-004  -38.8200577615265     
  1.071556872394398E-004  -38.8200573740849     
  1.081287488273826E-004  -38.8200569796122     
  1.091106466131822E-004  -38.8200565778837     
  1.101014608367675E-004  -38.8200561688500     
  1.111012724667116E-004  -38.8200557523760     
  1.121101632068490E-004  -38.8200553282404     
  1.131282155029518E-004  -38.8200548963396     
  1.141555125494675E-004  -38.8200544566585     
  1.151921382963175E-004  -38.8200540089216     
  1.162381774557574E-004  -38.8200535530583     
  1.172937155092994E-004  -38.8200530887666     
  1.183588387146983E-004  -38.8200526160660     
  1.194336341129999E-004  -38.8200521347447     
  1.205181895356541E-004  -38.8200516446795     
  1.216125936116927E-004  -38.8200511456615     
  1.227169357749716E-004  -38.8200506375414     
  1.238313062714796E-004  -38.8200501201132     
  1.249557961667132E-004  -38.8200495932307     
  1.260904973531183E-004  -38.8200490567785     
  1.272355025575995E-004  -38.8200485105554     
  1.283909053490981E-004  -38.8200479543617     
  1.295568001462380E-004  -38.8200473880287     
  1.307332822250416E-004  -38.8200468113311     
  1.319204477267161E-004  -38.8200462241035     
  1.331183936655093E-004  -38.8200456261823     
  1.343272179366384E-004  -38.8200450173766     
  1.355470193242895E-004  -38.8200443974392     
  1.367778975096898E-004  -38.8200437662409     
  1.380199530792543E-004  -38.8200431234801     
  1.392732875328050E-004  -38.8200424689442     
  1.405380032918656E-004  -38.8200418025974     
  1.418142037080313E-004  -38.8200411240273     
  1.431019930714147E-004  -38.8200404330274     
  1.444014766191680E-004  -38.8200397295098     
  1.457127605440834E-004  -38.8200390130683     
  1.470359520032705E-004  -38.8200382836629     
  1.483711591269138E-004  -38.8200375408773     
  1.497184910271082E-004  -38.8200367845449     
  1.510780578067762E-004  -38.8200360144576     
  1.524499705686653E-004  -38.8200352302787     
  1.538343414244268E-004  -38.8200344318631     
  1.552312835037782E-004  -38.8200336188205     
  1.566409109637475E-004  -38.8200327909671     
  1.580633389980020E-004  -38.8200319480194     
  1.594986838462625E-004  -38.8200310896675     
  1.609470628038015E-004  -38.8200302156914     
  1.624085942310290E-004  -38.8200293257426     
  1.638833975631646E-004  -38.8200284195628     
  1.653715933199978E-004  -38.8200274968670     
  1.668733031157366E-004  -38.8200265573588     
  1.683886496689459E-004  -38.8200256006862     
  1.699177568125759E-004  -38.8200246265728     
  1.714607495040817E-004  -38.8200236346870     
  1.730177538356343E-004  -38.8200226247146     
  1.745888970444255E-004  -38.8200215963011     
  1.761743075230651E-004  -38.8200205491383     
  1.777741148300731E-004  -38.8200194828632     
  1.793884497004673E-004  -38.8200183971742     
  1.810174440564467E-004  -38.8200172916711     
  1.826612310181720E-004  -38.8200161659568     
  1.843199449146447E-004  -38.8200150197544     
  1.859937212946833E-004  -38.8200138526299     
  1.876826969380011E-004  -38.8200126641968     
  1.893870098663836E-004  -38.8200114541594     
  1.911067993549670E-004  -38.8200102219927     
  1.928422059436205E-004  -38.8200089673500     
  1.945933714484303E-004  -38.8200076898160     
  1.963604389732893E-004  -38.8200063889786     
  1.981435529215910E-004  -38.8200050644446     
  1.999428590080304E-004  -38.8200037157227     
  2.017585042705113E-004  -38.8200023423987     
  2.035906370821627E-004  -38.8200009440477     
  2.054394071634631E-004  -38.8199995201471     
  2.073049655944760E-004  -38.8199980702951     
  2.091874648271956E-004  -38.8199965940362     
  2.110870586980057E-004  -38.8199950908025     
  2.130039024402505E-004  -38.8199935601911     
  2.149381526969204E-004  -38.8199920015998     
  2.168899675334528E-004  -38.8199904146202     
  2.188595064506489E-004  -38.8199887987031     
  2.208469303977081E-004  -38.8199871532608     
  2.228524017853807E-004  -38.8199854778556     
  2.248760844992398E-004  -38.8199837718660     
  2.269181439130743E-004  -38.8199820347774     
  2.289787469024024E-004  -38.8199802659931     
  2.310580618581092E-004  -38.8199784649798     
  2.331562587002073E-004  -38.8199766310497     
  2.352735088917223E-004  -38.8199747636950     
  2.374099854527050E-004  -38.8199728622972     
  2.395658629743702E-004  -38.8199709262144     
  2.417413176333641E-004  -38.8199689548103     
  2.439365272061616E-004  -38.8199669474256     
  2.461516710835938E-004  -38.8199649034798     
  2.483869302855078E-004  -38.8199628222093     
  2.506424874755596E-004  -38.8199607029878     
  2.529185269761410E-004  -38.8199585451369     
  2.552152347834424E-004  -38.8199563478977     
  2.575327985826521E-004  -38.8199541105904     
  2.598714077632945E-004  -38.8199518324693     
  2.622312534347058E-004  -38.8199495127809     
  2.646125284416518E-004  -38.8199471508223     
  2.670154273800875E-004  -38.8199447457814     
  2.694401466130586E-004  -38.8199422968388     
  2.718868842867483E-004  -38.8199398032257     
  2.743558403466700E-004  -38.8199372641668     
  2.768472165540064E-004  -38.8199346788067     
  2.793612165020972E-004  -38.8199320462543     
  2.818980456330770E-004  -38.8199293656990     
  2.844579112546633E-004  -38.8199266362657     
  2.870410225570981E-004  -38.8199238570583     
  2.896475906302422E-004  -38.8199210271088     
  2.922778284808258E-004  -38.8199181455817     
  2.949319510498550E-004  -38.8199152114972     
  2.976101752301766E-004  -38.8199122239061     
  3.003127198842025E-004  -38.8199091818101     
  3.030398058617949E-004  -38.8199060842344     
  3.057916560183140E-004  -38.8199029301627     
  3.085684952328296E-004  -38.8198997185590     
  3.113705504264980E-004  -38.8198964483824     
  3.141980505811060E-004  -38.8198931185655     
  3.170512267577827E-004  -38.8198897280217     
  3.199303121158821E-004  -38.8198862756382     
  3.228355419320364E-004  -38.8198827602617     
  3.257671536193827E-004  -38.8198791808076     
  3.287253867469643E-004  -38.8198755360639     
  3.317104830593082E-004  -38.8198718248293     
  3.347226864961796E-004  -38.8198680459211     
  3.377622432125177E-004  -38.8198641980880     
  3.408294015985501E-004  -38.8198602800901     
  3.439244123000914E-004  -38.8198562906119     
  3.470475282390265E-004  -38.8198522283865     
  3.501990046339779E-004  -38.8198480920860     
  3.533790990211633E-004  -38.8198438803226     
  3.565880712754402E-004  -38.8198395917646     
  3.598261836315433E-004  -38.8198352249841     
  3.630937007055138E-004  -38.8198307785735     
  3.663908895163238E-004  -38.8198262510657     
  3.697180195076969E-004  -38.8198216409784     
  3.730753625701268E-004  -38.8198169468284     
  3.764631930630959E-004  -38.8198121670591     
  3.798817878374960E-004  -38.8198073001213     
  3.833314262582522E-004  -38.8198023444292     
  3.868123902271525E-004  -38.8197972983540     
  3.903249642058845E-004  -38.8197921602452     
  3.938694352392811E-004  -38.8197869284464     
  3.974460929787782E-004  -38.8197816012292     
  4.010552297060844E-004  -38.8197761768524     
  4.046971403570661E-004  -38.8197706535470     
  4.083721225458493E-004  -38.8197650295320     
  4.120804765891407E-004  -38.8197593029265     
  4.158225055307691E-004  -38.8197534719252     
  4.195985151664500E-004  -38.8197475345654     
  4.234088140687750E-004  -38.8197414889171     
  4.272537136124280E-004  -38.8197353330175     
  4.311335279996308E-004  -38.8197290648710     
  4.350485742858189E-004  -38.8197226824139     
  4.389991724055518E-004  -38.8197161835433     
  4.429856451986572E-004  -38.8197095662048     
  4.470083184366132E-004  -38.8197028281313     
  4.510675208491706E-004  -38.8196959672138     
  4.551635841512161E-004  -38.8196889811751     
  4.592968430698795E-004  -38.8196818677297     
  4.634676353718881E-004  -38.8196746245843     
  4.676763018911682E-004  -38.8196672493510     
  4.719231865566976E-004  -38.8196597396132     
  4.762086364206118E-004  -38.8196520929257     
  4.805330016865646E-004  -38.8196443068155     
  4.848966357383460E-004  -38.8196363787020     
  4.892998951687613E-004  -38.8196283060210     
  4.937431398087707E-004  -38.8196200861307     
  4.982267327568953E-004  -38.8196117163414     
  5.027510404088885E-004  -38.8196031939374     
  5.073164324876780E-004  -38.8195945161414     
  5.119232820735790E-004  -38.8195856800711     
  5.165719656347822E-004  -38.8195766829145     
  5.212628630581184E-004  -38.8195675216608     
  5.259963576801031E-004  -38.8195581933489     
  5.307728363182613E-004  -38.8195486949654     
  5.355926893027389E-004  -38.8195390233655     
  5.404563105081999E-004  -38.8195291754188     
  5.453640973860135E-004  -38.8195191479008     
  5.503164509967338E-004  -38.8195089375371     
  5.553137760428732E-004  -38.8194985409821     
  5.603564809019758E-004  -38.8194879548559     
  5.654449776599887E-004  -38.8194771757085     
  5.705796821449374E-004  -38.8194662000204     
  5.757610139609077E-004  -38.8194550241889     
  5.809893965223342E-004  -38.8194436445825     
  5.862652570886029E-004  -38.8194320574807     
  5.915890267989647E-004  -38.8194202591139     
  5.969611407077697E-004  -38.8194082456096     
  6.023820378200180E-004  -38.8193960130551     
  6.078521611272356E-004  -38.8193835574761     
  6.133719576436751E-004  -38.8193708747832     
  6.189418784428455E-004  -38.8193579608446     
  6.245623786943733E-004  -38.8193448114513     
  6.302339177011989E-004  -38.8193314222916     
  6.359569589371104E-004  -38.8193177890177     
  6.417319700846183E-004  -38.8193039071774     
  6.475594230731741E-004  -38.8192897722289     
  6.534397941177359E-004  -38.8192753795567     
  6.593735637576846E-004  -38.8192607244721     
  6.653612168960934E-004  -38.8192458021956     
  6.714032428393527E-004  -38.8192306078618     
  6.775001353371570E-004  -38.8192151364906     
  6.836523926228535E-004  -38.8191993830504     
  6.898605174541565E-004  -38.8191833424003     
  6.961250171542332E-004  -38.8191670092913     
  7.024464036531619E-004  -38.8191503784106     
  7.088251935297658E-004  -38.8191334443133     
  7.152619080538279E-004  -38.8191162014929     
  7.217570732286886E-004  -38.8190986443089     
  7.283112198342305E-004  -38.8190807670427     
  7.349248834702527E-004  -38.8190625638438     
  7.415986046002410E-004  -38.8190440287890     
  7.483329285955323E-004  -38.8190251558327     
  7.551284057798833E-004  -38.8190059387967     
  7.619855914744421E-004  -38.8189863714331     
  7.689050460431285E-004  -38.8189664473347     
  7.758873349384266E-004  -38.8189461600194     
  7.829330287475932E-004  -38.8189255028660     
  7.900427032392856E-004  -38.8189044691261     
  7.972169394106131E-004  -38.8188830519400     
  8.044563235346159E-004  -38.8188612443232     
  8.117614472081742E-004  -38.8188390391638     
  8.191329074003536E-004  -38.8188164292199     
  8.265713065011885E-004  -38.8187934070998     
  8.340772523709100E-004  -38.8187699653169     
  8.416513583896177E-004  -38.8187460961931     
  8.492942435074075E-004  -38.8187217919621     
  8.570065322949487E-004  -38.8186970447012     
  8.647888549945259E-004  -38.8186718463257     
  8.726418475715407E-004  -38.8186461886194     
  8.805661517664820E-004  -38.8186200632102     
  8.885624151473699E-004  -38.8185934615824     
  8.966312911626727E-004  -38.8185663750605     
  9.047734391947078E-004  -38.8185387947919     
  9.129895246135248E-004  -38.8185107118066     
  9.212802188312799E-004  -38.8184821169284     
  9.296461993571025E-004  -38.8184530008336     
  9.380881498524606E-004  -38.8184233540319     
  9.466067601870301E-004  -38.8183931668562     
  9.552027264950689E-004  -38.8183624294428     
  9.638767512323066E-004  -38.8183311317911     
  9.726295432333465E-004  -38.8182992636781     
  9.814618177695913E-004  -38.8182668147218     
  9.903742966076965E-004  -38.8182337743361     
  9.993677080685503E-004  -38.8182001317499     
  1.008442787086793E-003  -38.8181658759918     
  1.017600275270873E-003  -38.8181309958729     
  1.026840920963654E-003  -38.8180954800544     
  1.036165479303566E-003  -38.8180593169333     
  1.045574712286317E-003  -38.8180224947243     
  1.055069388827160E-003  -38.8179850014181     
  1.064650284823729E-003  -38.8179468247975     
  1.074318183219448E-003  -38.8179079524043     
  1.084073874067508E-003  -38.8178683715872     
  1.093918154595432E-003  -38.8178280694176     
  1.103851829270221E-003  -38.8177870327644     
  1.113875709864101E-003  -38.8177452482559     
  1.123990615520852E-003  -38.8177027022603     
  1.134197372822755E-003  -38.8176593809210     
  1.144496815858134E-003  -38.8176152701149     
  1.154889786289521E-003  -38.8175703554459     
  1.165377133422433E-003  -38.8175246222928     
  1.175959714274781E-003  -38.8174780557409     
  1.186638393646900E-003  -38.8174306406133     
  1.197414044192221E-003  -38.8173823614591     
  1.208287546488587E-003  -38.8173332025416     
  1.219259789110209E-003  -38.8172831478333     
  1.230331668700280E-003  -38.8172321810281     
  1.241504090044252E-003  -38.8171802855165     
  1.252777966143768E-003  -38.8171274443811     
  1.264154218291278E-003  -38.8170736404087     
  1.275633776145324E-003  -38.8170188560659     
  1.287217577806507E-003  -38.8169630734910     
  1.298906569894155E-003  -38.8169062745152     
  1.310701707623675E-003  -38.8168484406350     
  1.322603954884614E-003  -38.8167895529967     
  1.334614284319427E-003  -38.8167295924236     
  1.346733677402962E-003  -38.8166685393737     
  1.358963124522661E-003  -38.8166063739608     
  1.371303625059501E-003  -38.8165430759203     
  1.383756187469656E-003  -38.8164786246482     
  1.396321829366910E-003  -38.8164129991362     
  1.409001577605815E-003  -38.8163461780168     
  1.421796468365607E-003  -38.8162781395083     
  1.434707547234878E-003  -38.8162088614628     
  1.447735869297023E-003  -38.8161383213076     
  1.460882499216461E-003  -38.8160664960673     
  1.474148511325636E-003  -38.8159933623532     
  1.487534989712816E-003  -38.8159188963383     
  1.501043028310675E-003  -38.8158430737754     
  1.514673730985697E-003  -38.8157658699705     
  1.528428211628379E-003  -38.8156872597799     
  1.542307594244259E-003  -38.8156072176106     
  1.556313013045765E-003  -38.8155257173917     
  1.570445612544908E-003  -38.8154427325900     
  1.584706547646805E-003  -38.8153582361818     
  1.599096983744060E-003  -38.8152722006550     
  1.613618096811998E-003  -38.8151845979983     
  1.628271073504767E-003  -38.8150953996904     
  1.643057111252307E-003  -38.8150045766913     
  1.657977418358204E-003  -38.8149120994408     
  1.673033214098434E-003  -38.8148179378220     
  1.688225728820998E-003  -38.8147220611921     
  1.703556204046469E-003  -38.8146244383418     
  1.719025892569442E-003  -38.8145250374877     
  1.734636058560919E-003  -38.8144238262818     
  1.750387977671611E-003  -38.8143207717890     
  1.766282937136182E-003  -38.8142158404624     
  1.782322235878446E-003  -38.8141089981523     
  1.798507184617512E-003  -38.8140002100916     
  1.814839105974892E-003  -38.8138894408750     
  1.831319334582587E-003  -38.8137766544683     
  1.847949217192153E-003  -38.8136618141599     
  1.864730112784757E-003  -38.8135448825925     
  1.881663392682226E-003  -38.8134258217148     
  1.898750440659119E-003  -38.8133045927953     
  1.915992653055802E-003  -38.8131811563960     
  1.933391438892556E-003  -38.8130554723571     
  1.950948219984725E-003  -38.8129274997933     
  1.968664431058904E-003  -38.8127971970820     
  1.986541519870179E-003  -38.8126645218398     
  2.004580947320445E-003  -38.8125294309056     
  2.022784187577782E-003  -38.8123918803501     
  2.041152728196927E-003  -38.8122518254395     
  2.059688070240836E-003  -38.8121092206173     
  2.078391728403347E-003  -38.8119640195214     
  2.097265231132962E-003  -38.8118161749280     
  2.116310120757751E-003  -38.8116656387727     
  2.135527953611387E-003  -38.8115123621053     
  2.154920300160330E-003  -38.8113562950859     
  2.174488745132166E-003  -38.8111973869841     
  2.194234887645106E-003  -38.8110355861378     
  2.214160341338670E-003  -38.8108708399522     
  2.234266734505547E-003  -38.8107030948694     
  2.254555710224659E-003  -38.8105322963708     
  2.275028926495436E-003  -38.8103583889424     
  2.295688056373301E-003  -38.8101813160633     
  2.316534788106396E-003  -38.8100010201891     
  2.337570825273538E-003  -38.8098174427276     
  2.358797886923443E-003  -38.8096305240291     
  2.380217707715196E-003  -38.8094402033523     
  2.401832038060011E-003  -38.8092464188651     
  2.423642644264274E-003  -38.8090491076058     
  2.445651308673883E-003  -38.8088482054752     
  2.467859829819895E-003  -38.8086436472108     
  2.490270022565512E-003  -38.8084353663599     
  2.512883718254378E-003  -38.8082232952803     
  2.535702764860243E-003  -38.8080073650835     
  2.558729027137974E-003  -38.8077875056444     
  2.581964386775945E-003  -38.8075636455624     
  2.605410742549801E-003  -38.8073357121451     
  2.629070010477633E-003  -38.8071036313781     
  2.652944123976544E-003  -38.8068673279099     
  2.677035034020655E-003  -38.8066267250143     
  2.701344709300530E-003  -38.8063817445879     
  2.725875136384063E-003  -38.8061323070989     
  2.750628319878812E-003  -38.8058783315808     
  2.775606282595817E-003  -38.8056197355980     
  2.800811065714903E-003  -38.8053564352218     
  2.826244728951485E-003  -38.8050883450006     
  2.851909350724881E-003  -38.8048153779329     
  2.877807028328164E-003  -38.8045374454491     
  2.903939878099552E-003  -38.8042544573684     
  2.930310035595345E-003  -38.8039663218747     
  2.956919655764453E-003  -38.8036729454925     
  2.983770913124487E-003  -38.8033742330527     
  3.010866001939464E-003  -38.8030700876601     
  3.038207136399119E-003  -38.8027604106704     
  3.065796550799848E-003  -38.8024451016427     
  3.093636499727289E-003  -38.8021240583279     
  3.121729258240572E-003  -38.8017971766230     
  3.150077122058230E-003  -38.8014643505324     
  3.178682407745802E-003  -38.8011254721505     
  3.207547452905147E-003  -38.8007804316174     
  3.236674616365464E-003  -38.8004291170805     
  3.266066278376062E-003  -38.8000714146661     
  3.295724840800860E-003  -38.7997072084346     
  3.325652727314679E-003  -38.7993363803593     
  3.355852383601295E-003  -38.7989588102627     
  3.386326277553299E-003  -38.7985743758063     
  3.417076899473772E-003  -38.7981829524302     
  3.448106762279793E-003  -38.7977844133248     
  3.479418401707788E-003  -38.7973786293857     
  3.511014376520752E-003  -38.7969654691698     
  3.542897268717350E-003  -38.7965447988647     
  3.575069683742910E-003  -38.7961164822336     
  3.607534250702346E-003  -38.7956803805745     
  3.640293622574999E-003  -38.7952363526811     
  3.673350476431443E-003  -38.7947842547895     
  3.706707513652248E-003  -38.7943239405436     
  3.740367460148736E-003  -38.7938552609379     
  3.774333066585745E-003  -38.7933780642723     
  3.808607108606402E-003  -38.7928921961091     
  3.843192387058957E-003  -38.7923974992152     
  3.878091728225657E-003  -38.7918938135213     
  3.913307984053712E-003  -38.7913809760645     
  3.948844032388355E-003  -38.7908588209391     
  3.984702777208014E-003  -38.7903271792378     
  4.020887148861628E-003  -38.7897858790101     
  4.057400104308104E-003  -38.7892347451956     
  4.094244627357966E-003  -38.7886735995705     
  4.131423728917188E-003  -38.7881022606996     
  4.168940447233238E-003  -38.7875205438671     
  4.206797848143366E-003  -38.7869282610269     
  4.244999025325142E-003  -38.7863252207344     
  4.283547100549266E-003  -38.7857112280937     
  4.322445223934678E-003  -38.7850860846920     
  4.361696574205984E-003  -38.7844495885319     
  4.401304358953218E-003  -38.7838015339769     
  4.441271814893963E-003  -38.7831417116798     
  4.481602208137859E-003  -38.7824699085166     
  4.522298834453495E-003  -38.7817859075211     
  4.563365019537750E-003  -38.7810894878122     
  4.604804119287554E-003  -38.7803804245311     
  4.646619520074145E-003  -38.7796584887614     
  4.688814639019780E-003  -38.7789234474609     
  4.731392924276998E-003  -38.7781750633872     
  4.774357855310392E-003  -38.7774130950253     
  4.817712943180947E-003  -38.7766372965070     
  4.861461730832965E-003  -38.7758474175333     
  4.905607793383590E-003  -38.7750432032981     
  4.950154738414965E-003  -38.7742243944063     
  4.995106206269037E-003  -38.7733907267876     
  5.040465870345050E-003  -38.7725419316261     
  5.086237437399722E-003  -38.7716777352560     
  5.132424647850170E-003  -38.7707978590924     
  5.179031276079566E-003  -38.7699020195325     
  5.226061130745578E-003  -38.7689899278719     
  5.273518055091614E-003  -38.7680612902126     
  5.321405927260884E-003  -38.7671158073670     
  5.369728660613323E-003  -38.7661531747679     
  5.418490204045385E-003  -38.7651730823676     
  5.467694542312747E-003  -38.7641752145499     
  5.517345696355936E-003  -38.7631592500162     
  5.567447723628919E-003  -38.7621248616994     
  5.618004718430675E-003  -38.7610717166483     
  5.669020812239781E-003  -38.7599994759332     
  5.720500174052025E-003  -38.7589077945310     
  5.772447010721105E-003  -38.7577963212242     
  5.824865567302401E-003  -38.7566646984858     
  5.877760127399875E-003  -38.7555125623674     
  5.931135013516136E-003  -38.7543395423870     
  5.984994587405658E-003  -38.7531452614125     
  6.039343250431233E-003  -38.7519293355443     
  6.094185443923632E-003  -38.7506913739886     
  6.149525649544561E-003  -38.7494309789454     
  6.205368389652884E-003  -38.7481477454776     
  6.261718227674206E-003  -38.7468412613848     
  6.318579768473775E-003  -38.7455111070746     
  6.375957658732795E-003  -38.7441568554364     
  6.433856587328151E-003  -38.7427780716976     
  6.492281285715580E-003  -38.7413743132983     
  6.551236528316318E-003  -38.7399451297495     
  6.610727132907262E-003  -38.7384900624907     
  6.670757961014684E-003  -38.7370086447494     
  6.731333918311498E-003  -38.7355004013921     
  6.792459955018161E-003  -38.7339648487862     
  6.854141066307187E-003  -38.7324014946355     
  6.916382292711363E-003  -38.7308098378381     
  6.979188720535646E-003  -38.7291893683277     
  7.042565482272820E-003  -38.7275395669126     
  7.106517757022911E-003  -38.7258599051170     
  7.171050770916433E-003  -38.7241498450167     
  7.236169797541445E-003  -38.7224088390742     
  7.301880158374518E-003  -38.7206363299645     
  7.368187223215599E-003  -38.7188317504083     
  7.435096410626824E-003  -38.7169945229911     
  7.502613188375318E-003  -38.7151240599886     
  7.570743073880026E-003  -38.7132197631852     
  7.639491634662578E-003  -38.7112810236855     
  7.708864488802275E-003  -38.7093072217301     
  7.778867305395188E-003  -38.7072977265051     
  7.849505805017429E-003  -38.7052518959434     
  7.920785760192645E-003  -38.7031690765319     
  7.992712995863727E-003  -38.7010486031060     
  8.065293389868833E-003  -38.6988897986531     
  8.138532873421712E-003  -38.6966919740915     
  8.212437431596407E-003  -38.6944544280737     
  8.287013103816342E-003  -38.6921764467582     
  8.362265984347861E-003  -38.6898573036025     
  8.438202222798254E-003  -38.6874962591319     
  8.514828024618287E-003  -38.6850925607143     
  8.592149651609314E-003  -38.6826454423383     
  8.670173422434986E-003  -38.6801541243652     
  8.748905713137602E-003  -38.6776178133070     
  8.828352957659163E-003  -38.6750357015715     
  8.908521648367140E-003  -38.6724069672226     
  8.989418336585035E-003  -38.6697307737287     
  9.071049633127737E-003  -38.6670062697096     
  9.153422208841765E-003  -38.6642325886735     
  9.236542795150397E-003  -38.6614088487615     
  9.320418184603760E-003  -38.6585341524724     
  9.405055231433914E-003  -38.6556075863955     
  9.490460852114965E-003  -38.6526282209318     
  9.576642025928287E-003  -38.6495951100166     
  9.663605795532855E-003  -38.6465072908278     
  9.751359267540767E-003  -38.6433637834994     
  9.839909613097990E-003  -38.6401635908269     
  9.929264068470386E-003  -38.6369056979629     
  1.001942993563505E-002  -38.6335890721157     
  1.011041458287701E-002  -38.6302126622368     
  1.020222544539140E-002  -38.6267753987059     
  1.029487002589099E-002  -38.6232761930102     
  1.038835589521936E-002  -38.6197139374175     
  1.048269069296957E-002  -38.6160875046464     
  1.057788212810845E-002  -38.6123957475291     
  1.067393797960655E-002  -38.6086374986661     
  1.077086609707390E-002  -38.6048115700835     
  1.086867440140141E-002  -38.6009167528723     
  1.096737088540817E-002  -38.5969518168351     
  1.106696361449465E-002  -38.5929155101169     
  1.116746072730177E-002  -38.5888065588352     
  1.126887043637596E-002  -38.5846236667027     
  1.137120102884037E-002  -38.5803655146414     
  1.147446086707197E-002  -38.5760307603955     
  1.157865838938501E-002  -38.5716180381326     
  1.168380211072055E-002  -38.5671259580454     
  1.178990062334231E-002  -38.5625531059372     
  1.189696259753882E-002  -38.5578980428095     
  1.200499678233192E-002  -38.5531593044379     
  1.211401200619178E-002  -38.5483354009450     
  1.222401717775830E-002  -38.5434248163622     
  1.233502128656917E-002  -38.5384260081881     
  1.244703340379443E-002  -38.5333374069379     
  1.256006268297781E-002  -38.5281574156855     
  1.267411836078472E-002  -38.5228844095992     
  1.278920975775708E-002  -38.5175167354710     
  1.290534627907497E-002  -38.5120527112347     
  1.302253741532524E-002  -38.5064906254828     
  1.314079274327705E-002  -38.5008287369681     
  1.326012192666448E-002  -38.4950652741020     
  1.338053471697624E-002  -38.4891984344458     
  1.350204095425258E-002  -38.4832263841919     
  1.362465056788939E-002  -38.4771472576374     
  1.374837357744960E-002  -38.4709591566475     
  1.387322009348203E-002  -38.4646601501163     
  1.399920031834755E-002  -38.4582482734130     
  1.412632454705285E-002  -38.4517215278231     
  1.425460316809175E-002  -38.4450778799804     
  1.438404666429410E-002  -38.4383152612885     
  1.451466561368244E-002  -38.4314315673367     
  1.464647069033647E-002  -38.4244246573042     
  1.477947266526525E-002  -38.4172923533558     
  1.491368240728749E-002  -38.4100324400305     
  1.504911088391965E-002  -38.4026426636186     
  1.518576916227228E-002  -38.3951207315285     
  1.532366840995435E-002  -38.3874643116472     
  1.546281989598589E-002  -38.3796710316914     
  1.560323499171890E-002  -38.3717384785417     
  1.574492517176656E-002  -38.3636641975786     
  1.588790201494097E-002  -38.3554456919987     
  1.603217720519936E-002  -38.3470804221256     
  1.617776253259886E-002  -38.3385658047102     
  1.632466989426000E-002  -38.3298992122175     
  1.647291129533894E-002  -38.3210779721122     
  1.662249885000850E-002  -38.3120993661195     
  1.677344478244813E-002  -38.3029606294895     
  1.692576142784287E-002  -38.2936589502414     
  1.707946123339138E-002  -38.2841914684022     
  1.723455675932306E-002  -38.2745552752315     
  1.739106067992453E-002  -38.2647474124365     
  1.754898578457534E-002  -38.2547648713771     
  1.770834497879308E-002  -38.2446045922576     
  1.786915128528804E-002  -38.2342634633086     
  1.803141784502741E-002  -38.2237383199565     
  1.819515791830917E-002  -38.2130259439837     
  1.836038488584565E-002  -38.2021230626744     
  1.852711224985706E-002  -38.1910263479510     
  1.869535363517483E-002  -38.1797324154962     
  1.886512279035505E-002  -38.1682378238687     
  1.903643358880199E-002  -38.1565390735985     
  1.920930002990182E-002  -38.1446326062788     
  1.938373624016660E-002  -38.1325148036397     
  1.955975647438875E-002  -38.1201819866144     
  1.973737511680587E-002  -38.1076304143885     
  1.991660668227628E-002  -38.0948562834410     
  2.009746581746510E-002  -38.0818557265710     
  2.027996730204119E-002  -38.0686248119124     
  2.046412604988495E-002  -38.0551595419360     
  2.064995711030704E-002  -38.0414558524401     
  2.083747566927822E-002  -38.0275096115257     
  2.102669705067033E-002  -38.0133166185638     
  2.121763671750854E-002  -37.9988726031444     
  2.141031027323498E-002  -37.9841732240189     
  2.160473346298383E-002  -37.9692140680232     
  2.180092217486804E-002  -37.9539906489944     
  2.199889244127763E-002  -37.9384984066705     
  2.219866044018991E-002  -37.9227327055778     
  2.240024249649149E-002  -37.9066888339091     
  2.260365508331234E-002  -37.8903620023838     
  2.280891482337197E-002  -37.8737473430990     
  2.301603849033787E-002  -37.8568399083669     
  2.322504301019613E-002  -37.8396346695389     
  2.343594546263473E-002  -37.8221265158181     
  2.364876308243923E-002  -37.8043102530581     
  2.386351326090118E-002  -37.7861806025494     
  2.408021354723932E-002  -37.7677321997944     
  2.429888165003372E-002  -37.7489595932683     
  2.451953543867289E-002  -37.7298572431692     
  2.474219294481405E-002  -37.7104195201554     
  2.496687236385665E-002  -37.6906407040686     
  2.519359205642934E-002  -37.6705149826497     
  2.542237054989030E-002  -37.6500364502365     
  2.565322653984135E-002  -37.6291991064570     
  2.588617889165575E-002  -37.6079968549027     
  2.612124664201977E-002  -37.5864235017983     
  2.635844900048848E-002  -37.5644727546557     
  2.659780535105542E-002  -37.5421382209174     
  2.683933525373675E-002  -37.5194134065896     
  2.708305844616958E-002  -37.4962917148663     
  2.732899484522501E-002  -37.4727664447400     
  2.757716454863566E-002  -37.4488307896051     
  2.782758783663805E-002  -37.4244778358500     
  2.808028517362989E-002  -37.3997005614397     
  2.833527720984244E-002  -37.3744918344908     
  2.859258478302798E-002  -37.3488444118353     
  2.885222892016271E-002  -37.3227509375789     
  2.911423083916501E-002  -37.2962039416495     
  2.937861195062938E-002  -37.2691958383376     
  2.964539385957610E-002  -37.2417189248311     
  2.991459836721675E-002  -37.2137653797438     
  3.018624747273583E-002  -37.1853272616350     
  3.046036337508846E-002  -37.1563965075268     
  3.073696847481451E-002  -37.1269649314145     
  3.101608537586914E-002  -37.0970242227725     
  3.129773688746997E-002  -37.0665659450574     
  3.158194602596102E-002  -37.0355815342065     
  3.186873601669363E-002  -37.0040622971362     
  3.215813029592440E-002  -36.9719994102350     
  3.245015251273033E-002  -36.9393839178587     
  3.274482653094149E-002  -36.9062067308242     
  3.304217643109110E-002  -36.8724586249030     
  3.334222651238339E-002  -36.8381302393188     
  3.364500129467928E-002  -36.8032120752426     
  3.395052552050020E-002  -36.7676944942973     
  3.425882415704996E-002  -36.7315677170619     
  3.456992239825506E-002  -36.6948218215830     
  3.488384566682353E-002  -36.6574467418918     
  3.520061961632248E-002  -36.6194322665313     
  3.552027013327444E-002  -36.5807680370871     
  3.584282333927283E-002  -36.5414435467343     
  3.616830559311657E-002  -36.5014481387916     
  3.649674349296409E-002  -36.4607710052885     
  3.682816387850694E-002  -36.4194011855490     
  3.716259383316314E-002  -36.3773275647877     
  3.750006068629030E-002  -36.3345388727246     
  3.784059201541908E-002  -36.2910236822192     
  3.818421564850672E-002  -36.2467704079227     
  3.853095966621119E-002  -36.2017673049549     
  3.888085240418585E-002  -36.1560024676021     
  3.923392245539507E-002  -36.1094638280429     
  3.959019867245078E-002  -36.0621391551006     
  3.994971016997032E-002  -36.0140160530252     
  4.031248632695565E-002  -35.9650819603070     
  4.067855678919419E-002  -35.9153241485252     
  4.104795147168144E-002  -35.8647297212300     
  4.142070056106560E-002  -35.8132856128662     
  4.179683451811441E-002  -35.7609785877359     
  4.217638408020438E-002  -35.7077952390044     
  4.255938026383266E-002  -35.6537219877530     
  4.294585436715160E-002  -35.5987450820799     
  4.333583797252649E-002  -35.5428505962524     
  4.372936294911643E-002  -35.4860244299140     
  4.412646145547861E-002  -35.4282523073485     
  4.452716594219636E-002  -35.3695197768045     
  4.493150915453085E-002  -35.3098122098837     
  4.533952413509722E-002  -35.2491148009966     
  4.575124422656458E-002  -35.1874125668879     
  4.616670307438087E-002  -35.1246903462360     
  4.658593462952233E-002  -35.0609327993310     
  4.700897315126790E-002  -34.9961244078334     
  4.743585320999891E-002  -34.9302494746185     
  4.786660969002413E-002  -34.8632921237106     
  4.830127779243046E-002  -34.7952363003101     
  4.873989303795959E-002  -34.7260657709191     
  4.918249126991069E-002  -34.6557641235708     
  4.962910865706948E-002  -34.5843147681630     
  5.007978169666397E-002  -34.5117009369067     
  5.053454721734695E-002  -34.4379056848900     
  5.099344238220558E-002  -34.3629118907632     
  5.145650469179838E-002  -34.2867022575528     
  5.192377198721974E-002  -34.2092593136069     
  5.239528245319217E-002  -34.1305654136791     
  5.287107462118687E-002  -34.0506027401558     
  5.335118737257241E-002  -33.9693533044335     
  5.383565994179208E-002  -33.8867989484529     
  5.432453191957012E-002  -33.8029213463921     
  5.481784325614705E-002  -33.7177020065320     
  5.531563426454435E-002  -33.6311222732945     
  5.581794562385885E-002  -33.5431633294628     
  5.632481838258693E-002  -33.4538061985914     
  5.683629396197902E-002  -33.3630317476115     
  5.735241415942453E-002  -33.2708206896402     
  5.787322115186742E-002  -33.1771535870009     
  5.839875749925296E-002  -33.0820108544622     
  5.892906614800562E-002  -32.9853727627042     
  5.946419043453870E-002  -32.8872194420192     
  6.000417408879564E-002  -32.7875308862571     
  6.054906123782370E-002  -32.6862869570209     
  6.109889640937993E-002  -32.5834673881266     
  6.165372453556998E-002  -32.4790517903289     
  6.221359095651988E-002  -32.3730196563307     
  6.277854142408119E-002  -32.2653503660781     
  6.334862210556991E-002  -32.1560231923559     
  6.392387958753906E-002  -32.0450173066918     
  6.450436087958591E-002  -31.9323117855781     
  6.509011341819335E-002  -31.8178856170247     
  6.568118507060652E-002  -31.7017177074507     
  6.627762413874445E-002  -31.5837868889268     
  6.687947936314721E-002  -31.4640719267809     
  6.748679992695897E-002  -31.3425515275760     
  6.809963545994724E-002  -31.2192043474738     
  6.871803604255852E-002  -31.0940090009936     
  6.934205221001094E-002  -30.9669440701827     
  6.997173495642380E-002  -30.8379881142048     
  7.060713573898489E-002  -30.7071196793646     
  7.124830648215551E-002  -30.5743173095766     
  7.189529958191369E-002  -30.4395595572941     
  7.254816791003592E-002  -30.3028249949109     
  7.320696481841783E-002  -30.1640922266468     
  7.387174414343406E-002  -30.0233399009348     
  7.454256021033767E-002  -29.8805467233189     
  7.521946783769969E-002  -29.7356914698798     
  7.590252234188867E-002  -29.5887530012012     
  7.659177954159127E-002  -29.4397102768910     
  7.728729576237359E-002  -29.2885423706724     
  7.798912784128412E-002  -29.1352284860582     
  7.869733313149838E-002  -28.9797479726249     
  7.941196950700580E-002  -28.8220803428997     
  8.013309536733916E-002  -28.6622052898751     
  8.086076964234691E-002  -28.5001027051692     
  8.159505179700889E-002  -28.3357526978417     
  8.233600183629576E-002  -28.1691356138860     
  8.308368031007257E-002  -28.0002320564082     
  8.383814831804683E-002  -27.8290229065114     
  8.459946751476155E-002  -27.6554893448985     
  8.536770011463360E-002  -27.4796128742097     
  8.614290889703780E-002  -27.3013753421089     
  8.692515721143723E-002  -27.1207589651353     
  8.771450898256013E-002  -26.9377463533343     
  8.851102871562364E-002  -26.7523205356812     
  8.931478150160525E-002  -26.5644649863154     
  9.012583302256207E-002  -26.3741636515971     
  9.094424955699799E-002  -26.1814009780009     
  9.177009798528030E-002  -25.9861619408602     
  9.260344579510478E-002  -25.7884320739777     
  9.344436108701097E-002  -25.5881975001119     
  9.429291257994715E-002  -25.3854449623551     
  9.514916961688608E-002  -25.1801618564139     
  9.601320217049161E-002  -24.9723362638049     
  9.688508084883680E-002  -24.7619569859742     
  9.776487690117397E-002  -24.5490135793552     
  9.865266222375718E-002  -24.3334963913719     
  9.954850936571744E-002  -24.1153965973961     
  0.100452491534991       -23.8947062386704     
  0.101364682604304       -23.6714182611994     
  0.102285157117204       -23.4455265556207     
  0.103213990294160       -23.2170259980570     
  0.104151258038700       -22.9859124919555     
  0.105097036943621       -22.7521830109178     
  0.106051404297245       -22.5158356425215     
  0.107014438089735       -22.2768696331333     
  0.107986217019468       -22.0352854337151     
  0.108966820499469       -21.7910847466171     
  0.109956328663897       -21.5442705733559     
  0.110954822374594       -21.2948472633712     
  0.111962383227697       -21.0428205637530     
  0.112979093560299       -20.7881976699286     
  0.114005036457184       -20.5309872772995     
  0.115040295757613       -20.2711996338108     
  0.116084956062177       -20.0088465934400     
  0.117139102739709       -19.7439416705839     
  0.118202821934262       -19.4765000953222     
  0.119276200572147       -19.2065388695339     
  0.120359326369037       -18.9340768238393     
  0.121452287837136       -18.6591346753364     
  0.122555174292411       -18.3817350860997     
  0.123668075861892       -18.1019027224022     
  0.124791083491036       -17.8196643146234     
  0.125924288951158       -17.5350487177964     
  0.127067784846934       -17.2480869727489     
  0.128221664623966       -16.9588123677842     
  0.129386022576418       -16.6672605008480     
  0.130560953854722       -16.3734693421206     
  0.131746554473356       -16.0774792969693     
  0.132942921318686       -15.7793332691927     
  0.134150152156887       -15.4790767244828     
  0.135368345641932       -15.1767577540254     
  0.136597601323650       -14.8724271381554     
  0.137838019655868       -14.5661384099781     
  0.139089702004613       -14.2579479188602     
  0.140352750656400       -13.9479148936921     
  0.141627268826590       -13.6361015058132     
  0.142913360667823       -13.3225729314899     
  0.144211131278532       -13.0073974138263     
  0.145520686711529       -12.6906463239847     
  0.146842133982673       -12.3723942215827     
  0.148175581079613       -12.0527189141320     
  0.149521136970618       -11.7317015153721     
  0.150878911613475       -11.4094265023486     
  0.152249015964480       -11.0859817710791     
  0.153631561987502       -10.7614586906399     
  0.155026662663136       -10.4359521555011     
  0.156434431997930       -10.1095606359329     
  0.157854985033708       -9.78238622629277     
  0.159288437856966       -9.45453469100218     
  0.160734907608363       -9.12611550800946     
  0.162194512492290       -8.79724190953019     
  0.163667371786531       -8.46803091984920     
  0.165153605852010       -8.13860338996020     
  0.166653336142626       -7.80908402881040     
  0.168166685215182       -7.47960143091488     
  0.169693776739395       -7.15028810009210     
  0.171234735508005       -6.82128046906975     
  0.172789687446973       -6.49271891470191     
  0.174358759625770       -6.16474776853050     
  0.175942080267764       -5.83751532242005     
  0.177539778760694       -5.51117382898684     
  0.179151985667247       -5.18587949653872     
  0.180778832735727       -4.86179247823624     
  0.182420452910821       -4.53907685518148     
  0.184076980344461       -4.21790061313418     
  0.185748550406789       -3.89843561255489     
  0.187435299697222       -3.58085755166745     
  0.189137366055607       -3.26534592223202     
  0.190854888573494       -2.95208395771941     
  0.192588007605496       -2.64125857357274     
  0.194336864780763       -2.33306029924516     
  0.196101603014552       -2.02768320170041     
  0.197882366519910       -1.72532480006645     
  0.199679300819454       -1.42618597113233     
  0.201492552757268       -1.13047084538427     
  0.203322270510900      -0.838386693279517     
  0.205168603603472      -0.550143801463747     
  0.207031702915898      -0.265955338643934     
  0.208911720699217       1.396278916233484E-002
  0.210808810587028       0.289392094270738     
  0.212723127608054       0.560111674124784     
  0.214654828198802       0.825898389486625     
  0.216604070216353        1.08652705425312     
  0.218571012951261        1.34177063711284     
  0.220555817140565        1.59140047523731     
  0.222558644980932        1.83518650018365     
  0.224579660141907        2.07289747616065     
  0.226619027779287        2.30430125078846     
  0.228676914548621        2.52916501845429     
  0.230753488618827        2.74725559633865     
  0.232848919685935        2.95833971315696     
  0.234963378986952        3.16218431062802     
  0.237097039313861        3.35855685764511     
  0.239250075027736        3.54722567709021     
  0.241422662072992        3.72796028519062     
  0.243614977991765        3.90053174327548     
  0.245827201938420        4.06471302174775     
  0.248059514694189        4.22027937603679     
  0.250312098681946        4.36700873425228     
  0.252585137981115        4.50468209620622     
  0.254878818342713        4.63308394341740     
  0.257193327204528        4.75200265965960     
  0.259528853706437        4.86123096155279     
  0.261885588705861        4.96056633864328     
  0.264263724793366        5.04981150235289     
  0.266663456308395        5.12877484311775     
  0.269084979355156        5.19727089497077     
  0.271528491818641        5.25512080675936     
  0.273994193380802        5.30215281911967     
  0.276482285536867        5.33820274626531     
  0.278992971611806        5.36311446157642     
  0.281526456776946        5.37674038590983     
  0.284082948066738        5.37894197748028     
  0.286662654395676        5.36959022209604     
  0.289265786575370        5.34856612246335     
  0.291892557331770        5.31576118520861     
  0.294543181322555        5.27107790420047     
  0.297217875154671        5.21443023869316     
  0.299916857402032        5.14574408474735     
  0.302640348623383        5.06495773833007     
  0.305388571380323        4.97202234843729     
  0.308161750255495        4.86690235853239     
  0.310960111870934        4.74957593454526     
  0.313783884906591        4.62003537763538     
  0.316633300119018        4.47828751988293     
  0.319508590360225        4.32435410104225     
  0.322409990596710        4.15827212446506     
  0.325337737928661        3.98009419028325     
  0.328292071609329        3.78988880393042     
  0.331273233064581        3.58774065807794     
  0.334281465912628        3.37375088606752     
  0.337317015983937        3.14803728493705     
  0.340380131341314        2.91073450616105     
  0.343471062300182        2.66199421226182     
  0.346590061449032        2.40198519749228     
  0.349737383670066        2.13089347084793     
  0.352913286160024        1.84892229973320     
  0.356118028451207        1.55629221268508     
  0.359351872432679        1.25324095965029     
  0.362615082371674       0.940023428412985     
  0.365907924935188       0.616911515886841     
  0.369230669211772       0.284193953112052     
  0.372583586733523      -5.782391706209467E-002
  0.375966951498272      -0.408820410476970     
  0.379381039991974      -0.768457821050724     
  0.382826131211305       -1.13638278958013     
  0.386302506686460       -1.51222672230081     
  0.389810450504156       -1.89560625935245     
  0.393350249330855       -2.28612379308868     
  0.396922192436183       -2.68336803595559     
  0.400526571716572       -3.08691463743986     
  0.404163681719114       -3.49632684935522     
  0.407833819665630       -3.91115623850003     
  0.411537285476958       -4.33094344547625     
  0.415274381797464       -4.75521898821486     
  0.419045414019775       -5.18350410850532     
  0.422850690309732       -5.61531165957898     
  0.426690521631574       -6.05014703254933     
  0.430565221773352       -6.48750911926840     
  0.434475107372569       -6.92689130891918     
  0.438420497942058       -7.36778251543177     
  0.442401715896089       -7.80966823258637     
  0.446419086576719       -8.25203161345254     
  0.450472938280378       -8.69435457061289     
  0.454563602284696       -9.13611889343154     
  0.458691412875578       -9.57680737845706     
  0.462856707374517       -10.0159049688958     
  0.467059826166163       -10.4528998989586     
  0.471301112726138       -10.8872848387711     
  0.475580913649105       -11.3185580354494     
  0.479899578677090       -11.7462244458766     
  0.484257460728065       -12.1697968566802     
  0.488654915924785       -12.5887969868918     
  0.493092303623894       -13.0027565687930     
  0.497569986445287       -13.4112184024888     
  0.502088330301748       -13.8137373798256     
  0.506647704428847       -14.2098814733707     
  0.511248481415116       -14.5992326862984     
  0.515891037232499       -14.9813879591901     
  0.520575751267072       -15.3559600299362     
  0.525303006350049       -15.7225782431430     
  0.530073188789063       -16.0808893056870     
  0.534886688399742       -16.4305579853166     
  0.539743898537555       -16.7712677494894     
  0.544645216129964       -17.1027213419352     
  0.549591041708859       -17.4246412947570     
  0.554581779443286       -17.7367703742207     
  0.559617837172480       -18.0388719587319     
  0.564699626439189       -18.3307303478610     
  0.569827562523307       -18.6121510016404     
  0.575002064475812       -18.8829607097318     
  0.580223555153008       -19.1430076904282     
  0.585492461251080       -19.3921616198264     
  0.590809213340967       -19.6303135918672     
  0.596174245903543       -19.8573760102915     
  0.601587997365127       -20.0732824139075     
  0.607050910133307       -20.2779872368856     
  0.612563430633096       -20.4714655061121     
  0.618126009343414       -20.6537124779216     
  0.623739100833896       -20.8247432167964     
  0.629403163802045       -20.9845921188699     
  0.635118661110713       -21.1333123832879     
  0.640886059825926       -21.2709754346798     
  0.646705831255053       -21.3976703001587     
  0.652578450985323       -21.5135029444098     
  0.658504398922684       -21.6185955665406     
  0.664484159331025       -21.7130858624531     
  0.670518220871751       -21.7971262565566     
  0.676607076643709       -21.8708831066759     
  0.682751224223493       -21.9345358860181     
  0.688951165706098       -21.9882763460471     
  0.695207407745954       -22.0323076640822     
  0.701520461598329       -22.0668435793784     
  0.707890843161110       -22.0921075213787     
  0.714319073016959       -22.1083317337330     
  0.720805676475855       -22.1157563975826     
  0.727351183618024       -22.1146287574874     
  0.733956129337255       -22.1052022532533     
  0.740621053384613       -22.0877356607788     
  0.747346500412543       -22.0624922449026     
  0.754133020019384       -22.0297389270856     
  0.760981166794277       -21.9897454706101     
  0.767891500362488       -21.9427836858270     
  0.774864585431140       -21.8891266578225     
  0.781900991835361       -21.8290479987220     
  0.789001294584848       -21.7628211266835     
  0.796166073910859       -21.6907185734786     
  0.803395915313629       -21.6130113223907     
  0.810691409610213       -21.5299681780009     
  0.818053152982771       -21.4418551692651     
  0.825481747027288       -21.3489349871191     
  0.832977798802733       -21.2514664576779     
  0.840541920880667       -21.1497040519272     
  0.848174731395307       -21.0438974326262     
  0.855876854094033       -20.9342910389674     
  0.863648918388365       -20.8211237093572     
  0.871491559405396       -20.7046283424997     
  0.879405418039692       -20.5850315967808     
  0.887391141005670       -20.4625536277658     
  0.895449380890446       -20.3374078634355     
  0.903580796207159       -20.2098008166003     
  0.911786051448790       -20.0799319337500     
  0.920065817142461       -19.9479934794144     
  0.928420769904231       -19.8141704549350     
  0.936851592494388       -19.6786405503796     
  0.945358973873245       -19.5415741281733     
  0.953943609257437       -19.4031342368674     
  0.962606200176739       -19.2634766533342     
  0.971347454531391       -19.1227499515508     
  0.980168086649951       -18.9810955960322     
  0.989068817347663       -18.8386480578821     
  0.998050373985366       -18.6955349513641     
   1.00711349052893       -18.5518771888436     
   1.01625890760925       -18.4077891519249     
   1.02548737258274       -18.2633788765990     
   1.03479963959243       -18.1187482502323     
   1.04419646962960       -17.9739932182619     
   1.05367863059593       -17.8292039985168     
   1.06324689736629       -17.6844653011623     
   1.07290205185207       -17.5398565523521     
   1.08264488306503       -17.3954521197868     
   1.09247618718181       -17.2513215384966     
   1.10239676760899       -17.1075297353027     
   1.11240743504875       -16.9641372505553     
   1.12250900756509       -16.8212004559002     
   1.13270231065073       -16.6787717669800     
   1.14298817729452       -16.5368998501370     
   1.15336744804953       -16.3956298223408     
   1.16384097110177       -16.2550034437224     
   1.17440960233945       -16.1150593022432     
   1.18507420542294       -15.9758329901738     
   1.19583565185538       -15.8373572721902     
   1.20669482105387       -15.6996622450183     
   1.21765260042132       -15.5627754886718     
   1.22870988541900       -15.4267222094240     
   1.23986757963970       -15.2915253747426     
   1.25112659488158       -15.1572058404876     
   1.26248785122267       -15.0237824707282     
   1.27395227709606       -14.8912722505809     
   1.28552080936579       -14.7596903925018     
   1.29719439340338       -14.6290504364816     
   1.30897398316510       -14.4993643446039     
   1.32086054126993       -14.3706425904183     
   1.33285503907822       -14.2428942435711     
   1.34495845677106       -14.1161270501162     
   1.35717178343042       -13.9903475088969     
   1.36949601711990       -13.8655609443661     
   1.38193216496637       -13.7417715761680     
   1.39448124324223       -13.6189825857730     
   1.40714427744847       -13.4971961804161     
   1.41992230239846       -13.3764136545501     
   1.43281636230253       -13.2566354489895     
   1.44582751085330       -13.1378612078817     
   1.45895681131179       -13.0200898336135     
   1.47220533659429       -12.9033195397284     
   1.48557416936005       -12.7875479019040     
   1.49906440209977       -12.6727719070205     
   1.51267713722484       -12.5589880003288     
   1.52641348715747       -12.4461921307157     
   1.54027457442158       -12.3343797940550     
   1.55426153173450       -12.2235460746244     
   1.56837550209958       -12.1136856845684     
   1.58261763889960       -12.0047930013861     
   1.59698910599096       -11.8968621034293     
   1.61149107779887       -11.7898868033980     
   1.62612473941325       -11.6838606798308     
   1.64089128668564       -11.5787771065972     
   1.65579192632687       -11.4746292804048     
   1.67082787600572       -11.3714102463497     
   1.68600036444838       -11.2691129215449     
   1.70131063153888       -11.1677301168743     
   1.71675992842044       -11.0672545569268     
   1.73234951759765       -10.9676788981779     
   1.74808067303973       -10.8689957454895     
   1.76395468028452       -10.7711976670084     
   1.77997283654366       -10.6742772075494     
   1.79613645080850       -10.5782269005507     
   1.81244684395712       -10.4830392786949     
   1.82890534886225       -10.3887068832897     
   1.84551331050021       -10.2952222725016     
   1.86227208606078       -10.2025780285366     
   1.87918304505818       -10.1107667638602     
   1.89624756944290       -10.0197811265452     
   1.91346705371472       -9.92961380483314     
   1.93084290503657       -9.84025753099139     
   1.94837654334963       -9.75170508454241     
   1.96606940148926       -9.66394929493786     
   1.98392292530218       -9.57698304374411     
