  1.277317494617636E-006   14874764.8537688     
  1.288916585824456E-006   14740903.9072124     
  1.300621006299365E-006   14608247.5889036     
  1.312431712518564E-006   14476785.0582706     
  1.324349669643847E-006   14346505.5722968     
  1.336375851601465E-006   14217398.4846434     
  1.348511241161723E-006   14089453.2447786     
  1.360756830019284E-006   13962659.3971165     
  1.373113618874213E-006   13837006.5801616     
  1.385582617513755E-006   13712484.5256627     
  1.398164844894847E-006   13589083.0577738     
  1.410861329227398E-006   13466792.0922221     
  1.423673108058301E-006   13345601.6354845     
  1.436601228356230E-006   13225501.7839703     
  1.449646746597191E-006   13106482.7232124     
  1.462810728850863E-006   12988534.7270651     
  1.476094250867710E-006   12871648.1569092     
  1.489498398166893E-006   12755813.4608646     
  1.503024266124978E-006   12641021.1730091     
  1.516672960065451E-006   12527261.9126059     
  1.530445595349041E-006   12414526.3833358     
  1.544343297464868E-006   12302805.3725386     
  1.558367202122417E-006   12192089.7504594     
  1.572518455344347E-006   12082370.4695032     
  1.586798213560143E-006   11973638.5634951     
  1.601207643700622E-006   11865885.1469476     
  1.615747923293286E-006   11759101.4143348     
  1.630420240558556E-006   11653278.6393724     
  1.645225794506868E-006   11548408.1743051     
  1.660165795036659E-006   11444481.4491993     
  1.675241463033235E-006   11341489.9712435     
  1.690454030468544E-006   11239425.3240535     
  1.705804740501848E-006   11138279.1669851     
  1.721294847581318E-006   11038043.2344526     
  1.736925617546543E-006   10938709.3352530     
  1.752698327731974E-006   10840269.3518966     
  1.768614267071308E-006   10742715.2399440     
  1.784674736202818E-006   10646039.0273487     
  1.800881047575638E-006   10550232.8138050     
  1.817234525557021E-006   10455288.7701034     
  1.833736506540558E-006   10361199.1374897     
  1.850388339055391E-006   10267956.2270319     
  1.867191383876417E-006   10175552.4189913     
  1.884147014135482E-006   10083980.1622001     
  1.901256615433598E-006   9993231.97344428     
  1.918521585954170E-006   9903300.43685179     
  1.935943336577258E-006   9814178.20328696     
  1.953523290994870E-006   9725857.98974969     
  1.971262885827305E-006   9638332.57878032     
  1.989163570740554E-006   9551594.81786985     
  2.007226808564765E-006   9465637.61887544     
  2.025454075413785E-006   9380453.95744117     
  2.043846860805786E-006   9296036.87242401     
  2.062406667784987E-006   9212379.46532495     
  2.081135013044482E-006   9129474.89972528     
  2.100033427050185E-006   9047316.40072793     
  2.119103454165893E-006   8965897.25440379     
  2.138346652779497E-006   8885210.80724311     
  2.157764595430328E-006   8805250.46561173     
  2.177358868937665E-006   8726009.69521228     
  2.197131074530408E-006   8647482.02055018     
  2.217082827977930E-006   8569661.02440451     
  2.237215759722116E-006   8492540.34730355     
  2.257531515010601E-006   8416113.68700512     
  2.278031754031220E-006   8340374.79798156     
  2.298718152047674E-006   8265317.49090935     
  2.319592399536437E-006   8190935.63216331     
  2.340656202324893E-006   8117223.14331538     
  2.361911281730740E-006   8044174.00063790     
  2.383359374702655E-006   7971782.23461133     
  2.405002233962234E-006   7900041.92943646     
  2.426841628147221E-006   7828947.22255093     
  2.448879341956045E-006   7758492.30415022     
  2.471117176293662E-006   7688671.41671279     
  2.493556948418721E-006   7619478.85452963     
  2.516200492092072E-006   7550908.96323799     
  2.539049657726619E-006   7482956.13935932     
  2.562106312538532E-006   7415614.82984131     
  2.585372340699839E-006   7348879.53160415     
  2.608849643492396E-006   7282744.79109080     
  2.632540139463257E-006   7217205.20382134     
  2.656445764581459E-006   7152255.41395131     
  2.680568472396227E-006   7087890.11383403     
  2.704910234196615E-006   7024104.04358687     
  2.729473039172601E-006   6960891.99066144     
  2.754258894577640E-006   6898248.78941759     
  2.779269825892698E-006   6836169.32070127     
  2.804507876991766E-006   6774648.51142625     
  2.829975110308891E-006   6713681.33415950     
  2.855673607006715E-006   6653262.80671036     
  2.881605467146543E-006   6593387.99172344     
  2.907772809859962E-006   6534051.99627508     
  2.934177773522012E-006   6475249.97147356     
  2.960822515925931E-006   6416977.11206282     
  2.987709214459495E-006   6359228.65602978     
  3.014840066282947E-006   6301999.88421522     
  3.042217288508546E-006   6245286.11992809     
  3.069843118381752E-006   6189082.72856337     
  3.097719813464049E-006   6133385.11722331     
  3.125849651817434E-006   6078188.73434214     
  3.154234932190574E-006   6023489.06931405     
  3.182877974206662E-006   5969281.65212467     
  3.211781118552973E-006   5915562.05298572     
  3.240946727172146E-006   5862325.88197305     
  3.270377183455193E-006   5809568.78866786     
  3.300074892436276E-006   5757286.46180123     
  3.330042280989242E-006   5705474.62890178     
  3.360281798025940E-006   5654129.05594654     
  3.390795914696352E-006   5603245.54701494     
  3.421587124590530E-006   5552819.94394591     
  3.452657943942369E-006   5502848.12599811     
  3.484010911835233E-006   5453326.00951317     
  3.515648590409448E-006   5404249.54758197     
  3.547573565071676E-006   5355614.72971394     
  3.579788444706195E-006   5307417.58150931     
  3.612295861888089E-006   5259654.16433436     
  3.645098473098392E-006   5212320.57499952     
  3.678198958941160E-006   5165412.94544041     
  3.711600024362534E-006   5118927.44240178     
  3.745304398871790E-006   5072860.26712420     
  3.779314836764387E-006   5027207.65503369     
  3.813634117347044E-006   4981965.87543405     
  3.848265045164870E-006   4937131.23120197     
  3.883210450230545E-006   4892700.05848495     
  3.918473188255585E-006   4848668.72640188     
  3.954056140883712E-006   4805033.63674629     
  3.989962215926337E-006   4761791.22369235     
  4.026194347600186E-006   4718937.95350345     
  4.062755496767080E-006   4676470.32424346     
  4.099648651175897E-006   4634384.86549050     
  4.136876825706727E-006   4592678.13805337     
  4.174443062617244E-006   4551346.73369053     
  4.212350431791320E-006   4510387.27483151     
  4.250602030989891E-006   4469796.41430098     
  4.289200986104106E-006   4429570.83504516     
  4.328150451410771E-006   4389707.24986076     
  4.367453609830113E-006   4350202.40112639     
  4.407113673185889E-006   4311053.06053632     
  4.447133882467850E-006   4272256.02883667     
  4.487517508096596E-006   4233808.13556396     
  4.528267850190828E-006   4195706.23878605     
  4.569388238837034E-006   4157947.22484535     
  4.610882034361622E-006   4120528.00810441     
  4.652752627605521E-006   4083445.53069372     
  4.695003440201276E-006   4046696.76226187     
  4.737637924852668E-006   4010278.69972788     
  4.780659565616860E-006   3974188.36703579     
  4.824071878189113E-006   3938422.81491150     
  4.867878410190088E-006   3902979.12062170     
  4.912082741455754E-006   3867854.38773506     
  4.956688484329923E-006   3833045.74588554     
  5.001699283959462E-006   3798550.35053779     
  5.047118818592158E-006   3764365.38275476     
  5.092950799877308E-006   3730488.04896727     
  5.139198973169031E-006   3696915.58074577     
  5.185867117832336E-006   3663645.23457407     
  5.232959047551966E-006   3630674.29162518     
  5.280478610644055E-006   3598000.05753911     
  5.328429690370603E-006   3565619.86220266     
  5.376816205256817E-006   3533531.05953130     
  5.425642109411331E-006   3501731.02725283     
  5.474911392849327E-006   3470217.16669318     
  5.524628081818602E-006   3438986.90256399     
  5.574796239128588E-006   3408037.68275221     
  5.625419964482360E-006   3377366.97811148     
  5.676503394811663E-006   3346972.28225551     
  5.728050704614975E-006   3316851.11135322     
  5.780066106298649E-006   3287001.00392578     
  5.832553850521145E-006   3257419.52064547     
  5.885518226540389E-006   3228104.24413631     
  5.938963562564289E-006   3199052.77877656     
  5.992894226104436E-006   3170262.75050288     
  6.047314624333006E-006   3141731.80661641     
  6.102229204442922E-006   3113457.61559043     
  6.157642454011264E-006   3085437.86687990     
  6.213558901365998E-006   3057670.27073258     
  6.269983115956019E-006   3030152.55800197     
  6.326919708724577E-006   3002882.47996181     
  6.384373332486063E-006   2975857.80812241     
  6.442348682306246E-006   2949076.33404843     
  6.500850495885944E-006   2922535.86917851     
  6.559883553948190E-006   2896234.24464634     
  6.619452680628903E-006   2870169.31110348     
  6.679562743871112E-006   2844338.93854369     
  6.740218655822770E-006   2818741.01612887     
  6.801425373238163E-006   2793373.45201656     
  6.863187897882975E-006   2768234.17318902     
  6.925511276943027E-006   2743321.12528379     
  6.988400603436729E-006   2718632.27242583     
  7.051861016631279E-006   2694165.59706116     
  7.115897702462637E-006   2669919.09979196     
  7.180515893959322E-006   2645890.79921319     
  7.245720871670043E-006   2622078.73175068     
  7.311517964095228E-006   2598480.95150068     
  7.377912548122462E-006   2575095.53007079     
  7.444910049465881E-006   2551920.55642244     
  7.512515943109557E-006   2528954.13671468     
  7.580735753754918E-006   2506194.39414943     
  7.649575056272207E-006   2483639.46881809     
  7.719039476156066E-006   2461287.51754959     
  7.789134689985251E-006   2439136.71375973     
  7.859866425886505E-006   2417185.24730192     
  7.931240464002670E-006   2395431.32431928     
  8.003262636965023E-006   2373873.16709803     
  8.075938830369926E-006   2352509.01392219     
  8.149274983259778E-006   2331337.11892968     
  8.223277088608367E-006   2310355.75196958     
  8.297951193810596E-006   2289563.19846079     
  8.373303401176679E-006   2268957.75925188     
  8.449339868430814E-006   2248537.75048228     
  8.526066809214390E-006   2228301.50344464     
  8.603490493593758E-006   2208247.36444848     
  8.681617248572621E-006   2188373.69468505     
  8.760453458609064E-006   2168678.87009339     
  8.840005566137295E-006   2149161.28122766     
  8.920280072094108E-006   2129819.33312555     
  9.001283536450145E-006   2110651.44517802     
  9.083022578745960E-006   2091656.05100005     
  9.165503878632974E-006   2072831.59830270     
  9.248734176419314E-006   2054176.54876624     
  9.332720273620650E-006   2035689.37791442     
  9.417469033515992E-006   2017368.57498992     
  9.502987381708550E-006   1999212.64283086     
  9.589282306691706E-006   1981220.09774850     
  9.676360860420089E-006   1963389.46940594     
  9.764230158885870E-006   1945719.30069800     
  9.852897382700263E-006   1928208.14763214     
  9.942369777680334E-006   1910854.57921045     
  1.003265465544111E-005   1893657.17731273     
  1.012375939399307E-005   1876614.53658057     
  1.021569143834512E-005   1859725.26430253     
  1.030845830111291E-005   1842987.98030032     
  1.040206756313285E-005   1826401.31681602     
  1.049652687408154E-005   1809963.91840030     
  1.059184395310092E-005   1793674.44180164     
  1.068802658942910E-005   1777531.55585661     
  1.078508264303684E-005   1761533.94138102     
  1.088302004526989E-005   1745680.29106218     
  1.098184679949714E-005   1729969.30935202     
  1.108157098176462E-005   1714399.71236126     
  1.118220074145551E-005   1698970.22775444     
  1.128374430195606E-005   1683679.59464600     
  1.138620996132763E-005   1668526.56349721     
  1.148960609298476E-005   1653509.89601407     
  1.159394114637950E-005   1638628.36504611     
  1.169922364769185E-005   1623880.75448610     
  1.180546220052651E-005   1609265.85917069     
  1.191266548661597E-005   1594782.48478194     
  1.202084226653001E-005   1580429.44774967     
  1.213000138039153E-005   1566205.57515477     
  1.224015174859904E-005   1552109.70463336     
  1.235130237255555E-005   1538140.68428180     
  1.246346233540424E-005   1524297.37256251     
  1.257664080277064E-005   1510578.63821076     
  1.269084702351173E-005   1496983.36014216     
  1.280609033047167E-005   1483510.42736111     
  1.292238014124451E-005   1470158.73886992     
  1.303972595894379E-005   1456927.20357893     
  1.315813737297911E-005   1443814.74021729     
  1.327762405983980E-005   1430820.27724462     
  1.339819578388564E-005   1417942.75276345     
  1.351986239814480E-005   1405181.11443240     
  1.364263384511906E-005   1392534.31938027     
  1.376652015759626E-005   1380001.33412071     
  1.389153145947018E-005   1367581.13446785     
  1.401767796656789E-005   1355272.70545257     
  1.414496998748453E-005   1343075.04123955     
  1.427341792442575E-005   1330987.14504509     
  1.440303227405778E-005   1319008.02905566     
  1.453382362836518E-005   1307136.71434713     
  1.466580267551643E-005   1295372.23080484     
  1.479898020073733E-005   1283713.61704428     
  1.493336708719242E-005   1272159.92033254     
  1.506897431687429E-005   1260710.19651044     
  1.520581297150101E-005   1249363.50991539     
  1.534389423342179E-005   1238118.93330493     
  1.548322938653073E-005   1226975.54778094     
  1.562382981718892E-005   1215932.44271456     
  1.576570701515501E-005   1204988.71567176     
  1.590887257452405E-005   1194143.47233964     
  1.605333819467499E-005   1183395.82645327     
  1.619911568122677E-005   1172744.89972333     
  1.634621694700300E-005   1162189.82176432     
  1.649465401300555E-005   1151729.73002342     
  1.664443900939681E-005   1141363.76971000     
  1.679558417649103E-005   1131091.09372580     
  1.694810186575455E-005   1120910.86259567     
  1.710200454081516E-005   1110822.24439897     
  1.725730477848062E-005   1100824.41470163     
  1.741401526976644E-005   1090916.55648871     
  1.757214882093293E-005   1081097.86009769     
  1.773171835453181E-005   1071367.52315230     
  1.789273691046213E-005   1061724.75049690     
  1.805521764703595E-005   1052168.75413157     
  1.821917384205358E-005   1042698.75314765     
  1.838461889388868E-005   1033313.97366399     
  1.855156632258312E-005   1024013.64876364     
  1.872002977095187E-005   1014797.01843124     
  1.889002300569784E-005   1005663.32949087     
  1.906155991853690E-005   996611.835544538     
  1.923465452733310E-005   987641.796911134     
  1.940932097724421E-005   978752.480566033     
  1.958557354187764E-005   969943.160081166     
  1.976342662445687E-005   961213.115565667     
  1.994289475899847E-005   952561.633607038     
  2.012399261149981E-005   943988.007212855     
  2.030673498113755E-005   935491.535752990     
  2.049113680147702E-005   927071.524902356     
  2.067721314169258E-005   918727.286584168     
  2.086497920779908E-005   910458.138913714     
  2.105445034389443E-005   902263.406142632     
  2.124564203341357E-005   894142.418603687     
  2.143856990039373E-005   886094.512656051     
  2.163324971075122E-005   878119.030631061     
  2.182969737356981E-005   870215.320778488     
  2.202792894240079E-005   862382.737213265     
  2.222796061657492E-005   854620.639862710     
  2.242980874252613E-005   846928.394414223     
  2.263348981512741E-005   839305.372263445     
  2.283902047903873E-005   831750.950462893     
  2.304641753006722E-005   824264.511671051     
  2.325569791653976E-005   816845.444101922     
  2.346687874068792E-005   809493.141475033     
  2.367997726004556E-005   802207.002965891     
  2.389501088885914E-005   794986.433156883     
  2.411199719951076E-005   787830.841988620     
  2.433095392395415E-005   780739.644711718     
  2.455189895516378E-005   773712.261839011     
  2.477485034859696E-005   766748.119098197     
  2.499982632366941E-005   759846.647384909     
  2.522684526524408E-005   753007.282716209     
  2.545592572513358E-005   746229.466184496     
  2.568708642361619E-005   739512.643911837     
  2.592034625096569E-005   732856.267004704     
  2.615572426899504E-005   726259.791509116     
  2.639323971261412E-005   719722.678366188     
  2.663291199140157E-005   713244.393368083     
  2.687476069119094E-005   706824.407114354     
  2.711880557567121E-005   700462.194968680     
  2.736506658800191E-005   694157.237015999     
  2.761356385244277E-005   687909.018020016     
  2.786431767599838E-005   681717.027381098     
  2.811734855007756E-005   675580.759094554     
  2.837267715216794E-005   669499.711709275     
  2.863032434752573E-005   663473.388286766     
  2.889031119088076E-005   657501.296360531     
  2.915265892815712E-005   651582.947895829     
  2.941738899820932E-005   645717.859249793     
  2.968452303457424E-005   639905.551131909     
  2.995408286723907E-005   634145.548564846     
  3.022609052442517E-005   628437.380845640     
  3.050056823438824E-005   622780.581507236     
  3.077753842723480E-005   617174.688280357     
  3.105702373675510E-005   611619.243055740     
  3.133904700227284E-005   606113.791846690     
  3.162363127051150E-005   600657.884751986     
  3.191079979747772E-005   595251.075919113     
  3.220057605036176E-005   589892.923507828     
  3.249298370945525E-005   584582.989654054     
  3.278804667008628E-005   579320.840434097     
  3.308578904457217E-005   574106.045829186     
  3.338623516418983E-005   568938.179690333     
  3.368940958116413E-005   563816.819703507     
  3.399533707067435E-005   558741.547355125     
  3.430404263287867E-005   553711.947897851     
  3.461555149495727E-005   548727.610316699     
  3.492988911317378E-005   543788.127295453     
  3.524708117495566E-005   538893.095183374     
  3.556715360099324E-005   534042.113962217     
  3.589013254735802E-005   529234.787213544     
  3.621604440764010E-005   524470.722086324     
  3.654491581510503E-005   519749.529264834     
  3.687677364487026E-005   515070.822936843     
  3.721164501610140E-005   510434.220762083     
  3.754955729422829E-005   505839.343841003     
  3.789053809318139E-005   501285.816683811     
  3.823461527764825E-005   496773.267179783     
  3.858181696535072E-005   492301.326566858     
  3.893217152934260E-005   487869.629401503     
  3.928570760032830E-005   483477.813528848     
  3.964245406900255E-005   479125.520053090     
  4.000244008841129E-005   474812.393308169     
  4.036569507633405E-005   470538.080828697     
  4.073224871768791E-005   466302.233321158     
  4.110213096695343E-005   462104.504635366     
  4.147537205062236E-005   457944.551736174     
  4.185200246966785E-005   453822.034675442     
  4.223205300203691E-005   449736.616564262     
  4.261555470516558E-005   445687.963545418     
  4.300253891851687E-005   441675.744766114     
  4.339303726614190E-005   437699.632350928     
  4.378708165926407E-005   433759.301375024     
  4.418470429888691E-005   429854.429837598     
  4.458593767842548E-005   425984.698635563     
  4.499081458636172E-005   422149.791537474     
  4.539936810892393E-005   418349.395157683     
  4.581163163279044E-005   414583.198930734     
  4.622763884781811E-005   410850.895085979     
  4.664742374979529E-005   407152.178622429     
  4.707102064322001E-005   403486.747283833     
  4.749846414410330E-005   399854.301533970     
  4.792978918279797E-005   396254.544532180     
  4.836503100685313E-005   392687.182109101     
  4.880422518389454E-005   389151.922742629     
  4.924740760453121E-005   385648.477534099     
  4.969461448528830E-005   382176.560184674     
  5.014588237156678E-005   378735.886971950     
  5.060124814062987E-005   375326.176726768     
  5.106074900461656E-005   371947.150810240     
  5.152442251358263E-005   368598.533090978     
  5.199230655856919E-005   365280.049922527     
  5.246443937469908E-005   361991.430121006     
  5.294085954430148E-005   358732.404942944     
  5.342160600006473E-005   355502.708063320     
  5.390671802821797E-005   352302.075553798     
  5.439623527174153E-005   349130.245861163     
  5.489019773360655E-005   345986.959785940     
  5.538864578004397E-005   342871.960461219     
  5.589162014384325E-005   339784.993331661     
  5.639916192768101E-005   336725.806132695     
  5.691131260747987E-005   333694.148869907     
  5.742811403579792E-005   330689.773798605     
  5.794960844524880E-005   327712.435403578     
  5.847583845195296E-005   324761.890379033     
  5.900684705902017E-005   321837.897608709     
  5.954267766006377E-005   318940.218146173     
  6.008337404274670E-005   316068.615195299     
  6.062898039235984E-005   313222.854090910     
  6.117954129543276E-005   310402.702279607     
  6.173510174337729E-005   307607.929300761     
  6.229570713616423E-005   304838.306767682     
  6.286140328603341E-005   302093.608348957     
  6.343223642123735E-005   299373.609749949     
  6.400825318981906E-005   296678.088694474     
  6.458950066342405E-005   294006.824906633     
  6.517602634114704E-005   291359.600092811     
  6.576787815341349E-005   288736.197923842     
  6.636510446589647E-005   286136.404017325     
  6.696775408346906E-005   283560.005920111     
  6.757587625419263E-005   281006.793090935     
  6.818952067334140E-005   278476.556883219     
  6.880873748746343E-005   275969.090528012     
  6.943357729847858E-005   273484.189117100     
  7.006409116781376E-005   271021.649586260     
  7.070033062057546E-005   268581.270698661     
  7.134234764976042E-005   266162.853028427     
  7.199019472050454E-005   263766.198944332     
  7.264392477437016E-005   261391.112593656     
  7.330359123367248E-005   259037.399886176     
  7.396924800584516E-005   256704.868478308     
  7.464094948784556E-005   254393.327757385     
  7.531875057060012E-005   252102.588826086     
  7.600270664348995E-005   249832.464486993     
  7.669287359887715E-005   247582.769227299     
  7.738930783667236E-005   245353.319203645     
  7.809206626894373E-005   243143.932227096     
  7.880120632456761E-005   240954.427748255     
  7.951678595392183E-005   238784.626842506     
  8.023886363362108E-005   236634.352195395     
  8.096749837129576E-005   234503.428088139     
  8.170274971041397E-005   232391.680383265     
  8.244467773514741E-005   230298.936510381     
  8.319334307528129E-005   228225.025452074     
  8.394880691116914E-005   226169.777729935     
  8.471113097873221E-005   224133.025390705     
  8.548037757450468E-005   222114.601992558     
  8.625660956072431E-005   220114.342591492     
  8.703989037046960E-005   218132.083727852     
  8.783028401284349E-005   216167.663412977     
  8.862785507820409E-005   214220.921115953     
  8.943266874344295E-005   212291.697750506     
  9.024479077731135E-005   210379.835661989     
  9.106428754579475E-005   208485.178614512     
  9.189122601753623E-005   206607.571778162     
  9.272567376930919E-005   204746.861716359     
  9.356769899153950E-005   202902.896373313     
  9.441737049387816E-005   201075.525061602     
  9.527475771082415E-005   199264.598449852     
  9.613993070739880E-005   197469.968550539     
  9.701296018487131E-005   195691.488707894     
  9.789391748653639E-005   193929.013585917     
  9.878287460354447E-005   192182.399156503     
  9.967990418078469E-005   190451.502687670     
  1.005850795228214E-004   188736.182731894     
  1.014984745998847E-004   187036.299114554     
  1.024201640539148E-004   185351.712922473     
  1.033502232046621E-004   183682.286492569     
  1.042887280558425E-004   182027.883400603     
  1.052357553013474E-004   180388.368450031     
  1.061913823315122E-004   178763.607660959     
  1.071556872394398E-004   177153.468259190     
  1.081287488273826E-004   175557.818665374     
  1.091106466131822E-004   173976.528484260     
  1.101014608367675E-004   172409.468494035     
  1.111012724667116E-004   170856.510635767     
  1.121101632068490E-004   169317.528002940     
  1.131282155029518E-004   167792.394831080     
  1.141555125494675E-004   166280.986487484     
  1.151921382963175E-004   164783.179461028     
  1.162381774557574E-004   163298.851352079     
  1.172937155092994E-004   161827.880862490     
  1.183588387146983E-004   160370.147785690     
  1.194336341129999E-004   158925.532996856     
  1.205181895356541E-004   157493.918443185     
  1.216125936116927E-004   156075.187134240     
  1.227169357749716E-004   154669.223132394     
  1.238313062714796E-004   153275.911543356     
  1.249557961667132E-004   151895.138506778     
  1.260904973531183E-004   150526.791186954     
  1.272355025575995E-004   149170.757763598     
  1.283909053490981E-004   147826.927422706     
  1.295568001462380E-004   146495.190347500     
  1.307332822250416E-004   145175.437709456     
  1.319204477267161E-004   143867.561659406     
  1.331183936655093E-004   142571.455318731     
  1.343272179366384E-004   141287.012770622     
  1.355470193242895E-004   140014.129051424     
  1.367778975096898E-004   138752.700142065     
  1.380199530792543E-004   137502.622959547     
  1.392732875328050E-004   136263.795348529     
  1.405380032918656E-004   135036.116072976     
  1.418142037080313E-004   133819.484807885     
  1.431019930714147E-004   132613.802131089     
  1.444014766191680E-004   131418.969515131     
  1.457127605440834E-004   130234.889319212     
  1.470359520032705E-004   129061.464781215     
  1.483711591269138E-004   127898.600009790     
  1.497184910271082E-004   126746.199976529     
  1.510780578067762E-004   125604.170508190     
  1.524499705686653E-004   124472.418279008     
  1.538343414244268E-004   123350.850803063     
  1.552312835037782E-004   122239.376426730     
  1.566409109637475E-004   121137.904321179     
  1.580633389980020E-004   120046.344474962     
  1.594986838462625E-004   118964.607686651     
  1.609470628038015E-004   117892.605557552     
  1.624085942310290E-004   116830.250484478     
  1.638833975631646E-004   115777.455652594     
  1.653715933199978E-004   114734.135028319     
  1.668733031157366E-004   113700.203352298     
  1.683886496689459E-004   112675.576132433     
  1.699177568125759E-004   111660.169636979     
  1.714607495040817E-004   110653.900887703     
  1.730177538356343E-004   109656.687653098     
  1.745888970444255E-004   108668.448441671     
  1.761743075230651E-004   107689.102495275     
  1.777741148300731E-004   106718.569782518     
  1.793884497004673E-004   105756.770992216     
  1.810174440564467E-004   104803.627526914     
  1.826612310181720E-004   103859.061496465     
  1.843199449146447E-004   102922.995711663     
  1.859937212946833E-004   101995.353677935     
  1.876826969380011E-004   101076.059589091     
  1.893870098663836E-004   100165.038321128     
  1.911067993549670E-004   99262.2154260931     
  1.928422059436205E-004   98367.5171259957     
  1.945933714484303E-004   97480.8703067824     
  1.963604389732893E-004   96602.2025123603     
  1.981435529215910E-004   95731.4419386763     
  1.999428590080304E-004   94868.5174278492     
  2.017585042705113E-004   94013.3584623548     
  2.035906370821627E-004   93165.8951592633     
  2.054394071634631E-004   92326.0582645286     
  2.073049655944760E-004   91493.7791473285     
  2.091874648271956E-004   90668.9897944570     
  2.110870586980057E-004   89851.6228047655     
  2.130039024402505E-004   89041.6113836554     
  2.149381526969204E-004   88238.8893376194     
  2.168899675334528E-004   87443.3910688323     
  2.188595064506489E-004   86655.0515697905     
  2.208469303977081E-004   85873.8064179995     
  2.228524017853807E-004   85099.5917707093     
  2.248760844992398E-004   84332.3443596976     
  2.269181439130743E-004   83572.0014860988     
  2.289787469024024E-004   82818.5010152813     
  2.310580618581092E-004   82071.7813717689     
  2.331562587002073E-004   81331.7815342099     
  2.352735088917223E-004   80598.4410303894     
  2.374099854527050E-004   79871.6999322886     
  2.395658629743702E-004   79151.4988511868     
  2.417413176333641E-004   78437.7789328085     
  2.439365272061616E-004   77730.4818525139     
  2.461516710835938E-004   77029.5498105324     
  2.483869302855078E-004   76334.9255272396     
  2.506424874755596E-004   75646.5522384763     
  2.529185269761410E-004   74964.3736909096     
  2.552152347834424E-004   74288.3341374362     
  2.575327985826521E-004   73618.3783326267     
  2.598714077632945E-004   72954.4515282108     
  2.622312534347058E-004   72296.4994686037     
  2.646125284416518E-004   71644.4683864719     
  2.670154273800875E-004   70998.3049983399     
  2.694401466130586E-004   70357.9565002353     
  2.718868842867483E-004   69723.3705633743     
  2.743558403466700E-004   69094.4953298851     
  2.768472165540064E-004   68471.2794085701     
  2.793612165020972E-004   67853.6718707066     
  2.818980456330770E-004   67241.6222458844     
  2.844579112546633E-004   66635.0805178817     
  2.870410225570981E-004   66033.9971205779     
  2.896475906302422E-004   65438.3229339031     
  2.922778284808258E-004   64848.0092798237     
  2.949319510498550E-004   64263.0079183648     
  2.976101752301766E-004   63683.2710436679     
  3.003127198842025E-004   63108.7512800845     
  3.030398058617949E-004   62539.4016783042     
  3.057916560183140E-004   61975.1757115184     
  3.085684952328296E-004   61416.0272716180     
  3.113705504264980E-004   60861.9106654254     
  3.141980505811060E-004   60312.7806109606     
  3.170512267577827E-004   59768.5922337409     
  3.199303121158821E-004   59229.3010631135     
  3.228355419320364E-004   58694.8630286218     
  3.257671536193827E-004   58165.2344564035     
  3.287253867469643E-004   57640.3720656220     
  3.317104830593082E-004   57120.2329649295     
  3.347226864961796E-004   56604.7746489616     
  3.377622432125177E-004   56093.9549948641     
  3.408294015985501E-004   55587.7322588509     
  3.439244123000914E-004   55086.0650727923     
  3.470475282390265E-004   54588.9124408346     
  3.501990046339779E-004   54096.2337360504     
  3.533790990211633E-004   53607.9886971177     
  3.565880712754402E-004   53124.1374250306     
  3.598261836315433E-004   52644.6403798384     
  3.630937007055138E-004   52169.4583774143     
  3.663908895163238E-004   51698.5525862538     
  3.697180195076969E-004   51231.8845243009     
  3.730753625701268E-004   50769.4160558037     
  3.764631930630959E-004   50311.1093881977     
  3.798817878374960E-004   49856.9270690177     
  3.833314262582522E-004   49406.8319828373     
  3.868123902271525E-004   48960.7873482352     
  3.903249642058845E-004   48518.7567147904     
  3.938694352392811E-004   48080.7039601026     
  3.974460929787782E-004   47646.5932868410     
  4.010552297060844E-004   47216.3892198185     
  4.046971403570661E-004   46790.0566030930     
  4.083721225458493E-004   46367.5605970943     
  4.120804765891407E-004   45948.8666757772     
  4.158225055307691E-004   45533.9406237998     
  4.195985151664500E-004   45122.7485337277     
  4.234088140687750E-004   44715.2568032631     
  4.272537136124280E-004   44311.4321324986     
  4.311335279996308E-004   43911.2415211963     
  4.350485742858189E-004   43514.6522660908     
  4.389991724055518E-004   43121.6319582167     
  4.429856451986572E-004   42732.1484802603     
  4.470083184366132E-004   42346.1700039352     
  4.510675208491706E-004   41963.6649873807     
  4.551635841512161E-004   41584.6021725849     
  4.592968430698795E-004   41208.9505828297     
  4.634676353718881E-004   40836.6795201599     
  4.676763018911682E-004   40467.7585628746     
  4.719231865566976E-004   40102.1575630407     
  4.762086364206118E-004   39739.8466440295     
  4.805330016865646E-004   39380.7961980754     
  4.848966357383460E-004   39024.9768838561     
  4.892998951687613E-004   38672.3596240949     
  4.937431398087707E-004   38322.9156031846     
  4.982267327568953E-004   37976.6162648328     
  5.027510404088885E-004   37633.4333097280     
  5.073164324876780E-004   37293.3386932273     
  5.119232820735790E-004   36956.3046230645     
  5.165719656347822E-004   36622.3035570788     
  5.212628630581184E-004   36291.3082009646     
  5.259963576801031E-004   35963.2915060401     
  5.307728363182613E-004   35638.2266670378     
  5.355926893027389E-004   35316.0871199137     
  5.404563105081999E-004   34996.8465396764     
  5.453640973860135E-004   34680.4788382356     
  5.503164509967338E-004   34366.9581622710     
  5.553137760428732E-004   34056.2588911187     
  5.603564809019758E-004   33748.3556346781     
  5.654449776599887E-004   33443.2232313367     
  5.705796821449374E-004   33140.8367459142     
  5.757610139609077E-004   32841.1714676245     
  5.809893965223342E-004   32544.2029080567     
  5.862652570886029E-004   32249.9067991736     
  5.915890267989647E-004   31958.2590913287     
  5.969611407077697E-004   31669.2359513009     
  6.023820378200180E-004   31382.8137603469     
  6.078521611272356E-004   31098.9691122708     
  6.133719576436751E-004   30817.6788115120     
  6.189418784428455E-004   30538.9198712488     
  6.245623786943733E-004   30262.6695115208     
  6.302339177011989E-004   29988.9051573668     
  6.359569589371104E-004   29717.6044369800     
  6.417319700846183E-004   29448.7451798802     
  6.475594230731741E-004   29182.3054151016     
  6.534397941177359E-004   28918.2633693976     
  6.593735637576846E-004   28656.5974654616     
  6.653612168960934E-004   28397.2863201632     
  6.714032428393527E-004   28140.3087428015     
  6.775001353371570E-004   27885.6437333729     
  6.836523926228535E-004   27633.2704808552     
  6.898605174541565E-004   27383.1683615069     
  6.961250171542332E-004   27135.3169371820     
  7.024464036531619E-004   26889.6959536595     
  7.088251935297658E-004   26646.2853389884     
  7.152619080538279E-004   26405.0652018475     
  7.217570732286886E-004   26166.0158299199     
  7.283112198342305E-004   25929.1176882820     
  7.349248834702527E-004   25694.3514178072     
  7.415986046002410E-004   25461.6978335839     
  7.483329285955323E-004   25231.1379233478     
  7.551284057798833E-004   25002.6528459279     
  7.619855914744421E-004   24776.2239297074     
  7.689050460431285E-004   24551.8326710973     
  7.758873349384266E-004   24329.4607330246     
  7.829330287475932E-004   24109.0899434337     
  7.900427032392856E-004   23890.7022938016     
  7.972169394106131E-004   23674.2799376659     
  8.044563235346159E-004   23459.8051891668     
  8.117614472081742E-004   23247.2605216014     
  8.191329074003536E-004   23036.6285659919     
  8.265713065011885E-004   22827.8921096660     
  8.340772523709100E-004   22621.0340948501     
  8.416513583896177E-004   22416.0376172756     
  8.492942435074075E-004   22212.8859247976     
  8.570065322949487E-004   22011.5624160256     
  8.647888549945259E-004   21812.0506389671     
  8.726418475715407E-004   21614.3342896831     
  8.805661517664820E-004   21418.3972109557     
  8.885624151473699E-004   21224.2233909677     
  8.966312911626727E-004   21031.7969619945     
  9.047734391947078E-004   20841.1021991069     
  9.129895246135248E-004   20652.1235188862     
  9.212802188312799E-004   20464.8454781511     
  9.296461993571025E-004   20279.2527726953     
  9.380881498524606E-004   20095.3302360370     
  9.466067601870301E-004   19913.0628381795     
  9.552027264950689E-004   19732.4356843830     
  9.638767512323066E-004   19553.4340139473     
  9.726295432333465E-004   19376.0431990058     
  9.814618177695913E-004   19200.2487433297     
  9.903742966076965E-004   19026.0362811440     
  9.993677080685503E-004   18853.3915759530     
  1.008442787086793E-003   18682.3005193771     
  1.017600275270873E-003   18512.7491300001     
  1.026840920963654E-003   18344.7235522262     
  1.036165479303566E-003   18178.2100551481     
  1.045574712286317E-003   18013.1950314247     
  1.055069388827160E-003   17849.6649961695     
  1.064650284823729E-003   17687.6065858480     
  1.074318183219448E-003   17527.0065571863     
  1.084073874067508E-003   17367.8517860884     
  1.093918154595432E-003   17210.1292665640     
  1.103851829270221E-003   17053.8261096655     
  1.113875709864101E-003   16898.9295424347     
  1.123990615520852E-003   16745.4269068594     
  1.134197372822755E-003   16593.3056588383     
  1.144496815858134E-003   16442.5533671566     
  1.154889786289521E-003   16293.1577124698     
  1.165377133422433E-003   16145.1064862970     
  1.175959714274781E-003   15998.3875900231     
  1.186638393646900E-003   15852.9890339106     
  1.197414044192221E-003   15708.8989361192     
  1.208287546488587E-003   15566.1055217353     
  1.219259789110209E-003   15424.5971218095     
  1.230331668700280E-003   15284.3621724032     
  1.241504090044252E-003   15145.3892136434     
  1.252777966143768E-003   15007.6668887866     
  1.264154218291278E-003   14871.1839432901     
  1.275633776145324E-003   14735.9292238929     
  1.287217577806507E-003   14601.8916777043     
  1.298906569894155E-003   14469.0603512999     
  1.310701707623675E-003   14337.4243898274     
  1.322603954884614E-003   14206.9730361191     
  1.334614284319427E-003   14077.6956298129     
  1.346733677402962E-003   13949.5816064811     
  1.358963124522661E-003   13822.6204967673     
  1.371303625059501E-003   13696.8019255306     
  1.383756187469656E-003   13572.1156109979     
  1.396321829366910E-003   13448.5513639238     
  1.409001577605815E-003   13326.0990867577     
  1.421796468365607E-003   13204.7487728187     
  1.434707547234878E-003   13084.4905054782     
  1.447735869297023E-003   12965.3144573489     
  1.460882499216461E-003   12847.2108894823     
  1.474148511325636E-003   12730.1701505727     
  1.487534989712816E-003   12614.1826761683     
  1.501043028310675E-003   12499.2389878897     
  1.514673730985697E-003   12385.3296926556     
  1.528428211628379E-003   12272.4454819150     
  1.542307594244259E-003   12160.5771308862     
  1.556313013045765E-003   12049.7154978037     
  1.570445612544908E-003   11939.8515231706     
  1.584706547646805E-003   11830.9762290184     
  1.599096983744060E-003   11723.0807181734     
  1.613618096811998E-003   11616.1561735295     
  1.628271073504767E-003   11510.1938573280     
  1.643057111252307E-003   11405.1851104431     
  1.657977418358204E-003   11301.1213516748     
  1.673033214098434E-003   11197.9940770472     
  1.688225728820998E-003   11095.7948591139     
  1.703556204046469E-003   10994.5153462691     
  1.719025892569442E-003   10894.1472620655     
  1.734636058560919E-003   10794.6824045374     
  1.750387977671611E-003   10696.1126455308     
  1.766282937136182E-003   10598.4299300394     
  1.782322235878446E-003   10501.6262755457     
  1.798507184617512E-003   10405.6937713695     
  1.814839105974892E-003   10310.6245780207     
  1.831319334582587E-003   10216.4109265592     
  1.847949217192153E-003   10123.0451179600     
  1.864730112784757E-003   10030.5195224836     
  1.881663392682226E-003   9938.82657905304     
  1.898750440659119E-003   9847.95879463587     
  1.915992653055802E-003   9757.90874363167     
  1.933391438892556E-003   9668.66906726544     
  1.950948219984725E-003   9580.23247298621     
  1.968664431058904E-003   9492.59173387106     
  1.986541519870179E-003   9405.73968803463     
  2.004580947320445E-003   9319.66923804384     
  2.022784187577782E-003   9234.37335033789     
  2.041152728196927E-003   9149.84505465355     
  2.059688070240836E-003   9066.07744345551     
  2.078391728403347E-003   8983.06367137197     
  2.097265231132962E-003   8900.79695463524     
  2.116310120757751E-003   8819.27057052737     
  2.135527953611387E-003   8738.47785683082     
  2.154920300160330E-003   8658.41221128407     
  2.174488745132166E-003   8579.06709104204     
  2.194234887645106E-003   8500.43601214148     
  2.214160341338670E-003   8422.51254897111     
  2.234266734505547E-003   8345.29033374657     
  2.254555710224659E-003   8268.76305599002     
  2.275028926495436E-003   8192.92446201450     
  2.295688056373301E-003   8117.76835441293     
  2.316534788106396E-003   8043.28859155162     
  2.337570825273538E-003   7969.47908706847     
  2.358797886923443E-003   7896.33380937555     
  2.380217707715196E-003   7823.84678116631     
  2.401832038060011E-003   7752.01207892706     
  2.423642644264274E-003   7680.82383245296     
  2.445651308673883E-003   7610.27622436835     
  2.467859829819895E-003   7540.36348965135     
  2.490270022565512E-003   7471.07991516282     
  2.512883718254378E-003   7402.41983917945     
  2.535702764860243E-003   7334.37765093114     
  2.558729027137974E-003   7266.94779014256     
  2.581964386775945E-003   7200.12474657870     
  2.605410742549801E-003   7133.90305959470     
  2.629070010477633E-003   7068.27731768957     
  2.652944123976544E-003   7003.24215806405     
  2.677035034020655E-003   6938.79226618233     
  2.701344709300530E-003   6874.92237533782     
  2.725875136384063E-003   6811.62726622279     
  2.750628319878812E-003   6748.90176650187     
  2.775606282595817E-003   6686.74075038938     
  2.800811065714903E-003   6625.13913823053     
  2.826244728951485E-003   6564.09189608630     
  2.851909350724881E-003   6503.59403532215     
  2.877807028328164E-003   6443.64061220032     
  2.903939878099552E-003   6384.22672747593     
  2.930310035595345E-003   6325.34752599662     
  2.956919655764453E-003   6266.99819630581     
  2.983770913124487E-003   6209.17397024957     
  3.010866001939464E-003   6151.87012258700     
  3.038207136399119E-003   6095.08197060411     
  3.065796550799848E-003   6038.80487373121     
  3.093636499727289E-003   5983.03423316371     
  3.121729258240572E-003   5927.76549148633     
  3.150077122058230E-003   5872.99413230074     
  3.178682407745802E-003   5818.71567985652     
  3.207547452905147E-003   5764.92569868540     
  3.236674616365464E-003   5711.61979323891     
  3.266066278376062E-003   5658.79360752916     
  3.295724840800860E-003   5606.44282477293     
  3.325652727314679E-003   5554.56316703896     
  3.355852383601295E-003   5503.15039489840     
  3.386326277553299E-003   5452.20030707841     
  3.417076899473772E-003   5401.70874011887     
  3.448106762279793E-003   5351.67156803220     
  3.479418401707788E-003   5302.08470196624     
  3.511014376520752E-003   5252.94408987013     
  3.542897268717350E-003   5204.24571616328     
  3.575069683742910E-003   5155.98560140721     
  3.607534250702346E-003   5108.15980198045     
  3.640293622574999E-003   5060.76440975630     
  3.673350476431443E-003   5013.79555178351     
  3.706707513652248E-003   4967.24938996984     
  3.740367460148736E-003   4921.12212076847     
  3.774333066585745E-003   4875.40997486724     
  3.808607108606402E-003   4830.10921688066     
  3.843192387058957E-003   4785.21614504474     
  3.878091728225657E-003   4740.72709091451     
  3.913307984053712E-003   4696.63841906432     
  3.948844032388355E-003   4652.94652679082     
  3.984702777208014E-003   4609.64784381857     
  4.020887148861628E-003   4566.73883200840     
  4.057400104308104E-003   4524.21598506829     
  4.094244627357966E-003   4482.07582826693     
  4.131423728917188E-003   4440.31491814983     
  4.168940447233238E-003   4398.92984225795     
  4.206797848143366E-003   4357.91721884898     
  4.244999025325142E-003   4317.27369662098     
  4.283547100549266E-003   4276.99595443863     
  4.322445223934678E-003   4237.08070106188     
  4.361696574205984E-003   4197.52467487709     
  4.401304358953218E-003   4158.32464363052     
  4.441271814893963E-003   4119.47740416430     
  4.481602208137859E-003   4080.97978215476     
  4.522298834453495E-003   4042.82863185307     
  4.563365019537750E-003   4005.02083582827     
  4.604804119287554E-003   3967.55330471259     
  4.646619520074145E-003   3930.42297694908     
  4.688814639019780E-003   3893.62681854149     
  4.731392924276998E-003   3857.16182280644     
  4.774357855310392E-003   3821.02501012777     
  4.817712943180947E-003   3785.21342771318     
  4.861461730832965E-003   3749.72414935297     
  4.905607793383590E-003   3714.55427518104     
  4.950154738414965E-003   3679.70093143800     
  4.995106206269037E-003   3645.16127023642     
  5.040465870345050E-003   3610.93246932817     
  5.086237437399722E-003   3577.01173187394     
  5.132424647850170E-003   3543.39628621474     
  5.179031276079566E-003   3510.08338564554     
  5.226061130745578E-003   3477.07030819086     
  5.273518055091614E-003   3444.35435638249     
  5.321405927260884E-003   3411.93285703914     
  5.369728660613323E-003   3379.80316104810     
  5.418490204045385E-003   3347.96264314885     
  5.467694542312747E-003   3316.40870171867     
  5.517345696355936E-003   3285.13875856012     
  5.567447723628919E-003   3254.15025869050     
  5.618004718430675E-003   3223.44067013313     
  5.669020812239781E-003   3193.00748371063     
  5.720500174052025E-003   3162.84821283992     
  5.772447010721105E-003   3132.96039332918     
  5.824865567302401E-003   3103.34158317660     
  5.877760127399875E-003   3073.98936237096     
  5.931135013516136E-003   3044.90133269399     
  5.984994587405658E-003   3016.07511752450     
  6.039343250431233E-003   2987.50836164436     
  6.094185443923632E-003   2959.19873104610     
  6.149525649544561E-003   2931.14391274237     
  6.205368389652884E-003   2903.34161457705     
  6.261718227674206E-003   2875.78956503808     
  6.318579768473775E-003   2848.48551307198     
  6.375957658732795E-003   2821.42722790005     
  6.433856587328151E-003   2794.61249883623     
  6.492281285715580E-003   2768.03913510660     
  6.551236528316318E-003   2741.70496567050     
  6.610727132907262E-003   2715.60783904329     
  6.670757961014684E-003   2689.74562312068     
  6.731333918311498E-003   2664.11620500469     
  6.792459955018161E-003   2638.71749083111     
  6.854141066307187E-003   2613.54740559864     
  6.916382292711363E-003   2588.60389299940     
  6.979188720535646E-003   2563.88491525117     
  7.042565482272820E-003   2539.38845293096     
  7.106517757022911E-003   2515.11250481022     
  7.171050770916433E-003   2491.05508769149     
  7.236169797541445E-003   2467.21423624651     
  7.301880158374518E-003   2443.58800285581     
  7.368187223215599E-003   2420.17445744975     
  7.435096410626824E-003   2396.97168735101     
  7.502613188375318E-003   2373.97779711851     
  7.570743073880026E-003   2351.19090839267     
  7.639491634662578E-003   2328.60915974217     
  7.708864488802275E-003   2306.23070651206     
  7.778867305395188E-003   2284.05372067319     
  7.849505805017429E-003   2262.07639067308     
  7.920785760192645E-003   2240.29692128814     
  7.992712995863727E-003   2218.71353347711     
  8.065293389868833E-003   2197.32446423602     
  8.138532873421712E-003   2176.12796645426     
  8.212437431596407E-003   2155.12230877214     
  8.287013103816342E-003   2134.30577543959     
  8.362265984347861E-003   2113.67666617623     
  8.438202222798254E-003   2093.23329603268     
  8.514828024618287E-003   2072.97399525311     
  8.592149651609314E-003   2052.89710913910     
  8.670173422434986E-003   2033.00099791463     
  8.748905713137602E-003   2013.28403659241     
  8.828352957659163E-003   1993.74461484132     
  8.908521648367140E-003   1974.38113685514     
  8.989418336585035E-003   1955.19202122240     
  9.071049633127737E-003   1936.17570079747     
  9.153422208841765E-003   1917.33062257276     
  9.236542795150397E-003   1898.65524755217     
  9.320418184603760E-003   1880.14805062555     
  9.405055231433914E-003   1861.80752044447     
  9.490460852114965E-003   1843.63215929899     
  9.576642025928287E-003   1825.62048299559     
  9.663605795532855E-003   1807.77102073624     
  9.751359267540767E-003   1790.08231499852     
  9.839909613097990E-003   1772.55292141688     
  9.929264068470386E-003   1755.18140866491     
  1.001942993563505E-002   1737.96635833881     
  1.011041458287701E-002   1720.90636484174     
  1.020222544539140E-002   1704.00003526941     
  1.029487002589099E-002   1687.24598929656     
  1.038835589521936E-002   1670.64285906458     
  1.048269069296957E-002   1654.18928907011     
  1.057788212810845E-002   1637.88393605464     
  1.067393797960655E-002   1621.72546889515     
  1.077086609707390E-002   1605.71256849576     
  1.086867440140141E-002   1589.84392768029     
  1.096737088540817E-002   1574.11825108592     
  1.106696361449465E-002   1558.53425505773     
  1.116746072730177E-002   1543.09066754422     
  1.126887043637596E-002   1527.78622799383     
  1.137120102884037E-002   1512.61968725234     
  1.147446086707197E-002   1497.58980746129     
  1.157865838938501E-002   1482.69536195724     
  1.168380211072055E-002   1467.93513517202     
  1.178990062334231E-002   1453.30792253387     
  1.189696259753882E-002   1438.81253036950     
  1.200499678233192E-002   1424.44777580702     
  1.211401200619178E-002   1410.21248667976     
  1.222401717775830E-002   1396.10550143105     
  1.233502128656917E-002   1382.12566901977     
  1.244703340379443E-002   1368.27184882680     
  1.256006268297781E-002   1354.54291056240     
  1.267411836078472E-002   1340.93773417434     
  1.278920975775708E-002   1327.45520975694     
  1.290534627907497E-002   1314.09423746095     
  1.302253741532524E-002   1300.85372740419     
  1.314079274327705E-002   1287.73259958312     
  1.326012192666448E-002   1274.72978378513     
  1.338053471697624E-002   1261.84421950172     
  1.350204095425258E-002   1249.07485584240     
  1.362465056788939E-002   1236.42065144947     
  1.374837357744960E-002   1223.88057441354     
  1.387322009348203E-002   1211.45360218982     
  1.399920031834755E-002   1199.13872151521     
  1.412632454705285E-002   1186.93492832617     
  1.425460316809175E-002   1174.84122767736     
  1.438404666429410E-002   1162.85663366094     
  1.451466561368244E-002   1150.98016932675     
  1.464647069033647E-002   1139.21086660318     
  1.477947266526525E-002   1127.54776621874     
  1.491368240728749E-002   1115.98991762438     
  1.504911088391965E-002   1104.53637891660     
  1.518576916227228E-002   1093.18621676117     
  1.532366840995435E-002   1081.93850631766     
  1.546281989598589E-002   1070.79233116459     
  1.560323499171890E-002   1059.74678322535     
  1.574492517176656E-002   1048.80096269476     
  1.588790201494097E-002   1037.95397796636     
  1.603217720519936E-002   1027.20494556038     
  1.617776253259886E-002   1016.55299005234     
  1.632466989426000E-002   1005.99724400235     
  1.647291129533894E-002   995.536847885122     
  1.662249885000850E-002   985.170950020548     
  1.677344478244813E-002   974.898706505012     
  1.692576142784287E-002   964.719281143303     
  1.707946123339138E-002   954.631845381200     
  1.723455675932306E-002   944.635578238673     
  1.739106067992453E-002   934.729666243735     
  1.754898578457534E-002   924.913303366907     
  1.770834497879308E-002   915.185690956313     
  1.786915128528804E-002   905.546037673390     
  1.803141784502741E-002   895.993559429209     
  1.819515791830917E-002   886.527479321403     
  1.836038488584565E-002   877.147027571698     
  1.852711224985706E-002   867.851441464039     
  1.869535363517483E-002   858.639965283310     
  1.886512279035505E-002   849.511850254635     
  1.903643358880199E-002   840.466354483273     
  1.920930002990182E-002   831.502742895078     
  1.938373624016660E-002   822.620287177536     
  1.955975647438875E-002   813.818265721375     
  1.973737511680587E-002   805.095963562729     
  1.991660668227628E-002   796.452672325870     
  2.009746581746510E-002   787.887690166488     
  2.027996730204119E-002   779.400321715519     
  2.046412604988495E-002   770.989878023527     
  2.064995711030704E-002   762.655676505619     
  2.083747566927822E-002   754.397040886898     
  2.102669705067033E-002   746.213301148446     
  2.121763671750854E-002   738.103793473844     
  2.141031027323498E-002   730.067860196200     
  2.160473346298383E-002   722.104849745711     
  2.180092217486804E-002   714.214116597731     
  2.199889244127763E-002   706.395021221350     
  2.219866044018991E-002   698.646930028489     
  2.240024249649149E-002   690.969215323479     
  2.260365508331234E-002   683.361255253162     
  2.280891482337197E-002   675.822433757465     
  2.301603849033787E-002   668.352140520479     
  2.322504301019613E-002   660.949770922016     
  2.343594546263473E-002   653.614725989655     
  2.364876308243923E-002   646.346412351260     
  2.386351326090118E-002   639.144242187980     
  2.408021354723932E-002   632.007633187713     
  2.429888165003372E-002   624.936008499040     
  2.451953543867289E-002   617.928796685627     
  2.474219294481405E-002   610.985431681078     
  2.496687236385665E-002   604.105352744251     
  2.519359205642934E-002   597.288004415020     
  2.542237054989030E-002   590.532836470496     
  2.565322653984135E-002   583.839303881675     
  2.588617889165575E-002   577.206866770550     
  2.612124664201977E-002   570.634990367640     
  2.635844900048848E-002   564.123144969965     
  2.659780535105542E-002   557.670805899449     
  2.683933525373675E-002   551.277453461748     
  2.708305844616958E-002   544.942572905501     
  2.732899484522501E-002   538.665654382008     
  2.757716454863566E-002   532.446192905312     
  2.782758783663805E-002   526.283688312705     
  2.808028517362989E-002   520.177645225638     
  2.833527720984244E-002   514.127573011039     
  2.859258478302798E-002   508.132985743032     
  2.885222892016271E-002   502.193402165055     
  2.911423083916501E-002   496.308345652376     
  2.937861195062938E-002   490.477344175002     
  2.964539385957610E-002   484.699930260969     
  2.991459836721675E-002   478.975640960028     
  3.018624747273583E-002   473.304017807707     
  3.046036337508846E-002   467.684606789753     
  3.073696847481451E-002   462.116958306947     
  3.101608537586914E-002   456.600627140298     
  3.129773688746997E-002   451.135172416597     
  3.158194602596102E-002   445.720157574340     
  3.186873601669363E-002   440.355150330013     
  3.215813029592440E-002   435.039722644736     
  3.245015251273033E-002   429.773450691259     
  3.274482653094149E-002   424.555914821311     
  3.304217643109110E-002   419.386699533297     
  3.334222651238339E-002   414.265393440343     
  3.364500129467928E-002   409.191589238674     
  3.395052552050020E-002   404.164883676337     
  3.425882415704996E-002   399.184877522252     
  3.456992239825506E-002   394.251175535606     
  3.488384566682353E-002   389.363386435553     
  3.520061961632248E-002   384.521122871258     
  3.552027013327444E-002   379.724001392253     
  3.584282333927283E-002   374.971642419100     
  3.616830559311657E-002   370.263670214387     
  3.649674349296409E-002   365.599712854013     
  3.682816387850694E-002   360.979402198789     
  3.716259383316314E-002   356.402373866340     
  3.750006068629030E-002   351.868267203301     
  3.784059201541908E-002   347.376725257809     
  3.818421564850672E-002   342.927394752282     
  3.853095966621119E-002   338.519926056491     
  3.888085240418585E-002   334.153973160906     
  3.923392245539507E-002   329.829193650327     
  3.959019867245078E-002   325.545248677781     
  3.994971016997032E-002   321.301802938696     
  4.031248632695565E-002   317.098524645338     
  4.067855678919419E-002   312.935085501507     
  4.104795147168144E-002   308.811160677494     
  4.142070056106560E-002   304.726428785285     
  4.179683451811441E-002   300.680571854022     
  4.217638408020438E-002   296.673275305696     
  4.255938026383266E-002   292.704227931087     
  4.294585436715160E-002   288.773121865937     
  4.333583797252649E-002   284.879652567347     
  4.372936294911643E-002   281.023518790407     
  4.412646145547861E-002   277.204422565034     
  4.452716594219636E-002   273.422069173038     
  4.493150915453085E-002   269.676167125384     
  4.533952413509722E-002   265.966428139664     
  4.575124422656458E-002   262.292567117768     
  4.616670307438087E-002   258.654302123747     
  4.658593462952233E-002   255.051354361856     
  4.700897315126790E-002   251.483448154793     
  4.743585320999891E-002   247.950310922097     
  4.786660969002413E-002   244.451673158726     
  4.830127779243046E-002   240.987268413796     
  4.873989303795959E-002   237.556833269474     
  4.918249126991069E-002   234.160107320020     
  4.962910865706948E-002   230.796833150981     
  5.007978169666397E-002   227.466756318515     
  5.053454721734695E-002   224.169625328842     
  5.099344238220558E-002   220.905191617826     
  5.145650469179838E-002   217.673209530669     
  5.192377198721974E-002   214.473436301710     
  5.239528245319217E-002   211.305632034329     
  5.287107462118687E-002   208.169559680942     
  5.335118737257241E-002   205.064985023080     
  5.383565994179208E-002   201.991676651545     
  5.432453191957012E-002   198.949405946635     
  5.481784325614705E-002   195.937947058427     
  5.531563426454435E-002   192.957076887110     
  5.581794562385885E-002   190.006575063364     
  5.632481838258693E-002   187.086223928765     
  5.683629396197902E-002   184.195808516221     
  5.735241415942453E-002   181.335116530409     
  5.787322115186742E-002   178.503938328230     
  5.839875749925296E-002   175.702066899247     
  5.892906614800562E-002   172.929297846107     
  5.946419043453870E-002   170.185429364938     
  6.000417408879564E-002   167.470262225706     
  6.054906123782370E-002   164.783599752520     
  6.109889640937993E-002   162.125247803877     
  6.165372453556998E-002   159.495014752831     
  6.221359095651988E-002   156.892711467083     
  6.277854142408119E-002   154.318151288965     
  6.334862210556991E-002   151.771150015318     
  6.392387958753906E-002   149.251525877247     
  6.450436087958591E-002   146.759099519739     
  6.509011341819335E-002   144.293693981128     
  6.568118507060652E-002   141.855134672400     
  6.627762413874445E-002   139.443249356322     
  6.687947936314721E-002   137.057868126368     
  6.748679992695897E-002   134.698823385456     
  6.809963545994724E-002   132.365949824440     
  6.871803604255852E-002   130.059084400387     
  6.934205221001094E-002   127.778066314586     
  6.997173495642380E-002   125.522736990292     
  7.060713573898489E-002   123.292940050186     
  7.124830648215551E-002   121.088521293532     
  7.189529958191369E-002   118.909328673013     
  7.254816791003592E-002   116.755212271230     
  7.320696481841783E-002   114.626024276851     
  7.387174414343406E-002   112.521618960386     
  7.454256021033767E-002   110.441852649566     
  7.521946783769969E-002   108.386583704319     
  7.590252234188867E-002   106.355672491318     
  7.659177954159127E-002   104.348981358076     
  7.728729576237359E-002   102.366374606580     
  7.798912784128412E-002   100.407718466432     
  7.869733313149838E-002   98.4728810674907     
  7.941196950700580E-002   96.5617324119765     
  8.013309536733916E-002   94.6741443460352     
  8.086076964234691E-002   92.8099905307278     
  8.159505179700889E-002   90.9691464124323     
  8.233600183629576E-002   89.1514891926311     
  8.308368031007257E-002   87.3568977970657     
  8.383814831804683E-002   85.5852528442341     
  8.459946751476155E-002   83.8364366132103     
  8.536770011463360E-002   82.1103330107630     
  8.614290889703780E-002   80.4068275377505     
  8.692515721143723E-002   78.7258072547692     
  8.771450898256013E-002   77.0671607470332     
  8.851102871562364E-002   75.4307780884627     
  8.931478150160525E-002   73.8165508049552     
  9.012583302256207E-002   72.2243718368196     
  9.094424955699799E-002   70.6541355003491     
  9.177009798528030E-002   69.1057374485086     
  9.260344579510478E-002   67.5790746307146     
  9.344436108701097E-002   66.0740452516852     
  9.429291257994715E-002   64.5905487293346     
  9.514916961688608E-002   63.1284856516931     
  9.601320217049161E-002   61.6877577328262     
  9.688508084883680E-002   60.2682677677348     
  9.776487690117397E-002   58.8699195862094     
  9.865266222375718E-002   57.4926180056214     
  9.954850936571744E-002   56.1362687826270     
  0.100452491534991        54.8007785637651     
  0.101364682604304        53.4860548349267     
  0.102285157117204        52.1920058696787     
  0.103213990294160        50.9185406764205     
  0.104151258038700        49.6655689443573     
  0.105097036943621        48.4330009882715     
  0.106051404297245        47.2207476920752     
  0.107014438089735        46.0287204511293     
  0.107986217019468        44.8568311133142     
  0.108966820499469        43.7049919188379     
  0.109956328663897        42.5731154387700     
  0.110954822374594        41.4611145122919     
  0.111962383227697        40.3689021826498     
  0.112979093560299        39.2963916318086     
  0.114005036457184        38.2434961137943     
  0.115040295757613        37.2101288867252     
  0.116084956062177        36.1962031435261     
  0.117139102739709        35.2016319413275     
  0.118202821934262        34.2263281295486     
  0.119276200572147        33.2702042766708     
  0.120359326369037        32.3331725957057     
  0.121452287837136        31.4151448683681     
  0.122555174292411        30.5160323679631     
  0.123668075861892        29.6357457810056     
  0.124791083491036        28.7741951275849     
  0.125924288951158        27.9312896804985     
  0.127067784846934        27.1069378831767     
  0.128221664623966        26.3010472664274     
  0.129386022576418        25.5135243640289     
  0.130560953854722        24.7442746272095     
  0.131746554473356        23.9932023380484     
  0.132942921318686        23.2602105218448     
  0.134150152156887        22.5452008584994     
  0.135368345641932        21.8480735929616     
  0.136597601323650        21.1687274447994     
  0.137838019655868        20.5070595169517     
  0.139089702004613        19.8629652037314     
  0.140352750656400        19.2363380981500     
  0.141627268826590        18.6270698986412     
  0.142913360667823        18.0350503152666     
  0.144211131278532        17.4601669754925     
  0.145520686711529        16.9023053296319     
  0.146842133982673        16.3613485560531     
  0.148175581079613        15.8371774662624     
  0.149521136970618        15.3296704099741     
  0.150878911613475        14.8387031802898     
  0.152249015964480        14.3641489191124     
  0.153631561987502        13.9058780229309     
  0.155026662663136        13.4637580491173     
  0.156434431997930        13.0376536228839     
  0.157854985033708        12.6274263450577     
  0.159288437856966        12.2329347008360     
  0.160734907608363        11.8540339696942     
  0.162194512492290        11.4905761366245     
  0.163667371786531        11.1424098048943     
  0.165153605852010        10.8093801105157     
  0.166653336142626        10.4913286386324     
  0.168166685215182        10.1880933420307     
  0.169693776739395        9.89950846199492     
  0.171234735508005        9.62540445173313     
  0.172789687446973        9.36560790260441     
  0.174358759625770        9.11994147339155     
  0.175942080267764        8.88822382286575     
  0.177539778760694        8.67026954589931     
  0.179151985667247        8.46588911338990     
  0.180778832735727        8.27488881626459     
  0.182420452910821        8.09707071384048     
  0.184076980344461        7.93223258682452     
  0.185748550406789        7.78016789523873     
  0.187435299697222        7.64066574156622     
  0.189137366055607        7.51351083941493     
  0.190854888573494        7.39848348800173     
  0.192588007605496        7.29535955276391     
  0.194336864780763        7.20391045240665     
  0.196101603014552        7.12390315269949     
  0.197882366519910        7.05510016733436     
  0.199679300819454        6.99725956616073     
  0.201492552757268        6.95013499111146     
  0.203322270510900        6.91347568013418     
  0.205168603603472        6.88702649943882     
  0.207031702915898        6.87052798437035     
  0.208911720699217        6.86371638921174     
  0.210808810587028        6.86632374621552     
  0.212723127608054        6.87807793415691     
  0.214654828198802        6.89870275669288     
  0.216604070216353        6.92791803080210     
  0.218571012951261        6.96543968557022     
  0.220555817140565        7.01097987157156     
  0.222558644980932        7.06424708108541     
  0.224579660141907        7.12494627936818     
  0.226619027779287        7.19277904718596     
  0.228676914548621        7.26744373479245     
  0.230753488618827        7.34863562751550     
  0.232848919685935        7.43604712309360     
  0.234963378986952        7.52936792087752     
  0.237097039313861        7.62828522298572     
  0.239250075027736        7.73248394747354     
  0.241422662072992        7.84164695354428     
  0.243614977991765        7.95545527879756     
  0.245827201938420        8.07358838847625     
  0.248059514694189        8.19572443663360     
  0.250312098681946        8.32154053910586     
  0.252585137981115        8.45071305813221     
  0.254878818342713        8.58291789842175     
  0.257193327204528        8.71783081442246     
  0.259528853706437        8.85512772849860     
  0.261885588705861        8.99448505967643     
  0.264263724793366        9.13558006256624     
  0.266663456308395        9.27809117601752     
  0.269084979355156        9.42169838101063     
  0.271528491818641        9.56608356723420     
  0.273994193380802        9.71093090774140     
  0.276482285536867        9.85592724102267     
  0.278992971611806        10.0007624597744     
  0.281526456776946        10.1451299055867     
  0.284082948066738        10.2887267687148     
  0.286662654395676        10.4312544920423     
  0.289265786575370        10.5724191782861     
  0.291892557331770        10.7119319994374     
  0.294543181322555        10.8495096073787     
  0.297217875154671        10.9848745445604     
  0.299916857402032        11.1177556535721     
  0.302640348623383        11.2478884843914     
  0.305388571380323        11.3750156980466     
  0.308161750255495        11.4988874653873     
  0.310960111870934        11.6192618596135     
  0.313783884906591        11.7359052411810     
  0.316633300119018        11.8485926336650     
  0.319508590360225        11.9571080891405     
  0.322409990596710        12.0612450416138     
  0.325337737928661        12.1608066470240     
  0.328292071609329        12.2556061083254     
  0.331273233064581        12.3454669841572     
  0.334281465912628        12.4302234796122     
  0.337317015983937        12.5097207176291     
  0.340380131341314        12.5838149895517     
  0.343471062300182        12.6523739834280     
  0.346590061449032        12.7152769886603     
  0.349737383670066        12.7724150756632     
  0.352913286160024        12.8236912492419     
  0.356118028451207        12.8690205744701     
  0.359351872432679        12.9083302739222     
  0.362615082371674        12.9415597951973     
  0.365907924935188        12.9686608477711     
  0.369230669211772        12.9895974083140     
  0.372583586733523        13.0043456937291     
  0.375966951498272        13.0128941012881     
  0.379381039991974        13.0152431153762     
  0.382826131211305        13.0114051804988     
  0.386302506686460        13.0014045403541     
  0.389810450504156        12.9852770429319     
  0.393350249330855        12.9630699117658     
  0.396922192436183        12.9348414836380     
  0.400526571716572        12.9006609132084     
  0.404163681719114        12.8606078452269     
  0.407833819665630        12.8147720551658     
  0.411537285476958        12.7632530593015     
  0.415274381797464        12.7061596954563     
  0.419045414019775        12.6436096758016     
  0.422850690309732        12.5757291133073     
  0.426690521631574        12.5026520236004     
  0.430565221773352        12.4245198041763     
  0.434475107372569        12.3414806930713     
  0.438420497942058        12.2536892092671     
  0.442401715896089        12.1613055772476     
  0.446419086576719        12.0644951382685     
  0.450472938280378        11.9634277510240     
  0.454563602284696        11.8582771845053     
  0.458691412875578        11.7492205059398     
  0.462856707374517        11.6364374667757     
  0.467059826166163        11.5201098897303     
  0.471301112726138        11.4004210599607     
  0.475580913649105        11.2775551234227     
  0.479899578677090        11.1516964954810     
  0.484257460728065        11.0230292827952     
  0.488654915924785        10.8917367214547     
  0.493092303623894        10.7580006342495     
  0.497569986445287        10.6220009098626     
  0.502088330301748        10.4839150066356     
  0.506647704428847        10.3439174834090     
  0.511248481415116        10.2021795597589     
  0.515891037232499        10.0588687077544     
  0.520575751267072        9.91414827713820     
  0.525303006350049        9.76817715559515     
  0.530073188789063        9.62110946551618     
  0.534886688399742        9.47309429839212     
  0.539743898537555        9.32427548768766     
  0.544645216129964        9.17479142074982     
  0.549591041708859        9.02477489000208     
  0.554581779443286        8.87435298336772     
  0.559617837172480        8.72364701355681     
  0.564699626439189        8.57277248554377     
  0.569827562523307        8.42183910126017     
  0.575002064475812        8.27095080023347     
  0.580223555153008        8.12020583462057     
  0.585492461251080        7.96969687681742     
  0.590809213340967        7.81951115757727     
  0.596174245903543        7.66973063234213     
  0.601587997365127        7.52043217328754     
  0.607050910133307        7.37168778440351     
  0.612563430633096        7.22356483678444     
  0.618126009343414        7.07612632118240     
  0.623739100833896        6.92943111479043     
  0.629403163802045        6.78353425916830     
  0.635118661110713        6.63848724620185     
  0.640886059825926        6.49433830899956     
  0.646705831255053        6.35113271467565     
  0.652578450985323        6.20891305604674     
  0.658504398922684        6.06771953937854     
  0.664484159331025        5.92759026545740     
  0.670518220871751        5.78856150142733     
  0.676607076643709        5.65066794102397     
  0.682751224223493        5.51394295104921     
  0.688951165706098        5.37841880216169     
  0.695207407745954        5.24412688230479     
  0.701520461598329        5.11109789135216     
  0.707890843161110        4.97936201581690     
  0.714319073016959        4.84894908274129     
  0.720805676475855        4.71988869215423     
  0.727351183618024        4.59221032775158     
  0.733956129337255        4.46594344571491     
  0.740621053384613        4.34111754183448     
  0.747346500412543        4.21776219733952     
  0.754133020019384        4.09590710405927     
  0.760981166794277        3.97558206974121     
  0.767891500362488        3.85681700453398     
  0.774864585431140        3.73964188980255     
  0.781900991835361        3.62408673057926     
  0.789001294584848        3.51018149306664     
  0.796166073910859        3.39795602869598     
  0.803395915313629        3.28743998630967     
  0.810691409610213        3.17866271407558     
  0.818053152982771        3.07165315276005     
  0.825481747027288        2.96643972198290     
  0.832977798802733        2.86305020105496     
  0.840541920880667        2.76151160595877     
  0.848174731395307        2.66185006397679     
  0.855876854094033        2.56409068740233     
  0.863648918388365        2.46825744768791     
  0.871491559405396        2.37437305129639     
  0.879405418039692        2.28245881842413     
  0.887391141005670        2.19253456566505     
  0.895449380890446        2.10461849358162     
  0.903580796207159        2.01872708004501     
  0.911786051448790        1.93487498010454     
  0.920065817142461        1.85307493304633     
  0.928420769904231        1.77333767720509     
  0.936851592494388        1.69567187300128     
  0.945358973873245        1.62008403458978     
  0.953943609257437        1.54657847042604     
  0.962606200176739        1.47515723298138     
  0.971347454531391        1.40582007777135     
  0.980168086649951        1.33856443179898     
  0.989068817347663        1.27338537145907     
  0.998050373985366        1.21027560989831     
   1.00711349052893        1.14922549378108     
   1.01625890760925        1.09022300936850     
   1.02548737258274        1.03325379778130     
   1.03479963959243       0.978301179281988     
   1.04419646962960       0.925346186380173     
   1.05367863059593       0.874367605534708     
   1.06324689736629       0.825342027197993     
   1.07290205185207       0.778243903920368     
   1.08264488306503       0.733045616205980     
   1.09247618718181       0.689717545785414     
   1.10239676760899       0.648228155944649     
   1.11240743504875       0.608544078524400     
   1.12250900756509       0.570630207178685     
   1.13270231065073       0.534449796456573     
   1.14298817729452       0.499964566246614     
   1.15336744804953       0.467134811099793     
   1.16384097110177       0.435919513924073     
   1.17440960233945       0.406276463522105     
   1.18507420542294       0.378162375423775     
   1.19583565185538       0.351533015447316     
   1.20669482105387       0.326343325407006     
   1.21765260042132       0.302547550372472     
   1.22870988541900       0.280099366874513     
   1.23986757963970       0.258952011445585     
   1.25112659488158       0.239058408879886     
   1.26248785122267       0.220371299598519     
   1.27395227709606       0.202843365509848     
   1.28552080936579       0.186427353763894     
   1.29719439340338       0.171076197812662     
   1.30897398316510       0.156743135205599     
   1.32086054126993       0.143381821571084     
   1.33285503907822       0.130946440260693     
   1.34495845677106       0.119391807163044     
   1.35717178343042       0.108673470227955     
   1.36949601711990       9.874780327933304E-002
   1.38193216496637       8.957209373632752E-002
   1.39448124324223       8.110462390641900E-002
   1.40714427744847       7.330474556103109E-002
   1.41992230239846       6.613294755339903E-002
   1.43281636230253       5.955091628939594E-002
   1.44582751085330       5.352158891431469E-002
   1.45895681131179       4.800919913169066E-002
   1.47220533659429       4.297931562361294E-002
   1.48557416936005       3.839887309504590E-002
   1.49906440209977       3.423619601693051E-002
   1.51267713722484       3.046101519371454E-002
   1.52641348715747       2.704447732992746E-002
   1.54027457442158       2.395914781697301E-002
   1.55426153173450       2.117900700497911E-002
   1.56837550209958       1.867944026486405E-002
   1.58261763889960       1.643722218236159E-002
   1.59698910599096       1.443049525823531E-002
   1.61149107779887       1.263874351700813E-002
   1.62612473941325       1.104276145000153E-002
   1.64089128668564       9.624618737141577E-003
   1.65579192632687       8.367621205742547E-003
   1.67082787600572       7.256268493277877E-003
   1.68600036444838       6.276208885024831E-003
   1.70131063153888       5.414191796514671E-003
   1.71675992842044       4.658018365096869E-003
   1.73234951759765       3.996490604853214E-003
   1.74808067303973       3.419359564857358E-003
   1.76395468028452       2.917272912696396E-003
   1.77997283654366       2.481722343630816E-003
   1.79613645080850       2.104991191184527E-003
   1.81244684395712       1.780102587770612E-003
   1.82890534886225       1.500768494641575E-003
   1.84551331050021       1.261339889486152E-003
   1.86227208606078       1.056758367864849E-003
   1.87918304505818       8.825093818668864E-004
   1.89624756944290       7.345773063532770E-004
   1.91346705371472       6.094024903754691E-004
   1.93084290503657       5.038404192507958E-004
   1.94837654334963       4.151230817248857E-004
   1.96606940148926       3.408226070090551E-004
   1.98392292530218       2.788172085545493E-004
