  1.363600441568433E-006   248.991641993812     
  1.375960561541763E-006   248.991641993717     
  1.388432717681331E-006   248.991641993620     
  1.401017925519559E-006   248.991641991659     
  1.413717209793982E-006   248.991641995284     
  1.426531604530696E-006   248.991641991456     
  1.439462153128542E-006   248.991641993215     
  1.452509908444074E-006   248.991641994972     
  1.465675932877279E-006   248.991641993001     
  1.478961298458085E-006   248.991641994754     
  1.492367086933650E-006   248.991641994642     
  1.505894389856442E-006   248.991641994528     
  1.519544308673116E-006   248.991641994412     
  1.533317954814200E-006   248.991641994294     
  1.547216449784592E-006   248.991641996037     
  1.561240925254877E-006   248.991641994052     
  1.575392523153472E-006   248.991641993927     
  1.589672395759605E-006   248.991641995663     
  1.604081705797140E-006   248.991641993671     
  1.618621626529250E-006   248.991641995402     
  1.633293341853950E-006   248.991641995268     
  1.648098046400493E-006   248.991641993269     
  1.663036945626640E-006   248.991641993130     
  1.678111255916817E-006   248.991641992989     
  1.693322204681155E-006   248.991641993776     
  1.708671030455433E-006   248.991641994561     
  1.724158983001921E-006   248.991641991618     
  1.739787323411144E-006   248.991641993329     
  1.755557324204562E-006   248.991641992243     
  1.771470269438187E-006   248.991641992085     
  1.787527454807135E-006   248.991641991924     
  1.803730187751122E-006   248.991641992692     
  1.820079787560929E-006   248.991641993458     
  1.836577585485819E-006   248.991641992357     
  1.853224924841930E-006   248.991641992184     
  1.870023161121660E-006   248.991641993871     
  1.886973662104032E-006   248.991641991830     
  1.904077807966065E-006   248.991641992579     
  1.921336991395153E-006   248.991641991463     
  1.938752617702465E-006   248.991641992205     
  1.956326104937367E-006   248.991641991082     
  1.974058884002889E-006   248.991641990886     
  1.991952398772236E-006   248.991641991618     
  2.010008106206349E-006   248.991641990484     
  2.028227476472539E-006   248.991641990278     
  2.046611993064195E-006   248.991641990067     
  2.065163152921574E-006   248.991641989853     
  2.083882466553690E-006   248.991641989635     
  2.102771458161301E-006   248.991641990344     
  2.121831665761023E-006   248.991641988256     
  2.141064641310555E-006   248.991641987094     
  2.160471950835047E-006   248.991641988723     
  2.180055174554614E-006   248.991641989415     
  2.199815907013001E-006   248.991641989172     
  2.219755757207422E-006   248.991641987062     
  2.239876348719562E-006   248.991641988673     
  2.260179319847786E-006   248.991641986554     
  2.280666323740528E-006   248.991641986293     
  2.301339028530901E-006   248.991641988821     
  2.322199117472519E-006   248.991641987619     
  2.343248289076560E-006   248.991641987343     
  2.364488257250062E-006   248.991641987994     
  2.385920751435473E-006   248.991641987708     
  2.407547516751477E-006   248.991641986486     
  2.429370314135080E-006   248.991641986189     
  2.451390920485000E-006   248.991641986819     
  2.473611128806343E-006   248.991641986512     
  2.496032748356599E-006   248.991641985268     
  2.518657604792963E-006   248.991641985881     
  2.541487540320978E-006   248.991641984625     
  2.564524413844543E-006   248.991641984295     
  2.587770101117270E-006   248.991641983958     
  2.611226494895212E-006   248.991641984547     
  2.634895505090983E-006   248.991641985130     
  2.658779058929270E-006   248.991641983844     
  2.682879101103753E-006   248.991641982551     
  2.707197593935450E-006   248.991641983115     
  2.731736517532500E-006   248.991641981809     
  2.756497869951389E-006   248.991641984221     
  2.781483667359637E-006   248.991641981970     
  2.806695944199969E-006   248.991641981575     
  2.832136753355961E-006   248.991641982103     
  2.857808166319198E-006   248.991641980762     
  2.883712273357942E-006   248.991641980344     
  2.909851183687327E-006   248.991641979919     
  2.936227025641104E-006   248.991641979486     
  2.962841946844939E-006   248.991641979046     
  2.989698114391273E-006   248.991641978597     
  3.016797715015786E-006   248.991641978140     
  3.044142955275441E-006   248.991641976743     
  3.071736061728159E-006   248.991641978132     
  3.099579281114105E-006   248.991641977650     
  3.127674880538635E-006   248.991641978090     
  3.156025147656883E-006   248.991641976659     
  3.184632390860042E-006   248.991641976150     
  3.213498939463317E-006   248.991641975631     
  3.242627143895584E-006   248.991641976035     
  3.272019375890776E-006   248.991641975497     
  3.301678028680996E-006   248.991641974018     
  3.331605517191387E-006   248.991641973461     
  3.361804278236762E-006   248.991641972894     
  3.392276770720018E-006   248.991641972782     
  3.423025475832354E-006   248.991641972193     
  3.454052897255295E-006   248.991641971594     
  3.485361561364553E-006   248.991641970985     
  3.516954017435736E-006   248.991641970829     
  3.548832837851921E-006   248.991641970197     
  3.581000618313101E-006   248.991641969553     
  3.613459978047546E-006   248.991641968898     
  3.646213560025065E-006   248.991641968696     
  3.679264031172210E-006   248.991641967550     
  3.712614082589425E-006   248.991641966858     
  3.746266429770170E-006   248.991641966619     
  3.780223812822025E-006   248.991641966833     
  3.814488996689796E-006   248.991641965637     
  3.849064771380659E-006   248.991641965359     
  3.883953952191324E-006   248.991641963670     
  3.919159379937266E-006   248.991641963365     
  3.954683921184045E-006   248.991641963045     
  3.990530468480707E-006   248.991641962711     
  4.026701940595307E-006   248.991641960966     
  4.063201282752568E-006   248.991641960603     
  4.100031466873690E-006   248.991641960690     
  4.137195491818340E-006   248.991641959365     
  4.174696383628830E-006   248.991641958956     
  4.212537195776505E-006   248.991641957599     
  4.250721009410375E-006   248.991641957158     
  4.289250933607989E-006   248.991641956234     
  4.328130105628594E-006   248.991641955759     
  4.367361691168576E-006   248.991641955733     
  4.406948884619229E-006   248.991641954292     
  4.446894909326858E-006   248.991641953765     
  4.487203017855224E-006   248.991641952754     
  4.527876492250395E-006   248.991641952191     
  4.568918644307975E-006   248.991641950211     
  4.610332815842764E-006   248.991641950541     
  4.652122378960865E-006   248.991641948989     
  4.694290736334254E-006   248.991641947417     
  4.736841321477835E-006   248.991641947222     
  4.779777599029012E-006   248.991641945609     
  4.823103065029800E-006   248.991641944907     
  4.866821247211476E-006   248.991641943717     
  4.910935705281827E-006   248.991641942972     
  4.955450031214997E-006   248.991641941739     
  5.000367849543955E-006   248.991641940950     
  5.045692817655622E-006   248.991641939671     
  5.091428626088669E-006   248.991641938836     
  5.137578998834014E-006   248.991641937045     
  5.184147693638048E-006   248.991641936627     
  5.231138502308603E-006   248.991641934787     
  5.278555251023695E-006   248.991641934320     
  5.326401800643068E-006   248.991641932430     
  5.374682047022558E-006   248.991641931911     
  5.423399921331319E-006   248.991641930434     
  5.472559390371896E-006   248.991641928930     
  5.522164456903236E-006   248.991641928331     
  5.572219159966602E-006   248.991641926306     
  5.622727575214440E-006   248.991641924719     
  5.673693815242246E-006   248.991641923103     
  5.725122029923426E-006   248.991641921923     
  5.777016406747192E-006   248.991641920247     
  5.829381171159529E-006   248.991641919007     
  5.882220586907242E-006   248.991641917735     
  5.935538956385134E-006   248.991641916432     
  5.989340620986320E-006   248.991641915097     
  6.043629961455716E-006   248.991641912797     
  6.098411398246746E-006   248.991641911861     
  6.153689391881268E-006   248.991641909960     
  6.209468443312766E-006   248.991641908490     
  6.265753094292838E-006   248.991641906519     
  6.322547927741000E-006   248.991641904978     
  6.379857568117854E-006   248.991641903400     
  6.437686681801618E-006   248.991641901319     
  6.496039977468090E-006   248.991641900132     
  6.554922206474043E-006   248.991641898440     
  6.614338163244101E-006   248.991641896709     
  6.674292685661119E-006   248.991641894473     
  6.734790655460102E-006   248.991641892196     
  6.795836998625700E-006   248.991641890343     
  6.857436685793291E-006   248.991641888215     
  6.919594732653725E-006   248.991641886509     
  6.982316200361703E-006   248.991641884062     
  7.045606195947893E-006   248.991641882035     
  7.109469872734757E-006   248.991641879963     
  7.173912430756153E-006   248.991641877845     
  7.238939117180746E-006   248.991641875912     
  7.304555226739253E-006   248.991641873466     
  7.370766102155561E-006   248.991641871204     
  7.437577134581750E-006   248.991641869126     
  7.504993764037064E-006   248.991641866763     
  7.573021479850865E-006   248.991641863884     
  7.641665821109581E-006   248.991641861185     
  7.710932377107733E-006   248.991641858898     
  7.780826787803038E-006   248.991641856325     
  7.851354744275630E-006   248.991641853463     
  7.922521989191447E-006   248.991641851243     
  7.994334317269836E-006   248.991641848267     
  8.066797575755371E-006   248.991641845698     
  8.139917664893958E-006   248.991641842837     
  8.213700538413265E-006   248.991641839683     
  8.288152204007489E-006   248.991641836933     
  8.363278723826533E-006   248.991641834119     
  8.439086214969608E-006   248.991641831242     
  8.515580849983308E-006   248.991641828067     
  8.592768857364207E-006   248.991641824826     
  8.670656522066010E-006   248.991641821517     
  8.749250186011294E-006   248.991641818372     
  8.828556248607892E-006   248.991641815623     
  8.908581167269967E-006   248.991641811872     
  8.989331457943789E-006   248.991641808280     
  9.070813695638293E-006   248.991641805313     
  9.153034514960450E-006   248.991641801107     
  9.236000610655472E-006   248.991641797523     
  9.319718738151926E-006   248.991641794094     
  9.404195714111796E-006   248.991641790119     
  9.489438416985517E-006   248.991641786297     
  9.575453787572047E-006   248.991641782625     
  9.662248829584013E-006   248.991641778636     
  9.749830610217976E-006   248.991641774562     
  9.838206260729884E-006   248.991641770634     
  9.927382977015718E-006   248.991641766384     
  1.001736802019740E-005   248.991641762045     
  1.010816871721406E-005   248.991641757846     
  1.019979246141857E-005   248.991641753321     
  1.029224671317959E-005   248.991641748934     
  1.038553900048897E-005   248.991641744218     
  1.047967691957478E-005   248.991641739635     
  1.057466813551974E-005   248.991641734952     
  1.067052038288543E-005   248.991641729701     
  1.076724146634197E-005   248.991641725045     
  1.086483926130361E-005   248.991641720050     
  1.096332171456990E-005   248.991641714947     
  1.106269684497279E-005   248.991641709734     
  1.116297274402952E-005   248.991641704176     
  1.126415757660153E-005   248.991641698970     
  1.136625958155919E-005   248.991641693881     
  1.146928707245270E-005   248.991641687975     
  1.157324843818900E-005   248.991641682414     
  1.167815214371481E-005   248.991641676731     
  1.178400673070591E-005   248.991641670924     
  1.189082081826262E-005   248.991641664756     
  1.199860310361157E-005   248.991641658692     
  1.210736236281394E-005   248.991641652031     
  1.221710745147996E-005   248.991641646168     
  1.232784730549003E-005   248.991641639469     
  1.243959094172227E-005   248.991641633097     
  1.255234745878674E-005   248.991641626117     
  1.266612603776628E-005   248.991641619925     
  1.278093594296405E-005   248.991641612655     
  1.289678652265788E-005   248.991641605935     
  1.301368720986148E-005   248.991641598363     
  1.313164752309243E-005   248.991641590637     
  1.325067706714729E-005   248.991641583685     
  1.337078553388364E-005   248.991641575989     
  1.349198270300920E-005   248.991641568131     
  1.361427844287818E-005   248.991641560571     
  1.373768271129477E-005   248.991641552377     
  1.386220555632394E-005   248.991641544359     
  1.398785711710963E-005   248.991641535933     
  1.411464762470026E-005   248.991641527444     
  1.424258740288184E-005   248.991641519238     
  1.437168686901854E-005   248.991641510033     
  1.450195653490092E-005   248.991641501337     
  1.463340700760187E-005   248.991641492332     
  1.476604899034022E-005   248.991641483015     
  1.489989328335228E-005   248.991641473499     
  1.503495078477126E-005   248.991641463896     
  1.517123249151457E-005   248.991641453970     
  1.530874950017930E-005   248.991641444299     
  1.544751300794571E-005   248.991641434182     
  1.558753431348897E-005   248.991641423729     
  1.572882481789913E-005   248.991641413171     
  1.587139602560944E-005   248.991641402503     
  1.601525954533309E-005   248.991641391838     
  1.616042709100845E-005   248.991641380589     
  1.630691048275285E-005   248.991641369450     
  1.645472164782504E-005   248.991641357952     
  1.660387262159630E-005   248.991641346090     
  1.675437554853050E-005   248.991641334208     
  1.690624268317286E-005   248.991641322186     
  1.705948639114783E-005   248.991641309671     
  1.721411915016589E-005   248.991641297238     
  1.737015355103959E-005   248.991641284418     
  1.752760229870871E-005   248.991641271439     
  1.768647821327475E-005   248.991641258295     
  1.784679423104482E-005   248.991641244516     
  1.800856340558492E-005   248.991641230794     
  1.817179890878285E-005   248.991641217010     
  1.833651403192070E-005   248.991641202806     
  1.850272218675710E-005   248.991641187947     
  1.867043690661921E-005   248.991641173356     
  1.883967184750473E-005   248.991641158330     
  1.901044078919375E-005   248.991641142863     
  1.918275763637080E-005   248.991641127299     
  1.935663641975704E-005   248.991641111398     
  1.953209129725262E-005   248.991641095155     
  1.970913655508958E-005   248.991641078679     
  1.988778660899499E-005   248.991641061965     
  2.006805600536481E-005   248.991641044772     
  2.024995942244827E-005   248.991641027444     
  2.043351167154305E-005   248.991641009741     
  2.061872769820127E-005   248.991640991890     
  2.080562258344643E-005   248.991640973416     
  2.099421154500134E-005   248.991640954664     
  2.118450993852724E-005   248.991640935508     
  2.137653325887408E-005   248.991640916408     
  2.157029714134221E-005   248.991640896541     
  2.176581736295544E-005   248.991640876481     
  2.196310984374569E-005   248.991640855871     
  2.216219064804924E-005   248.991640835403     
  2.236307598581476E-005   248.991640814020     
  2.256578221392321E-005   248.991640792412     
  2.277032583751966E-005   248.991640770223     
  2.297672351135719E-005   248.991640747908     
  2.318499204115301E-005   248.991640725111     
  2.339514838495687E-005   248.991640701706     
  2.360720965453179E-005   248.991640678150     
  2.382119311674740E-005   248.991640654317     
  2.403711619498591E-005   248.991640629733     
  2.425499647056075E-005   248.991640604853     
  2.447485168414809E-005   248.991640579435     
  2.469669973723141E-005   248.991640553470     
  2.492055869355909E-005   248.991640527180     
  2.514644678061523E-005   248.991640500322     
  2.537438239110378E-005   248.991640473002     
  2.560438408444618E-005   248.991640445326     
  2.583647058829253E-005   248.991640416935     
  2.607066080004650E-005   248.991640388050     
  2.630697378840393E-005   248.991640358543     
  2.654542879490562E-005   248.991640328869     
  2.678604523550396E-005   248.991640298376     
  2.702884270214386E-005   248.991640267402     
  2.727384096435804E-005   248.991640235818     
  2.752105997087671E-005   248.991640203729     
  2.777051985125192E-005   248.991640170947     
  2.802224091749651E-005   248.991640137693     
  2.827624366573808E-005   248.991640103779     
  2.853254877788782E-005   248.991640069192     
  2.879117712332450E-005   248.991640034036     
  2.905214976059379E-005   248.991639998238     
  2.931548793912287E-005   248.991639961843     
  2.958121310095068E-005   248.991639924663     
  2.984934688247383E-005   248.991639886915     
  3.011991111620828E-005   248.991639848410     
  3.039292783256703E-005   248.991639809310     
  3.066841926165398E-005   248.991639769248     
  3.094640783507392E-005   248.991639728675     
  3.122691618775907E-005   248.991639687343     
  3.150996715981205E-005   248.991639645295     
  3.179558379836563E-005   248.991639602396     
  3.208378935945933E-005   248.991639558748     
  3.237460730993303E-005   248.991639514276     
  3.266806132933768E-005   248.991639468903     
  3.296417531186343E-005   248.991639422845     
  3.326297336828519E-005   248.991639375911     
  3.356447982792580E-005   248.991639328139     
  3.386871924063705E-005   248.991639279513     
  3.417571637879856E-005   248.991639229953     
  3.448549623933496E-005   248.991639179559     
  3.479808404575112E-005   248.991639128135     
  3.511350525018603E-005   248.991639075838     
  3.543178553548518E-005   248.991639022646     
  3.575295081729174E-005   248.991638968364     
  3.607702724615677E-005   248.991638913321     
  3.640404120966846E-005   248.991638857029     
  3.673401933460071E-005   248.991638799759     
  3.706698848908121E-005   248.991638741430     
  3.740297578477914E-005   248.991638682136     
  3.774200857911269E-005   248.991638621679     
  3.808411447747666E-005   248.991638560152     
  3.842932133549013E-005   248.991638497474     
  3.877765726126467E-005   248.991638433737     
  3.912915061769288E-005   248.991638368741     
  3.948383002475796E-005   248.991638302637     
  3.984172436186395E-005   248.991638235281     
  4.020286277018724E-005   248.991638166708     
  4.056727465504940E-005   248.991638097064     
  4.093498968831141E-005   248.991638025857     
  4.130603781078971E-005   248.991637953525     
  4.168044923469407E-005   248.991637879750     
  4.205825444608761E-005   248.991637804736     
  4.243948420736910E-005   248.991637728337     
  4.282416955977773E-005   248.991637650641     
  4.321234182592062E-005   248.991637571443     
  4.360403261232325E-005   248.991637490654     
  4.399927381200296E-005   248.991637408592     
  4.439809760706583E-005   248.991637324993     
  4.480053647132709E-005   248.991637239883     
  4.520662317295517E-005   248.991637153171     
  4.561639077713997E-005   248.991637064823     
  4.602987264878502E-005   248.991636975096     
  4.644710245522428E-005   248.991636883549     
  4.686811416896336E-005   248.991636790378     
  4.729294207044584E-005   248.991636695490     
  4.772162075084440E-005   248.991636598906     
  4.815418511487740E-005   248.991636500590     
  4.859067038365101E-005   248.991636400444     
  4.903111209752699E-005   248.991636298431     
  4.947554611901656E-005   248.991636194569     
  4.992400863570044E-005   248.991636088876     
  5.037653616317547E-005   248.991635981196     
  5.083316554802770E-005   248.991635871661     
  5.129393397083275E-005   248.991635759938     
  5.175887894918308E-005   248.991635646333     
  5.222803834074291E-005   248.991635530687     
  5.270145034633066E-005   248.991635412838     
  5.317915351302945E-005   248.991635292914     
  5.366118673732580E-005   248.991635170755     
  5.414758926827665E-005   248.991635046399     
  5.463840071070526E-005   248.991634919770     
  5.513366102842588E-005   248.991634790848     
  5.563341054749792E-005   248.991634659467     
  5.613768995950929E-005   248.991634525838     
  5.664654032488980E-005   248.991634389707     
  5.716000307625439E-005   248.991634251136     
  5.767812002177676E-005   248.991634110044     
  5.820093334859357E-005   248.991633966346     
  5.872848562623948E-005   248.991633820047     
  5.926081981011327E-005   248.991633671088     
  5.979797924497556E-005   248.991633519356     
  6.034000766847802E-005   248.991633364965     
  6.088694921472463E-005   248.991633207740     
  6.143884841786541E-005   248.991633047591     
  6.199575021572240E-005   248.991632884544     
  6.255769995344874E-005   248.991632718565     
  6.312474338722088E-005   248.991632549561     
  6.369692668796422E-005   248.991632377438     
  6.427429644511246E-005   248.991632202216     
  6.485689967040124E-005   248.991632023770     
  6.544478380169581E-005   248.991631842119     
  6.603799670685384E-005   248.991631657104     
  6.663658668762284E-005   248.991631468772     
  6.724060248357320E-005   248.991631277020     
  6.785009327606664E-005   248.991631081716     
  6.846510869226082E-005   248.991630882844     
  6.908569880915023E-005   248.991630680413     
  6.971191415764354E-005   248.991630474288     
  7.034380572667813E-005   248.991630264419     
  7.098142496737175E-005   248.991630050694     
  7.162482379721186E-005   248.991629833062     
  7.227405460428308E-005   248.991629611495     
  7.292917025153266E-005   248.991629385910     
  7.359022408107492E-005   248.991629156218     
  7.425726991853452E-005   248.991628922303     
  7.493036207742919E-005   248.991628684132     
  7.560955536359210E-005   248.991628441672     
  7.629490507963441E-005   248.991628194770     
  7.698646702944825E-005   248.991627943362     
  7.768429752275042E-005   248.991627687349     
  7.838845337966744E-005   248.991627426721     
  7.909899193536195E-005   248.991627161290     
  7.981597104470133E-005   248.991626891070     
  8.053944908696831E-005   248.991626615898     
  8.126948497061454E-005   248.991626335756     
  8.200613813805713E-005   248.991626050536     
  8.274946857051869E-005   248.991625760069     
  8.349953679291120E-005   248.991625464274     
  8.425640387876426E-005   248.991625163180     
  8.502013145519786E-005   248.991624856527     
  8.579078170794037E-005   248.991624544400     
  8.656841738639190E-005   248.991624226475     
  8.735310180873363E-005   248.991623902834     
  8.814489886708348E-005   248.991623573234     
  8.894387303269833E-005   248.991623237666     
  8.975008936122359E-005   248.991622896029     
  9.056361349799039E-005   248.991622548104     
  9.138451168336051E-005   248.991622193874     
  9.221285075812004E-005   248.991621833202     
  9.304869816892180E-005   248.991621465919     
  9.389212197377710E-005   248.991621091972     
  9.474319084759731E-005   248.991620711187     
  9.560197408778563E-005   248.991620323504     
  9.646854161987959E-005   248.991619928804     
  9.734296400324460E-005   248.991619526847     
  9.822531243681926E-005   248.991619117594     
  9.911565876491256E-005   248.991618700888     
  1.000140754830539E-004   248.991618276539     
  1.009206357438956E-004   248.991617844587     
  1.018354133631698E-004   248.991617404690     
  1.027584828256985E-004   248.991616956738     
  1.036899192914582E-004   248.991616500674     
  1.046297986017004E-004   248.991616036352     
  1.055781972851262E-004   248.991615563534     
  1.065351925641180E-004   248.991615082096     
  1.075008623610269E-004   248.991614591882     
  1.084752853045178E-004   248.991614092746     
  1.094585407359717E-004   248.991613584569     
  1.104507087159453E-004   248.991613067067     
  1.114518700306910E-004   248.991612540187     
  1.124621061987336E-004   248.991612003696     
  1.134814994775087E-004   248.991611457432     
  1.145101328700603E-004   248.991610901212     
  1.155480901317989E-004   248.991610334866     
  1.165954557773214E-004   248.991609758219     
  1.176523150872928E-004   248.991609171079     
  1.187187541153899E-004   248.991608573218     
  1.197948596953079E-004   248.991607964508     
  1.208807194478312E-004   248.991607344671     
  1.219764217879676E-004   248.991606713584     
  1.230820559321474E-004   248.991606070975     
  1.241977119054878E-004   248.991605416668     
  1.253234805491230E-004   248.991604750457     
  1.264594535276010E-004   248.991604072082     
  1.276057233363472E-004   248.991603381400     
  1.287623833091957E-004   248.991602678115     
  1.299295276259891E-004   248.991601962029     
  1.311072513202467E-004   248.991601232880     
  1.322956502869028E-004   248.991600490488     
  1.334948212901147E-004   248.991599734583     
  1.347048619711415E-004   248.991598964888     
  1.359258708562949E-004   248.991598181163     
  1.371579473649610E-004   248.991597383180     
  1.384011918176957E-004   248.991596570675     
  1.396557054443934E-004   248.991595743392     
  1.409215903925290E-004   248.991594900969     
  1.421989497354760E-004   248.991594043256     
  1.434878874808983E-004   248.991593169922     
  1.447885085792191E-004   248.991592280674     
  1.461009189321669E-004   248.991591375257     
  1.474252254013979E-004   248.991590453322     
  1.487615358171972E-004   248.991589514600     
  1.501099589872590E-004   248.991588558789     
  1.514706047055458E-004   248.991587585606     
  1.528435837612286E-004   248.991586594647     
  1.542290079477077E-004   248.991585585662     
  1.556269900717151E-004   248.991584558305     
  1.570376439625001E-004   248.991583512238     
  1.584610844810973E-004   248.991582447102     
  1.598974275296793E-004   248.991581362603     
  1.613467900609942E-004   248.991580258322     
  1.628092900878874E-004   248.991579133950     
  1.642850466929120E-004   248.991577989097     
  1.657741800380235E-004   248.991576823395     
  1.672768113743654E-004   248.991575636482     
  1.687930630521406E-004   248.991574427915     
  1.703230585305746E-004   248.991573197387     
  1.718669223879674E-004   248.991571944411     
  1.734247803318375E-004   248.991570668633     
  1.749967592091576E-004   248.991569369606     
  1.765829870166824E-004   248.991568046960     
  1.781835929113715E-004   248.991566700170     
  1.797987072209051E-004   248.991565328922     
  1.814284614542961E-004   248.991563932642     
  1.830729883125981E-004   248.991562510953     
  1.847324216997103E-004   248.991561063379     
  1.864068967332809E-004   248.991559589450     
  1.880965497557083E-004   248.991558088670     
  1.898015183452431E-004   248.991556560562     
  1.915219413271901E-004   248.991555004654     
  1.932579587852119E-004   248.991553420360     
  1.950097120727354E-004   248.991551807231     
  1.967773438244610E-004   248.991550164731     
  1.985609979679768E-004   248.991548492299     
  2.003608197354774E-004   248.991546789466     
  2.021769556755895E-004   248.991545055562     
  2.040095536653045E-004   248.991543290105     
  2.058587629220192E-004   248.991541492533     
  2.077247340156856E-004   248.991539662182     
  2.096076188810708E-004   248.991537798491     
  2.115075708301287E-004   248.991535900873     
  2.134247445644822E-004   248.991533968706     
  2.153592961880209E-004   248.991532001339     
  2.173113832196106E-004   248.991529998160     
  2.192811646059198E-004   248.991527958476     
  2.212688007343617E-004   248.991525881668     
  2.232744534461529E-004   248.991523767037     
  2.252982860494922E-004   248.991521613893     
  2.273404633328570E-004   248.991519421522     
  2.294011515784214E-004   248.991517189245     
  2.314805185755954E-004   248.991514916325     
  2.335787336346870E-004   248.991512602004     
  2.356959676006884E-004   248.991510245527     
  2.378323928671863E-004   248.991507846139     
  2.399881833903994E-004   248.991505403053     
  2.421635147033425E-004   248.991502915479     
  2.443585639301188E-004   248.991500382612     
  2.465735098003421E-004   248.991497803599     
  2.488085326636904E-004   248.991495177627     
  2.510638145045895E-004   248.991492503838     
  2.533395389570319E-004   248.991489781368     
  2.556358913195284E-004   248.991487009312     
  2.579530585701961E-004   248.991484186748     
  2.602912293819829E-004   248.991481312813     
  2.626505941380300E-004   248.991478386516     
  2.650313449471734E-004   248.991475406954     
  2.674336756595865E-004   248.991472373110     
  2.698577818825641E-004   248.991469284025     
  2.723038609964493E-004   248.991466138675     
  2.747721121707051E-004   248.991462936060     
  2.772627363801317E-004   248.991459675111     
  2.797759364212304E-004   248.991456354776     
  2.823119169287166E-004   248.991452973985     
  2.848708843921812E-004   248.991449531603     
  2.874530471729045E-004   248.991446026543     
  2.900586155208215E-004   248.991442457657     
  2.926878015916412E-004   248.991438823788     
  2.953408194641212E-004   248.991435123709     
  2.980178851574993E-004   248.991431356271     
  3.007192166490818E-004   248.991427520211     
  3.034450338919929E-004   248.991423614311     
  3.061955588330835E-004   248.991419637256     
  3.089710154310034E-004   248.991415587781     
  3.117716296744369E-004   248.991411464572     
  3.145976296005033E-004   248.991407266252     
  3.174492453133251E-004   248.991402991500     
  3.203267090027637E-004   248.991398638887     
  3.232302549633254E-004   248.991394207003     
  3.261601196132380E-004   248.991389694417     
  3.291165415137019E-004   248.991385099659     
  3.320997613883140E-004   248.991380421198     
  3.351100221426683E-004   248.991375657549     
  3.381475688841349E-004   248.991370807168     
  3.412126489418168E-004   248.991365868433     
  3.443055118866891E-004   248.991360839767     
  3.474264095519195E-004   248.991355719508     
  3.505755960533742E-004   248.991350506009     
  3.537533278103081E-004   248.991345197574     
  3.569598635662447E-004   248.991339792455     
  3.601954644100427E-004   248.991334288903     
  3.634603937971559E-004   248.991328685131     
  3.667549175710843E-004   248.991322979313     
  3.700793039850204E-004   248.991317169563     
  3.734338237236909E-004   248.991311254027     
  3.768187499253978E-004   248.991305230753     
  3.802343582042576E-004   248.991299097788     
  3.836809266726433E-004   248.991292853140     
  3.871587359638294E-004   248.991286494766     
  3.906680692548419E-004   248.991280020593     
  3.942092122895163E-004   248.991273428519     
  3.977824534017631E-004   248.991266716394     
  4.013880835390458E-004   248.991259882039     
  4.050263962860710E-004   248.991252923212     
  4.086976878886924E-004   248.991245837653     
  4.124022572780338E-004   248.991238623068     
  4.161404060948275E-004   248.991231277074     
  4.199124387139766E-004   248.991223797314     
  4.237186622693375E-004   248.991216181340     
  4.275593866787281E-004   248.991208426668     
  4.314349246691630E-004   248.991200530770     
  4.353455918023165E-004   248.991192491077     
  4.392917065002170E-004   248.991184304968     
  4.432735900711743E-004   248.991175969776     
  4.472915667359415E-004   248.991167482793     
  4.513459636541149E-004   248.991158841243     
  4.554371109507718E-004   248.991150042318     
  4.595653417433515E-004   248.991141083165     
  4.637309921687786E-004   248.991131960843     
  4.679344014108323E-004   248.991122672393     
  4.721759117277648E-004   248.991113214779     
  4.764558684801685E-004   248.991103584935     
  4.807746201590974E-004   248.991093779719     
  4.851325184144422E-004   248.991083795934     
  4.895299180835631E-004   248.991073630327     
  4.939671772201819E-004   248.991063279589     
  4.984446571235367E-004   248.991052740354     
  5.029627223677997E-004   248.991042009182     
  5.075217408317627E-004   248.991031082573     
  5.121220837287909E-004   248.991019956981     
  5.167641256370485E-004   248.991008628773     
  5.214482445299994E-004   248.990997094257     
  5.261748218071815E-004   248.990985349682     
  5.309442423252635E-004   248.990973391217     
  5.357568944293802E-004   248.990961214979     
  5.406131699847539E-004   248.990948816981     
  5.455134644086014E-004   248.990936193202     
  5.504581767023298E-004   248.990923339524     
  5.554477094840260E-004   248.990910251766     
  5.604824690212385E-004   248.990896925655     
  5.655628652640574E-004   248.990883356857     
  5.706893118784948E-004   248.990869540943     
  5.758622262801664E-004   248.990855473428     
  5.810820296682796E-004   248.990841149710     
  5.863491470599289E-004   248.990826565138     
  5.916640073247029E-004   248.990811714964     
  5.970270432196039E-004   248.990796594336     
  6.024386914242853E-004   248.990781198342     
  6.078993925766075E-004   248.990765521960     
  6.134095913085166E-004   248.990749560088     
  6.189697362822479E-004   248.990733307520     
  6.245802802268575E-004   248.990716758964     
  6.302416799750860E-004   248.990699909035     
  6.359543965005551E-004   248.990682752247     
  6.417188949553019E-004   248.990665282993     
  6.475356447076538E-004   248.990647495596     
  6.534051193804459E-004   248.990629384267     
  6.593277968895853E-004   248.990610943100     
  6.653041594829656E-004   248.990592166080     
  6.713346937797323E-004   248.990573047102     
  6.774198908099062E-004   248.990553579940     
  6.835602460543644E-004   248.990533758239     
  6.897562594851849E-004   248.990513575556     
  6.960084356063555E-004   248.990493025308     
  7.023172834948537E-004   248.990472100807     
  7.086833168420963E-004   248.990450795231     
  7.151070539957674E-004   248.990429101645     
  7.215890180020238E-004   248.990407012978     
  7.281297366480838E-004   248.990384522041     
  7.347297425052010E-004   248.990361621499     
  7.413895729720292E-004   248.990338303899     
  7.481097703183792E-004   248.990314561645     
  7.548908817293726E-004   248.990290386995     
  7.617334593499954E-004   248.990265772086     
  7.686380603300567E-004   248.990240708897     
  7.756052468695532E-004   248.990215189258     
  7.826355862644458E-004   248.990189204854     
  7.897296509528520E-004   248.990162747232     
  7.968880185616551E-004   248.990135807767     
  8.041112719535370E-004   248.990108377685     
  8.113999992744381E-004   248.990080448044     
  8.187547940014449E-004   248.990052009755     
  8.261762549911146E-004   248.990023053552     
  8.336649865282361E-004   248.989993569998     
  8.412215983750329E-004   248.989963549493     
  8.488467058208123E-004   248.989932982259     
  8.565409297320651E-004   248.989901858334     
  8.643048966030194E-004   248.989870167585     
  8.721392386066505E-004   248.989837899681     
  8.800445936461572E-004   248.989805044120     
  8.880216054069008E-004   248.989771590192     
  8.960709234088174E-004   248.989737527003     
  9.041932030593036E-004   248.989702843450     
  9.123891057065830E-004   248.989667528247     
  9.206592986935559E-004   248.989631569879     
  9.290044554121363E-004   248.989594956637     
  9.374252553580825E-004   248.989557676594     
  9.459223841863248E-004   248.989519717601     
  9.544965337667935E-004   248.989481067305     
  9.631484022407543E-004   248.989441713104     
  9.718786940776531E-004   248.989401642183     
  9.806881201324773E-004   248.989360841488     
  9.895773977036362E-004   248.989319297722     
  9.985472505913658E-004   248.989276997358     
  1.007598409156665E-003   248.989233926617     
  1.016731610380762E-003   248.989190071470     
  1.025947597925126E-003   248.989145417623     
  1.035247122192013E-003   248.989099950533     
  1.044630940385574E-003   248.989053655394     
  1.054099816573504E-003   248.989006517118     
  1.063654521749257E-003   248.988958520351     
  1.073295833894825E-003   248.988909649458     
  1.083024538044081E-003   248.988859888519     
  1.092841426346704E-003   248.988809221326     
  1.102747298132675E-003   248.988757631371     
  1.112742959977363E-003   248.988705101846     
  1.122829225767200E-003   248.988651615641     
  1.133006916765950E-003   248.988597155334     
  1.143276861681583E-003   248.988541703179     
  1.153639896733744E-003   248.988485241116     
  1.164096865721850E-003   248.988427750751     
  1.174648620093790E-003   248.988369213356     
  1.185296019015255E-003   248.988309609856     
  1.196039929439696E-003   248.988248920842     
  1.206881226178910E-003   248.988187126536     
  1.217820791974278E-003   248.988124206818     
  1.228859517568634E-003   248.988060141177     
  1.239998301778799E-003   248.987994908757     
  1.251238051568761E-003   248.987928488295     
  1.262579682123528E-003   248.987860858161     
  1.274024116923641E-003   248.987791996315     
  1.285572287820373E-003   248.987721880336     
  1.297225135111600E-003   248.987650487372     
  1.308983607618368E-003   248.987577794167     
  1.320848662762142E-003   248.987503777043     
  1.332821266642773E-003   248.987428411886     
  1.344902394117154E-003   248.987351674143     
  1.357093028878599E-003   248.987273538816     
  1.369394163536941E-003   248.987193980451     
  1.381806799699354E-003   248.987112973125     
  1.394331948051904E-003   248.987030490458     
  1.406970628441846E-003   248.986946505567     
  1.419723869960667E-003   248.986860991103     
  1.432592711027871E-003   248.986773919199     
  1.445578199475539E-003   248.986685261491     
  1.458681392633644E-003   248.986594989102     
  1.471903357416141E-003   248.986503072617     
  1.485245170407844E-003   248.986409482095     
  1.498707917952083E-003   248.986314187042     
  1.512292696239160E-003   248.986217156418     
  1.526000611395601E-003   248.986118358605     
  1.539832779574228E-003   248.986017761424     
  1.553790327045034E-003   248.985915332103     
  1.567874390286892E-003   248.985811037268     
  1.582086116080092E-003   248.985704842944     
  1.596426661599714E-003   248.985596714531     
  1.610897194509852E-003   248.985486616806     
  1.625498893058689E-003   248.985374513902     
  1.640232946174431E-003   248.985260369296     
  1.655100553562124E-003   248.985144145800     
  1.670102925801328E-003   248.985025805551     
  1.685241284444692E-003   248.984905309998     
  1.700516862117420E-003   248.984782619884     
  1.715930902617631E-003   248.984657695235     
  1.731484661017638E-003   248.984530495358     
  1.747179403766138E-003   248.984400978806     
  1.763016408791335E-003   248.984269103390     
  1.778996965604991E-003   248.984134826144     
  1.795122375407422E-003   248.983998103320     
  1.811393951193451E-003   248.983858890381     
  1.827813017859316E-003   248.983717141967     
  1.844380912310545E-003   248.983572811901     
  1.861098983570816E-003   248.983425853156     
  1.877968592891797E-003   248.983276217864     
  1.894991113863988E-003   248.983123857266     
  1.912167932528561E-003   248.982968721726     
  1.929500447490218E-003   248.982810760707     
  1.946990070031071E-003   248.982649922741     
  1.964638224225554E-003   248.982486155427     
  1.982446347056379E-003   248.982319405415     
  2.000415888531535E-003   248.982149618376     
  2.018548311802362E-003   248.981976738993     
  2.036845093282677E-003   248.981800710946     
  2.055307722768998E-003   248.981621476883     
  2.073937703561844E-003   248.981438978410     
  2.092736552588141E-003   248.981253156070     
  2.111705800524735E-003   248.981063949323     
  2.130846991923031E-003   248.980871296523     
  2.150161685334749E-003   248.980675134907     
  2.169651453438832E-003   248.980475400565     
  2.189317883169500E-003   248.980272028421     
  2.209162575845461E-003   248.980064952218     
  2.229187147300302E-003   248.979854104490     
  2.249393228014052E-003   248.979639416543     
  2.269782463245943E-003   248.979420818430     
  2.290356513168375E-003   248.979198238931     
  2.311117053002094E-003   248.978971605531     
  2.332065773152593E-003   248.978740844390     
  2.353204379347753E-003   248.978505880325     
  2.374534592776731E-003   248.978266636780     
  2.396058150230103E-003   248.978023035817     
  2.417776804241284E-003   248.977774998062     
  2.439692323229224E-003   248.977522442706     
  2.461806491642399E-003   248.977265287463     
  2.484121110104111E-003   248.977003448551     
  2.506637995559099E-003   248.976736840659     
  2.529358981421483E-003   248.976465376926     
  2.552285917724048E-003   248.976188968907     
  2.575420671268879E-003   248.975907526545     
  2.598765125779368E-003   248.975620958143     
  2.622321182053589E-003   248.975329170335     
  2.646090758119071E-003   248.975032068051     
  2.670075789388972E-003   248.974729554495     
  2.694278228819669E-003   248.974421531104     
  2.718700047069769E-003   248.974107897519     
  2.743343232660578E-003   248.973788551555     
  2.768209792138005E-003   248.973463389166     
  2.793301750235948E-003   248.973132304407     
  2.818621150041154E-003   248.972795189411     
  2.844170053159579E-003   248.972451934338     
  2.869950539884245E-003   248.972102427352     
  2.895964709364632E-003   248.971746554578     
  2.922214679777596E-003   248.971384200069     
  2.948702588499840E-003   248.971015245759     
  2.975430592281948E-003   248.970639571443     
  3.002400867423997E-003   248.970257054722     
  3.029615609952758E-003   248.969867570957     
  3.057077035800506E-003   248.969470993258     
  3.084787380985451E-003   248.969067192407     
  3.112748901793804E-003   248.968656036841     
  3.140963874963487E-003   248.968237392597     
  3.169434597869523E-003   248.967811123278     
  3.198163388711091E-003   248.967377089992     
  3.227152586700285E-003   248.966935151328     
  3.256404552252581E-003   248.966485163292     
  3.285921667179035E-003   248.966026979271     
  3.315706334880215E-003   248.965560449978     
  3.345760980541893E-003   248.965085423412     
  3.376088051332525E-003   248.964601744801     
  3.406690016602496E-003   248.964109256549     
  3.437569368085193E-003   248.963607798198     
  3.468728620099885E-003   248.963097206363     
  3.500170309756455E-003   248.962577314683     
  3.531896997161979E-003   248.962047953764     
  3.563911265629179E-003   248.961508951137     
  3.596215721886769E-003   248.960960131178     
  3.628812996291703E-003   248.960401315075     
  3.661705743043349E-003   248.959832320753     
  3.694896640399607E-003   248.959252962823     
  3.728388390894981E-003   248.958663052521     
  3.762183721560631E-003   248.958062397640     
  3.796285384146419E-003   248.957450802477     
  3.830696155344964E-003   248.956828067762     
  3.865418837017740E-003   248.956193990597     
  3.900456256423203E-003   248.955548364388     
  3.935811266447007E-003   248.954890978776     
  3.971486745834292E-003   248.954221619576     
  4.007485599424086E-003   248.953540068695     
  4.043810758385826E-003   248.952846104074     
  4.080465180458027E-003   248.952139499608     
  4.117451850189114E-003   248.951420025070     
  4.154773779180431E-003   248.950687446046     
  4.192434006331462E-003   248.949941523847     
  4.230435598087271E-003   248.949182015441     
  4.268781648688179E-003   248.948408673369     
  4.307475280421713E-003   248.947621245662     
  4.346519643876836E-003   248.946819475764     
  4.385917918200478E-003   248.946003102451     
  4.425673311356394E-003   248.945171859731     
  4.465789060386374E-003   248.944325476780     
  4.506268431673809E-003   248.943463677832     
  4.547114721209659E-003   248.942586182103     
  4.588331254860820E-003   248.941692703697     
  4.629921388640938E-003   248.940782951506     
  4.671888508983656E-003   248.939856629126     
  4.714236033018364E-003   248.938913434751     
  4.756967408848427E-003   248.937953061081     
  4.800086115831946E-003   248.936975195220     
  4.843595664865059E-003   248.935979518571     
  4.887499598667817E-003   248.934965706739     
  4.931801492072641E-003   248.933933429417     
  4.976504952315400E-003   248.932882350286     
  5.021613619329132E-003   248.931812126903     
  5.067131166040411E-003   248.930722410585     
  5.113061298668426E-003   248.929612846304     
  5.159407757026740E-003   248.928483072566     
  5.206174314827813E-003   248.927332721289     
  5.253364779990265E-003   248.926161417697     
  5.300982994948937E-003   248.924968780181     
  5.349032836967751E-003   248.923754420191     
  5.397518218455421E-003   248.922517942094     
  5.446443087284010E-003   248.921258943060     
  5.495811427110383E-003   248.919977012919     
  5.545627257700573E-003   248.918671734034     
  5.595894635257084E-003   248.917342681164     
  5.646617652749169E-003   248.915989421324     
  5.697800440246086E-003   248.914611513647     
  5.749447165253396E-003   248.913208509238     
  5.801562033052290E-003   248.911779951026     
  5.854149287042002E-003   248.910325373622     
  5.907213209085320E-003   248.908844303161     
  5.960758119857240E-003   248.907336257154     
  6.014788379196764E-003   248.905800744320     
  6.069308386461907E-003   248.904237264444     
  6.124322580887891E-003   248.902645308195     
  6.179835441948628E-003   248.901024356973     
  6.235851489721434E-003   248.899373882736     
  6.292375285255095E-003   248.897693347831     
  6.349411430941226E-003   248.895982204812     
  6.406964570889021E-003   248.894239896274     
  6.465039391303405E-003   248.892465854657     
  6.523640620866590E-003   248.890659502075     
  6.582773031123111E-003   248.888820250120     
  6.642441436868342E-003   248.886947499674     
  6.702650696540533E-003   248.885040640710     
  6.763405712616410E-003   248.883099052101     
  6.824711432010346E-003   248.881122101411     
  6.886572846477165E-003   248.879109144694     
  6.948994993018587E-003   248.877059526284     
  7.011982954293360E-003   248.874972578577     
  7.075541859031115E-003   248.872847621822     
  7.139676882449961E-003   248.870683963895     
  7.204393246677876E-003   248.868480900074     
  7.269696221177915E-003   248.866237712812     
  7.335591123177265E-003   248.863953671504     
  7.402083318100196E-003   248.861628032248     
  7.469178220004940E-003   248.859260037603     
  7.536881292024522E-003   248.856848916347     
  7.605198046811589E-003   248.854393883220     
  7.674134046987273E-003   248.851894138675     
  7.743694905594121E-003   248.849348868616     
  7.813886286553131E-003   248.846757244131     
  7.884713905124935E-003   248.844118421229     
  7.956183528375151E-003   248.841431540560     
  8.028300975643967E-003   248.838695727139     
  8.101072119019970E-003   248.835910090061     
  8.174502883818281E-003   248.833073722214     
  8.248599249063005E-003   248.830185699981     
  8.323367247974084E-003   248.827245082943     
  8.398812968458534E-003   248.824250913572     
  8.474942553606144E-003   248.821202216924     
  8.551762202189684E-003   248.818098000317     
  8.629278169169627E-003   248.814937253015     
  8.707496766203440E-003   248.811718945894     
  8.786424362159526E-003   248.808442031115     
  8.866067383635792E-003   248.805105441778     
  8.946432315482920E-003   248.801708091581     
  9.027525701332409E-003   248.798248874464     
  9.109354144129365E-003   248.794726664253     
  9.191924306670146E-003   248.791140314294     
  9.275242912144875E-003   248.787488657082     
  9.359316744684871E-003   248.783770503883     
  9.444152649915025E-003   248.779984644346     
  9.529757535511224E-003   248.776129846115     
  9.616138371762770E-003   248.772204854426     
  9.703302192139961E-003   248.768208391706     
  9.791256093866753E-003   248.764139157154     
  9.880007238498670E-003   248.759995826319     
  9.969562852505914E-003   248.755777050681     
  1.005993022786177E-002   248.751481457200     
  1.015111672263635E-002   248.747107647885     
  1.024312976159573E-002   248.742654199333     
  1.033597683680647E-002   248.738119662273     
  1.042966550824569E-002   248.733502561095     
  1.052420340441661E-002   248.728801393373     
  1.061959822296969E-002   248.724014629383     
  1.071585773132940E-002   248.719140711601     
  1.081298976732670E-002   248.714178054207     
  1.091100223983721E-002   248.709125042568     
  1.100990312942517E-002   248.703980032718     
  1.110970048899328E-002   248.698741350828     
  1.121040244443836E-002   248.693407292661     
  1.131201719531303E-002   248.687976123028     
  1.141455301549333E-002   248.682446075222     
  1.151801825385241E-002   248.676815350453     
  1.162242133494035E-002   248.671082117263     
  1.172777075967009E-002   248.665244510937     
  1.183407510600962E-002   248.659300632903     
  1.194134302968045E-002   248.653248550115     
  1.204958326486237E-002   248.647086294438     
  1.215880462490462E-002   248.640811862003     
  1.226901600304354E-002   248.634423212571     
  1.238022637312665E-002   248.627918268870     
  1.249244479034337E-002   248.621294915926     
  1.260568039196230E-002   248.614551000385     
  1.271994239807524E-002   248.607684329818     
  1.283524011234792E-002   248.600692672014     
  1.295158292277752E-002   248.593573754263     
  1.306898030245710E-002   248.586325262629     
  1.318744181034694E-002   248.578944841196     
  1.330697709205286E-002   248.571430091320     
  1.342759588061158E-002   248.563778570853     
  1.354930799728327E-002   248.555987793363     
  1.367212335235120E-002   248.548055227328     
  1.379605194592869E-002   248.539978295328     
  1.392110386877336E-002   248.531754373221     
  1.404728930310874E-002   248.523380789291     
  1.417461852345336E-002   248.514854823401     
  1.430310189745737E-002   248.506173706114     
  1.443274988674665E-002   248.497334617809     
  1.456357304777472E-002   248.488334687775     
  1.469558203268220E-002   248.479170993294     
  1.482878759016423E-002   248.469840558700     
  1.496320056634561E-002   248.460340354434     
  1.509883190566396E-002   248.450667296066     
  1.523569265176088E-002   248.440818243316     
  1.537379394838112E-002   248.430789999046     
  1.551314704028000E-002   248.420579308237     
  1.565376327413896E-002   248.410182856954     
  1.579565409948947E-002   248.399597271279     
  1.593883106964529E-002   248.388819116247     
  1.608330584264320E-002   248.377844894735     
  1.622909018219223E-002   248.366671046360     
  1.637619595863152E-002   248.355293946334     
  1.652463514989683E-002   248.343709904315     
  1.667441984249586E-002   248.331915163229     
  1.682556223249235E-002   248.319905898075     
  1.697807462649915E-002   248.307678214708     
  1.713196944268027E-002   248.295228148598     
  1.728725921176203E-002   248.282551663575     
  1.744395657805333E-002   248.269644650540     
  1.760207430047522E-002   248.256502926169     
  1.776162525359980E-002   248.243122231576     
  1.792262242869847E-002   248.229498230968     
  1.808507893479977E-002   248.215626510268     
  1.824900799975677E-002   248.201502575719     
  1.841442297132410E-002   248.187121852458     
  1.858133731824483E-002   248.172479683073     
  1.874976463134708E-002   248.157571326123     
  1.891971862465070E-002   248.142391954647     
  1.909121313648391E-002   248.126936654633     
  1.926426213061003E-002   248.111200423471     
  1.943887969736451E-002   248.095178168374     
  1.961508005480219E-002   248.078864704773     
  1.979287754985504E-002   248.062254754680     
  1.997228665950027E-002   248.045342945033     
  2.015332199193915E-002   248.028123806002     
  2.033599828778649E-002   248.010591769268     
  2.052033042127081E-002   247.992741166278     
  2.070633340144551E-002   247.974566226463     
  2.089402237341098E-002   247.956061075429     
  2.108341261954770E-002   247.937219733117     
  2.127451956076069E-002   247.918036111931     
  2.146735875773506E-002   247.898504014829     
  2.166194591220306E-002   247.878617133392     
  2.185829686822258E-002   247.858369045849     
  2.205642761346724E-002   247.837753215075     
  2.225635428052811E-002   247.816762986553     
  2.245809314822739E-002   247.795391586300     
  2.266166064294382E-002   247.773632118761     
  2.286707333995021E-002   247.751477564663     
  2.307434796476304E-002   247.728920778835     
  2.328350139450437E-002   247.705954487990     
  2.349455065927598E-002   247.682571288474     
  2.370751294354607E-002   247.658763643969     
  2.392240558754848E-002   247.634523883164     
  2.413924608869459E-002   247.609844197384     
  2.435805210299802E-002   247.584716638178     
  2.457884144651230E-002   247.559133114870     
  2.480163209678146E-002   247.533085392068     
  2.502644219430387E-002   247.506565087124     
  2.525329004400931E-002   247.479563667570     
  2.548219411674944E-002   247.452072448488     
  2.571317305080172E-002   247.424082589852     
  2.594624565338708E-002   247.395585093824     
  2.618143090220122E-002   247.366570802001     
  2.641874794695990E-002   247.337030392615     
  2.665821611095814E-002   247.306954377698     
  2.689985489264363E-002   247.276333100184     
  2.714368396720436E-002   247.245156730980     
  2.738972318817065E-002   247.213415265974     
  2.763799258903172E-002   247.181098523008     
  2.788851238486685E-002   247.148196138789     
  2.814130297399145E-002   247.114697565761     
  2.839638493961789E-002   247.080592068917     
  2.865377905153151E-002   247.045868722565     
  2.891350626778178E-002   247.010516407040     
  2.917558773638878E-002   246.974523805364     
  2.944004479706513E-002   246.937879399853     
  2.970689898295362E-002   246.900571468664     
  2.997617202238044E-002   246.862588082295     
  3.024788584062446E-002   246.823917100028     
  3.052206256170242E-002   246.784546166305     
  3.079872451017040E-002   246.744462707066     
  3.107789421294153E-002   246.703653926008     
  3.135959440112024E-002   246.662106800803     
  3.164384801185314E-002   246.619808079244     
  3.193067819019661E-002   246.576744275341     
  3.222010829100141E-002   246.532901665347     
  3.251216188081426E-002   246.488266283729     
  3.280686273979679E-002   246.442823919076     
  3.310423486366179E-002   246.396560109940     
  3.340430246562700E-002   246.349460140617     
  3.370708997838670E-002   246.301509036863     
  3.401262205610110E-002   246.252691561545     
  3.432092357640377E-002   246.202992210224     
  3.463201964242725E-002   246.152395206676     
  3.494593558484712E-002   246.100884498339     
  3.526269696394447E-002   246.048443751702     
  3.558232957168710E-002   245.995056347611     
  3.590485943382966E-002   245.940705376522     
  3.623031281203275E-002   245.885373633673     
  3.655871620600123E-002   245.829043614189     
  3.689009635564194E-002   245.771697508113     
  3.722448024324098E-002   245.713317195372     
  3.756189509566071E-002   245.653884240660     
  3.790236838655667E-002   245.593379888258     
  3.824592783861459E-002   245.531785056776     
  3.859260142580766E-002   245.469080333815     
  3.894241737567434E-002   245.405245970565     
  3.929540417161668E-002   245.340261876320     
  3.965159055521964E-002   245.274107612918     
  4.001100552859127E-002   245.206762389104     
  4.037367835672421E-002   245.138205054821     
  4.073963856987855E-002   245.068414095416     
  4.110891596598631E-002   244.997367625770     
  4.148154061307771E-002   244.925043384356     
  4.185754285172942E-002   244.851418727208     
  4.223695329753500E-002   244.776470621820     
  4.261980284359776E-002   244.700175640955     
  4.300612266304620E-002   244.622509956388     
  4.339594421157222E-002   244.543449332554     
  4.378929922999243E-002   244.462969120128     
  4.418621974683254E-002   244.381044249513     
  4.458673808093528E-002   244.297649224259     
  4.499088684409196E-002   244.212758114392     
  4.539869894369781E-002   244.126344549664     
  4.581020758543142E-002   244.038381712728     
  4.622544627595852E-002   243.948842332221     
  4.664444882566025E-002   243.857698675775     
  4.706724935138598E-002   243.764922542945     
  4.749388227923149E-002   243.670485258056     
  4.792438234734182E-002   243.574357662965     
  4.835878460873998E-002   243.476510109752     
  4.879712443418103E-002   243.376912453326     
  4.923943751503207E-002   243.275534043949     
  4.968575986617846E-002   243.172343719687     
  5.013612782895620E-002   243.067309798778     
  5.059057807411109E-002   242.960400071929     
  5.104914760478451E-002   242.851581794527     
  5.151187375952643E-002   242.740821678785     
  5.197879421533564E-002   242.628085885799     
  5.244994699072752E-002   242.513340017549     
  5.292537044882974E-002   242.396549108809     
  5.340510330050587E-002   242.277677618998     
  5.388918460750740E-002   242.156689423959     
  5.437765378565432E-002   242.033547807662     
  5.487055060804445E-002   241.908215453847     
  5.536791520829201E-002   241.780654437601     
  5.586978808379540E-002   241.650826216867     
  5.637621009903465E-002   241.518691623895     
  5.688722248889880E-002   241.384210856632     
  5.740286686204343E-002   241.247343470057     
  5.792318520427853E-002   241.108048367456     
  5.844821988198718E-002   240.966283791650     
  5.897801364557527E-002   240.822007316167     
  5.951260963295226E-002   240.675175836378     
  6.005205137304378E-002   240.525745560576     
  6.059638278933580E-002   240.373672001022     
  6.114564820345118E-002   240.218909964954     
  6.169989233875842E-002   240.061413545562     
  6.225916032401325E-002   239.901136112930     
  6.282349769703319E-002   239.738030304954     
  6.339295040840544E-002   239.572048018245     
  6.396756482522829E-002   239.403140399003     
  6.454738773488659E-002   239.231257833890     
  6.513246634886136E-002   239.056349940889     
  6.572284830657384E-002   238.878365560165     
  6.631858167926462E-002   238.697252744927     
  6.691971497390768E-002   238.512958752299     
  6.752629713716010E-002   238.325430034211     
  6.813837755934740E-002   238.134612228305     
  6.875600607848523E-002   237.940450148875     
  6.937923298433718E-002   237.742887777837     
  7.000810902250980E-002   237.541868255749     
  7.064268539858436E-002   237.337333872871     
  7.128301378228624E-002   237.129226060293     
  7.192914631169212E-002   236.917485381125     
  7.258113559747520E-002   236.702051521759     
  7.323903472718903E-002   236.482863283221     
  7.390289726959016E-002   236.259858572613     
  7.457277727899976E-002   236.032974394663     
  7.524872929970507E-002   235.802146843379     
  7.593080837040055E-002   235.567311093837     
  7.661907002866944E-002   235.328401394105     
  7.731357031550568E-002   235.085351057303     
  7.801436577987715E-002   234.838092453837     
  7.872151348333006E-002   234.586557003794     
  7.943507100463512E-002   234.330675169525     
  8.015509644447580E-002   234.070376448431     
  8.088164843017917E-002   233.805589365957     
  8.161478612048954E-002   233.536241468811     
  8.235456921038542E-002   233.262259318435     
  8.310105793594012E-002   232.983568484723     
  8.385431307922639E-002   232.700093540023     
  8.461439597326552E-002   232.411758053424     
  8.538136850702141E-002   232.118484585360     
  8.615529313043969E-002   231.820194682533     
  8.693623285953274E-002   231.516808873190     
  8.772425128151067E-002   231.208246662764     
  8.851941255995879E-002   230.894426529898     
  8.932178144006220E-002   230.575265922884     
  9.013142325387741E-002   230.250681256522     
  9.094840392565212E-002   229.920587909444     
  9.177278997719293E-002   229.584900221899     
  9.260464853328181E-002   229.243531494048     
  9.344404732714173E-002   228.896393984777     
  9.429105470595167E-002   228.543398911062     
  9.514573963641185E-002   228.184456447914     
  9.600817171035908E-002   227.819475728918     
  9.687842115043344E-002   227.448364847415     
  9.775655881579588E-002   227.071030858338     
  9.864265620789800E-002   226.687379780741     
  9.953678547630390E-002   226.297316601052     
  0.100439019424565        225.900745277074     
  0.101349431516147        225.497568742781     
  0.102268095880415        225.087688913926     
  0.103195087318663        224.671006694510     
  0.104130481310213        224.247421984142     
  0.105074354018551        223.816833686320     
  0.106026782297539        223.379139717687     
  0.106987843697663        222.934237018284     
  0.107957616472355        222.482021562849     
  0.108936179584360        222.022388373206     
  0.109923612712168        221.555231531769     
  0.110919996256501        221.080444196234     
  0.111925411346859        220.597918615467     
  0.112939939848126        220.107546146663     
  0.113963664367237        219.609217273806     
  0.114996668259901        219.102821627487     
  0.116039035637394        218.588248006114     
  0.117090851373401        218.065384398585     
  0.118152201110931        217.534118008454     
  0.119223171269290        216.994335279653     
  0.120303849051114        216.445921923826     
  0.121394322449476        215.888762949311     
  0.122494680255045        215.322742691851     
  0.123605012063317        214.747744847066     
  0.124725408281911        214.163652504757     
  0.125855960137933        213.570348185098     
  0.126996759685397        212.967713876769     
  0.128147899812728        212.355631077095     
  0.129309474250321        211.733980834255     
  0.130481577578172        211.102643791611     
  0.131664305233585        210.461500234233     
  0.132857753518934        209.810430137673     
  0.134062019609515        209.149313219059     
  0.135277201561447        208.478028990569     
  0.136503398319665        207.796456815353     
  0.137740709725972        207.104475965968     
  0.138989236527171        206.401965685391     
  0.140249080383265        205.688805250677     
  0.141520343875738        204.964874039336     
  0.142803130515906        204.230051598485     
  0.144097544753344        203.484217716845     
  0.145403691984395        202.727252499662     
  0.146721678560745        201.959036446605     
  0.148051611798089        201.179450532711     
  0.149393599984866        200.388376292454     
  0.150747752391078        199.585695906990     
  0.152114179277182        198.771292294654     
  0.153492991903077        197.945049204771     
  0.154884302537155        197.106851314842     
  0.156288224465446        196.256584331168     
  0.157704872000841        195.394135092985     
  0.159134360492401        194.519391680152     
  0.160576806334750        193.632243524463     
  0.162032326977548        192.732581524631     
  0.163501040935060        191.820298165012     
  0.164983067795800        190.895287638102     
  0.166478528232274        189.957445970871     
  0.167987544010802        189.006671154974     
  0.169510238001433        188.042863280880     
  0.171046734187952        187.065924675965     
  0.172597157677972        186.075760046600     
  0.174161634713123        185.072276624264     
  0.175740292679330        184.055384315717     
  0.177333260117186        183.024995857238     
  0.178940666732418        181.981026972972     
  0.180562643406447        180.923396537370     
  0.182199322207048        179.852026741741     
  0.183850836399100        178.766843264919     
  0.185517320455439        177.667775448021     
  0.187198910067805        176.554756473304     
  0.188895742157895        175.427723547072     
  0.190607954888508        174.286618086623     
  0.192335687674795        173.131385911187     
  0.194079081195612        171.961977436803     
  0.195838277404974        170.778347875090     
  0.197613419543613        169.580457435822     
  0.199404652150644        168.368271533249     
  0.201212121075329        167.141760996058     
  0.203035973488958        165.900902280879     
  0.204876357896826        164.645677689218     
  0.206733424150333        163.376075587684     
  0.208607323459178        162.092090631384     
  0.210498208403674        160.793723990311     
  0.212406232947174        159.480983578559     
  0.214331552448604        158.153884286193     
  0.216274323675114        156.812448213551     
  0.218234704814841        155.456704907770     
  0.220212855489795        154.086691601303     
  0.222208936768848        152.702453452158     
  0.224223111180855        151.304043785608     
  0.226255542727886        149.891524337056     
  0.228306396898578        148.464965495765     
  0.230375840681611        147.024446549105     
  0.232464042579306        145.570055926978     
  0.234571172621344        144.101891446033     
  0.236697402378611        142.620060553288     
  0.238842904977165        141.124680568734     
  0.241007855112339        139.615878926478     
  0.243192429062958        138.093793413971     
  0.245396804705699        136.558572408824     
  0.247621161529568        135.010375112698     
  0.249865680650521        133.449371781747     
  0.252130544826208        131.875743953035     
  0.254415938470851        130.289684666360     
  0.256722047670265        128.691398680855     
  0.259049060197009        127.081102685758     
  0.261397165525672        125.459025504666     
  0.263766554848302        123.825408292607     
  0.266157421089975        122.180504725215     
  0.268569958924504        120.524581179276     
  0.271004364790287        118.857916903898     
  0.273460836906306        117.180804181511     
  0.275939575288263        115.493548477917     
  0.278440781764868        113.796468580549     
  0.280964659994273        112.089896724110     
  0.283511415480653        110.374178702720     
  0.286081255590942        108.649673967706     
  0.288674389571712        106.916755710115     
  0.291291028566219        105.175810927061     
  0.293931385631586        103.427240470969     
  0.296595675756158        101.671459080775     
  0.299284115877005        99.9088953941426     
  0.301996924897584        98.1399919397462     
  0.304734323705564        96.3652051086442     
  0.307496535190814        94.5850051038014     
  0.310283784263548        92.7998758667880     
  0.313096297872641        91.0103149807056     
  0.315934305024105        89.2168335483874     
  0.318798036799739        87.4199560449386     
  0.321687726375943        85.6202201436920     
  0.324603609042702        83.8181765146753     
  0.327545922222748        82.0143885947091     
  0.330514905490890        80.2094323282820     
  0.333510800593522        78.4038958783814     
  0.336533851468304        76.5983793064949     
  0.339584304264030        74.7934942210412     
  0.342662407360664        72.9898633935343     
  0.345768411389568        71.1881203418411     
  0.348902569253911        69.3889088799478     
  0.352065136149255        67.5928826337171     
  0.355256369584341        65.8007045221877     
  0.358476529402053        64.0130462040469     
  0.361725877800573        62.2305874889842     
  0.365004679354737        60.4540157137315     
  0.368313201037571        58.6840250826813     
  0.371651712242033        56.9213159730868     
  0.375020484802946        55.1665942049470     
  0.378419793019134        53.4205702758015     
  0.381849913675753        51.6839585607771     
  0.385311126066833        49.9574764783583     
  0.388803712018013        48.2418436224842     
  0.392327955909494        46.5377808617184     
  0.395884144699192        44.8460094063777     
  0.399472567946101        43.1672498446616     
  0.403093517833877        41.5022211489738     
  0.406747289194619        39.8516396537932     
  0.410434179532884        38.2162180066091     
  0.414154489049905        36.5966640936083     
  0.417908520668040        34.9936799419666     
  0.421696580055431        33.4079606007767     
  0.425518975650898        31.8401930028095     
  0.429376018689050        30.2910548094895     
  0.433268023225631        28.7612132416325     
  0.437195306163084        27.2513238986722     
  0.441158187276365        25.7620295692699     
  0.445156989238969        24.2939590363734     
  0.449192037649214        22.8477258799526     
  0.453263661056745        21.4239272807989     
  0.457372190989287        20.0231428289277     
  0.461517961979644        18.6459333402677     
  0.465701311592932        17.2928396854544     
  0.469922580454069        15.9643816346716     
  0.474182112275508        14.6610567225936     
  0.478480253885224        13.3833391375845     
  0.482817355254954        12.1316786393905     
  0.487193769528693        10.9064995096322     
  0.491609853051449        9.70819953945275     
  0.496065965398258        8.53714905870844     
  0.500562469403460        7.39369001110209     
  0.505099731190246        6.27813507964437     
  0.509678120200466        5.19076686679836     
  0.514298009224712        4.13183713360294     
  0.518959774432671        3.10156610198826     
  0.523663795403757        2.10014182438652     
  0.528410455158014        1.12771962460750     
  0.533200140187305       0.184421613782316     
  0.538033240486782      -0.729663715011263     
  0.542910149586640       -1.61448181004888     
  0.547831264584162       -2.47001229904123     
  0.552796986176047       -3.29626913912909     
  0.557807718691044       -4.09330067623130     
  0.562863870122867       -4.86118961151476     
  0.567965852163419       -5.60005287311817     
  0.573114080236314       -6.31004139164481     
  0.578308973530700       -6.99133977834961     
  0.583550955035393       -7.64416590537835     
  0.588840451573317       -8.26877038787016     
  0.594177893836261       -8.86543596820513     
  0.599563716419942       -9.43447680316803     
  0.604998357859396       -9.97623765529859     
  0.610482260664684       -10.4910929902111     
  0.616015871356923       -10.9794459821832     
  0.621599640504643       -11.4417274308361     
  0.627234022760473       -11.8783945922469     
  0.632919476898165       -12.2899299283541     
  0.638656465849944       -12.6768397790196     
  0.644445456744203       -13.0396529616096     
  0.650286920943543       -13.3789193034323     
  0.656181334083146       -13.6952081128246     
  0.662129176109508       -13.9891065951105     
  0.668130931319519       -14.2612182200525     
  0.674187088399890       -14.5121610477780     
  0.680298140466951       -14.7425660204901     
  0.686464585106799       -14.9530752275481     
  0.692686924415814       -15.1443401517407     
  0.698965665041542       -15.3170199047551     
  0.705301318223947       -15.4717794599729     
  0.711694399837039       -15.6092878907995     
  0.718145430430880       -15.7302166227444     
  0.724654935273966       -15.8352377074249     
  0.731223444396000       -15.9250221265572     
  0.737851492631046       -16.0002381338282     
  0.744539619661080       -16.0615496423111     
  0.751288370059931       -16.1096146647934     
  0.758098293337623       -16.1450838140333     
  0.764969943985119       -16.1685988695520     
  0.771903881519469       -16.1807914171026     
  0.778900670529368       -16.1822815664431     
  0.785960880721128       -16.1736767524767     
  0.793085086965065       -16.1555706242183     
  0.800273869342307       -16.1285420254077     
  0.807527813192028       -16.0931540699151     
  0.814847509159106       -16.0499533143928     
  0.822233553242218       -15.9994690299124     
  0.829686546842367       -15.9422125736046     
  0.837207096811854       -15.8786768605960     
  0.844795815503683       -15.8093359358151     
  0.852453320821430       -15.7346446445352     
  0.860180236269549       -15.6550383998321     
  0.867977191004141       -15.5709330444790     
  0.875844819884185       -15.4827248041731     
  0.883783763523229       -15.3907903284060     
  0.891794668341552       -15.2954868147538     
  0.899878186618797       -15.1971522118784     
  0.908034976547082       -15.0961054961057     
  0.916265702284595       -14.9926470160795     
  0.924571034009670       -14.8870588996933     
  0.932951647975357       -14.7796055172634     
  0.941408226564484       -14.6705339947458     
  0.949941458345219       -14.5600747706982     
  0.958552038127139       -14.4484421906600     
  0.967240667017801       -14.3358351326610     
  0.976008052479830       -14.2224376576661     
  0.984854908388524       -14.1084196789259     
  0.993781955089978       -13.9939376444171     
   1.00278991945974       -13.8791352268244     
   1.01187953496200       -13.7641440158261     
   1.02105154170930       -13.6490842077983     
   1.03030668652281       -13.5340652884356     
   1.03964572299312       -13.4191867041962     
   1.04906941154164       -13.3045385189079     
   1.05857851948244       -13.1902020523134     
   1.06817382108483       -13.0762504977777     
   1.07785609763630       -12.9627495168275     
   1.08762613750622       -12.8497578086271     
   1.09748473620999       -12.7373276529209     
   1.10743269647382       -12.6255054253761     
   1.11747082830007       -12.5143320846436     
   1.12759994903327       -12.4038436308047     
   1.13782088342659       -12.2940715352011     
   1.14813446370905       -12.1850431419326     
   1.15854152965326       -12.0767820415653     
   1.16904292864381       -11.9693084178151     
   1.17963951574625       -11.8626393681550     
   1.19033215377674       -11.7567891994492     
   1.20112171337227       -11.6517696998281     
   1.21200907306157       -11.5475903881107     
   1.22299511933666       -11.4442587421279     
   1.23408074672500       -11.3417804073333     
   1.24526685786233       -11.2401593870878     
   1.25655436356619       -11.1393982159871     
   1.26794418291006       -11.0394981175636     
   1.27943724329821       -10.9404591476428     
   1.29103448054120       -10.8422803245695     
   1.30273683893208       -10.7449597474484     
   1.31454527132328       -10.6484947034635     
   1.32646073920421       -10.5528817652598     
   1.33848421277952       -10.4581168792872     
   1.35061667104811       -10.3641954459263     
   1.36285910188286       -10.2711123921356     
   1.37521250211104       -10.1788622372836     
   1.38767787759549       -10.0874391527641     
   1.40025624331653       -9.99683701592271     
   1.41294862345457       -9.90704945877113     
   1.42575605147356       -9.81806991191082     
   1.43867957020508       -9.72989164404485     
   1.45172023193328       -9.64250779741813     
   1.46487909848055       -9.55591141949316     
   1.47815724129401       -9.47009549114175     
   1.49155574153271       -9.38505295161005     
   1.50507569015567       -9.30077672049590     
   1.51871818801074       -9.21725971696209     
   1.53248434592419       -9.13449487639683     
   1.54637528479122       -9.05247516472204     
   1.56039213566714       -8.97119359054163     
   1.57453603985956       -8.89064321531389     
   1.58880814902125       -8.81081716172513     
   1.60320962524395       -8.73170862043492     
   1.61774164115297       -8.65331085535652     
   1.63240538000267       -8.57561720762920     
   1.64720203577284       -8.49862109843170     
   1.66213281326588       -8.42231603077893     
   1.67719892820490       -8.34669559043559     
   1.69240160733275       -8.27175344607228     
   1.70774208851185       -8.19748334878119     
   1.72322162082501       -8.12387913105909     
   1.73884146467717       -8.05093470535694     
   1.75460289189796       -7.97864406228602     
   1.77050718584528       -7.90700126856155     
   1.78655564150985       -7.83600046475629     
   1.80274956562056       -7.76563586292757     
   1.81909027675095       -7.69590174417359     
   1.83557910542652       -7.62679245616655     
   1.85221739423311       -7.55830241070329     
   1.86900649792618       -7.49042608130700     
   1.88594778354114       -7.42315800090752     
   1.90304263050467       -7.35649275962190     
   1.92029243074699       -7.29042500265189     
   1.93769858881526       -7.22494942831019     
   1.95526252198792       -7.16006078618348     
   1.97298566039005       -7.09575387543656     
   1.99086944710988       -7.03202354325883     
