  1.215775037524561E-006  -6.65606399998929     
  1.226830421750313E-006  -6.65606399998910     
  1.237986335693001E-006  -6.65606399998890     
  1.249243693497602E-006  -6.65606399998870     
  1.260603417621676E-006  -6.65606399998849     
  1.272066438910944E-006  -6.65606399998828     
  1.283633696675570E-006  -6.65606399998807     
  1.295306138767131E-006  -6.65606399998785     
  1.307084721656284E-006  -6.65606399998762     
  1.318970410511143E-006  -6.65606399998740     
  1.330964179276365E-006  -6.65606399998717     
  1.343067010752962E-006  -6.65606399998694     
  1.355279896678832E-006  -6.65606399998670     
  1.367603837810021E-006  -6.65606399998645     
  1.380039844002736E-006  -6.65606399998621     
  1.392588934296086E-006  -6.65606399998595     
  1.405252136995594E-006  -6.65606399998570     
  1.418030489757448E-006  -6.65606399998544     
  1.430925039673541E-006  -6.65606399998517     
  1.443936843357265E-006  -6.65606399998490     
  1.457066967030092E-006  -6.65606399998462     
  1.470316486608951E-006  -6.65606399998434     
  1.483686487794382E-006  -6.65606399998406     
  1.497178066159505E-006  -6.65606399998376     
  1.510792327239798E-006  -6.65606399998347     
  1.524530386623681E-006  -6.65606399998317     
  1.538393370043933E-006  -6.65606399998286     
  1.552382413469940E-006  -6.65606399998254     
  1.566498663200774E-006  -6.65606399998223     
  1.580743275959129E-006  -6.65606399998190     
  1.595117418986103E-006  -6.65606399998157     
  1.609622270136845E-006  -6.65606399998123     
  1.624259017977073E-006  -6.65606399998089     
  1.639028861880466E-006  -6.65606399998054     
  1.653933012126946E-006  -6.65606399998019     
  1.668972690001851E-006  -6.65606399997982     
  1.684149127896008E-006  -6.65606399997946     
  1.699463569406722E-006  -6.65606399997908     
  1.714917269439678E-006  -6.65606399997870     
  1.730511494311769E-006  -6.65606399997831     
  1.746247521854867E-006  -6.65606399997791     
  1.762126641520526E-006  -6.65606399997751     
  1.778150154485646E-006  -6.65606399997710     
  1.794319373759094E-006  -6.65606399997668     
  1.810635624289298E-006  -6.65606399997625     
  1.827100243072811E-006  -6.65606399997582     
  1.843714579263874E-006  -6.65606399997538     
  1.860479994284967E-006  -6.65606399997493     
  1.877397861938365E-006  -6.65606399997447     
  1.894469568518716E-006  -6.65606399997400     
  1.911696512926634E-006  -6.65606399997353     
  1.929080106783329E-006  -6.65606399997305     
  1.946621774546280E-006  -6.65606399997255     
  1.964322953625958E-006  -6.65606399997205     
  1.982185094503613E-006  -6.65606399997154     
  2.000209660850127E-006  -6.65606399997102     
  2.018398129645952E-006  -6.65606399997049     
  2.036751991302144E-006  -6.65606399996995     
  2.055272749782477E-006  -6.65606399996940     
  2.073961922726699E-006  -6.65606399996885     
  2.092821041574877E-006  -6.65606399996828     
  2.111851651692896E-006  -6.65606399996770     
  2.131055312499086E-006  -6.65606399996711     
  2.150433597592007E-006  -6.65606399996651     
  2.169988094879394E-006  -6.65606399996589     
  2.189720406708272E-006  -6.65606399996527     
  2.209632149996258E-006  -6.65606399996464     
  2.229724956364056E-006  -6.65606399996399     
  2.250000472269157E-006  -6.65606399996333     
  2.270460359140750E-006  -6.65606399996266     
  2.291106293515870E-006  -6.65606399996198     
  2.311939967176771E-006  -6.65606399996128     
  2.332963087289563E-006  -6.65606399996058     
  2.354177376544093E-006  -6.65606399995986     
  2.375584573295115E-006  -6.65606399995912     
  2.397186431704728E-006  -6.65606399995838     
  2.418984721886122E-006  -6.65606399995762     
  2.440981230048625E-006  -6.65606399995684     
  2.463177758644066E-006  -6.65606399995605     
  2.485576126514476E-006  -6.65606399995525     
  2.508178169041131E-006  -6.65606399995443     
  2.530985738294940E-006  -6.65606399995360     
  2.554000703188216E-006  -6.65606399995275     
  2.577224949627819E-006  -6.65606399995189     
  2.600660380669686E-006  -6.65606399995101     
  2.624308916674781E-006  -6.65606399995012     
  2.648172495466446E-006  -6.65606399994921     
  2.672253072489201E-006  -6.65606399994828     
  2.696552620968965E-006  -6.65606399994733     
  2.721073132074761E-006  -6.65606399994637     
  2.745816615081871E-006  -6.65606399994539     
  2.770785097536482E-006  -6.65606399994439     
  2.795980625421825E-006  -6.65606399994338     
  2.821405263325837E-006  -6.65606399994234     
  2.847061094610328E-006  -6.65606399994129     
  2.872950221581709E-006  -6.65606399994022     
  2.899074765663249E-006  -6.65606399993912     
  2.925436867568917E-006  -6.65606399993801     
  2.952038687478797E-006  -6.65606399993688     
  2.978882405216097E-006  -6.65606399993573     
  3.005970220425769E-006  -6.65606399993455     
  3.033304352754756E-006  -6.65606399993336     
  3.060887042033876E-006  -6.65606399993214     
  3.088720548461358E-006  -6.65606399993090     
  3.116807152788046E-006  -6.65606399992964     
  3.145149156504296E-006  -6.65606399992835     
  3.173748882028561E-006  -6.65606399992704     
  3.202608672897700E-006  -6.65606399992571     
  3.231730893959008E-006  -6.65606399992435     
  3.261117931564005E-006  -6.65606399992297     
  3.290772193763975E-006  -6.65606399992156     
  3.320696110507288E-006  -6.65606399992013     
  3.350892133838518E-006  -6.65606399991867     
  3.381362738099372E-006  -6.65606399991718     
  3.412110420131440E-006  -6.65606399991567     
  3.443137699480794E-006  -6.65606399991413     
  3.474447118604449E-006  -6.65606399991256     
  3.506041243078693E-006  -6.65606399991097     
  3.537922661809324E-006  -6.65606399990934     
  3.570093987243787E-006  -6.65606399990768     
  3.602557855585245E-006  -6.65606399990599     
  3.635316927008598E-006  -6.65606399990428     
  3.668373885878466E-006  -6.65606399990253     
  3.701731440969149E-006  -6.65606399990075     
  3.735392325686595E-006  -6.65606399989894     
  3.769359298292378E-006  -6.65606399989709     
  3.803635142129723E-006  -6.65606399989521     
  3.838222665851578E-006  -6.65606399989329     
  3.873124703650757E-006  -6.65606399989135     
  3.908344115492190E-006  -6.65606399988936     
  3.943883787347273E-006  -6.65606399988734     
  3.979746631430350E-006  -6.65606399988528     
  4.015935586437346E-006  -6.65606399988319     
  4.052453617786579E-006  -6.65606399988105     
  4.089303717861747E-006  -6.65606399987888     
  4.126488906257133E-006  -6.65606399987666     
  4.164012230025044E-006  -6.65606399987441     
  4.201876763925485E-006  -6.65606399987212     
  4.240085610678122E-006  -6.65606399986978     
  4.278641901216521E-006  -6.65606399986740     
  4.317548794944710E-006  -6.65606399986498     
  4.356809479996062E-006  -6.65606399986251     
  4.396427173494547E-006  -6.65606399986000     
  4.436405121818345E-006  -6.65606399985744     
  4.476746600865867E-006  -6.65606399985484     
  4.517454916324189E-006  -6.65606399985219     
  4.558533403939929E-006  -6.65606399984949     
  4.599985429792585E-006  -6.65606399984674     
  4.641814390570366E-006  -6.65606399984394     
  4.684023713848518E-006  -6.65606399984109     
  4.726616858370195E-006  -6.65606399983818     
  4.769597314329873E-006  -6.65606399983523     
  4.812968603659350E-006  -6.65606399983222     
  4.856734280316338E-006  -6.65606399982915     
  4.900897930575686E-006  -6.65606399982603     
  4.945463173323248E-006  -6.65606399982285     
  4.990433660352426E-006  -6.65606399981961     
  5.035813076663405E-006  -6.65606399981632     
  5.081605140765114E-006  -6.65606399981296     
  5.127813604979927E-006  -6.65606399980955     
  5.174442255751142E-006  -6.65606399980607     
  5.221494913953250E-006  -6.65606399980252     
  5.268975435205028E-006  -6.65606399979892     
  5.316887710185476E-006  -6.65606399979524     
  5.365235664952637E-006  -6.65606399979150     
  5.414023261265301E-006  -6.65606399978769     
  5.463254496907642E-006  -6.65606399978381     
  5.512933406016814E-006  -6.65606399977986     
  5.563064059413512E-006  -6.65606399977584     
  5.613650564935550E-006  -6.65606399977175     
  5.664697067774460E-006  -6.65606399976758     
  5.716207750815174E-006  -6.65606399976333     
  5.768186834978766E-006  -6.65606399975901     
  5.820638579568341E-006  -6.65606399975460     
  5.873567282618032E-006  -6.65606399975012     
  5.926977281245215E-006  -6.65606399974556     
  5.980872952005890E-006  -6.65606399974091     
  6.035258711253311E-006  -6.65606399973618     
  6.090139015499875E-006  -6.65606399973135     
  6.145518361782295E-006  -6.65606399972645     
  6.201401288030110E-006  -6.65606399972145     
  6.257792373437524E-006  -6.65606399971636     
  6.314696238838641E-006  -6.65606399971118     
  6.372117547086107E-006  -6.65606399970590     
  6.430061003433205E-006  -6.65606399970053     
  6.488531355919403E-006  -6.65606399969506     
  6.547533395759427E-006  -6.65606399968949     
  6.607071957735868E-006  -6.65606399968381     
  6.667151920595352E-006  -6.65606399967804     
  6.727778207448322E-006  -6.65606399967216     
  6.788955786172447E-006  -6.65606399966617     
  6.850689669819703E-006  -6.65606399966007     
  6.912984917027163E-006  -6.65606399965386     
  6.975846632431499E-006  -6.65606399964753     
  7.039279967087289E-006  -6.65606399964109     
  7.103290118889093E-006  -6.65606399963454     
  7.167882332997389E-006  -6.65606399962786     
  7.233061902268377E-006  -6.65606399962106     
  7.298834167687678E-006  -6.65606399961414     
  7.365204518808008E-006  -6.65606399960709     
  7.432178394190792E-006  -6.65606399959991     
  7.499761281851830E-006  -6.65606399959260     
  7.567958719710984E-006  -6.65606399958516     
  7.636776296045988E-006  -6.65606399957758     
  7.706219649950349E-006  -6.65606399956986     
  7.776294471795441E-006  -6.65606399956200     
  7.847006503696785E-006  -6.65606399955400     
  7.918361539984566E-006  -6.65606399954585     
  7.990365427678453E-006  -6.65606399953756     
  8.063024066966700E-006  -6.65606399952911     
  8.136343411689639E-006  -6.65606399952051     
  8.210329469827537E-006  -6.65606399951175     
  8.284988303992923E-006  -6.65606399950283     
  8.360326031927360E-006  -6.65606399949374     
  8.436348827002760E-006  -6.65606399948449     
  8.513062918727238E-006  -6.65606399947508     
  8.590474593255582E-006  -6.65606399946549     
  8.668590193904344E-006  -6.65606399945572     
  8.747416121671649E-006  -6.65606399944578     
  8.826958835761685E-006  -6.65606399943565     
  8.907224854114010E-006  -6.65606399942534     
  8.988220753937634E-006  -6.65606399941484     
  9.069953172249977E-006  -6.65606399940415     
  9.152428806420727E-006  -6.65606399939327     
  9.235654414720636E-006  -6.65606399938218     
  9.319636816875310E-006  -6.65606399937090     
  9.404382894624042E-006  -6.65606399935940     
  9.489899592283712E-006  -6.65606399934770     
  9.576193917317826E-006  -6.65606399933578     
  9.663272940910726E-006  -6.65606399932365     
  9.751143798547024E-006  -6.65606399931129     
  9.839813690596293E-006  -6.65606399929871     
  9.929289882903098E-006  -6.65606399928590     
  1.001957970738237E-005  -6.65606399927285     
  1.011069056262019E-005  -6.65606399925957     
  1.020262991448010E-005  -6.65606399924604     
  1.029540529671478E-005  -6.65606399923227     
  1.038902431158350E-005  -6.65606399921824     
  1.048349463047497E-005  -6.65606399920396     
  1.057882399453602E-005  -6.65606399918941     
  1.067502021530589E-005  -6.65606399917461     
  1.077209117535634E-005  -6.65606399915953     
  1.087004482893758E-005  -6.65606399914417     
  1.096888920263005E-005  -6.65606399912854     
  1.106863239600215E-005  -6.65606399911261     
  1.116928258227392E-005  -6.65606399909640     
  1.127084800898679E-005  -6.65606399907989     
  1.137333699867941E-005  -6.65606399906309     
  1.147675794956962E-005  -6.65606399904597     
  1.158111933624259E-005  -6.65606399902854     
  1.168642971034531E-005  -6.65606399901079     
  1.179269770128726E-005  -6.65606399899272     
  1.189993201694761E-005  -6.65606399897432     
  1.200814144438869E-005  -6.65606399895558     
  1.211733485057607E-005  -6.65606399893650     
  1.222752118310513E-005  -6.65606399891707     
  1.233870947093426E-005  -6.65606399889728     
  1.245090882512470E-005  -6.65606399887714     
  1.256412843958712E-005  -6.65606399885662     
  1.267837759183501E-005  -6.65606399883574     
  1.279366564374492E-005  -6.65606399881446     
  1.291000204232356E-005  -6.65606399879281     
  1.302739632048191E-005  -6.65606399877075     
  1.314585809781641E-005  -6.65606399874829     
  1.326539708139719E-005  -6.65606399872543     
  1.338602306656351E-005  -6.65606399870214     
  1.350774593772639E-005  -6.65606399867843     
  1.363057566917857E-005  -6.65606399865429     
  1.375452232591186E-005  -6.65606399862970     
  1.387959606444186E-005  -6.65606399860467     
  1.400580713364022E-005  -6.65606399857918     
  1.413316587557445E-005  -6.65606399855322     
  1.426168272635542E-005  -6.65606399852679     
  1.439136821699245E-005  -6.65606399849987     
  1.452223297425633E-005  -6.65606399847247     
  1.465428772155003E-005  -6.65606399844456     
  1.478754327978746E-005  -6.65606399841614     
  1.492201056828012E-005  -6.65606399838721     
  1.505770060563190E-005  -6.65606399835774     
  1.519462451064195E-005  -6.65606399832774     
  1.533279350321579E-005  -6.65606399829719     
  1.547221890528467E-005  -6.65606399826608     
  1.561291214173337E-005  -6.65606399823440     
  1.575488474133635E-005  -6.65606399820214     
  1.589814833770247E-005  -6.65606399816930     
  1.604271467022824E-005  -6.65606399813585     
  1.618859558505982E-005  -6.65606399810180     
  1.633580303606371E-005  -6.65606399806712     
  1.648434908580628E-005  -6.65606399803181     
  1.663424590654220E-005  -6.65606399799585     
  1.678550578121186E-005  -6.65606399795923     
  1.693814110444791E-005  -6.65606399792195     
  1.709216438359087E-005  -6.65606399788399     
  1.724758823971400E-005  -6.65606399784533     
  1.740442540865757E-005  -6.65606399780596     
  1.756268874207238E-005  -6.65606399776588     
  1.772239120847294E-005  -6.65606399772506     
  1.788354589430009E-005  -6.65606399768350     
  1.804616600499336E-005  -6.65606399764118     
  1.821026486607307E-005  -6.65606399759809     
  1.837585592423220E-005  -6.65606399755421     
  1.854295274843834E-005  -6.65606399750953     
  1.871156903104549E-005  -6.65606399746403     
  1.888171858891607E-005  -6.65606399741770     
  1.905341536455314E-005  -6.65606399737052     
  1.922667342724283E-005  -6.65606399732248     
  1.940150697420726E-005  -6.65606399727356     
  1.957793033176788E-005  -6.65606399722375     
  1.975595795651941E-005  -6.65606399717303     
  1.993560443651446E-005  -6.65606399712139     
  2.011688449245888E-005  -6.65606399706880     
  2.029981297891806E-005  -6.65606399701525     
  2.048440488553410E-005  -6.65606399696072     
  2.067067533825417E-005  -6.65606399690519     
  2.085863960056990E-005  -6.65606399684865     
  2.104831307476815E-005  -6.65606399679108     
  2.123971130319311E-005  -6.65606399673246     
  2.143284996951986E-005  -6.65606399667276     
  2.162774490003957E-005  -6.65606399661197     
  2.182441206495631E-005  -6.65606399655008     
  2.202286757969570E-005  -6.65606399648705     
  2.222312770622546E-005  -6.65606399642287     
  2.242520885438798E-005  -6.65606399635752     
  2.262912758324492E-005  -6.65606399629097     
  2.283490060243416E-005  -6.65606399622321     
  2.304254477353902E-005  -6.65606399615421     
  2.325207711146994E-005  -6.65606399608396     
  2.346351478585873E-005  -6.65606399601241     
  2.367687512246545E-005  -6.65606399593956     
  2.389217560459821E-005  -6.65606399586538     
  2.410943387454574E-005  -6.65606399578984     
  2.432866773502306E-005  -6.65606399571293     
  2.454989515063029E-005  -6.65606399563461     
  2.477313424932471E-005  -6.65606399555485     
  2.499840332390619E-005  -6.65606399547364     
  2.522572083351621E-005  -6.65606399539095     
  2.545510540515038E-005  -6.65606399530675     
  2.568657583518483E-005  -6.65606399522100     
  2.592015109091644E-005  -6.65606399513370     
  2.615585031211701E-005  -6.65606399504479     
  2.639369281260170E-005  -6.65606399495426     
  2.663369808181163E-005  -6.65606399486208     
  2.687588578641086E-005  -6.65606399476822     
  2.712027577189795E-005  -6.65606399467264     
  2.736688806423221E-005  -6.65606399457531     
  2.761574287147457E-005  -6.65606399447620     
  2.786686058544356E-005  -6.65606399437529     
  2.812026178338625E-005  -6.65606399427253     
  2.837596722966443E-005  -6.65606399416789     
  2.863399787745601E-005  -6.65606399406134     
  2.889437487047208E-005  -6.65606399395285     
  2.915711954468944E-005  -6.65606399384237     
  2.942225343009892E-005  -6.65606399372988     
  2.968979825246959E-005  -6.65606399361533     
  2.995977593512907E-005  -6.65606399349868     
  3.023220860075995E-005  -6.65606399337991     
  3.050711857321260E-005  -6.65606399325896     
  3.078452837933444E-005  -6.65606399313581     
  3.106446075081582E-005  -6.65606399301041     
  3.134693862605278E-005  -6.65606399288271     
  3.163198515202662E-005  -6.65606399275269     
  3.191962368620065E-005  -6.65606399262028     
  3.220987779843418E-005  -6.65606399248546     
  3.250277127291385E-005  -6.65606399234818     
  3.279832811010261E-005  -6.65606399220838     
  3.309657252870638E-005  -6.65606399206604     
  3.339752896765854E-005  -6.65606399192109     
  3.370122208812262E-005  -6.65606399177349     
  3.400767677551299E-005  -6.65606399162320     
  3.431691814153412E-005  -6.65606399147016     
  3.462897152623827E-005  -6.65606399131433     
  3.494386250010190E-005  -6.65606399115565     
  3.526161686612102E-005  -6.65606399099407     
  3.558226066192552E-005  -6.65606399082954     
  3.590582016191280E-005  -6.65606399066200     
  3.623232187940073E-005  -6.65606399049140     
  3.656179256880021E-005  -6.65606399031769     
  3.689425922780758E-005  -6.65606399014080     
  3.722974909961676E-005  -6.65606398996068     
  3.756828967515173E-005  -6.65606398977727     
  3.790990869531917E-005  -6.65606398959050     
  3.825463415328160E-005  -6.65606398940033     
  3.860249429675125E-005  -6.65606398920668     
  3.895351763030475E-005  -6.65606398900950     
  3.930773291771884E-005  -6.65606398880871     
  3.966516918432738E-005  -6.65606398860425     
  4.002585571939975E-005  -6.65606398839606     
  4.038982207854088E-005  -6.65606398818407     
  4.075709808611315E-005  -6.65606398796820     
  4.112771383768023E-005  -6.65606398774838     
  4.150169970247322E-005  -6.65606398752456     
  4.187908632587916E-005  -6.65606398729664     
  4.225990463195226E-005  -6.65606398706456     
  4.264418582594776E-005  -6.65606398682824     
  4.303196139687917E-005  -6.65606398658760     
  4.342326312009836E-005  -6.65606398634257     
  4.381812305989947E-005  -6.65606398609305     
  4.421657357214622E-005  -6.65606398583898     
  4.461864730692338E-005  -6.65606398558027     
  4.502437721121202E-005  -6.65606398531684     
  4.543379653158946E-005  -6.65606398504859     
  4.584693881695344E-005  -6.65606398477544     
  4.626383792127128E-005  -6.65606398449729     
  4.668452800635395E-005  -6.65606398421407     
  4.710904354465535E-005  -6.65606398392567     
  4.753741932209709E-005  -6.65606398363201     
  4.796969044091900E-005  -6.65606398333298     
  4.840589232255539E-005  -6.65606398302848     
  4.884606071053764E-005  -6.65606398271843     
  4.929023167342313E-005  -6.65606398240270     
  4.973844160775074E-005  -6.65606398208121     
  5.019072724102335E-005  -6.65606398175385     
  5.064712563471734E-005  -6.65606398142051     
  5.110767418731948E-005  -6.65606398108108     
  5.157241063739154E-005  -6.65606398073544     
  5.204137306666261E-005  -6.65606398038349     
  5.251459990314965E-005  -6.65606398002511     
  5.299212992430642E-005  -6.65606397966019     
  5.347400226020093E-005  -6.65606397928859     
  5.396025639672192E-005  -6.65606397891021     
  5.445093217881440E-005  -6.65606397852492     
  5.494606981374467E-005  -6.65606397813258     
  5.544570987439503E-005  -6.65606397773308     
  5.594989330258837E-005  -6.65606397732628     
  5.645866141244312E-005  -6.65606397691205     
  5.697205589375860E-005  -6.65606397649025     
  5.749011881543115E-005  -6.65606397606075     
  5.801289262890149E-005  -6.65606397562339     
  5.854042017163315E-005  -6.65606397517805     
  5.907274467062279E-005  -6.65606397472457     
  5.960990974594233E-005  -6.65606397426281     
  6.015195941431323E-005  -6.65606397379261     
  6.069893809271341E-005  -6.65606397331382     
  6.125089060201679E-005  -6.65606397282628     
  6.180786217066619E-005  -6.65606397232984     
  6.236989843837927E-005  -6.65606397182433     
  6.293704545988859E-005  -6.65606397130958     
  6.350934970871526E-005  -6.65606397078543     
  6.408685808097723E-005  -6.65606397025170     
  6.466961789923196E-005  -6.65606396970822     
  6.525767691635434E-005  -6.65606396915481     
  6.585108331944947E-005  -6.65606396859129     
  6.644988573380143E-005  -6.65606396801748     
  6.705413322685762E-005  -6.65606396743318     
  6.766387531224957E-005  -6.65606396683821     
  6.827916195385015E-005  -6.65606396623237     
  6.890004356986783E-005  -6.65606396561546     
  6.952657103697793E-005  -6.65606396498728     
  7.015879569449178E-005  -6.65606396434762     
  7.079676934856344E-005  -6.65606396369628     
  7.144054427643494E-005  -6.65606396303304     
  7.209017323071993E-005  -6.65606396235768     
  7.274570944372642E-005  -6.65606396166999     
  7.340720663181872E-005  -6.65606396096972     
  7.407471899981926E-005  -6.65606396025667     
  7.474830124545004E-005  -6.65606395953059     
  7.542800856381487E-005  -6.65606395879124     
  7.611389665192219E-005  -6.65606395803839     
  7.680602171324893E-005  -6.65606395727178     
  7.750444046234606E-005  -6.65606395649117     
  7.820921012948598E-005  -6.65606395569630     
  7.892038846535194E-005  -6.65606395488690     
  7.963803374577039E-005  -6.65606395406272     
  8.036220477648639E-005  -6.65606395322348     
  8.109296089798202E-005  -6.65606395236891     
  8.183036199033911E-005  -6.65606395149872     
  8.257446847814592E-005  -6.65606395061264     
  8.332534133544848E-005  -6.65606394971037     
  8.408304209074692E-005  -6.65606394879162     
  8.484763283203734E-005  -6.65606394785608     
  8.561917621189949E-005  -6.65606394690345     
  8.639773545263061E-005  -6.65606394593341     
  8.718337435142599E-005  -6.65606394494566     
  8.797615728560690E-005  -6.65606394393986     
  8.877614921789557E-005  -6.65606394291568     
  8.958341570173859E-005  -6.65606394187279     
  9.039802288667844E-005  -6.65606394081085     
  9.122003752377400E-005  -6.65606393972951     
  9.204952697107028E-005  -6.65606393862842     
  9.288655919911796E-005  -6.65606393750720     
  9.373120279654303E-005  -6.65606393636550     
  9.458352697566714E-005  -6.65606393520295     
  9.544360157817901E-005  -6.65606393401916     
  9.631149708085756E-005  -6.65606393281374     
  9.718728460134677E-005  -6.65606393158629     
  9.807103590398340E-005  -6.65606393033643     
  9.896282340567751E-005  -6.65606392906373     
  9.986272018184645E-005  -6.65606392776777     
  1.007707999724029E-004  -6.65606392644814     
  1.016871371877974E-004  -6.65606392510441     
  1.026118069151154E-004  -6.65606392373612     
  1.035448849242306E-004  -6.65606392234284     
  1.044864476740132E-004  -6.65606392092410     
  1.054365723185956E-004  -6.65606391947944     
  1.063953367136943E-004  -6.65606391800839     
  1.073628194229899E-004  -6.65606391651047     
  1.083390997245644E-004  -6.65606391498518     
  1.093242576173978E-004  -6.65606391343202     
  1.103183738279234E-004  -6.65606391185049     
  1.113215298166424E-004  -6.65606391024006     
  1.123338077847995E-004  -6.65606390860022     
  1.133552906811184E-004  -6.65606390693041     
  1.143860622085987E-004  -6.65606390523010     
  1.154262068313750E-004  -6.65606390349872     
  1.164758097816382E-004  -6.65606390173572     
  1.175349570666190E-004  -6.65606389994050     
  1.186037354756366E-004  -6.65606389811249     
  1.196822325872095E-004  -6.65606389625108     
  1.207705367762324E-004  -6.65606389435567     
  1.218687372212178E-004  -6.65606389242562     
  1.229769239116034E-004  -6.65606389046032     
  1.240951876551263E-004  -6.65606388845911     
  1.252236200852637E-004  -6.65606388642134     
  1.263623136687419E-004  -6.65606388434635     
  1.275113617131132E-004  -6.65606388223344     
  1.286708583744015E-004  -6.65606388008194     
  1.298408986648180E-004  -6.65606387789112     
  1.310215784605467E-004  -6.65606387566029     
  1.322129945096006E-004  -6.65606387338869     
  1.334152444397497E-004  -6.65606387107560     
  1.346284267665207E-004  -6.65606386872025     
  1.358526409012696E-004  -6.65606386632186     
  1.370879871593279E-004  -6.65606386387966     
  1.383345667682227E-004  -6.65606386139285     
  1.395924818759712E-004  -6.65606385886060     
  1.408618355594515E-004  -6.65606385628209     
  1.421427318328487E-004  -6.65606385365647     
  1.434352756561779E-004  -6.65606385098288     
  1.447395729438854E-004  -6.65606384826045     
  1.460557305735272E-004  -6.65606384548828     
  1.473838563945269E-004  -6.65606384266547     
  1.487240592370134E-004  -6.65606383979109     
  1.500764489207386E-004  -6.65606383686419     
  1.514411362640759E-004  -6.65606383388382     
  1.528182330931018E-004  -6.65606383084900     
  1.542078522507584E-004  -6.65606382775874     
  1.556101076061006E-004  -6.65606382461202     
  1.570251140636266E-004  -6.65606382140782     
  1.584529875726934E-004  -6.65606381814507     
  1.598938451370181E-004  -6.65606381482272     
  1.613478048242657E-004  -6.65606381143967     
  1.628149857757236E-004  -6.65606380799481     
  1.642955082160641E-004  -6.65606380448702     
  1.657894934631968E-004  -6.65606380091515     
  1.672970639382087E-004  -6.65606379727802     
  1.688183431753964E-004  -6.65606379357444     
  1.703534558323884E-004  -6.65606378980320     
  1.719025277003603E-004  -6.65606378596306     
  1.734656857143421E-004  -6.65606378205277     
  1.750430579636197E-004  -6.65606377807103     
  1.766347737022308E-004  -6.65606377401656     
  1.782409633595568E-004  -6.65606376988801     
  1.798617585510096E-004  -6.65606376568404     
  1.814972920888173E-004  -6.65606376140326     
  1.831476979929071E-004  -6.65606375704428     
  1.848131115018867E-004  -6.65606375260566     
  1.864936690841269E-004  -6.65606374808595     
  1.881895084489433E-004  -6.65606374348367     
  1.899007685578814E-004  -6.65606373879731     
  1.916275896361030E-004  -6.65606373402533     
  1.933701131838766E-004  -6.65606372916617     
  1.951284819881726E-004  -6.65606372421824     
  1.969028401343633E-004  -6.65606371917991     
  1.986933330180300E-004  -6.65606371404954     
  2.005001073568766E-004  -6.65606370882544     
  2.023233112027527E-004  -6.65606370350590     
  2.041630939537847E-004  -6.65606369808918     
  2.060196063666181E-004  -6.65606369257349     
  2.078930005687714E-004  -6.65606368695704     
  2.097834300711011E-004  -6.65606368123798     
  2.116910497803809E-004  -6.65606367541444     
  2.136160160119957E-004  -6.65606366948450     
  2.155584865027499E-004  -6.65606366344623     
  2.175186204237932E-004  -6.65606365729765     
  2.194965783936631E-004  -6.65606365103673     
  2.214925224914468E-004  -6.65606364466144     
  2.235066162700622E-004  -6.65606363816967     
  2.255390247696596E-004  -6.65606363155930     
  2.275899145311462E-004  -6.65606362482816     
  2.296594536098321E-004  -6.65606361797406     
  2.317478115892019E-004  -6.65606361099473     
  2.338551595948103E-004  -6.65606360388789     
  2.359816703083049E-004  -6.65606359665122     
  2.381275179815760E-004  -6.65606358928234     
  2.402928784510353E-004  -6.65606358177884     
  2.424779291520245E-004  -6.65606357413825     
  2.446828491333547E-004  -6.65606356635808     
  2.469078190719783E-004  -6.65606355843577     
  2.491530212877937E-004  -6.65606355036872     
  2.514186397585858E-004  -6.65606354215429     
  2.537048601351011E-004  -6.65606353378980     
  2.560118697562602E-004  -6.65606352527249     
  2.583398576645096E-004  -6.65606351659957     
  2.606890146213119E-004  -6.65606350776821     
  2.630595331227770E-004  -6.65606349877550     
  2.654516074154362E-004  -6.65606348961851     
  2.678654335121592E-004  -6.65606348029422     
  2.703012092082159E-004  -6.65606347079959     
  2.727591340974838E-004  -6.65606346113149     
  2.752394095888041E-004  -6.65606345128677     
  2.777422389224850E-004  -6.65606344126219     
  2.802678271869560E-004  -6.65606343105447     
  2.828163813355733E-004  -6.65606342066026     
  2.853881102035782E-004  -6.65606341007616     
  2.879832245252096E-004  -6.65606339929869     
  2.906019369509720E-004  -6.65606338832433     
  2.932444620650607E-004  -6.65606337714948     
  2.959110164029456E-004  -6.65606336577047     
  2.986018184691143E-004  -6.65606335418357     
  3.013170887549774E-004  -6.65606334238499     
  3.040570497569354E-004  -6.65606333037085     
  3.068219259946117E-004  -6.65606331813723     
  3.096119440292494E-004  -6.65606330568011     
  3.124273324822766E-004  -6.65606329299541     
  3.152683220540408E-004  -6.65606328007896     
  3.181351455427121E-004  -6.65606326692655     
  3.210280378633601E-004  -6.65606325353385     
  3.239472360672031E-004  -6.65606323989647     
  3.268929793610327E-004  -6.65606322600995     
  3.298655091268153E-004  -6.65606321186973     
  3.328650689414711E-004  -6.65606319747119     
  3.358919045968340E-004  -6.65606318280959     
  3.389462641197920E-004  -6.65606316788013     
  3.420283977926113E-004  -6.65606315267793     
  3.451385581734453E-004  -6.65606313719799     
  3.482770001170293E-004  -6.65606312143525     
  3.514439807955649E-004  -6.65606310538453     
  3.546397597197925E-004  -6.65606308904058     
  3.578645987602564E-004  -6.65606307239803     
  3.611187621687640E-004  -6.65606305545144     
  3.644025166000382E-004  -6.65606303819525     
  3.677161311335683E-004  -6.65606302062380     
  3.710598772956593E-004  -6.65606300273133     
  3.744340290816809E-004  -6.65606298451198     
  3.778388629785201E-004  -6.65606296595978     
  3.812746579872366E-004  -6.65606294706864     
  3.847416956459252E-004  -6.65606292783237     
  3.882402600527859E-004  -6.65606290824468     
  3.917706378894034E-004  -6.65606288829913     
  3.953331184442387E-004  -6.65606286798919     
  3.989279936363341E-004  -6.65606284730820     
  4.025555580392338E-004  -6.65606282624939     
  4.062161089051221E-004  -6.65606280480585     
  4.099099461891809E-004  -6.65606278297055     
  4.136373725741689E-004  -6.65606276073634     
  4.173986934952244E-004  -6.65606273809592     
  4.211942171648931E-004  -6.65606271504188     
  4.250242545983840E-004  -6.65606269156666     
  4.288891196390549E-004  -6.65606266766257     
  4.327891289841297E-004  -6.65606264332176     
  4.367246022106489E-004  -6.65606261853627     
  4.406958618016569E-004  -6.65606259329797     
  4.447032331726273E-004  -6.65606256759858     
  4.487470446981279E-004  -6.65606254142968     
  4.528276277387288E-004  -6.65606251478270     
  4.569453166681551E-004  -6.65606248764890     
  4.611004489006858E-004  -6.65606246001938     
  4.652933649188031E-004  -6.65606243188509     
  4.695244083010922E-004  -6.65606240323681     
  4.737939257503948E-004  -6.65606237406515     
  4.781022671222190E-004  -6.65606234436054     
  4.824497854534075E-004  -6.65606231411326     
  4.868368369910662E-004  -6.65606228331337     
  4.912637812217563E-004  -6.65606225195080     
  4.957309809009507E-004  -6.65606222001526     
  5.002388020827607E-004  -6.65606218749628     
  5.047876141499301E-004  -6.65606215438320     
  5.093777898441038E-004  -6.65606212066517     
  5.140097052963713E-004  -6.65606208633113     
  5.186837400580879E-004  -6.65606205136984     
  5.234002771319760E-004  -6.65606201576984     
  5.281597030035097E-004  -6.65606197951945     
  5.329624076725841E-004  -6.65606194260679     
  5.378087846854723E-004  -6.65606190501976     
  5.426992311670754E-004  -6.65606186674605     
  5.476341478534621E-004  -6.65606182777311     
  5.526139391247072E-004  -6.65606178808816     
  5.576390130380271E-004  -6.65606174767819     
  5.627097813612172E-004  -6.65606170652997     
  5.678266596063931E-004  -6.65606166463000     
  5.729900670640391E-004  -6.65606162196455     
  5.782004268373657E-004  -6.65606157851963     
  5.834581658769797E-004  -6.65606153428101     
  5.887637150158699E-004  -6.65606148923418     
  5.941175090047109E-004  -6.65606144336438     
  5.995199865474868E-004  -6.65606139665658     
  6.049715903374407E-004  -6.65606134909545     
  6.104727670933500E-004  -6.65606130066543     
  6.160239675961312E-004  -6.65606125135062     
  6.216256467257786E-004  -6.65606120113487     
  6.272782634986383E-004  -6.65606115000171     
  6.329822811050205E-004  -6.65606109793439     
  6.387381669471559E-004  -6.65606104491584     
  6.445463926774944E-004  -6.65606099092868     
  6.504074342373549E-004  -6.65606093595522     
  6.563217718959240E-004  -6.65606087997743     
  6.622898902896112E-004  -6.65606082297697     
  6.683122784617611E-004  -6.65606076493516     
  6.743894299027270E-004  -6.65606070583296     
  6.805218425903086E-004  -6.65606064565102     
  6.867100190305580E-004  -6.65606058436959     
  6.929544662989560E-004  -6.65606052196860     
  6.992556960819628E-004  -6.65606045842759     
  7.056142247189482E-004  -6.65606039372574     
  7.120305732445008E-004  -6.65606032784183     
  7.185052674311232E-004  -6.65606026075427     
  7.250388378323147E-004  -6.65606019244108     
  7.316318198260474E-004  -6.65606012287985     
  7.382847536586357E-004  -6.65606005204780     
  7.449981844890053E-004  -6.65605997992169     
  7.517726624333656E-004  -6.65605990647790     
  7.586087426102871E-004  -6.65605983169234     
  7.655069851861897E-004  -6.65605975554051     
  7.724679554212442E-004  -6.65605967799745     
  7.794922237156906E-004  -6.65605959903773     
  7.865803656565791E-004  -6.65605951863547     
  7.937329620649345E-004  -6.65605943676433     
  8.009505990433503E-004  -6.65605935339747     
  8.082338680240165E-004  -6.65605926850756     
  8.155833658171812E-004  -6.65605918206677     
  8.229996946600566E-004  -6.65605909404677     
  8.304834622661668E-004  -6.65605900441872     
  8.380352818751463E-004  -6.65605891315323     
  8.456557723029893E-004  -6.65605882022039     
  8.533455579927584E-004  -6.65605872558974     
  8.611052690657523E-004  -6.65605862923026     
  8.689355413731400E-004  -6.65605853111036     
  8.768370165480636E-004  -6.65605843119789     
  8.848103420582162E-004  -6.65605832946010     
  8.928561712588962E-004  -6.65605822586363     
  9.009751634465457E-004  -6.65605812037454     
  9.091679839127747E-004  -6.65605801295824     
  9.174353039988768E-004  -6.65605790357953     
  9.257778011508408E-004  -6.65605779220255     
  9.341961589748620E-004  -6.65605767879080     
  9.426910672933596E-004  -6.65605756330710     
  9.512632222015017E-004  -6.65605744571361     
  9.599133261242453E-004  -6.65605732597177     
  9.686420878738951E-004  -6.65605720404234     
  9.774502227081854E-004  -6.65605707988536     
  9.863384523888907E-004  -6.65605695346012     
  9.953075052409673E-004  -6.65605682472519     
  1.004358116212235E-003  -6.65605669363837     
  1.013491026933603E-003  -6.65605656015670     
  1.022706985779836E-003  -6.65605642423642     
  1.032006747930882E-003  -6.65605628583298     
  1.041391075433752E-003  -6.65605614490102     
  1.050860737264966E-003  -6.65605600139434     
  1.060416509393564E-003  -6.65605585526590     
  1.070059174844687E-003  -6.65605570646781     
  1.079789523763749E-003  -6.65605555495129     
  1.089608353481175E-003  -6.65605540066668     
  1.099516468577740E-003  -6.65605524356342     
  1.109514680950499E-003  -6.65605508358999     
  1.119603809879314E-003  -6.65605492069398     
  1.129784682093992E-003  -6.65605475482198     
  1.140058131842022E-003  -6.65605458591963     
  1.150425000956944E-003  -6.65605441393157     
  1.160886138927326E-003  -6.65605423880142     
  1.171442402966373E-003  -6.65605406047177     
  1.182094658082173E-003  -6.65605387888418     
  1.192843777148572E-003  -6.65605369397913     
  1.203690640976707E-003  -6.65605350569601     
  1.214636138387178E-003  -6.65605331397310     
  1.225681166282878E-003  -6.65605311874756     
  1.236826629722492E-003  -6.65605291995540     
  1.248073441994658E-003  -6.65605271753147     
  1.259422524692804E-003  -6.65605251140941     
  1.270874807790667E-003  -6.65605230152166     
  1.282431229718495E-003  -6.65605208779942     
  1.294092737439948E-003  -6.65605187017265     
  1.305860286529691E-003  -6.65605164857001     
  1.317734841251699E-003  -6.65605142291886     
  1.329717374638271E-003  -6.65605119314524     
  1.341808868569760E-003  -6.65605095917384     
  1.354010313855036E-003  -6.65605072092796     
  1.366322710312672E-003  -6.65605047832952     
  1.378747066852870E-003  -6.65605023129899     
  1.391284401560139E-003  -6.65604997975542     
  1.403935741776714E-003  -6.65604972361634     
  1.416702124186745E-003  -6.65604946279780     
  1.429584594901240E-003  -6.65604919721431     
  1.442584209543789E-003  -6.65604892677883     
  1.455702033337064E-003  -6.65604865140270     
  1.468939141190107E-003  -6.65604837099566     
  1.482296617786410E-003  -6.65604808546582     
  1.495775557672796E-003  -6.65604779471957     
  1.509377065349111E-003  -6.65604749866161     
  1.523102255358726E-003  -6.65604719719492     
  1.536952252379874E-003  -6.65604689022066     
  1.550928191317798E-003  -6.65604657763823     
  1.565031217397754E-003  -6.65604625934518     
  1.579262486258857E-003  -6.65604593523716     
  1.593623164048769E-003  -6.65604560520794     
  1.608114427519263E-003  -6.65604526914936     
  1.622737464122647E-003  -6.65604492695125     
  1.637493472109064E-003  -6.65604457850147     
  1.652383660624685E-003  -6.65604422368578     
  1.667409249810786E-003  -6.65604386238790     
  1.682571470903732E-003  -6.65604349448939     
  1.697871566335864E-003  -6.65604311986968     
  1.713310789837312E-003  -6.65604273840597     
  1.728890406538725E-003  -6.65604234997322     
  1.744611693074942E-003  -6.65604195444412     
  1.760475937689599E-003  -6.65604155168903     
  1.776484440340697E-003  -6.65604114157593     
  1.792638512807117E-003  -6.65604072397039     
  1.808939478796118E-003  -6.65604029873555     
  1.825388674051798E-003  -6.65603986573200     
  1.841987446464553E-003  -6.65603942481784     
  1.858737156181526E-003  -6.65603897584854     
  1.875639175718059E-003  -6.65603851867693     
  1.892694890070162E-003  -6.65603805315318     
  1.909905696828005E-003  -6.65603757912468     
  1.927273006290435E-003  -6.65603709643608     
  1.944798241580546E-003  -6.65603660492916     
  1.962482838762289E-003  -6.65603610444281     
  1.980328246958149E-003  -6.65603559481298     
  1.998335928467888E-003  -6.65603507587265     
  2.016507358888371E-003  -6.65603454745170     
  2.034844027234481E-003  -6.65603400937694     
  2.053347436061133E-003  -6.65603346147201     
  2.072019101586393E-003  -6.65603290355731     
  2.090860553815727E-003  -6.65603233544997     
  2.109873336667370E-003  -6.65603175696379     
  2.129059008098839E-003  -6.65603116790915     
  2.148419140234597E-003  -6.65603056809298     
  2.167955319494877E-003  -6.65602995731867     
  2.187669146725678E-003  -6.65602933538604     
  2.207562237329941E-003  -6.65602870209121     
  2.227636221399918E-003  -6.65602805722663     
  2.247892743850751E-003  -6.65602740058093     
  2.268333464555258E-003  -6.65602673193886     
  2.288960058479945E-003  -6.65602605108127     
  2.309774215822261E-003  -6.65602535778500     
  2.330777642149095E-003  -6.65602465182280     
  2.351972058536535E-003  -6.65602393296327     
  2.373359201710899E-003  -6.65602320097080     
  2.394940824191044E-003  -6.65602245560546     
  2.416718694431974E-003  -6.65602169662294     
  2.438694596969753E-003  -6.65602092377447     
  2.460870332567731E-003  -6.65602013680673     
  2.483247718364107E-003  -6.65601933546177     
  2.505828588020829E-003  -6.65601851947694     
  2.528614791873847E-003  -6.65601768858478     
  2.551608197084736E-003  -6.65601684251295     
  2.574810687793698E-003  -6.65601598098414     
  2.598224165273950E-003  -6.65601510371595     
  2.621850548087519E-003  -6.65601421042085     
  2.645691772242462E-003  -6.65601330080605     
  2.669749791351496E-003  -6.65601237457339     
  2.694026576792089E-003  -6.65601143141929     
  2.718524117868000E-003  -6.65601047103460     
  2.743244421972284E-003  -6.65600949310455     
  2.768189514751789E-003  -6.65600849730860     
  2.793361440273135E-003  -6.65600748332036     
  2.818762261190217E-003  -6.65600645080747     
  2.844394058913222E-003  -6.65600539943151     
  2.870258933779184E-003  -6.65600432884787     
  2.896359005224093E-003  -6.65600323870564     
  2.922696411956564E-003  -6.65600212864752     
  2.949273312133095E-003  -6.65600099830966     
  2.976091883534903E-003  -6.65599984732158     
  3.003154323746385E-003  -6.65599867530600     
  3.030462850335191E-003  -6.65599748187880     
  3.058019701033935E-003  -6.65599626664879     
  3.085827133923564E-003  -6.65599502921767     
  3.113887427618390E-003  -6.65599376917985     
  3.142202881452805E-003  -6.65599248612233     
  3.170775815669696E-003  -6.65599117962456     
  3.199608571610569E-003  -6.65598984925832     
  3.228703511907409E-003  -6.65598849458757     
  3.258063020676277E-003  -6.65598711516827     
  3.287689503712670E-003  -6.65598571054832     
  3.317585388688662E-003  -6.65598428026732     
  3.347753125351831E-003  -6.65598282385647     
  3.378195185725997E-003  -6.65598134083841     
  3.408914064313792E-003  -6.65597983072707     
  3.439912278301056E-003  -6.65597829302747     
  3.471192367763110E-003  -6.65597672723563     
  3.502756895872896E-003  -6.65597513283831     
  3.534608449111006E-003  -6.65597350931295     
  3.566749637477627E-003  -6.65597185612741     
  3.599183094706413E-003  -6.65597017273982     
  3.631911478480297E-003  -6.65596845859845     
  3.664937470649270E-003  -6.65596671314145     
  3.698263777450142E-003  -6.65596493579673     
  3.731893129728291E-003  -6.65596312598174     
  3.765828283161444E-003  -6.65596128310330     
  3.800072018485474E-003  -6.65595940655737     
  3.834627141722275E-003  -6.65595749572890     
  3.869496484409682E-003  -6.65595554999159     
  3.904682903833499E-003  -6.65595356870771     
  3.940189283261637E-003  -6.65595155122786     
  3.976018532180371E-003  -6.65594949689079     
  4.012173586532749E-003  -6.65594740502318     
  4.048657408959181E-003  -6.65594527493939     
  4.085472989040193E-003  -6.65594310594127     
  4.122623343541415E-003  -6.65594089731790     
  4.160111516660766E-003  -6.65593864834540     
  4.197940580277918E-003  -6.65593635828664     
  4.236113634206008E-003  -6.65593402639103     
  4.274633806445644E-003  -6.65593165189427     
  4.313504253441223E-003  -6.65592923401811     
  4.352728160339579E-003  -6.65592677197007     
  4.392308741250983E-003  -6.65592426494319     
  4.432249239512513E-003  -6.65592171211579     
  4.472552927953821E-003  -6.65591911265114     
  4.513223109165322E-003  -6.65591646569727     
  4.554263115768812E-003  -6.65591377038662     
  4.595676310690557E-003  -6.65591102583579     
  4.637466087436854E-003  -6.65590823114523     
  4.679635870372108E-003  -6.65590538539898     
  4.722189114999433E-003  -6.65590248766433     
  4.765129308243801E-003  -6.65589953699154     
  4.808459968737778E-003  -6.65589653241351     
  4.852184647109842E-003  -6.65589347294549     
  4.896306926275335E-003  -6.65589035758473     
  4.940830421730054E-003  -6.65588718531016     
  4.985758781846518E-003  -6.65588395508207     
  5.031095688172923E-003  -6.65588066584174     
  5.076844855734817E-003  -6.65587731651113     
  5.123010033339516E-003  -6.65587390599250     
  5.169595003883303E-003  -6.65587043316804     
  5.216603584661395E-003  -6.65586689689954     
  5.264039627680746E-003  -6.65586329602801     
  5.311907019975697E-003  -6.65585962937325     
  5.360209683926482E-003  -6.65585589573353     
  5.408951577580644E-003  -6.65585209388517     
  5.458136694977360E-003  -6.65584822258212     
  5.507769066474735E-003  -6.65584428055559     
  5.557852759080046E-003  -6.65584026651358     
  5.608391876783017E-003  -6.65583617914052     
  5.659390560892100E-003  -6.65583201709681     
  5.710852990373834E-003  -6.65582777901835     
  5.762783382195268E-003  -6.65582346351615     
  5.815185991669524E-003  -6.65581906917583     
  5.868065112804482E-003  -6.65581459455719     
  5.921425078654642E-003  -6.65581003819372     
  5.975270261676185E-003  -6.65580539859211     
  6.029605074085267E-003  -6.65580067423178     
  6.084433968219566E-003  -6.65579586356437     
  6.139761436903121E-003  -6.65579096501326     
  6.195592013814475E-003  -6.65578597697299     
  6.251930273858195E-003  -6.65578089780881     
  6.308780833539735E-003  -6.65577572585609     
  6.366148351343730E-003  -6.65577045941980     
  6.424037528115731E-003  -6.65576509677396     
  6.482453107447394E-003  -6.65575963616103     
  6.541399876065192E-003  -6.65575407579141     
  6.600882664222641E-003  -6.65574841384278     
  6.660906346096118E-003  -6.65574264845954     
  6.721475840184253E-003  -6.65573677775220     
  6.782596109710964E-003  -6.65573079979677     
  6.844272163032162E-003  -6.65572471263409     
  6.906509054046150E-003  -6.65571851426923     
  6.969311882607742E-003  -6.65571220267083     
  7.032685794946169E-003  -6.65570577577041     
  7.096635984086773E-003  -6.65569923146171     
  7.161167690276533E-003  -6.65569256760002     
  7.226286201413467E-003  -6.65568578200143     
  7.291996853479941E-003  -6.65567887244214     
  7.358305030979899E-003  -6.65567183665776     
  7.425216167380103E-003  -6.65566467234252     
  7.492735745555352E-003  -6.65565737714854     
  7.560869298237766E-003  -6.65564994868505     
  7.629622408470155E-003  -6.65564238451763     
  7.699000710063507E-003  -6.65563468216737     
  7.769009888058637E-003  -6.65562683911011     
  7.839655679192033E-003  -6.65561885277557     
  7.910943872365945E-003  -6.65561072054653     
  7.982880309122732E-003  -6.65560243975798     
  8.055470884123546E-003  -6.65559400769622     
  8.128721545631349E-003  -6.65558542159800     
  8.202638295998326E-003  -6.65557667864958     
  8.277227192157744E-003  -6.65556777598584     
  8.352494346120265E-003  -6.65555871068936     
  8.428445925474778E-003  -6.65554947978940     
  8.505088153893798E-003  -6.65554008026097     
  8.582427311643442E-003  -6.65553050902385     
  8.660469736098049E-003  -6.65552076294155     
  8.739221822259492E-003  -6.65551083882030     
  8.818690023281185E-003  -6.65550073340800     
  8.898880850996885E-003  -6.65549044339316     
  8.979800876454287E-003  -6.65547996540382     
  9.061456730453466E-003  -6.65546929600642     
  9.143855104090224E-003  -6.65545843170471     
  9.227002749304384E-003  -6.65544736893858     
  9.310906479433053E-003  -6.65543610408290     
  9.395573169768927E-003  -6.65542463344635     
  9.481009758123675E-003  -6.65541295327018     
  9.567223245396437E-003  -6.65540105972702     
  9.654220696147495E-003  -6.65538894891959     
  9.742009239177164E-003  -6.65537661687944     
  9.830596068109944E-003  -6.65536405956564     
  9.919988441983987E-003  -6.65535127286348     
  1.001019368584592E-002  -6.65533825258310     
  1.010121919135108E-002  -6.65532499445814     
  1.019307241736920E-002  -6.65531149414432     
  1.028576089059561E-002  -6.65529774721803     
  1.037929220616801E-002  -6.65528374917489     
  1.047367402828880E-002  -6.65526949542825     
  1.056891409085315E-002  -6.65525498130772     
  1.066502019808271E-002  -6.65524020205761     
  1.076200022516509E-002  -6.65522515283542     
  1.085986211889921E-002  -6.65520982871019     
  1.095861389834648E-002  -6.65519422466094     
  1.105826365548788E-002  -6.65517833557501     
  1.115881955588703E-002  -6.65516215624637     
  1.126028983935933E-002  -6.65514568137395     
  1.136268282064715E-002  -6.65512890555988     
  1.146600689010114E-002  -6.65511182330772     
  1.157027051436776E-002  -6.65509442902068     
  1.167548223708306E-002  -6.65507671699977     
  1.178165067957281E-002  -6.65505868144197     
  1.188878454155889E-002  -6.65504031643827     
  1.199689260187220E-002  -6.65502161597180     
  1.210598371917202E-002  -6.65500257391584     
  1.221606683267191E-002  -6.65498318403178     
  1.232715096287221E-002  -6.65496343996713     
  1.243924521229922E-002  -6.65494333525341     
  1.255235876625104E-002  -6.65492286330407     
  1.266650089355031E-002  -6.65490201741228     
  1.278168094730364E-002  -6.65488079074878     
  1.289790836566809E-002  -6.65485917635962     
  1.301519267262452E-002  -6.65483716716392     
  1.313354347875806E-002  -6.65481475595152     
  1.325297048204555E-002  -6.65479193538063     
  1.337348346865028E-002  -6.65476869797543     
  1.349509231372389E-002  -6.65474503612365     
  1.361780698221551E-002  -6.65472094207403     
  1.374163752968839E-002  -6.65469640793384     
  1.386659410314382E-002  -6.65467142566625     
  1.399268694185265E-002  -6.65464598708774     
  1.411992637819428E-002  -6.65462008386540     
  1.424832283850335E-002  -6.65459370751422     
  1.437788684392407E-002  -6.65456684939431     
  1.450862901127241E-002  -6.65453950070808     
  1.464056005390601E-002  -6.65451165249737     
  1.477369078260208E-002  -6.65448329564048     
  1.490803210644327E-002  -6.65445442084925     
  1.504359503371159E-002  -6.65442501866598     
  1.518039067279045E-002  -6.65439507946037     
  1.531843023307492E-002  -6.65436459342634     
  1.545772502589024E-002  -6.65433355057885     
  1.559828646541872E-002  -6.65430194075062     
  1.574012606963504E-002  -6.65426975358884     
  1.588325546125004E-002  -6.65423697855173     
  1.602768636866317E-002  -6.65420360490515     
  1.617343062692348E-002  -6.65416962171907     
  1.632050017869948E-002  -6.65413501786401     
  1.646890707525771E-002  -6.65409978200739     
  1.661866347745026E-002  -6.65406390260981     
  1.676978165671126E-002  -6.65402736792135     
  1.692227399606246E-002  -6.65399016597766     
  1.707615299112791E-002  -6.65395228459607     
  1.723143125115785E-002  -6.65391371137167     
  1.738812150006201E-002  -6.65387443367316     
  1.754623657745219E-002  -6.65383443863879     
  1.770578943969441E-002  -6.65379371317218     
  1.786679316097054E-002  -6.65375224393797     
  1.802926093434970E-002  -6.65371001735753     
  1.819320607286926E-002  -6.65366701960450     
  1.835864201062579E-002  -6.65362323660029     
  1.852558230387590E-002  -6.65357865400948     
  1.869404063214701E-002  -6.65353325723513     
  1.886403079935839E-002  -6.65348703141403     
  1.903556673495216E-002  -6.65343996141186     
  1.920866249503483E-002  -6.65339203181823     
  1.938333226352900E-002  -6.65334322694166     
  1.955959035333569E-002  -6.65329353080447     
  1.973745120750714E-002  -6.65324292713755     
  1.991692940043033E-002  -6.65319139937508     
  2.009803963902124E-002  -6.65313893064911     
  2.028079676392996E-002  -6.65308550378405     
  2.046521575075680E-002  -6.65303110129109     
  2.065131171127940E-002  -6.65297570536251     
  2.083909989469105E-002  -6.65291929786582     
  2.102859568885025E-002  -6.65286186033791     
  2.121981462154160E-002  -6.65280337397899     
  2.141277236174824E-002  -6.65274381964650     
  2.160748472093576E-002  -6.65268317784883     
  2.180396765434785E-002  -6.65262142873900     
  2.200223726231372E-002  -6.65255855210819     
  2.220230979156742E-002  -6.65249452737915     
  2.240420163657908E-002  -6.65242933359949     
  2.260792934089840E-002  -6.65236294943487     
  2.281350959851020E-002  -6.65229535316206     
  2.302095925520240E-002  -6.65222652266184     
  2.323029530994642E-002  -6.65215643541182     
  2.344153491629009E-002  -6.65208506847909     
  2.365469538376328E-002  -6.65201239851278     
  2.386979417929630E-002  -6.65193840173645     
  2.408684892865113E-002  -6.65186305394034     
  2.430587741786577E-002  -6.65178633047352     
  2.452689759471170E-002  -6.65170820623583     
  2.474992757016449E-002  -6.65162865566976     
  2.497498561988792E-002  -6.65154765275212     
  2.520209018573152E-002  -6.65146517098556     
  2.543125987724174E-002  -6.65138118338999     
  2.566251347318686E-002  -6.65129566249378     
  2.589586992309579E-002  -6.65120858032485     
  2.613134834881083E-002  -6.65111990840155     
  2.636896804605457E-002  -6.65102961772345     
  2.660874848601103E-002  -6.65093767876190     
  2.685070931692118E-002  -6.65084406145040     
  2.709487036569296E-002  -6.65074873517489     
  2.734125163952598E-002  -6.65065166876380     
  2.758987332755092E-002  -6.65055283047790     
  2.784075580248391E-002  -6.65045218800002     
  2.809391962229592E-002  -6.65034970842455     
  2.834938553189732E-002  -6.65024535824678     
  2.860717446483778E-002  -6.65013910335201     
  2.886730754502164E-002  -6.65003090900451     
  2.912980608843883E-002  -6.64992073983621     
  2.939469160491156E-002  -6.64980855983529     
  2.966198579985693E-002  -6.64969433233447     
  2.993171057606546E-002  -6.64957801999912     
  3.020388803549592E-002  -6.64945958481518     
  3.047854048108643E-002  -6.64933898807685     
  3.075569041858196E-002  -6.64921619037404     
  3.103536055837857E-002  -6.64909115157960     
  3.131757381738431E-002  -6.64896383083635     
  3.160235332089715E-002  -6.64883418654383     
  3.188972240449987E-002  -6.64870217634487     
  3.217970461597228E-002  -6.64856775711185     
  3.247232371722078E-002  -6.64843088493278     
  3.276760368622544E-002  -6.64829151509708     
  3.306556871900485E-002  -6.64814960208114     
  3.336624323159882E-002  -6.64800509953358     
  3.366965186206906E-002  -6.64785796026032     
  3.397581947251811E-002  -6.64770813620928     
  3.428477115112658E-002  -6.64755557845490     
  3.459653221420897E-002  -6.64740023718232     
  3.491112820828816E-002  -6.64724206167131     
  3.522858491218871E-002  -6.64708100027991     
  3.554892833914933E-002  -6.64691700042775     
  3.587218473895438E-002  -6.64675000857913     
  3.619838060008489E-002  -6.64657997022570     
  3.652754265188913E-002  -6.64640682986897     
  3.685969786677282E-002  -6.64623053100233     
  3.719487346240934E-002  -6.64605101609296     
  3.753309690397007E-002  -6.64586822656320     
  3.787439590637486E-002  -6.64568210277177     
  3.821879843656317E-002  -6.64549258399454     
  3.856633271578565E-002  -6.64529960840500     
  3.891702722191677E-002  -6.64510311305440     
  3.927091069178827E-002  -6.64490303385148     
  3.962801212354403E-002  -6.64469930554190     
  3.998836077901616E-002  -6.64449186168728     
  4.035198618612285E-002  -6.64428063464384     
  4.071891814128797E-002  -6.64406555554072     
  4.108918671188264E-002  -6.64384655425788     
  4.146282223868903E-002  -6.64362355940356     
  4.183985533838658E-002  -6.64339649829147     
  4.222031690606078E-002  -6.64316529691744     
  4.260423811773486E-002  -6.64292987993573     
  4.299165043292436E-002  -6.64269017063491     
  4.338258559721508E-002  -6.64244609091329     
  4.377707564486430E-002  -6.64219756125397     
  4.417515290142586E-002  -6.64194450069935     
  4.457684998639892E-002  -6.64168682682534     
  4.498219981590090E-002  -6.64142445571494     
  4.539123560536480E-002  -6.64115730193150     
  4.580399087226081E-002  -6.64088527849144     
  4.622049943884295E-002  -6.64060829683647     
  4.664079543492047E-002  -6.64032626680539     
  4.706491330065461E-002  -6.64003909660535     
  4.749288778938066E-002  -6.63974669278260     
  4.792475397045575E-002  -6.63944896019273     
  4.836054723213253E-002  -6.63914580197043     
  4.880030328445900E-002  -6.63883711949864     
  4.924405816220466E-002  -6.63852281237726     
  4.969184822781329E-002  -6.63820277839120     
  5.014371017438263E-002  -6.63787691347799     
  5.059968102867101E-002  -6.63754511169472     
  5.105979815413154E-002  -6.63720726518447     
  5.152409925397369E-002  -6.63686326414209     
  5.199262237425282E-002  -6.63651299677951     
  5.246540590698776E-002  -6.63615634929028     
  5.294248859330676E-002  -6.63579320581362     
  5.342390952662206E-002  -6.63542344839778     
  5.390970815583328E-002  -6.63504695696279     
  5.439992428855994E-002  -6.63466360926258     
  5.489459809440350E-002  -6.63427328084638     
  5.539377010823885E-002  -6.63387584501954     
  5.589748123353592E-002  -6.63347117280359     
  5.640577274571136E-002  -6.63305913289568     
  5.691868629551083E-002  -6.63263959162727     
  5.743626391242191E-002  -6.63221241292214     
  5.795854800811812E-002  -6.63177745825362     
  5.848558137993426E-002  -6.63133458660122     
  5.901740721437332E-002  -6.63088365440632     
  5.955406909064532E-002  -6.63042451552729     
  6.009561098423826E-002  -6.62995702119370     
  6.064207727052165E-002  -6.62948101995983     
  6.119351272838270E-002  -6.62899635765737     
  6.174996254389560E-002  -6.62850287734725     
  6.231147231402426E-002  -6.62800041927078     
  6.287808805035859E-002  -6.62748882079980     
  6.344985618288480E-002  -6.62696791638614     
  6.402682356379004E-002  -6.62643753751008     
  6.460903747130158E-002  -6.62589751262805     
  6.519654561356085E-002  -6.62534766711937     
  6.578939613253292E-002  -6.62478782323214     
  6.638763760795117E-002  -6.62421780002819     
  6.699131906129822E-002  -6.62363741332710     
  6.760048995982283E-002  -6.62304647564931     
  6.821520022059331E-002  -6.62244479615824     
  6.883550021458792E-002  -6.62183218060147     
  6.946144077082241E-002  -6.62120843125091     
  7.009307318051504E-002  -6.62057334684199     
  7.073044920128954E-002  -6.61992672251184     
  7.137362106141627E-002  -6.61926834973642     
  7.202264146409193E-002  -6.61859801626662     
  7.267756359175821E-002  -6.61791550606331     
  7.333844111045970E-002  -6.61722059923133     
  7.400532817424141E-002  -6.61651307195231     
  7.467827942958628E-002  -6.61579269641653     
  7.535735001989317E-002  -6.61505924075348     
  7.604259558999528E-002  -6.61431246896145     
  7.673407229071995E-002  -6.61355214083587     
  7.743183678348979E-002  -6.61277801189650     
  7.813594624496566E-002  -6.61198983331344     
  7.884645837173186E-002  -6.61118735183197     
  7.956343138502395E-002  -6.61037030969611     
  8.028692403549956E-002  -6.60953844457099     
  8.101699560805256E-002  -6.60869148946396     
  8.175370592667104E-002  -6.60782917264442     
  8.249711535933942E-002  -6.60695121756240     
  8.324728482298518E-002  -6.60605734276576     
  8.400427578847056E-002  -6.60514726181619     
  8.476815028562962E-002  -6.60422068320377     
  8.553897090835115E-002  -6.60327731026022     
  8.631680081970773E-002  -6.60231684107076     
  8.710170375713155E-002  -6.60133896838463     
  8.789374403763722E-002  -6.60034337952415     
  8.869298656309202E-002  -6.59932975629239     
  8.949949682553411E-002  -6.59829777487939     
  9.031334091253920E-002  -6.59724710576690     
  9.113458551263597E-002  -6.59617741363171     
  9.196329792077054E-002  -6.59508835724742     
  9.279954604382096E-002  -6.59397958938471     
  9.364339840616155E-002  -6.59285075671016     
  9.449492415527810E-002  -6.59170149968342     
  9.535419306743394E-002  -6.59053145245287     
  9.622127555338748E-002  -6.58934024274971     
  9.709624266416203E-002  -6.58812749178047     
  9.797916609686783E-002  -6.58689281411783     
  9.887011820057706E-002  -6.58563581758988     
  9.976917198225239E-002  -6.58435610316776     
  0.100676401112729       -6.58305326485154     
  0.101591879932753       -6.58172688955451     
  0.102515683459070       -6.58037655698572     
  0.103447887390574       -6.57900183953087     
  0.104388568114513       -6.57760230213140     
  0.105337802712743       -6.57617750216190     
  0.106295668968047       -6.57472698930571     
  0.107262245370510       -6.57325030542883     
  0.108237611123949       -6.57174698445193     
  0.109221846152404       -6.57021655222068     
  0.110215031106686       -6.56865852637417     
  0.111217247370987       -6.56707241621155     
  0.112228577069547       -6.56545772255684     
  0.113249103073387       -6.56381393762185     
  0.114278909007096       -6.56214054486726     
  0.115318079255685       -6.56043701886184     
  0.116366698971503       -6.55870282513974     
  0.117424854081211       -6.55693742005591     
  0.118492631292828       -6.55514025063964     
  0.119570118102830       -6.55331075444614     
  0.120657402803326       -6.55144835940622     
  0.121754574489289       -6.54955248367403     
  0.122861723065856       -6.54762253547289     
  0.123978939255701       -6.54565791293913     
  0.125106314606459       -6.54365800396407     
  0.126243941498239       -6.54162218603392     
  0.127391913151184       -6.53954982606790     
  0.128550323633116       -6.53744028025419     
  0.129719267867243       -6.53529289388417     
  0.130898841639933       -6.53310700118450     
  0.132089141608570       -6.53088192514736     
  0.133290265309470       -6.52861697735872     
  0.134502311165872       -6.52631145782467     
  0.135725378496007       -6.52396465479579     
  0.136959567521235       -6.52157584458963     
  0.138204979374256       -6.51914429141123     
  0.139461716107398       -6.51666924717179     
  0.140729880700981       -6.51414995130538     
  0.142009577071751       -6.51158563058381     
  0.143300910081402       -6.50897549892964     
  0.144603985545162       -6.50631875722732     
  0.145918910240467       -6.50361459313255     
  0.147245791915712       -6.50086218087979     
  0.148584739299077       -6.49806068108800     
  0.149935862107437       -6.49520924056472     
  0.151299271055356       -6.49230699210829     
  0.152675077864154       -6.48935305430853     
  0.154063395271066       -6.48634653134565     
  0.155464337038479       -6.48328651278765     
  0.156878017963250       -6.48017207338610     
  0.158304553886121       -6.47700227287037     
  0.159744061701202       -6.47377615574050     
  0.161196659365557       -6.47049275105849     
  0.162662465908865       -6.46715107223836     
  0.164141601443176       -6.46375011683481     
  0.165634187172753       -6.46028886633067     
  0.167140345404002       -6.45676628592314     
  0.168660199555497       -6.45318132430899     
  0.170193874168092       -6.44953291346859     
  0.171741494915125       -6.44581996844915     
  0.173303188612717       -6.44204138714691     
  0.174879083230164       -6.43819605008868     
  0.176469307900424       -6.43428282021260     
  0.178073992930694       -6.43030054264836     
  0.179693269813094       -6.42624804449686     
  0.181327271235438       -6.42212413460958     
  0.182976131092107       -6.41792760336756     
  0.184639984495023       -6.41365722246035     
  0.186318967784716       -6.40931174466485     
  0.188013218541500       -6.40488990362430     
  0.189722875596747       -6.40039041362748     
  0.191448079044259       -6.39581196938840     
  0.193188970251752       -6.39115324582639     
  0.194945691872439       -6.38641289784705     
  0.196718387856717       -6.38158956012396     
  0.198507203463965       -6.37668184688150     
  0.200312285274447       -6.37168835167890     
  0.202133781201322       -6.36660764719572     
  0.203971840502766       -6.36143828501893     
  0.205826613794199       -6.35617879543186     
  0.207698253060632       -6.35082768720519     
  0.209586911669118       -6.34538344739021     
  0.211492744381318       -6.33984454111467     
  0.213415907366187       -6.33420941138130     
  0.215356558212765       -6.32847647886942     
  0.217314855943096       -6.32264414173985     
  0.219290961025256       -6.31671077544335     
  0.221285035386500       -6.31067473253296     
  0.223297242426536       -6.30453434248056     
  0.225327747030910       -6.29828791149775     
  0.227376715584518       -6.29193372236176     
  0.229444315985243       -6.28547003424632     
  0.231530717657707       -6.27889508255818     
  0.233636091567162       -6.27220707877935     
  0.235760610233491       -6.26540421031576     
  0.237904447745352       -6.25848464035242     
  0.240067779774438       -6.25144650771570     
  0.242250783589875       -6.24428792674310     
  0.244453638072748       -6.23700698716086     
  0.246676523730756       -6.22960175397005     
  0.248919622713006       -6.22207026734138     
  0.251183118824938       -6.21441054251946     
  0.253467197543388       -6.20662056973680     
  0.255772046031783       -6.19869831413819     
  0.258097853155481       -6.19064171571599     
  0.260444809497244       -6.18244868925690     
  0.262813107372859       -6.17411712430067     
  0.265202940846892       -6.16564488511151     
  0.267614505748596       -6.15702981066274     
  0.270047999687952       -6.14826971463525     
  0.272503622071863       -6.13936238543058     
  0.274981574120498       -6.13030558619909     
  0.277482058883777       -6.12109705488415     
  0.280005281258007       -6.11173450428289     
  0.282551448002679       -6.10221562212426     
  0.285120767757403       -6.09253807116533     
  0.287713451059009       -6.08269948930639     
  0.290329710358798       -6.07269748972581     
  0.292969760039949       -6.06252966103543     
  0.295633816435088       -6.05219356745737     
  0.298322097844016       -6.04168674902308     
  0.301034824551593       -6.03100672179557     
  0.303772218845792       -6.02015097811580     
  0.306534505035915       -6.00911698687407     
  0.309321909470968       -5.99790219380743     
  0.312134660558215       -5.98650402182419     
  0.314972988781890       -5.97491987135645     
  0.317837126722086       -5.96314712074173     
  0.320727309073811       -5.95118312663480     
  0.323643772666222       -5.93902522445084     
  0.326586756482030       -5.92667072884100     
  0.329556501677080       -5.91411693420149     
  0.332553251600120       -5.90136111521753     
  0.335577251812732       -5.88840052744317     
  0.338628750109461       -5.87523240791837     
  0.341707996538116       -5.86185397582451     
  0.344815243420264       -5.84826243317963     
  0.347950745371899       -5.83445496557471     
  0.351114759324312       -5.82042874295238     
  0.354307544545142       -5.80618092042923     
  0.357529362659622       -5.79170863916338     
  0.360780477672017       -5.77700902726843     
  0.364061155987255       -5.76207920077540     
  0.367371666432761       -5.74691626464402     
  0.370712280280483       -5.73151731382486     
  0.374083271269120       -5.71587943437374     
  0.377484915626556       -5.69999970462004     
  0.380917492092490       -5.68387519639024     
  0.384381281941282       -5.66750297628836     
  0.387876569004998       -5.65088010703490     
  0.391403639696668       -5.63400364886557     
  0.394962783033757       -5.61687066099175     
  0.398554290661847       -5.59947820312395     
  0.402178456878535       -5.58182333705999     
  0.405835578657548       -5.56390312833955     
  0.409525955673082       -5.54571464796649     
  0.413249890324350       -5.52725497420076     
  0.417007687760369       -5.50852119442133     
  0.420799655904961       -5.48951040706175     
  0.424626105481986       -5.47021972361995     
  0.428487350040804       -5.45064627074391     
  0.432383705981966       -5.43078719239452     
  0.436315492583144       -5.41063965208737     
  0.440283032025290       -5.39020083521498     
  0.444286649419038       -5.36946795145070     
  0.448326672831347       -5.34843823723604     
  0.452403433312378       -5.32710895835261     
  0.456517264922625       -5.30547741258009     
  0.460668504760289       -5.28354093244166     
  0.464857492988898       -5.26129688803792     
  0.469084572865185       -5.23874268997075     
  0.473350090767211       -5.21587579235811     
  0.477654396222751       -5.19269369594084     
  0.481997841937934       -5.16919395128253     
  0.486380783826145       -5.14537416206329     
  0.490803581037189       -5.12123198846832     
  0.495266595986722       -5.09676515067188     
  0.499770194385947       -5.07197143241731     
  0.504314745271583       -5.04684868469370     
  0.508900621036101       -5.02139482950932     
  0.513528197458243       -4.99560786376232     
  0.518197853733814       -4.96948586320859     
  0.522909972506751       -4.94302698652676     
  0.527664939900481       -4.91622947948015     
  0.532463145549559       -4.88909167917520     
  0.537304982631597       -4.86161201841584     
  0.542190847899482       -4.83378903015299     
  0.547121141713887       -4.80562135202814     
  0.552096268076076       -4.77710773100988     
  0.557116634661010       -4.74824702812191     
  0.562182652850754       -4.71903822326079     
  0.567294737768184       -4.68948042010148     
  0.572453308311008       -4.65957285108854     
  0.577658787186086       -4.62931488251043     
  0.582911600944071       -4.59870601965402     
  0.588212180014362       -4.56774591203637     
  0.593560958740373       -4.53643435871025     
  0.598958375415124       -4.50477131363957     
  0.604404872317157       -4.47275689114078     
  0.609900895746778       -4.44039137138547     
  0.615446896062625       -4.40767520595963     
  0.621043327718578       -4.37460902347394     
  0.626690649300988       -4.34119363521971     
  0.632389323566267       -4.30743004086419     
  0.638139817478795       -4.27331943417881     
  0.643942602249194       -4.23886320879315     
  0.649798153372937       -4.20406296396751     
  0.655706950669310       -4.16892051037584     
  0.661669478320729       -4.13343787589068     
  0.667686224912420       -4.09761731136124     
  0.673757683472450       -4.06146129637513     
  0.679884351512128       -4.02497254499362     
  0.686066731066776       -3.98815401145014     
  0.692305328736862       -3.95100889580075     
  0.698600655729515       -3.91354064951502     
  0.704953227900414       -3.87575298099517     
  0.711363565796059       -3.83764986101064     
  0.717832194696427       -3.79923552803473     
  0.724359644658010       -3.76051449346954     
  0.730946450557257       -3.72149154674452     
  0.737593152134396       -3.68217176027369     
  0.744300294037665       -3.64256049425581     
  0.751068425867942       -3.60266340130132     
  0.757898102223782       -3.56248643086920     
  0.764789882746857       -3.52203583349644     
  0.771744332167820       -3.48131816480217     
  0.778762020352580       -3.44034028924812     
  0.785843522348994       -3.39910938363624     
  0.792989418433994       -3.35763294032433     
  0.800200294161129       -3.31591877013947     
  0.807476740408557       -3.27397500496905     
  0.814819353427451       -3.23181010000854     
  0.822228734890868       -3.18943283564491     
  0.829705491943046       -3.14685231895399     
  0.837250237249154       -3.10407798479019     
  0.844863589045501       -3.06111959644635     
  0.852546171190191       -3.01798724586140     
  0.860298613214246       -2.97469135335360     
  0.868121550373188       -2.93124266685654     
  0.876015623699099       -2.88765226063559     
  0.883981480053145       -2.84393153346219     
  0.892019772178582       -2.80009220622356     
  0.900131158754245       -2.75614631894572     
  0.908316304448519       -2.71210622720780     
  0.916575879973807       -2.66798459792631     
  0.924910562141488       -2.62379440448801     
  0.933321033917377       -2.57954892121120     
  0.941807984477689       -2.53526171711541     
  0.950372109265514       -2.49094664898061     
  0.959014110047798       -2.44661785367769     
  0.967734694972854       -2.40228973975330     
  0.976534578628386       -2.35797697825299     
  0.985414482100045       -2.31369449276808     
  0.994375133030515       -2.26945744869297     
   1.00341726567914       -2.22528124168138     
   1.01254162098210       -2.18118148529142     
   1.02174894661309       -2.13717399781134     
   1.03103999704464       -2.09327478826012     
   1.04041553360991       -2.04950004155851     
   1.04987632456505       -2.00586610286923     
   1.05942314515220       -1.96238946110679     
   1.06905677766300       -1.91908673162051     
   1.07877801150267       -1.87597463805662     
   1.08858764325472       -1.83306999340861     
   1.09848647674623       -1.79038968026780     
   1.10847532311369       -1.74795063028920     
   1.11855500086948       -1.70576980289139     
   1.12872633596897       -1.66386416321218     
   1.13899016187813       -1.62225065934563     
   1.14934731964192       -1.58094619888969     
   1.15979865795312       -1.53996762483720     
   1.17034503322193       -1.49933169084740     
   1.18098730964612       -1.45905503593835     
   1.19172635928186       -1.41915415864540     
   1.20256306211518       -1.37964539069424     
   1.21349830613405       -1.34054487024171     
   1.22453298740118       -1.30186851474111     
   1.23566801012741       -1.26363199349338     
   1.24690428674586       -1.22585069994914     
   1.25824273798663       -1.18853972383070     
   1.26968429295228       -1.15171382314726     
   1.28122988919397       -1.11538739618003     
   1.29288047278829       -1.07957445351780     
   1.30463699841473       -1.04428859022707     
   1.31650042943399       -1.00954295824406     
   1.32847173796685      -0.975350239078953     
   1.34055190497388      -0.941722616925693     
   1.35274192033579      -0.908671752273094     
   1.36504278293455      -0.876208756115210     
   1.37745550073526      -0.844344164860804     
   1.38998109086870      -0.813087916043223     
   1.40262057971474      -0.782449324932956     
   1.41537500298639      -0.752437062155786     
   1.42824540581469      -0.723059132419511     
   1.44123284283437      -0.694322854451768     
   1.45433837827023      -0.666234842250550     
   1.46756308602436      -0.638800987747430     
   1.48090804976417      -0.612026444981371     
   1.49437436301114      -0.585915615878237     
   1.50796312923046      -0.560472137727729     
   1.52167546192143      -0.535698872445413     
   1.53551248470871      -0.511597897702791     
   1.54947533143442      -0.488170500003014     
   1.56356514625099      -0.465417169773761     
   1.57778308371498      -0.443337598542120     
   1.59213030888163      -0.421930678248931     
   1.60660799740038      -0.401194502752039     
   1.62121733561117      -0.381126371559313     
   1.63595952064165      -0.361722795823017     
   1.65083576050531      -0.342979506617389     
   1.66584727420045      -0.324891465510969     
   1.68099529181002      -0.307452877434456     
   1.69628105460252      -0.290657205833713     
   1.71170581513361      -0.274497190085968     
   1.72727083734882      -0.258964865145473     
   1.74297739668705      -0.244051583372836     
   1.75882678018518      -0.229748038490050     
   1.77482028658344      -0.216044291591057     
   1.79095922643187      -0.202929799125467     
   1.80724492219774      -0.190393442761038     
   1.82367870837386      -0.178423561018696     
   1.84026193158795      -0.167007982562389     
   1.85699595071303      -0.156134061015056     
   1.87388213697871      -0.145788711161469     
   1.89092187408357      -0.135958446388867     
   1.90811655830857      -0.126629417207218     
   1.92546759863144      -0.117787450682660     
   1.94297641684212      -0.109418090610413     
   1.96064444765932      -0.101506638247173     
   1.97847313884803      -9.403819341786393E-002
   1.99646395133817      -8.699769580771105E-002
