  1.215775037524561E-006   142.573166998154     
  1.226830421750313E-006   142.573166998120     
  1.237986335693001E-006   142.573166998086     
  1.249243693497602E-006   142.573166998051     
  1.260603417621676E-006   142.573166998015     
  1.272066438910944E-006   142.573166997979     
  1.283633696675570E-006   142.573166997942     
  1.295306138767131E-006   142.573166997905     
  1.307084721656284E-006   142.573166997866     
  1.318970410511143E-006   142.573166997827     
  1.330964179276365E-006   142.573166997788     
  1.343067010752962E-006   142.573166997747     
  1.355279896678832E-006   142.573166997706     
  1.367603837810021E-006   142.573166997664     
  1.380039844002736E-006   142.573166997621     
  1.392588934296086E-006   142.573166997578     
  1.405252136995594E-006   142.573166997534     
  1.418030489757448E-006   142.573166997489     
  1.430925039673541E-006   142.573166997443     
  1.443936843357265E-006   142.573166997396     
  1.457066967030092E-006   142.573166997349     
  1.470316486608951E-006   142.573166997300     
  1.483686487794382E-006   142.573166997251     
  1.497178066159505E-006   142.573166997201     
  1.510792327239798E-006   142.573166997149     
  1.524530386623681E-006   142.573166997097     
  1.538393370043933E-006   142.573166997044     
  1.552382413469940E-006   142.573166996990     
  1.566498663200774E-006   142.573166996935     
  1.580743275959129E-006   142.573166996879     
  1.595117418986103E-006   142.573166996822     
  1.609622270136845E-006   142.573166996764     
  1.624259017977073E-006   142.573166996705     
  1.639028861880466E-006   142.573166996645     
  1.653933012126946E-006   142.573166996584     
  1.668972690001851E-006   142.573166996521     
  1.684149127896008E-006   142.573166996458     
  1.699463569406722E-006   142.573166996393     
  1.714917269439678E-006   142.573166996327     
  1.730511494311769E-006   142.573166996260     
  1.746247521854867E-006   142.573166996192     
  1.762126641520526E-006   142.573166996122     
  1.778150154485646E-006   142.573166996051     
  1.794319373759094E-006   142.573166995979     
  1.810635624289298E-006   142.573166995906     
  1.827100243072811E-006   142.573166995831     
  1.843714579263874E-006   142.573166995755     
  1.860479994284967E-006   142.573166995677     
  1.877397861938365E-006   142.573166995598     
  1.894469568518716E-006   142.573166995518     
  1.911696512926634E-006   142.573166995436     
  1.929080106783329E-006   142.573166995352     
  1.946621774546280E-006   142.573166995268     
  1.964322953625958E-006   142.573166995181     
  1.982185094503613E-006   142.573166995093     
  2.000209660850127E-006   142.573166995003     
  2.018398129645952E-006   142.573166994912     
  2.036751991302144E-006   142.573166994819     
  2.055272749782477E-006   142.573166994725     
  2.073961922726699E-006   142.573166994628     
  2.092821041574877E-006   142.573166994530     
  2.111851651692896E-006   142.573166994430     
  2.131055312499086E-006   142.573166994328     
  2.150433597592007E-006   142.573166994225     
  2.169988094879394E-006   142.573166994119     
  2.189720406708272E-006   142.573166994012     
  2.209632149996258E-006   142.573166993902     
  2.229724956364056E-006   142.573166993791     
  2.250000472269157E-006   142.573166993678     
  2.270460359140750E-006   142.573166993562     
  2.291106293515870E-006   142.573166993444     
  2.311939967176771E-006   142.573166993325     
  2.332963087289563E-006   142.573166993203     
  2.354177376544093E-006   142.573166993079     
  2.375584573295115E-006   142.573166992952     
  2.397186431704728E-006   142.573166992823     
  2.418984721886122E-006   142.573166992692     
  2.440981230048625E-006   142.573166992559     
  2.463177758644066E-006   142.573166992423     
  2.485576126514476E-006   142.573166992284     
  2.508178169041131E-006   142.573166992143     
  2.530985738294940E-006   142.573166992000     
  2.554000703188216E-006   142.573166991854     
  2.577224949627819E-006   142.573166991705     
  2.600660380669686E-006   142.573166991553     
  2.624308916674781E-006   142.573166991399     
  2.648172495466446E-006   142.573166991242     
  2.672253072489201E-006   142.573166991082     
  2.696552620968965E-006   142.573166990919     
  2.721073132074761E-006   142.573166990753     
  2.745816615081871E-006   142.573166990584     
  2.770785097536482E-006   142.573166990412     
  2.795980625421825E-006   142.573166990237     
  2.821405263325837E-006   142.573166990059     
  2.847061094610328E-006   142.573166989877     
  2.872950221581709E-006   142.573166989692     
  2.899074765663249E-006   142.573166989504     
  2.925436867568917E-006   142.573166989312     
  2.952038687478797E-006   142.573166989117     
  2.978882405216097E-006   142.573166988918     
  3.005970220425769E-006   142.573166988715     
  3.033304352754756E-006   142.573166988509     
  3.060887042033876E-006   142.573166988299     
  3.088720548461358E-006   142.573166988085     
  3.116807152788046E-006   142.573166987868     
  3.145149156504296E-006   142.573166987646     
  3.173748882028561E-006   142.573166987420     
  3.202608672897700E-006   142.573166987191     
  3.231730893959008E-006   142.573166986957     
  3.261117931564005E-006   142.573166986718     
  3.290772193763975E-006   142.573166986476     
  3.320696110507288E-006   142.573166986229     
  3.350892133838518E-006   142.573166985977     
  3.381362738099372E-006   142.573166985721     
  3.412110420131440E-006   142.573166985460     
  3.443137699480794E-006   142.573166985194     
  3.474447118604449E-006   142.573166984924     
  3.506041243078693E-006   142.573166984648     
  3.537922661809324E-006   142.573166984368     
  3.570093987243787E-006   142.573166984082     
  3.602557855585245E-006   142.573166983792     
  3.635316927008598E-006   142.573166983495     
  3.668373885878466E-006   142.573166983194     
  3.701731440969149E-006   142.573166982887     
  3.735392325686595E-006   142.573166982574     
  3.769359298292378E-006   142.573166982256     
  3.803635142129723E-006   142.573166981932     
  3.838222665851578E-006   142.573166981602     
  3.873124703650757E-006   142.573166981265     
  3.908344115492190E-006   142.573166980923     
  3.943883787347273E-006   142.573166980575     
  3.979746631430350E-006   142.573166980220     
  4.015935586437346E-006   142.573166979858     
  4.052453617786579E-006   142.573166979490     
  4.089303717861747E-006   142.573166979116     
  4.126488906257133E-006   142.573166978734     
  4.164012230025044E-006   142.573166978346     
  4.201876763925485E-006   142.573166977950     
  4.240085610678122E-006   142.573166977547     
  4.278641901216521E-006   142.573166977137     
  4.317548794944710E-006   142.573166976719     
  4.356809479996062E-006   142.573166976294     
  4.396427173494547E-006   142.573166975861     
  4.436405121818345E-006   142.573166975420     
  4.476746600865867E-006   142.573166974971     
  4.517454916324189E-006   142.573166974514     
  4.558533403939929E-006   142.573166974048     
  4.599985429792585E-006   142.573166973574     
  4.641814390570366E-006   142.573166973091     
  4.684023713848518E-006   142.573166972600     
  4.726616858370195E-006   142.573166972099     
  4.769597314329873E-006   142.573166971589     
  4.812968603659350E-006   142.573166971070     
  4.856734280316338E-006   142.573166970542     
  4.900897930575686E-006   142.573166970003     
  4.945463173323248E-006   142.573166969455     
  4.990433660352426E-006   142.573166968897     
  5.035813076663405E-006   142.573166968329     
  5.081605140765114E-006   142.573166967751     
  5.127813604979927E-006   142.573166967161     
  5.174442255751142E-006   142.573166966562     
  5.221494913953250E-006   142.573166965951     
  5.268975435205028E-006   142.573166965329     
  5.316887710185476E-006   142.573166964695     
  5.365235664952637E-006   142.573166964050     
  5.414023261265301E-006   142.573166963393     
  5.463254496907642E-006   142.573166962725     
  5.512933406016814E-006   142.573166962044     
  5.563064059413512E-006   142.573166961350     
  5.613650564935550E-006   142.573166960644     
  5.664697067774460E-006   142.573166959925     
  5.716207750815174E-006   142.573166959193     
  5.768186834978766E-006   142.573166958447     
  5.820638579568341E-006   142.573166957688     
  5.873567282618032E-006   142.573166956915     
  5.926977281245215E-006   142.573166956128     
  5.980872952005890E-006   142.573166955327     
  6.035258711253311E-006   142.573166954510     
  6.090139015499875E-006   142.573166953679     
  6.145518361782295E-006   142.573166952833     
  6.201401288030110E-006   142.573166951971     
  6.257792373437524E-006   142.573166951094     
  6.314696238838641E-006   142.573166950201     
  6.372117547086107E-006   142.573166949291     
  6.430061003433205E-006   142.573166948364     
  6.488531355919403E-006   142.573166947421     
  6.547533395759427E-006   142.573166946460     
  6.607071957735868E-006   142.573166945482     
  6.667151920595352E-006   142.573166944486     
  6.727778207448322E-006   142.573166943472     
  6.788955786172447E-006   142.573166942439     
  6.850689669819703E-006   142.573166941388     
  6.912984917027163E-006   142.573166940317     
  6.975846632431499E-006   142.573166939227     
  7.039279967087289E-006   142.573166938116     
  7.103290118889093E-006   142.573166936986     
  7.167882332997389E-006   142.573166935835     
  7.233061902268377E-006   142.573166934662     
  7.298834167687678E-006   142.573166933469     
  7.365204518808008E-006   142.573166932253     
  7.432178394190792E-006   142.573166931015     
  7.499761281851830E-006   142.573166929755     
  7.567958719710984E-006   142.573166928472     
  7.636776296045988E-006   142.573166927165     
  7.706219649950349E-006   142.573166925834     
  7.776294471795441E-006   142.573166924479     
  7.847006503696785E-006   142.573166923100     
  7.918361539984566E-006   142.573166921695     
  7.990365427678453E-006   142.573166920264     
  8.063024066966700E-006   142.573166918808     
  8.136343411689639E-006   142.573166917324     
  8.210329469827537E-006   142.573166915814     
  8.284988303992923E-006   142.573166914276     
  8.360326031927360E-006   142.573166912710     
  8.436348827002760E-006   142.573166911115     
  8.513062918727238E-006   142.573166909491     
  8.590474593255582E-006   142.573166907838     
  8.668590193904344E-006   142.573166906154     
  8.747416121671649E-006   142.573166904439     
  8.826958835761685E-006   142.573166902694     
  8.907224854114010E-006   142.573166900916     
  8.988220753937634E-006   142.573166899106     
  9.069953172249977E-006   142.573166897262     
  9.152428806420727E-006   142.573166895385     
  9.235654414720636E-006   142.573166893474     
  9.319636816875310E-006   142.573166891528     
  9.404382894624042E-006   142.573166889546     
  9.489899592283712E-006   142.573166887528     
  9.576193917317826E-006   142.573166885474     
  9.663272940910726E-006   142.573166883381     
  9.751143798547024E-006   142.573166881251     
  9.839813690596293E-006   142.573166879081     
  9.929289882903098E-006   142.573166876872     
  1.001957970738237E-005   142.573166874623     
  1.011069056262019E-005   142.573166872332     
  1.020262991448010E-005   142.573166870000     
  1.029540529671478E-005   142.573166867625     
  1.038902431158350E-005   142.573166865206     
  1.048349463047497E-005   142.573166862744     
  1.057882399453602E-005   142.573166860236     
  1.067502021530589E-005   142.573166857683     
  1.077209117535634E-005   142.573166855083     
  1.087004482893758E-005   142.573166852435     
  1.096888920263005E-005   142.573166849740     
  1.106863239600215E-005   142.573166846994     
  1.116928258227392E-005   142.573166844199     
  1.127084800898679E-005   142.573166841353     
  1.137333699867941E-005   142.573166838454     
  1.147675794956962E-005   142.573166835503     
  1.158111933624259E-005   142.573166832498     
  1.168642971034531E-005   142.573166829438     
  1.179269770128726E-005   142.573166826322     
  1.189993201694761E-005   142.573166823149     
  1.200814144438869E-005   142.573166819918     
  1.211733485057607E-005   142.573166816628     
  1.222752118310513E-005   142.573166813278     
  1.233870947093426E-005   142.573166809866     
  1.245090882512470E-005   142.573166806393     
  1.256412843958712E-005   142.573166802856     
  1.267837759183501E-005   142.573166799254     
  1.279366564374492E-005   142.573166795587     
  1.291000204232356E-005   142.573166791852     
  1.302739632048191E-005   142.573166788049     
  1.314585809781641E-005   142.573166784177     
  1.326539708139719E-005   142.573166780234     
  1.338602306656351E-005   142.573166776219     
  1.350774593772639E-005   142.573166772131     
  1.363057566917857E-005   142.573166767968     
  1.375452232591186E-005   142.573166763729     
  1.387959606444186E-005   142.573166759412     
  1.400580713364022E-005   142.573166755017     
  1.413316587557445E-005   142.573166750541     
  1.426168272635542E-005   142.573166745984     
  1.439136821699245E-005   142.573166741343     
  1.452223297425633E-005   142.573166736618     
  1.465428772155003E-005   142.573166731806     
  1.478754327978746E-005   142.573166726906     
  1.492201056828012E-005   142.573166721917     
  1.505770060563190E-005   142.573166716837     
  1.519462451064195E-005   142.573166711664     
  1.533279350321579E-005   142.573166706396     
  1.547221890528467E-005   142.573166701032     
  1.561291214173337E-005   142.573166695570     
  1.575488474133635E-005   142.573166690008     
  1.589814833770247E-005   142.573166684345     
  1.604271467022824E-005   142.573166678578     
  1.618859558505982E-005   142.573166672706     
  1.633580303606371E-005   142.573166666727     
  1.648434908580628E-005   142.573166660638     
  1.663424590654220E-005   142.573166654438     
  1.678550578121186E-005   142.573166648125     
  1.693814110444791E-005   142.573166641697     
  1.709216438359087E-005   142.573166635151     
  1.724758823971400E-005   142.573166628485     
  1.740442540865757E-005   142.573166621698     
  1.756268874207238E-005   142.573166614786     
  1.772239120847294E-005   142.573166607749     
  1.788354589430009E-005   142.573166600583     
  1.804616600499336E-005   142.573166593286     
  1.821026486607307E-005   142.573166585855     
  1.837585592423220E-005   142.573166578289     
  1.854295274843834E-005   142.573166570585     
  1.871156903104549E-005   142.573166562740     
  1.888171858891607E-005   142.573166554751     
  1.905341536455314E-005   142.573166546617     
  1.922667342724283E-005   142.573166538334     
  1.940150697420726E-005   142.573166529900     
  1.957793033176788E-005   142.573166521311     
  1.975595795651941E-005   142.573166512566     
  1.993560443651446E-005   142.573166503661     
  2.011688449245888E-005   142.573166494593     
  2.029981297891806E-005   142.573166485360     
  2.048440488553410E-005   142.573166475958     
  2.067067533825417E-005   142.573166466384     
  2.085863960056990E-005   142.573166456635     
  2.104831307476815E-005   142.573166446708     
  2.123971130319311E-005   142.573166436600     
  2.143284996951986E-005   142.573166426307     
  2.162774490003957E-005   142.573166415826     
  2.182441206495631E-005   142.573166405154     
  2.202286757969570E-005   142.573166394287     
  2.222312770622546E-005   142.573166383221     
  2.242520885438798E-005   142.573166371952     
  2.262912758324492E-005   142.573166360479     
  2.283490060243416E-005   142.573166348795     
  2.304254477353902E-005   142.573166336898     
  2.325207711146994E-005   142.573166324784     
  2.346351478585873E-005   142.573166312448     
  2.367687512246545E-005   142.573166299887     
  2.389217560459821E-005   142.573166287096     
  2.410943387454574E-005   142.573166274072     
  2.432866773502306E-005   142.573166260810     
  2.454989515063029E-005   142.573166247305     
  2.477313424932471E-005   142.573166233554     
  2.499840332390619E-005   142.573166219552     
  2.522572083351621E-005   142.573166205294     
  2.545510540515038E-005   142.573166190775     
  2.568657583518483E-005   142.573166175991     
  2.592015109091644E-005   142.573166160937     
  2.615585031211701E-005   142.573166145608     
  2.639369281260170E-005   142.573166129999     
  2.663369808181163E-005   142.573166114105     
  2.687588578641086E-005   142.573166097920     
  2.712027577189795E-005   142.573166081440     
  2.736688806423221E-005   142.573166064658     
  2.761574287147457E-005   142.573166047570     
  2.786686058544356E-005   142.573166030170     
  2.812026178338625E-005   142.573166012452     
  2.837596722966443E-005   142.573165994410     
  2.863399787745601E-005   142.573165976039     
  2.889437487047208E-005   142.573165957332     
  2.915711954468944E-005   142.573165938283     
  2.942225343009892E-005   142.573165918886     
  2.968979825246959E-005   142.573165899135     
  2.995977593512907E-005   142.573165879023     
  3.023220860075995E-005   142.573165858544     
  3.050711857321260E-005   142.573165837690     
  3.078452837933444E-005   142.573165816456     
  3.106446075081582E-005   142.573165794833     
  3.134693862605278E-005   142.573165772816     
  3.163198515202662E-005   142.573165750396     
  3.191962368620065E-005   142.573165727567     
  3.220987779843418E-005   142.573165704320     
  3.250277127291385E-005   142.573165680649     
  3.279832811010261E-005   142.573165656546     
  3.309657252870638E-005   142.573165632002     
  3.339752896765854E-005   142.573165607009     
  3.370122208812262E-005   142.573165581561     
  3.400767677551299E-005   142.573165555647     
  3.431691814153412E-005   142.573165529259     
  3.462897152623827E-005   142.573165502390     
  3.494386250010190E-005   142.573165475030     
  3.526161686612102E-005   142.573165447170     
  3.558226066192552E-005   142.573165418801     
  3.590582016191280E-005   142.573165389914     
  3.623232187940073E-005   142.573165360498     
  3.656179256880021E-005   142.573165330546     
  3.689425922780758E-005   142.573165300046     
  3.722974909961676E-005   142.573165268989     
  3.756828967515173E-005   142.573165237365     
  3.790990869531917E-005   142.573165205163     
  3.825463415328160E-005   142.573165172373     
  3.860249429675125E-005   142.573165138983     
  3.895351763030475E-005   142.573165104984     
  3.930773291771884E-005   142.573165070364     
  3.966516918432738E-005   142.573165035111     
  4.002585571939975E-005   142.573164999213     
  4.038982207854088E-005   142.573164962661     
  4.075709808611315E-005   142.573164925440     
  4.112771383768023E-005   142.573164887539     
  4.150169970247322E-005   142.573164848946     
  4.187908632587916E-005   142.573164809648     
  4.225990463195226E-005   142.573164769632     
  4.264418582594776E-005   142.573164728885     
  4.303196139687917E-005   142.573164687393     
  4.342326312009836E-005   142.573164645144     
  4.381812305989947E-005   142.573164602122     
  4.421657357214622E-005   142.573164558315     
  4.461864730692338E-005   142.573164513707     
  4.502437721121202E-005   142.573164468284     
  4.543379653158946E-005   142.573164422032     
  4.584693881695344E-005   142.573164374934     
  4.626383792127128E-005   142.573164326976     
  4.668452800635395E-005   142.573164278142     
  4.710904354465535E-005   142.573164228416     
  4.753741932209709E-005   142.573164177781     
  4.796969044091900E-005   142.573164126221     
  4.840589232255539E-005   142.573164073719     
  4.884606071053764E-005   142.573164020258     
  4.929023167342313E-005   142.573163965821     
  4.973844160775074E-005   142.573163910389     
  5.019072724102335E-005   142.573163853944     
  5.064712563471734E-005   142.573163796468     
  5.110767418731948E-005   142.573163737942     
  5.157241063739154E-005   142.573163678346     
  5.204137306666261E-005   142.573163617662     
  5.251459990314965E-005   142.573163555869     
  5.299212992430642E-005   142.573163492948     
  5.347400226020093E-005   142.573163428876     
  5.396025639672192E-005   142.573163363635     
  5.445093217881440E-005   142.573163297201     
  5.494606981374467E-005   142.573163229554     
  5.544570987439503E-005   142.573163160670     
  5.594989330258837E-005   142.573163090529     
  5.645866141244312E-005   142.573163019106     
  5.697205589375860E-005   142.573162946378     
  5.749011881543115E-005   142.573162872321     
  5.801289262890149E-005   142.573162796911     
  5.854042017163315E-005   142.573162720124     
  5.907274467062279E-005   142.573162641934     
  5.960990974594233E-005   142.573162562315     
  6.015195941431323E-005   142.573162481242     
  6.069893809271341E-005   142.573162398688     
  6.125089060201679E-005   142.573162314625     
  6.180786217066619E-005   142.573162229027     
  6.236989843837927E-005   142.573162141865     
  6.293704545988859E-005   142.573162053111     
  6.350934970871526E-005   142.573161962735     
  6.408685808097723E-005   142.573161870708     
  6.466961789923196E-005   142.573161776999     
  6.525767691635434E-005   142.573161681579     
  6.585108331944947E-005   142.573161584415     
  6.644988573380143E-005   142.573161485477     
  6.705413322685762E-005   142.573161384731     
  6.766387531224957E-005   142.573161282144     
  6.827916195385015E-005   142.573161177683     
  6.890004356986783E-005   142.573161071313     
  6.952657103697793E-005   142.573160963001     
  7.015879569449178E-005   142.573160852709     
  7.079676934856344E-005   142.573160740403     
  7.144054427643494E-005   142.573160626045     
  7.209017323071993E-005   142.573160509597     
  7.274570944372642E-005   142.573160391023     
  7.340720663181872E-005   142.573160270282     
  7.407471899981926E-005   142.573160147335     
  7.474830124545004E-005   142.573160022142     
  7.542800856381487E-005   142.573159894661     
  7.611389665192219E-005   142.573159764852     
  7.680602171324893E-005   142.573159632671     
  7.750444046234606E-005   142.573159498076     
  7.820921012948598E-005   142.573159361021     
  7.892038846535194E-005   142.573159221463     
  7.963803374577039E-005   142.573159079355     
  8.036220477648639E-005   142.573158934651     
  8.109296089798202E-005   142.573158787303     
  8.183036199033911E-005   142.573158637263     
  8.257446847814592E-005   142.573158484482     
  8.332534133544848E-005   142.573158328910     
  8.408304209074692E-005   142.573158170496     
  8.484763283203734E-005   142.573158009187     
  8.561917621189949E-005   142.573157844932     
  8.639773545263061E-005   142.573157677676     
  8.718337435142599E-005   142.573157507364     
  8.797615728560690E-005   142.573157333940     
  8.877614921789557E-005   142.573157157349     
  8.958341570173859E-005   142.573156977531     
  9.039802288667844E-005   142.573156794428     
  9.122003752377400E-005   142.573156607980     
  9.204952697107028E-005   142.573156418125     
  9.288655919911796E-005   142.573156224802     
  9.373120279654303E-005   142.573156027948     
  9.458352697566714E-005   142.573155827497     
  9.544360157817901E-005   142.573155623383     
  9.631149708085756E-005   142.573155415541     
  9.718728460134677E-005   142.573155203902     
  9.807103590398340E-005   142.573154988396     
  9.896282340567751E-005   142.573154768953     
  9.986272018184645E-005   142.573154545501     
  1.007707999724029E-004   142.573154317966     
  1.016871371877974E-004   142.573154086275     
  1.026118069151154E-004   142.573153850351     
  1.035448849242306E-004   142.573153610117     
  1.044864476740132E-004   142.573153365494     
  1.054365723185956E-004   142.573153116402     
  1.063953367136943E-004   142.573152862759     
  1.073628194229899E-004   142.573152604482     
  1.083390997245644E-004   142.573152341487     
  1.093242576173978E-004   142.573152073687     
  1.103183738279234E-004   142.573151800994     
  1.113215298166424E-004   142.573151523320     
  1.123338077847995E-004   142.573151240572     
  1.133552906811184E-004   142.573150952659     
  1.143860622085987E-004   142.573150659487     
  1.154262068313750E-004   142.573150360958     
  1.164758097816382E-004   142.573150056975     
  1.175349570666190E-004   142.573149747439     
  1.186037354756366E-004   142.573149432247     
  1.196822325872095E-004   142.573149111298     
  1.207705367762324E-004   142.573148784484     
  1.218687372212178E-004   142.573148451701     
  1.229769239116034E-004   142.573148112837     
  1.240951876551263E-004   142.573147767783     
  1.252236200852637E-004   142.573147416425     
  1.263623136687419E-004   142.573147058647     
  1.275113617131132E-004   142.573146694334     
  1.286708583744015E-004   142.573146323365     
  1.298408986648180E-004   142.573145945618     
  1.310215784605467E-004   142.573145560970     
  1.322129945096006E-004   142.573145169295     
  1.334152444397497E-004   142.573144770465     
  1.346284267665207E-004   142.573144364348     
  1.358526409012696E-004   142.573143950812     
  1.370879871593279E-004   142.573143529720     
  1.383345667682227E-004   142.573143100936     
  1.395924818759712E-004   142.573142664318     
  1.408618355594515E-004   142.573142219723     
  1.421427318328487E-004   142.573141767006     
  1.434352756561779E-004   142.573141306018     
  1.447395729438854E-004   142.573140836609     
  1.460557305735272E-004   142.573140358623     
  1.473838563945269E-004   142.573139871905     
  1.487240592370134E-004   142.573139376295     
  1.500764489207386E-004   142.573138871631     
  1.514411362640759E-004   142.573138357747     
  1.528182330931018E-004   142.573137834475     
  1.542078522507584E-004   142.573137301642     
  1.556101076061006E-004   142.573136759076     
  1.570251140636266E-004   142.573136206597     
  1.584529875726934E-004   142.573135644024     
  1.598938451370181E-004   142.573135071174     
  1.613478048242657E-004   142.573134487859     
  1.628149857757236E-004   142.573133893886     
  1.642955082160641E-004   142.573133289063     
  1.657894934631968E-004   142.573132673189     
  1.672970639382087E-004   142.573132046064     
  1.688183431753964E-004   142.573131407482     
  1.703534558323884E-004   142.573130757233     
  1.719025277003603E-004   142.573130095105     
  1.734656857143421E-004   142.573129420881     
  1.750430579636197E-004   142.573128734339     
  1.766347737022308E-004   142.573128035254     
  1.782409633595568E-004   142.573127323397     
  1.798617585510096E-004   142.573126598535     
  1.814972920888173E-004   142.573125860431     
  1.831476979929071E-004   142.573125108842     
  1.848131115018867E-004   142.573124343522     
  1.864936690841269E-004   142.573123564221     
  1.881895084489433E-004   142.573122770682     
  1.899007685578814E-004   142.573121962645     
  1.916275896361030E-004   142.573121139847     
  1.933701131838766E-004   142.573120302016     
  1.951284819881726E-004   142.573119448879     
  1.969028401343633E-004   142.573118580156     
  1.986933330180300E-004   142.573117695562     
  2.005001073568766E-004   142.573116794807     
  2.023233112027527E-004   142.573115877596     
  2.041630939537847E-004   142.573114943628     
  2.060196063666181E-004   142.573113992598     
  2.078930005687714E-004   142.573113024192     
  2.097834300711011E-004   142.573112038095     
  2.116910497803809E-004   142.573111033982     
  2.136160160119957E-004   142.573110011526     
  2.155584865027499E-004   142.573108970389     
  2.175186204237932E-004   142.573107910232     
  2.194965783936631E-004   142.573106830706     
  2.214925224914468E-004   142.573105731459     
  2.235066162700622E-004   142.573104612129     
  2.255390247696596E-004   142.573103472349     
  2.275899145311462E-004   142.573102311747     
  2.296594536098321E-004   142.573101129942     
  2.317478115892019E-004   142.573099926545     
  2.338551595948103E-004   142.573098701164     
  2.359816703083049E-004   142.573097453396     
  2.381275179815760E-004   142.573096182832     
  2.402928784510353E-004   142.573094889056     
  2.424779291520245E-004   142.573093571643     
  2.446828491333547E-004   142.573092230162     
  2.469078190719783E-004   142.573090864174     
  2.491530212877937E-004   142.573089473230     
  2.514186397585858E-004   142.573088056874     
  2.537048601351011E-004   142.573086614643     
  2.560118697562602E-004   142.573085146064     
  2.583398576645096E-004   142.573083650654     
  2.606890146213119E-004   142.573082127924     
  2.630595331227770E-004   142.573080577376     
  2.654516074154362E-004   142.573078998500     
  2.678654335121592E-004   142.573077390779     
  2.703012092082159E-004   142.573075753686     
  2.727591340974838E-004   142.573074086685     
  2.752394095888041E-004   142.573072389229     
  2.777422389224850E-004   142.573070660762     
  2.802678271869560E-004   142.573068900717     
  2.828163813355733E-004   142.573067108518     
  2.853881102035782E-004   142.573065283576     
  2.879832245252096E-004   142.573063425294     
  2.906019369509720E-004   142.573061533062     
  2.932444620650607E-004   142.573059606261     
  2.959110164029456E-004   142.573057644259     
  2.986018184691143E-004   142.573055646413     
  3.013170887549774E-004   142.573053612067     
  3.040570497569354E-004   142.573051540555     
  3.068219259946117E-004   142.573049431199     
  3.096119440292494E-004   142.573047283306     
  3.124273324822766E-004   142.573045096173     
  3.152683220540408E-004   142.573042869082     
  3.181351455427121E-004   142.573040601305     
  3.210280378633601E-004   142.573038292097     
  3.239472360672031E-004   142.573035940701     
  3.268929793610327E-004   142.573033546347     
  3.298655091268153E-004   142.573031108250     
  3.328650689414711E-004   142.573028625611     
  3.358919045968340E-004   142.573026097616     
  3.389462641197920E-004   142.573023523437     
  3.420283977926113E-004   142.573020902229     
  3.451385581734453E-004   142.573018233134     
  3.482770001170293E-004   142.573015515277     
  3.514439807955649E-004   142.573012747766     
  3.546397597197925E-004   142.573009929695     
  3.578645987602564E-004   142.573007060140     
  3.611187621687640E-004   142.573004138161     
  3.644025166000382E-004   142.573001162799     
  3.677161311335683E-004   142.572998133080     
  3.710598772956593E-004   142.572995048010     
  3.744340290816809E-004   142.572991906578     
  3.778388629785201E-004   142.572988707755     
  3.812746579872366E-004   142.572985450492     
  3.847416956459252E-004   142.572982133721     
  3.882402600527859E-004   142.572978756355     
  3.917706378894034E-004   142.572975317287     
  3.953331184442387E-004   142.572971815390     
  3.989279936363341E-004   142.572968249517     
  4.025555580392338E-004   142.572964618497     
  4.062161089051221E-004   142.572960921142     
  4.099099461891809E-004   142.572957156239     
  4.136373725741689E-004   142.572953322554     
  4.173986934952244E-004   142.572949418831     
  4.211942171648931E-004   142.572945443789     
  4.250242545983840E-004   142.572941396127     
  4.288891196390549E-004   142.572937274517     
  4.327891289841297E-004   142.572933077609     
  4.367246022106489E-004   142.572928804026     
  4.406958618016569E-004   142.572924452369     
  4.447032331726273E-004   142.572920021209     
  4.487470446981279E-004   142.572915509097     
  4.528276277387288E-004   142.572910914551     
  4.569453166681551E-004   142.572906236067     
  4.611004489006858E-004   142.572901472110     
  4.652933649188031E-004   142.572896621120     
  4.695244083010922E-004   142.572891681506     
  4.737939257503948E-004   142.572886651649     
  4.781022671222190E-004   142.572881529901     
  4.824497854534075E-004   142.572876314582     
  4.868368369910662E-004   142.572871003984     
  4.912637812217563E-004   142.572865596365     
  4.957309809009507E-004   142.572860089953     
  5.002388020827607E-004   142.572854482943     
  5.047876141499301E-004   142.572848773498     
  5.093777898441038E-004   142.572842959746     
  5.140097052963713E-004   142.572837039781     
  5.186837400580879E-004   142.572831011664     
  5.234002771319760E-004   142.572824873417     
  5.281597030035097E-004   142.572818623029     
  5.329624076725841E-004   142.572812258452     
  5.378087846854723E-004   142.572805777599     
  5.426992311670754E-004   142.572799178347     
  5.476341478534621E-004   142.572792458531     
  5.526139391247072E-004   142.572785615949     
  5.576390130380271E-004   142.572778648359     
  5.627097813612172E-004   142.572771553477     
  5.678266596063931E-004   142.572764328977     
  5.729900670640391E-004   142.572756972491     
  5.782004268373657E-004   142.572749481608     
  5.834581658769797E-004   142.572741853873     
  5.887637150158699E-004   142.572734086786     
  5.941175090047109E-004   142.572726177799     
  5.995199865474868E-004   142.572718124323     
  6.049715903374407E-004   142.572709923715     
  6.104727670933500E-004   142.572701573290     
  6.160239675961312E-004   142.572693070309     
  6.216256467257786E-004   142.572684411985     
  6.272782634986383E-004   142.572675595481     
  6.329822811050205E-004   142.572666617906     
  6.387381669471559E-004   142.572657476319     
  6.445463926774944E-004   142.572648167723     
  6.504074342373549E-004   142.572638689066     
  6.563217718959240E-004   142.572629037241     
  6.622898902896112E-004   142.572619209086     
  6.683122784617611E-004   142.572609201379     
  6.743894299027270E-004   142.572599010839     
  6.805218425903086E-004   142.572588634127     
  6.867100190305580E-004   142.572578067841     
  6.929544662989560E-004   142.572567308517     
  6.992556960819628E-004   142.572556352630     
  7.056142247189482E-004   142.572545196587     
  7.120305732445008E-004   142.572533836734     
  7.185052674311232E-004   142.572522269345     
  7.250388378323147E-004   142.572510490630     
  7.316318198260474E-004   142.572498496727     
  7.382847536586357E-004   142.572486283706     
  7.449981844890053E-004   142.572473847564     
  7.517726624333656E-004   142.572461184224     
  7.586087426102871E-004   142.572448289535     
  7.655069851861897E-004   142.572435159272     
  7.724679554212442E-004   142.572421789130     
  7.794922237156906E-004   142.572408174727     
  7.865803656565791E-004   142.572394311600     
  7.937329620649345E-004   142.572380195206     
  8.009505990433503E-004   142.572365820918     
  8.082338680240165E-004   142.572351184024     
  8.155833658171812E-004   142.572336279726     
  8.229996946600566E-004   142.572321103140     
  8.304834622661668E-004   142.572305649291     
  8.380352818751463E-004   142.572289913114     
  8.456557723029893E-004   142.572273889450     
  8.533455579927584E-004   142.572257573049     
  8.611052690657523E-004   142.572240958561     
  8.689355413731400E-004   142.572224040541     
  8.768370165480636E-004   142.572206813443     
  8.848103420582162E-004   142.572189271622     
  8.928561712588962E-004   142.572171409328     
  9.009751634465457E-004   142.572153220706     
  9.091679839127747E-004   142.572134699793     
  9.174353039988768E-004   142.572115840520     
  9.257778011508408E-004   142.572096636706     
  9.341961589748620E-004   142.572077082055     
  9.426910672933596E-004   142.572057170158     
  9.512632222015017E-004   142.572036894489     
  9.599133261242453E-004   142.572016248402     
  9.686420878738951E-004   142.571995225130     
  9.774502227081854E-004   142.571973817782     
  9.863384523888907E-004   142.571952019342     
  9.953075052409673E-004   142.571929822664     
  1.004358116212235E-003   142.571907220474     
  1.013491026933603E-003   142.571884205363     
  1.022706985779836E-003   142.571860769787     
  1.032006747930882E-003   142.571836906065     
  1.041391075433752E-003   142.571812606375     
  1.050860737264966E-003   142.571787862754     
  1.060416509393564E-003   142.571762667089     
  1.070059174844687E-003   142.571737011124     
  1.079789523763749E-003   142.571710886449     
  1.089608353481175E-003   142.571684284501     
  1.099516468577740E-003   142.571657196562     
  1.109514680950499E-003   142.571629613752     
  1.119603809879314E-003   142.571601527030     
  1.129784682093992E-003   142.571572927192     
  1.140058131842022E-003   142.571543804863     
  1.150425000956944E-003   142.571514150498     
  1.160886138927326E-003   142.571483954376     
  1.171442402966373E-003   142.571453206602     
  1.182094658082173E-003   142.571421897096     
  1.192843777148572E-003   142.571390015597     
  1.203690640976707E-003   142.571357551655     
  1.214636138387178E-003   142.571324494630     
  1.225681166282878E-003   142.571290833687     
  1.236826629722492E-003   142.571256557792     
  1.248073441994658E-003   142.571221655712     
  1.259422524692804E-003   142.571186116008     
  1.270874807790667E-003   142.571149927029     
  1.282431229718495E-003   142.571113076916     
  1.294092737439948E-003   142.571075553589     
  1.305860286529691E-003   142.571037344751     
  1.317734841251699E-003   142.570998437878     
  1.329717374638271E-003   142.570958820218     
  1.341808868569760E-003   142.570918478786     
  1.354010313855036E-003   142.570877400358     
  1.366322710312672E-003   142.570835571473     
  1.378747066852870E-003   142.570792978419     
  1.391284401560139E-003   142.570749607237     
  1.403935741776714E-003   142.570705443711     
  1.416702124186745E-003   142.570660473366     
  1.429584594901240E-003   142.570614681463     
  1.442584209543789E-003   142.570568052993     
  1.455702033337064E-003   142.570520572673     
  1.468939141190107E-003   142.570472224942     
  1.482296617786410E-003   142.570422993953     
  1.495775557672796E-003   142.570372863570     
  1.509377065349111E-003   142.570321817363     
  1.523102255358726E-003   142.570269838601     
  1.536952252379874E-003   142.570216910248     
  1.550928191317798E-003   142.570163014956     
  1.565031217397754E-003   142.570108135061     
  1.579262486258857E-003   142.570052252576     
  1.593623164048769E-003   142.569995349185     
  1.608114427519263E-003   142.569937406238     
  1.622737464122647E-003   142.569878404743     
  1.637493472109064E-003   142.569818325364     
  1.652383660624685E-003   142.569757148409     
  1.667409249810786E-003   142.569694853826     
  1.682571470903732E-003   142.569631421200     
  1.697871566335864E-003   142.569566829740     
  1.713310789837312E-003   142.569501058275     
  1.728890406538725E-003   142.569434085251     
  1.744611693074942E-003   142.569365888715     
  1.760475937689599E-003   142.569296446318     
  1.776484440340697E-003   142.569225735299     
  1.792638512807117E-003   142.569153732483     
  1.808939478796118E-003   142.569080414271     
  1.825388674051798E-003   142.569005756634     
  1.841987446464553E-003   142.568929735103     
  1.858737156181526E-003   142.568852324762     
  1.875639175718059E-003   142.568773500241     
  1.892694890070162E-003   142.568693235705     
  1.909905696828005E-003   142.568611504848     
  1.927273006290435E-003   142.568528280883     
  1.944798241580546E-003   142.568443536535     
  1.962482838762289E-003   142.568357244029     
  1.980328246958149E-003   142.568269375084     
  1.998335928467888E-003   142.568179900901     
  2.016507358888371E-003   142.568088792157     
  2.034844027234481E-003   142.567996018991     
  2.053347436061133E-003   142.567901550998     
  2.072019101586393E-003   142.567805357219     
  2.090860553815727E-003   142.567707406125     
  2.109873336667370E-003   142.567607665616     
  2.129059008098839E-003   142.567506103003     
  2.148419140234597E-003   142.567402685000     
  2.167955319494877E-003   142.567297377715     
  2.187669146725678E-003   142.567190146633     
  2.207562237329941E-003   142.567080956613     
  2.227636221399918E-003   142.566969771870     
  2.247892743850751E-003   142.566856555964     
  2.268333464555258E-003   142.566741271792     
  2.288960058479945E-003   142.566623881571     
  2.309774215822261E-003   142.566504346831     
  2.330777642149095E-003   142.566382628396     
  2.351972058536535E-003   142.566258686376     
  2.373359201710899E-003   142.566132480152     
  2.394940824191044E-003   142.566003968363     
  2.416718694431974E-003   142.565873108894     
  2.438694596969753E-003   142.565739858858     
  2.460870332567731E-003   142.565604174588     
  2.483247718364107E-003   142.565466011616     
  2.505828588020829E-003   142.565325324664     
  2.528614791873847E-003   142.565182067627     
  2.551608197084736E-003   142.565036193557     
  2.574810687793698E-003   142.564887654649     
  2.598224165273950E-003   142.564736402224     
  2.621850548087519E-003   142.564582386715     
  2.645691772242462E-003   142.564425557650     
  2.669749791351496E-003   142.564265863634     
  2.694026576792089E-003   142.564103252334     
  2.718524117868000E-003   142.563937670460     
  2.743244421972284E-003   142.563769063751     
  2.768189514751789E-003   142.563597376953     
  2.793361440273135E-003   142.563422553805     
  2.818762261190217E-003   142.563244537014     
  2.844394058913222E-003   142.563063268247     
  2.870258933779184E-003   142.562878688100     
  2.896359005224093E-003   142.562690736086     
  2.922696411956564E-003   142.562499350616     
  2.949273312133095E-003   142.562304468972     
  2.976091883534903E-003   142.562106027293     
  3.003154323746385E-003   142.561903960551     
  3.030462850335191E-003   142.561698202531     
  3.058019701033935E-003   142.561488685807     
  3.085827133923564E-003   142.561275341724     
  3.113887427618390E-003   142.561058100372     
  3.142202881452805E-003   142.560836890564     
  3.170775815669696E-003   142.560611639814     
  3.199608571610569E-003   142.560382274311     
  3.228703511907409E-003   142.560148718896     
  3.258063020676277E-003   142.559910897040     
  3.287689503712670E-003   142.559668730812     
  3.317585388688662E-003   142.559422140863     
  3.347753125351831E-003   142.559171046390     
  3.378195185725997E-003   142.558915365119     
  3.408914064313792E-003   142.558655013269     
  3.439912278301056E-003   142.558389905534     
  3.471192367763110E-003   142.558119955046     
  3.502756895872896E-003   142.557845073353     
  3.534608449111006E-003   142.557565170388     
  3.566749637477627E-003   142.557280154437     
  3.599183094706413E-003   142.556989932114     
  3.631911478480297E-003   142.556694408326     
  3.664937470649270E-003   142.556393486245     
  3.698263777450142E-003   142.556087067274     
  3.731893129728291E-003   142.555775051016     
  3.765828283161444E-003   142.555457335240     
  3.800072018485474E-003   142.555133815849     
  3.834627141722275E-003   142.554804386847     
  3.869496484409682E-003   142.554468940299     
  3.904682903833499E-003   142.554127366302     
  3.940189283261637E-003   142.553779552946     
  3.976018532180371E-003   142.553425386276     
  4.012173586532749E-003   142.553064750259     
  4.048657408959181E-003   142.552697526742     
  4.085472989040193E-003   142.552323595415     
  4.122623343541415E-003   142.551942833771     
  4.160111516660766E-003   142.551555117067     
  4.197940580277918E-003   142.551160318282     
  4.236113634206008E-003   142.550758308078     
  4.274633806445644E-003   142.550348954752     
  4.313504253441223E-003   142.549932124200     
  4.352728160339579E-003   142.549507679869     
  4.392308741250983E-003   142.549075482711     
  4.432249239512513E-003   142.548635391143     
  4.472552927953821E-003   142.548187260994     
  4.513223109165322E-003   142.547730945464     
  4.554263115768812E-003   142.547266295072     
  4.595676310690557E-003   142.546793157607     
  4.637466087436854E-003   142.546311378082     
  4.679635870372108E-003   142.545820798679     
  4.722189114999433E-003   142.545321258701     
  4.765129308243801E-003   142.544812594515     
  4.808459968737778E-003   142.544294639504     
  4.852184647109842E-003   142.543767224007     
  4.896306926275335E-003   142.543230175270     
  4.940830421730054E-003   142.542683317382     
  4.985758781846518E-003   142.542126471224     
  5.031095688172923E-003   142.541559454406     
  5.076844855734817E-003   142.540982081210     
  5.123010033339516E-003   142.540394162529     
  5.169595003883303E-003   142.539795505804     
  5.216603584661395E-003   142.539185914961     
  5.264039627680746E-003   142.538565190349     
  5.311907019975697E-003   142.537933128673     
  5.360209683926482E-003   142.537289522927     
  5.408951577580644E-003   142.536634162330     
  5.458136694977360E-003   142.535966832253     
  5.507769066474735E-003   142.535287314148     
  5.557852759080046E-003   142.534595385484     
  5.608391876783017E-003   142.533890819665     
  5.659390560892100E-003   142.533173385963     
  5.710852990373834E-003   142.532442849438     
  5.762783382195268E-003   142.531698970866     
  5.815185991669524E-003   142.530941506655     
  5.868065112804482E-003   142.530170208772     
  5.921425078654642E-003   142.529384824655     
  5.975270261676185E-003   142.528585097137     
  6.029605074085267E-003   142.527770764358     
  6.084433968219566E-003   142.526941559682     
  6.139761436903121E-003   142.526097211606     
  6.195592013814475E-003   142.525237443678     
  6.251930273858195E-003   142.524361974400     
  6.308780833539735E-003   142.523470517140     
  6.366148351343730E-003   142.522562780038     
  6.424037528115731E-003   142.521638465909     
  6.482453107447394E-003   142.520697272149     
  6.541399876065192E-003   142.519738890635     
  6.600882664222641E-003   142.518763007621     
  6.660906346096118E-003   142.517769303642     
  6.721475840184253E-003   142.516757453406     
  6.782596109710964E-003   142.515727125688     
  6.844272163032162E-003   142.514677983223     
  6.906509054046150E-003   142.513609682595     
  6.969311882607742E-003   142.512521874127     
  7.032685794946169E-003   142.511414201764     
  7.096635984086773E-003   142.510286302960     
  7.161167690276533E-003   142.509137808559     
  7.226286201413467E-003   142.507968342672     
  7.291996853479941E-003   142.506777522559     
  7.358305030979899E-003   142.505564958501     
  7.425216167380103E-003   142.504330253674     
  7.492735745555352E-003   142.503073004020     
  7.560869298237766E-003   142.501792798117     
  7.629622408470155E-003   142.500489217040     
  7.699000710063507E-003   142.499161834231     
  7.769009888058637E-003   142.497810215355     
  7.839655679192033E-003   142.496433918161     
  7.910943872365945E-003   142.495032492340     
  7.982880309122732E-003   142.493605479373     
  8.055470884123546E-003   142.492152412387     
  8.128721545631349E-003   142.490672816000     
  8.202638295998326E-003   142.489166206168     
  8.277227192157744E-003   142.487632090028     
  8.352494346120265E-003   142.486069965734     
  8.428445925474778E-003   142.484479322300     
  8.505088153893798E-003   142.482859639428     
  8.582427311643442E-003   142.481210387342     
  8.660469736098049E-003   142.479531026615     
  8.739221822259492E-003   142.477821007995     
  8.818690023281185E-003   142.476079772223     
  8.898880850996885E-003   142.474306749856     
  8.979800876454287E-003   142.472501361079     
  9.061456730453466E-003   142.470663015518     
  9.143855104090224E-003   142.468791112045     
  9.227002749304384E-003   142.466885038590     
  9.310906479433053E-003   142.464944171934     
  9.395573169768927E-003   142.462967877514     
  9.481009758123675E-003   142.460955509211     
  9.567223245396437E-003   142.458906409145     
  9.654220696147495E-003   142.456819907459     
  9.742009239177164E-003   142.454695322103     
  9.830596068109944E-003   142.452531958612     
  9.919988441983987E-003   142.450329109882     
  1.001019368584592E-002   142.448086055941     
  1.010121919135108E-002   142.445802063712     
  1.019307241736920E-002   142.443476386782     
  1.028576089059561E-002   142.441108265155     
  1.037929220616801E-002   142.438696925007     
  1.047367402828880E-002   142.436241578438     
  1.056891409085315E-002   142.433741423213     
  1.066502019808271E-002   142.431195642506     
  1.076200022516509E-002   142.428603404633     
  1.085986211889921E-002   142.425963862787     
  1.095861389834648E-002   142.423276154758     
  1.105826365548788E-002   142.420539402661     
  1.115881955588703E-002   142.417752712646     
  1.126028983935933E-002   142.414915174615     
  1.136268282064715E-002   142.412025861923     
  1.146600689010114E-002   142.409083831082     
  1.157027051436776E-002   142.406088121456     
  1.167548223708306E-002   142.403037754950     
  1.178165067957281E-002   142.399931735695     
  1.188878454155889E-002   142.396769049726     
  1.199689260187220E-002   142.393548664656     
  1.210598371917202E-002   142.390269529342     
  1.221606683267191E-002   142.386930573550     
  1.232715096287221E-002   142.383530707603     
  1.243924521229922E-002   142.380068822037     
  1.255235876625104E-002   142.376543787242     
  1.266650089355031E-002   142.372954453094     
  1.278168094730364E-002   142.369299648593     
  1.289790836566809E-002   142.365578181477     
  1.301519267262452E-002   142.361788837849     
  1.313354347875806E-002   142.357930381776     
  1.325297048204555E-002   142.354001554901     
  1.337348346865028E-002   142.350001076034     
  1.349509231372389E-002   142.345927640741     
  1.361780698221551E-002   142.341779920927     
  1.374163752968839E-002   142.337556564410     
  1.386659410314382E-002   142.333256194484     
  1.399268694185265E-002   142.328877409483     
  1.411992637819428E-002   142.324418782327     
  1.424832283850335E-002   142.319878860069     
  1.437788684392407E-002   142.315256163425     
  1.450862901127241E-002   142.310549186306     
  1.464056005390601E-002   142.305756395333     
  1.477369078260208E-002   142.300876229348     
  1.490803210644327E-002   142.295907098913     
  1.504359503371159E-002   142.290847385806     
  1.518039067279045E-002   142.285695442501     
  1.531843023307492E-002   142.280449591644     
  1.545772502589024E-002   142.275108125517     
  1.559828646541872E-002   142.269669305496     
  1.574012606963504E-002   142.264131361492     
  1.588325546125004E-002   142.258492491393     
  1.602768636866317E-002   142.252750860488     
  1.617343062692348E-002   142.246904600882     
  1.632050017869948E-002   142.240951810904     
  1.646890707525771E-002   142.234890554502     
  1.661866347745026E-002   142.228718860629     
  1.676978165671126E-002   142.222434722614     
  1.692227399606246E-002   142.216036097533     
  1.707615299112791E-002   142.209520905552     
  1.723143125115785E-002   142.202887029276     
  1.738812150006201E-002   142.196132313074     
  1.754623657745219E-002   142.189254562397     
  1.770578943969441E-002   142.182251543088     
  1.786679316097054E-002   142.175120980672     
  1.802926093434970E-002   142.167860559641     
  1.819320607286926E-002   142.160467922718     
  1.835864201062579E-002   142.152940670121     
  1.852558230387590E-002   142.145276358801     
  1.869404063214701E-002   142.137472501678     
  1.886403079935839E-002   142.129526566852     
  1.903556673495216E-002   142.121435976813     
  1.920866249503483E-002   142.113198107628     
  1.938333226352900E-002   142.104810288119     
  1.955959035333569E-002   142.096269799023     
  1.973745120750714E-002   142.087573872144     
  1.991692940043033E-002   142.078719689481     
  2.009803963902124E-002   142.069704382352     
  2.028079676392996E-002   142.060525030493     
  2.046521575075680E-002   142.051178661146     
  2.065131171127940E-002   142.041662248137     
  2.083909989469105E-002   142.031972710927     
  2.102859568885025E-002   142.022106913652     
  2.121981462154160E-002   142.012061664154     
  2.141277236174824E-002   142.001833712983     
  2.160748472093576E-002   141.991419752390     
  2.180396765434785E-002   141.980816415302     
  2.200223726231372E-002   141.970020274274     
  2.220230979156742E-002   141.959027840437     
  2.240420163657908E-002   141.947835562409     
  2.260792934089840E-002   141.936439825208     
  2.281350959851020E-002   141.924836949127     
  2.302095925520240E-002   141.913023188610     
  2.323029530994642E-002   141.900994731090     
  2.344153491629009E-002   141.888747695824     
  2.365469538376328E-002   141.876278132697     
  2.386979417929630E-002   141.863582021014     
  2.408684892865113E-002   141.850655268265     
  2.430587741786577E-002   141.837493708875     
  2.452689759471170E-002   141.824093102934     
  2.474992757016449E-002   141.810449134899     
  2.497498561988792E-002   141.796557412280     
  2.520209018573152E-002   141.782413464309     
  2.543125987724174E-002   141.768012740573     
  2.566251347318686E-002   141.753350609643     
  2.589586992309579E-002   141.738422357664     
  2.613134834881083E-002   141.723223186931     
  2.636896804605457E-002   141.707748214443     
  2.660874848601103E-002   141.691992470428     
  2.685070931692118E-002   141.675950896847     
  2.709487036569296E-002   141.659618345876     
  2.734125163952598E-002   141.642989578360     
  2.758987332755092E-002   141.626059262242     
  2.784075580248391E-002   141.608821970973     
  2.809391962229592E-002   141.591272181888     
  2.834938553189732E-002   141.573404274564     
  2.860717446483778E-002   141.555212529146     
  2.886730754502164E-002   141.536691124651     
  2.912980608843883E-002   141.517834137242     
  2.939469160491156E-002   141.498635538479     
  2.966198579985693E-002   141.479089193537     
  2.993171057606546E-002   141.459188859401     
  3.020388803549592E-002   141.438928183032     
  3.047854048108643E-002   141.418300699503     
  3.075569041858196E-002   141.397299830107     
  3.103536055837857E-002   141.375918880437     
  3.131757381738431E-002   141.354151038437     
  3.160235332089715E-002   141.331989372421     
  3.188972240449987E-002   141.309426829062     
  3.217970461597228E-002   141.286456231354     
  3.247232371722078E-002   141.263070276541     
  3.276760368622544E-002   141.239261534014     
  3.306556871900485E-002   141.215022443180     
  3.336624323159882E-002   141.190345311294     
  3.366965186206906E-002   141.165222311265     
  3.397581947251811E-002   141.139645479427     
  3.428477115112658E-002   141.113606713277     
  3.459653221420897E-002   141.087097769180     
  3.491112820828816E-002   141.060110260041     
  3.522858491218871E-002   141.032635652946     
  3.554892833914933E-002   141.004665266767     
  3.587218473895438E-002   140.976190269731     
  3.619838060008489E-002   140.947201676960     
  3.652754265188913E-002   140.917690347969     
  3.685969786677282E-002   140.887646984141     
  3.719487346240934E-002   140.857062126149     
  3.753309690397007E-002   140.825926151363     
  3.787439590637486E-002   140.794229271206     
  3.821879843656317E-002   140.761961528481     
  3.856633271578565E-002   140.729112794661     
  3.891702722191677E-002   140.695672767143     
  3.927091069178827E-002   140.661630966462     
  3.962801212354403E-002   140.626976733478     
  3.998836077901616E-002   140.591699226514     
  4.035198618612285E-002   140.555787418464     
  4.071891814128797E-002   140.519230093867     
  4.108918671188264E-002   140.482015845933     
  4.146282223868903E-002   140.444133073547     
  4.183985533838658E-002   140.405569978220     
  4.222031690606078E-002   140.366314561012     
  4.260423811773486E-002   140.326354619419     
  4.299165043292436E-002   140.285677744215     
  4.338258559721508E-002   140.244271316261     
  4.377707564486430E-002   140.202122503282     
  4.417515290142586E-002   140.159218256590     
  4.457684998639892E-002   140.115545307792     
  4.498219981590090E-002   140.071090165442     
  4.539123560536480E-002   140.025839111668     
  4.580399087226081E-002   139.979778198753     
  4.622049943884295E-002   139.932893245688     
  4.664079543492047E-002   139.885169834682     
  4.706491330065461E-002   139.836593307640     
  4.749288778938066E-002   139.787148762601     
  4.792475397045575E-002   139.736821050144     
  4.836054723213253E-002   139.685594769758     
  4.880030328445900E-002   139.633454266175     
  4.924405816220466E-002   139.580383625673     
  4.969184822781329E-002   139.526366672340     
  5.014371017438263E-002   139.471386964307     
  5.059968102867101E-002   139.415427789951     
  5.105979815413154E-002   139.358472164062     
  5.152409925397369E-002   139.300502823980     
  5.199262237425282E-002   139.241502225702     
  5.246540590698776E-002   139.181452539958     
  5.294248859330676E-002   139.120335648259     
  5.342390952662206E-002   139.058133138920     
  5.390970815583328E-002   138.994826303046     
  5.439992428855994E-002   138.930396130507     
  5.489459809440350E-002   138.864823305873     
  5.539377010823885E-002   138.798088204339     
  5.589748123353592E-002   138.730170887616     
  5.640577274571136E-002   138.661051099810     
  5.691868629551083E-002   138.590708263278     
  5.743626391242191E-002   138.519121474462     
  5.795854800811812E-002   138.446269499716     
  5.848558137993426E-002   138.372130771110     
  5.901740721437332E-002   138.296683382225     
  5.955406909064532E-002   138.219905083936     
  6.009561098423826E-002   138.141773280189     
  6.064207727052165E-002   138.062265023765     
  6.119351272838270E-002   137.981357012045     
  6.174996254389560E-002   137.899025582771     
  6.231147231402426E-002   137.815246709809     
  6.287808805035859E-002   137.729995998909     
  6.344985618288480E-002   137.643248683476     
  6.402682356379004E-002   137.554979620352     
  6.460903747130158E-002   137.465163285597     
  6.519654561356085E-002   137.373773770301     
  6.578939613253292E-002   137.280784776397     
  6.638763760795117E-002   137.186169612512     
  6.699131906129822E-002   137.089901189825     
  6.760048995982283E-002   136.991952017968     
  6.821520022059331E-002   136.892294200952     
  6.883550021458792E-002   136.790899433128     
  6.946144077082241E-002   136.687738995196     
  7.009307318051504E-002   136.582783750247     
  7.073044920128954E-002   136.476004139868     
  7.137362106141627E-002   136.367370180290     
  7.202264146409193E-002   136.256851458601     
  7.267756359175821E-002   136.144417129023     
  7.333844111045970E-002   136.030035909256     
  7.400532817424141E-002   135.913676076901     
  7.467827942958628E-002   135.795305465961     
  7.535735001989317E-002   135.674891463431     
  7.604259558999528E-002   135.552401005982     
  7.673407229071995E-002   135.427800576744     
  7.743183678348979E-002   135.301056202195     
  7.813594624496566E-002   135.172133449168     
  7.884645837173186E-002   135.040997421975     
  7.956343138502395E-002   134.907612759660     
  8.028692403549956E-002   134.771943633391     
  8.101699560805256E-002   134.633953743999     
  8.175370592667104E-002   134.493606319663     
  8.249711535933942E-002   134.350864113761     
  8.324728482298518E-002   134.205689402899     
  8.400427578847056E-002   134.058043985105     
  8.476815028562962E-002   133.907889178227     
  8.553897090835115E-002   133.755185818527     
  8.631680081970773E-002   133.599894259480     
  8.710170375713155E-002   133.441974370803     
  8.789374403763722E-002   133.281385537709     
  8.869298656309202E-002   133.118086660413     
  8.949949682553411E-002   132.952036153880     
  9.031334091253920E-002   132.783191947854     
  9.113458551263597E-002   132.611511487162     
  9.196329792077054E-002   132.436951732309     
  9.279954604382096E-002   132.259469160382     
  9.364339840616155E-002   132.079019766271     
  9.449492415527810E-002   131.895559064232     
  9.535419306743394E-002   131.709042089788     
  9.622127555338748E-002   131.519423402001     
  9.709624266416203E-002   131.326657086122     
  9.797916609686783E-002   131.130696756636     
  9.887011820057706E-002   130.931495560714     
  9.976917198225239E-002   130.729006182101     
  0.100676401112729        130.523180845442     
  0.101591879932753        130.313971321076     
  0.102515683459070        130.101328930307     
  0.103447887390574        129.885204551179     
  0.104388568114513        129.665548624763     
  0.105337802712743        129.442311161992     
  0.106295668968047        129.215441751043     
  0.107262245370510        128.984889565304     
  0.108237611123949        128.750603371943     
  0.109221846152404        128.512531541089     
  0.110215031106686        128.270622055667     
  0.111217247370987        128.024822521886     
  0.112228577069547        127.775080180426     
  0.113249103073387        127.521341918328     
  0.114278909007096        127.263554281626     
  0.115318079255685        127.001663488730     
  0.116366698971503        126.735615444600     
  0.117424854081211        126.465355755728     
  0.118492631292828        126.190829745946     
  0.119570118102830        125.911982473107     
  0.120657402803326        125.628758746643     
  0.121754574489289        125.341103146039     
  0.122861723065856        125.048960040249     
  0.123978939255701        124.752273608077     
  0.125106314606459        124.450987859554     
  0.126243941498239        124.145046658341     
  0.127391913151184        123.834393745179     
  0.128550323633116        123.518972762423     
  0.129719267867243        123.198727279684     
  0.130898841639933        122.873600820606     
  0.132089141608570        122.543536890818     
  0.133290265309470        122.208479007069     
  0.134502311165872        121.868370727607     
  0.135725378496007        121.523155683790     
  0.136959567521235        121.172777613003     
  0.138204979374256        120.817180392875     
  0.139461716107398        120.456308076842     
  0.140729880700981        120.090104931081     
  0.142009577071751        119.718515472848     
  0.143300910081402        119.341484510236     
  0.144603985545162        118.958957183396     
  0.145918910240467        118.570879007240     
  0.147245791915712        118.177195915655     
  0.148584739299077        117.777854307252     
  0.149935862107437        117.372801092681     
  0.151299271055356        116.961983743527     
  0.152675077864154        116.545350342828     
  0.154063395271066        116.122849637217     
  0.155464337038479        115.694431090722     
  0.156878017963250        115.260044940250     
  0.158304553886121        114.819642252756     
  0.159744061701202        114.373174984131     
  0.161196659365557        113.920596039821     
  0.162662465908865        113.461859337186     
  0.164141601443176        112.996919869616     
  0.165634187172753        112.525733772415     
  0.167140345404002        112.048258390458     
  0.168660199555497        111.564452347631     
  0.170193874168092        111.074275618053     
  0.171741494915125        110.577689599082     
  0.173303188612717        110.074657186104     
  0.174879083230164        109.565142849100     
  0.176469307900424        109.049112710981     
  0.178073992930694        108.526534627675     
  0.179693269813094        107.997378269959     
  0.181327271235438        107.461615207011     
  0.182976131092107        106.919218991655     
  0.184639984495023        106.370165247277     
  0.186318967784716        105.814431756379     
  0.188013218541500        105.251998550728     
  0.189722875596747        104.682848003061     
  0.191448079044259        104.106964920299     
  0.193188970251752        103.524336638215     
  0.194945691872439        102.934953117498     
  0.196718387856717        102.338807041145     
  0.198507203463965        101.735893913113     
  0.200312285274447        101.126212158153     
  0.202133781201322        100.509763222733     
  0.203971840502766        99.8865516769751     
  0.205826613794199        99.2565853174841     
  0.207698253060632        98.6198752709830     
  0.209586911669118        97.9764360986253     
  0.211492744381318        97.3262859008679     
  0.213415907366187        96.6694464227710     
  0.215356558212765        96.0059431595862     
  0.217314855943096        95.3358054624828     
  0.219290961025256        94.6590666442539     
  0.221285035386500        93.9757640848374     
  0.223297242426536        93.2859393364717     
  0.225327747030910        92.5896382283016     
  0.227376715584518        91.8869109702377     
  0.229444315985243        91.1778122558621     
  0.231530717657707        90.4624013641633     
  0.233636091567162        89.7407422598745     
  0.235760610233491        89.0129036921763     
  0.237904447745352        88.2789592915164     
  0.240067779774438        87.5389876642872     
  0.242250783589875        86.7930724850927     
  0.244453638072748        86.0413025863239     
  0.246676523730756        85.2837720447534     
  0.248919622713006        84.5205802648476     
  0.251183118824938        83.7518320584867     
  0.253467197543388        82.9776377207691     
  0.255772046031783        82.1981131015729     
  0.258097853155481        81.4133796725303     
  0.260444809497244        80.6235645890674     
  0.262813107372859        79.8288007471502     
  0.265202940846892        79.0292268343703     
  0.267614505748596        78.2249873749944     
  0.270047999687952        77.4162327685969     
  0.272503622071863        76.6031193218856     
  0.274981574120498        75.7858092733277     
  0.277482058883777        74.9644708101742     
  0.280005281258007        74.1392780774811     
  0.282551448002679        73.3104111787189     
  0.285120767757403        72.4780561675623     
  0.287713451059009        71.6424050304493     
  0.290329710358798        70.8036556595002     
  0.292969760039949        69.9620118153880     
  0.295633816435088        69.1176830797559     
  0.298322097844016        68.2708847967790     
  0.301034824551593        67.4218380034786     
  0.303772218845792        66.5707693483993     
  0.306534505035915        65.7179109982747     
  0.309321909470968        64.8635005323134     
  0.312134660558215        64.0077808237562     
  0.314972988781890        63.1509999083658     
  0.317837126722086        62.2934108395323     
  0.320727309073811        61.4352715296948     
  0.323643772666222        60.5768445778050     
  0.326586756482030        59.7183970825797     
  0.329556501677080        58.8602004413208     
  0.332553251600120        58.0025301341078     
  0.335577251812732        57.1456654932023     
  0.338628750109461        56.2898894575387     
  0.341707996538116        55.4354883122141     
  0.344815243420264        54.5827514129292     
  0.347950745371899        53.7319708953777     
  0.351114759324312        52.8834413696263     
  0.354307544545142        52.0374595995780     
  0.357529362659622        51.1943241676611     
  0.360780477672017        50.3543351249420     
  0.364061155987255        49.5177936269174     
  0.367371666432761        48.6850015552995     
  0.370712280280483        47.8562611261703     
  0.374083271269120        47.0318744849463     
  0.377484915626556        46.2121432886592     
  0.380917492092490        45.3973682761300     
  0.384381281941282        44.5878488266779     
  0.387876569004998        43.7838825080854     
  0.391403639696668        42.9857646146051     
  0.394962783033757        42.1937876958747     
  0.398554290661847        41.4082410776764     
  0.402178456878535        40.6294103755555     
  0.405835578657548        39.8575770023836     
  0.409525955673082        39.0930176710319     
  0.413249890324350        38.3360038933875     
  0.417007687760369        37.5868014770230     
  0.420799655904961        36.8456700208982     
  0.424626105481986        36.1128624115396     
  0.428487350040804        35.3886243212124     
  0.432383705981966        34.6731937096586     
  0.436315492583144        33.9668003310345     
  0.440283032025290        33.2696652477350     
  0.444286649419038        32.5820003528401     
  0.448326672831347        31.9040079029622     
  0.452403433312378        31.2358800633095     
  0.456517264922625        30.5777984668111     
  0.460668504760289        29.9299337891708     
  0.464857492988898        29.2924453417317     
  0.469084572865185        28.6654806840384     
  0.473350090767211        28.0491752579807     
  0.477654396222751        27.4436520453880     
  0.481997841937934        26.8490212509210     
  0.486380783826145        26.2653800120719     
  0.490803581037189        25.6928121380382     
  0.495266595986722        25.1313878791786     
  0.499770194385947        24.5811637286908     
  0.504314745271583        24.0421822580670     
  0.508900621036101        23.5144719877933     
  0.513528197458243        22.9980472946499     
  0.518197853733814        22.4929083568543     
  0.522909972506751        21.9990411381551     
  0.527664939900481        21.5164174118468     
  0.532463145549559        21.0449948255185     
  0.537304982631597        20.5847170071866     
  0.542190847899482        20.1355137132844     
  0.547121141713887        19.6973010187984     
  0.552096268076076        19.2699815496436     
  0.557116634661010        18.8534447571712     
  0.562182652850754        18.4475672344880     
  0.567294737768184        18.0522130740547     
  0.572453308311008        17.6672342658090     
  0.577658787186086        17.2924711348337     
  0.582911600944071        16.9277528173676     
  0.588212180014362        16.5728977737315     
  0.593560958740373        16.2277143365136     
  0.598958375415124        15.8920012921454     
  0.604404872317157        15.5655484937759     
  0.609900895746778        15.2481375031518     
  0.615446896062625        14.9395422590042     
  0.621043327718578        14.6395297692621     
  0.626690649300988        14.3478608242305     
  0.632389323566267        14.0642907277161     
  0.638139817478795        13.7885700429342     
  0.643942602249194        13.5204453499096     
  0.649798153372937        13.2596600109744     
  0.655706950669310        13.0059549408828     
  0.661669478320729        12.7590693780021     
  0.667686224912420        12.5187416529982     
  0.673757683472450        12.2847099514266     
  0.679884351512128        12.0567130666460     
  0.686066731066776        11.8344911395179     
  0.692305328736862        11.6177863814169     
  0.698600655729515        11.4063437771699     
  0.704953227900414        11.1999117646637     
  0.711363565796059        10.9982428880021     
  0.717832194696427        10.8010944212661     
  0.724359644658010        10.6082289601220     
  0.730946450557257        10.4194149787402     
  0.737593152134396        10.2344273497241     
  0.744300294037665        10.0530478250012     
  0.751068425867942        9.87506547590484     
  0.757898102223782        9.70027709095708     
  0.764789882746857        9.52848753016147     
  0.771744332167820        9.35951003492121     
  0.778762020352580        9.19316649300728     
  0.785843522348994        9.02928765831543     
  0.792989418433994        8.86771332546284     
  0.800200294161129        8.70829245958349     
  0.807476740408557        8.55088328198214     
  0.814819353427451        8.39535331259728     
  0.822228734890868        8.24157937050026     
  0.829705491943046        8.08944753391889     
  0.837250237249154        7.93885306151496     
  0.844863589045501        7.78970027686623     
  0.852546171190191        7.64190241830000     
  0.860298613214246        7.49538145639716     
  0.868121550373188        7.35006788163063     
  0.876015623699099        7.20590046471926     
  0.883981480053145        7.06282599236695     
  0.892019772178582        6.92079898111637     
  0.900131158754245        6.77978137207798     
  0.908316304448519        6.63974220929779     
  0.916575879973807        6.50065730450272     
  0.924910562141488        6.36250889091195     
  0.933321033917377        6.22528526872752     
  0.941807984477689        6.08898044481969     
  0.950372109265514        5.95359376900456     
  0.959014110047798        5.81912956917541     
  0.967734694972854        5.68559678739779     
  0.976534578628386        5.55300861891438     
  0.985414482100045        5.42138215583204     
  0.994375133030515        5.29073803708261     
   1.00341726567914        5.16110010606464     
   1.01254162098210        5.03249507718708     
   1.02174894661309        4.90495221235193     
   1.03103999704464        4.77850300823203     
   1.04041553360991        4.65318089502628     
   1.04987632456505        4.52902094720872     
   1.05942314515220        4.40605960663223     
   1.06905677766300        4.28433441820405     
   1.07877801150267        4.16388377821878     
   1.08858764325472        4.04474669531837     
   1.09848647674623        3.92696256394503     
   1.10847532311369        3.81057095006622     
   1.11855500086948        3.69561138887720     
   1.12872633596897        3.58212319412874     
   1.13899016187813        3.47014527868321     
   1.14934731964192        3.35971598587125     
   1.15979865795312        3.25087293120314     
   1.17034503322193        3.14365285398160     
   1.18098730964612        3.03809147836622     
   1.19172635928186        2.93422338345189     
   1.20256306211518        2.83208188194308     
   1.21349830613405        2.73169890703216     
   1.22453298740118        2.63310490712083     
   1.23566801012741        2.53632874805818     
   1.24690428674586        2.44139762260590     
   1.25824273798663        2.34833696687951     
   1.26968429295228        2.25717038355228     
   1.28122988919397        2.16791957164658     
   1.29288047278829        2.08060426277258     
   1.30463699841473        1.99524216370804     
   1.31650042943399        1.91184890524295     
   1.32847173796685        1.83043799723994     
   1.34055190497388        1.75102078988430     
   1.35274192033579        1.67360644111627     
   1.36504278293455        1.59820189025318     
   1.37745550073526        1.52481183781922     
   1.38998109086870        1.45343873160669     
   1.40262057971474        1.38408275899466     
   1.41537500298639        1.31674184554844     
   1.42824540581469        1.25141165991775     
   1.44123284283437        1.18808562504136     
   1.45433837827023        1.12675493565358     
   1.46756308602436        1.06740858207169     
   1.48090804976417        1.01003338022507     
   1.49437436301114       0.954614007865715     
   1.50796312923046       0.901133046877076     
   1.52167546192143       0.849571031573431     
   1.53551248470871       0.799906502856201     
   1.54947533143442       0.752116068066839     
   1.56356514625099       0.706174466348408     
   1.57778308371498       0.662054639300281     
   1.59213030888163       0.619727806682748     
   1.60660799740038       0.579163546900955     
   1.62121733561117       0.540329881971060     
   1.63595952064165       0.503193366645789     
   1.65083576050531       0.467719181352239     
   1.66584727420045       0.433871228571962     
   1.68099529181002       0.401612232272308     
   1.69628105460252       0.370903839979101     
   1.71170581513361       0.341706727063974     
   1.72727083734882       0.313980702805535     
   1.74297739668705       0.287684817772002     
   1.75882678018518       0.262777472064223     
   1.77482028658344       0.239216523952340     
   1.79095922643187       0.216959398436667     
   1.80724492219774       0.195963195263907     
   1.82367870837386       0.176184795933614     
   1.84026193158795       0.157580969236724     
   1.85699595071303       0.140108474878272     
   1.87388213697871       0.123724164749734     
   1.89092187408357       0.108385081432963     
   1.90811655830857       9.404855353713476E-002
   1.92546759863144       8.067228749245275E-002
   1.94297641684212       6.821445544930062E-002
   1.96064444765932       5.663377895898625E-002
   1.97847313884803       4.588960814183736E-002
   1.99646395133817       3.594199608000270E-002
