                                                  

     Z,SCF,CCSD
   1.679,   -126.5104257,   -127.2966674
   1.629,   -126.5108717,   -127.2995965
   1.579,   -126.5104222,   -127.3016960
   1.529,   -126.5088924,   -127.3027098
   1.479,   -126.5060496,   -127.3023243
   1.429,   -126.5015908,   -127.3001434
   1.379,   -126.4951154,   -127.2956826
   1.329,   -126.4860932,   -127.2883478
   1.279,   -126.4738309,   -127.2773943
   1.229,   -126.4574312,   -127.2618881
   1.179,   -126.4357402,   -127.2406384
                                                  
