                                                  

        SCF,CCSD
   -103.43461341,   -104.04838339
   -103.43210281,   -104.03995994
   -103.33975523,   -103.97669142
   -103.17877158,   -103.72443210
   -103.15113100,   -103.71345406
   -103.43795694,   -104.10709917
   -102.57820889,   -103.08036980
   -102.22661525,   -102.67593413
   -101.56861908,   -102.01951606
   -101.12773840,   -101.55101522
   -100.12073699,   -100.51350170
    -97.96872561,    -98.33761598
    -95.30258538,    -95.64215040
    -92.05628857,    -92.36933138
    -88.20583451,    -88.49399084
    -86.36485449,    -86.72670157
    -83.77546908,    -84.03296481
    -28.70502298,    -28.75447244
                                                  
