 0.000033608536 9.260895
 0.000033886008 9.260887
 0.000034165772 9.2608795
 0.000034447843 9.260872
 0.000034732246 9.260864
 0.000035018995 9.260857
 0.000035308116 9.260848
 0.00003559962 9.26084
 0.00003589353 9.260832
 0.000036189867 9.260824
 0.00003648865 9.260816
 0.000036789905 9.260807
 0.000037093643 9.260798
 0.00003739989 9.26079
 0.00003770866 9.260781
 0.000038019985 9.260773
 0.00003833388 9.260764
 0.000038650363 9.260756
 0.000038969465 9.260747
 0.000039291197 9.260737
 0.000039615585 9.260729
 0.000039942654 9.26072
 0.00004027242 9.260711
 0.00004060491 9.260701
 0.000040940144 9.260693
 0.00004127815 9.260683
 0.00004161894 9.2606735
 0.000041962547 9.260664
 0.00004230899 9.260654
 0.000042658296 9.260645
 0.000043010485 9.260634
 0.00004336558 9.260625
 0.00004372361 9.260615
 0.00004408459 9.260605
 0.000044448552 9.260595
 0.000044815522 9.260585
 0.00004518552 9.260574
 0.000045558572 9.260564
 0.000045934707 9.260553
 0.000046313944 9.260543
 0.000046696314 9.260532
 0.000047081838 9.260522
 0.00004747055 9.260511
 0.000047862464 9.2605
 0.000048257618 9.260489
 0.000048656035 9.260478
 0.00004905774 9.260468
 0.00004946276 9.260456
 0.000049871127 9.260445
 0.000050282866 9.260433
 0.000050698 9.260422
 0.000051116564 9.26041
 0.000051538584 9.260399
 0.00005196409 9.260386
 0.000052393105 9.260375
 0.000052825664 9.260363
 0.000053261792 9.26035
 0.000053701526 9.260339
 0.000054144886 9.260326
 0.000054591907 9.260314
 0.00005504262 9.260302
 0.000055497054 9.260288
 0.000055955235 9.260276
 0.000056417204 9.260263
 0.000056882986 9.26025
 0.000057352612 9.260237
 0.000057826117 9.260224
 0.000058303533 9.260211
 0.000058784888 9.260198
 0.000059270216 9.260184
 0.000059759554 9.26017
 0.00006025293 9.260157
 0.00006075038 9.260143
 0.000061251936 9.260129
 0.00006175763 9.260115
 0.00006226751 9.2601
 0.00006278159 9.260086
 0.000063299914 9.260072
 0.00006382252 9.260057
 0.00006434944 9.260043
 0.00006488071 9.260028
 0.00006541637 9.260014
 0.00006595645 9.259998
 0.00006650099 9.259983
 0.000067050016 9.259968
 0.000067603585 9.259953
 0.000068161724 9.259937
 0.00006872447 9.259922
 0.000069291855 9.259906
 0.000069863934 9.25989
 0.00007044073 9.259874
 0.00007102229 9.259858
 0.00007160865 9.259842
 0.00007219985 9.259825
 0.00007279594 9.259809
 0.00007339694 9.259792
 0.00007400291 9.259775
 0.00007461388 9.259758
 0.000075229895 9.259741
 0.00007585099 9.259724
 0.00007647722 9.2597065
 0.00007710862 9.259689
 0.00007774523 9.259671
 0.00007838709 9.259653
 0.00007903426 9.259636
 0.00007968677 9.259618
 0.00008034467 9.259599
 0.000081007995 9.259581
 0.0000816768 9.2595625
 0.00008235112 9.259543
 0.00008303102 9.259524
 0.00008371652 9.259505
 0.000084407686 9.259486
 0.00008510456 9.259467
 0.00008580719 9.259447
 0.00008651561 9.259428
 0.000087229884 9.259408
 0.00008795006 9.259388
 0.00008867618 9.259368
 0.00008940829 9.259348
 0.000090146445 9.259327
 0.000090890695 9.259306
 0.00009164109 9.259286
 0.000092397684 9.259265
 0.000093160525 9.259243
 0.00009392966 9.259222
 0.000094705145 9.2592
 0.00009548703 9.259179
 0.00009627538 9.259157
 0.000097070224 9.259135
 0.00009787164 9.259112
 0.000098679666 9.25909
 0.00009949437 9.259068
 0.000100315796 9.259045
 0.00010114401 9.259022
 0.00010197906 9.258999
 0.000102820995 9.258975
 0.00010366989 9.258951
 0.00010452579 9.258927
 0.00010538876 9.2589035
 0.00010625885 9.25888
 0.000107136126 9.258855
 0.00010802064 9.258831
 0.00010891246 9.258806
 0.00010981165 9.258781
 0.000110718254 9.258756
 0.00011163235 9.258731
 0.000112553986 9.258705
 0.000113483235 9.258679
 0.00011442016 9.258653
 0.00011536481 9.258627
 0.00011631727 9.2586
 0.00011727759 9.258574
 0.00011824583 9.258547
 0.00011922207 9.25852
 0.00012020637 9.258492
 0.0001211988 9.258465
 0.00012219942 9.258437
 0.0001232083 9.2584095
 0.00012422551 9.258381
 0.00012525111 9.258352
 0.0001262852 9.258324
 0.0001273278 9.258295
 0.00012837903 9.2582655
 0.00012943894 9.258236
 0.00013050759 9.258206
 0.00013158505 9.258177
 0.00013267143 9.258146
 0.00013376676 9.258116
 0.00013487115 9.258085
 0.00013598465 9.258055
 0.00013710734 9.258023
 0.0001382393 9.257992
 0.0001393806 9.25796
 0.00014053134 9.257928
 0.00014169156 9.257895
 0.00014286138 9.257863
 0.00014404084 9.257831
 0.00014523005 9.257797
 0.00014642907 9.257764
 0.00014763798 9.2577305
 0.0001488569 9.257697
 0.00015008586 9.257663
 0.00015132497 9.257628
 0.00015257431 9.257594
 0.00015383397 9.257559
 0.00015510403 9.257524
 0.00015638457 9.257488
 0.00015767569 9.257452
 0.00015897746 9.257416
 0.00016028999 9.25738
 0.00016161334 9.257342
 0.00016294762 9.257306
 0.00016429293 9.257268
 0.00016564933 9.257231
 0.00016701693 9.257193
 0.00016839583 9.257154
 0.00016978612 9.257115
 0.00017118787 9.257077
 0.0001726012 9.257037
 0.0001740262 9.256998
 0.00017546296 9.256958
 0.00017691159 9.256918
 0.00017837218 9.256877
 0.00017984482 9.256837
 0.00018132963 9.256795
 0.00018282668 9.256754
 0.00018433611 9.256712
 0.00018585799 9.25667
 0.00018739243 9.256627
 0.00018893955 9.256584
 0.00019049944 9.25654
 0.00019207221 9.256497
 0.00019365796 9.256453
 0.00019525681 9.256409
 0.00019686886 9.256364
 0.0001984942 9.256319
 0.00020013298 9.256273
 0.00020178528 9.2562275
 0.00020345123 9.256181
 0.00020513093 9.256134
 0.0002068245 9.256087
 0.00020853204 9.25604
 0.00021025368 9.255992
 0.00021198954 9.255944
 0.00021373974 9.255896
 0.00021550438 9.255846
 0.00021728358 9.255797
 0.00021907748 9.255747
 0.00022088618 9.255697
 0.00022270983 9.255647
 0.00022454852 9.255595
 0.00022640241 9.255544
 0.00022827159 9.255492
 0.0002301562 9.25544
 0.00023205638 9.255387
 0.00023397224 9.255334
 0.00023590392 9.2552805
 0.00023785155 9.255226
 0.00023981526 9.255172
 0.00024179518 9.255116
 0.00024379145 9.255061
 0.0002458042 9.255005
 0.00024783355 9.254949
 0.0002498797 9.254892
 0.0002519427 9.254835
 0.00025402274 9.254777
 0.00025611997 9.254719
 0.0002582345 9.254661
 0.00026036648 9.254601
 0.00026251609 9.254541
 0.00026468342 9.254481
 0.00026686865 9.25442
 0.00026907193 9.254359
 0.0002712934 9.254297
 0.0002735332 9.254235
 0.00027579148 9.254172
 0.00027806842 9.254109
 0.00028036415 9.2540455
 0.00028267887 9.253982
 0.00028501265 9.253917
 0.00028736572 9.253852
 0.00028973824 9.253786
 0.0002921303 9.253719
 0.00029454214 9.253653
 0.00029697389 9.253585
 0.0002994257 9.253517
 0.0003018978 9.2534485
 0.00030439027 9.253379
 0.00030690333 9.253309
 0.0003094371 9.253239
 0.00031199184 9.253168
 0.00031456765 9.253097
 0.00031716473 9.253024
 0.00031978326 9.252952
 0.00032242338 9.252878
 0.0003250853 9.252805
 0.00032776923 9.25273
 0.0003304753 9.252655
 0.0003332037 9.252579
 0.00033595465 9.252502
 0.0003387283 9.252426
 0.00034152484 9.252348
 0.00034434447 9.25227
 0.0003471874 9.252192
 0.0003500538 9.252111
 0.00035294384 9.252031
 0.00035585774 9.25195
 0.00035879572 9.251869
 0.00036175796 9.251786
 0.00036474463 9.251704
 0.00036775597 9.25162
 0.00037079217 9.251536
 0.00037385346 9.2514515
 0.00037693998 9.251366
 0.00038005202 9.251279
 0.00038318973 9.251192
 0.00038635335 9.251104
 0.0003895431 9.251016
 0.00039275916 9.250926
 0.0003960018 9.250836
 0.0003992712 9.250746
 0.0004025676 9.250654
 0.00040589122 9.250562
 0.00040924226 9.250469
 0.00041262095 9.250375
 0.0004160276 9.25028
 0.0004194623 9.250185
 0.0004229254 9.25009
 0.00042641707 9.249992
 0.0004299376 9.249895
 0.00043348718 9.249796
 0.00043706605 9.249697
 0.00044067448 9.249597
 0.0004443127 9.2494955
 0.00044798094 9.249394
 0.0004516795 9.249291
 0.00045540856 9.249188
 0.00045916843 9.2490835
 0.00046295935 9.248979
 0.00046678152 9.248873
 0.0004706353 9.248766
 0.00047452087 9.248658
 0.00047843854 9.248549
 0.00048238854 9.24844
 0.00048637114 9.248329
 0.0004903866 9.248218
 0.00049443525 9.248105
 0.00049851736 9.2479925
 0.0005026331 9.247878
 0.00050678285 9.247763
 0.0005109669 9.247646
 0.0005151854 9.24753
 0.0005194388 9.247412
 0.0005237273 9.2472925
 0.0005280512 9.247173
 0.0005324108 9.247052
 0.0005368064 9.24693
 0.0005412383 9.246807
 0.0005457068 9.246683
 0.00055021216 9.246558
 0.0005547547 9.246432
 0.00055933476 9.246305
 0.00056395266 9.246177
 0.0005686087 9.246048
 0.00057330314 9.245917
 0.0005780363 9.245787
 0.0005828086 9.245654
 0.0005876203 9.245521
 0.0005924717 9.245386
 0.00059736316 9.245251
 0.000602295 9.245113
 0.00060726755 9.244976
 0.00061228115 9.244837
 0.0006173362 9.244697
 0.0006224329 9.244555
 0.0006275717 9.244412
 0.000632753 9.244269
 0.00063797703 9.244124
 0.0006432442 9.2439785
 0.0006485548 9.243831
 0.0006539093 9.243683
 0.000659308 9.243533
 0.0006647512 9.2433815
 0.00067023945 9.24323
 0.00067577296 9.243076
 0.00068135216 9.242922
 0.0006869774 9.242765
 0.0006926491 9.242608
 0.00069836766 9.24245
 0.00070413336 9.2422905
 0.00070994673 9.242129
 0.00071580807 9.241966
 0.0007217178 9.241802
 0.0007276763 9.241637
 0.00073368405 9.241471
 0.0007397413 9.241303
 0.00074584864 9.241134
 0.0007520064 9.240963
 0.00075821497 9.240791
 0.0007644748 9.240618
 0.00077078637 9.240442
 0.00077715 9.240266
 0.00078356615 9.240088
 0.0007900353 9.239909
 0.0007965578 9.239728
 0.00080313423 9.239546
 0.00080976496 9.239363
 0.0008164504 9.239177
 0.000823191 9.23899
 0.0008299873 9.238802
 0.00083683967 9.238612
 0.0008437486 9.2384205
 0.0008507147 9.238228
 0.0008577382 9.238033
 0.0008648197 9.237837
 0.00087195967 9.237638
 0.00087915856 9.237439
 0.00088641694 9.237238
 0.0008937352 9.237036
 0.0009011139 9.236831
 0.00090855354 9.236625
 0.0009160546 9.236417
 0.0009236175 9.236208
 0.00093124295 9.235996
 0.0009389313 9.235784
 0.00094668317 9.235569
 0.000954499 9.2353525
 0.00096237933 9.235134
 0.0009703248 9.234914
 0.0009783359 9.234692
 0.000986413 9.234468
 0.0009945568 9.234242
 0.0010027679 9.234015
 0.0010110468 9.233786
 0.001019394 9.233555
 0.0010278102 9.233322
 0.0010362958 9.233087
 0.0010448515 9.23285
 0.0010534778 9.232611
 0.0010621753 9.23237
 0.0010709446 9.232127
 0.0010797863 9.231882
 0.0010887012 9.231635
 0.0010976895 9.231387
 0.0011067521 9.231135
 0.0011158894 9.230883
 0.0011251022 9.230628
 0.0011343911 9.2303705
 0.0011437567 9.230111
 0.0011531995 9.22985
 0.0011627204 9.229587
 0.0011723198 9.229321
 0.0011819985 9.229053
 0.0011917572 9.228783
 0.0012015963 9.22851
 0.0012115167 9.228235
 0.001221519 9.227959
 0.0012316039 9.227679
 0.0012417721 9.227398
 0.0012520242 9.227115
 0.0012623608 9.226829
 0.0012727829 9.226541
 0.0012832911 9.22625
 0.001293886 9.225956
 0.0013045684 9.22566
 0.0013153389 9.225363
 0.0013261983 9.225062
 0.0013371474 9.224759
 0.001348187 9.224454
 0.0013593177 9.224146
 0.0013705402 9.223835
 0.0013818555 9.223522
 0.001393264 9.2232065
 0.0014047669 9.222889
 0.0014163647 9.222568
 0.0014280583 9.222244
 0.0014398483 9.221918
 0.0014517357 9.22159
 0.0014637213 9.221258
 0.0014758058 9.220924
 0.00148799 9.220587
 0.001500275 9.220247
 0.0015126612 9.219905
 0.0015251498 9.21956
 0.0015377415 9.219212
 0.0015504372 9.218861
 0.0015632376 9.218507
 0.0015761437 9.21815
 0.0015891563 9.21779
 0.0016022765 9.217427
 0.001615505 9.217062
 0.0016288426 9.216693
 0.0016422904 9.216321
 0.0016558492 9.215946
 0.0016695198 9.215569
 0.0016833035 9.215188
 0.0016972008 9.214804
 0.001711213 9.2144165
 0.0017253408 9.214026
 0.0017395853 9.213633
 0.0017539473 9.213236
 0.0017684279 9.212835
 0.0017830281 9.212432
 0.0017977488 9.212026
 0.0018125911 9.211616
 0.0018275559 9.211203
 0.0018426443 9.210786
 0.0018578571 9.210365
 0.0018731956 9.209942
 0.0018886608 9.209515
 0.0019042536 9.209084
 0.0019199752 9.20865
 0.0019358266 9.208212
 0.0019518088 9.20777
 0.001967923 9.207326
 0.0019841702 9.206878
 0.0020005517 9.206425
 0.0020170682 9.205969
 0.0020337212 9.205509
 0.0020505115 9.205046
 0.0020674407 9.204578
 0.0020845095 9.204107
 0.0021017191 9.203632
 0.002119071 9.203154
 0.0021365662 9.202671
 0.0021542057 9.202184
 0.002171991 9.201694
 0.0021899228 9.201199
 0.002208003 9.2007
 0.0022262323 9.200197
 0.0022446122 9.19969
 0.0022631437 9.199179
 0.0022818283 9.198664
 0.002300667 9.198144
 0.0023196614 9.197619
 0.0023388127 9.197092
 0.002358122 9.196559
 0.0023775906 9.196022
 0.00239722 9.195481
 0.0024170117 9.194936
 0.0024369664 9.194386
 0.0024570862 9.1938305
 0.0024773718 9.193272
 0.002497825 9.192708
 0.0025184473 9.19214
 0.0025392396 9.191566
 0.0025602037 9.190989
 0.0025813407 9.190406
 0.0026026524 9.189818
 0.00262414 9.189227
 0.0026458048 9.18863
 0.0026676487 9.188028
 0.0026896729 9.187422
 0.0027118789 9.18681
 0.002734268 9.186193
 0.0027568424 9.185572
 0.002779603 9.184944
 0.0028025515 9.184313
 0.0028256893 9.183676
 0.0028490182 9.183033
 0.00287254 9.182385
 0.0028962556 9.181733
 0.002920167 9.181074
 0.0029442762 9.180411
 0.0029685842 9.179742
 0.0029930929 9.179068
 0.003017804 9.178388
 0.0030427189 9.177702
 0.0030678397 9.177011
 0.003093168 9.176314
 0.0031187052 9.1756115
 0.0031444533 9.174903
 0.003170414 9.17419
 0.003196589 9.17347
 0.00322298 9.172744
 0.0032495891 9.172011
 0.0032764177 9.171274
 0.003303468 9.17053
 0.0033307413 9.169781
 0.00335824 9.169024
 0.0033859657 9.1682625
 0.0034139205 9.167495
 0.0034421058 9.166719
 0.003470524 9.165939
 0.0034991766 9.165152
 0.003528066 9.164358
 0.0035571938 9.163558
 0.0035865621 9.162751
 0.0036161728 9.161938
 0.003646028 9.1611185
 0.0036761297 9.160292
 0.00370648 9.159458
 0.0037370806 9.158618
 0.0037679342 9.157771
 0.0037990422 9.156918
 0.0038304073 9.156056
 0.0038620313 9.155189
 0.0038939163 9.154313
 0.0039260644 9.153431
 0.003958478 9.152542
 0.0039911596 9.151646
 0.0040241107 9.150742
 0.004057334 9.149831
 0.004090831 9.148911
 0.004124605 9.147985
 0.004158658 9.147052
 0.004192992 9.146111
 0.0042276094 9.145162
 0.0042625125 9.144205
 0.004297704 9.143241
 0.004333186 9.142268
 0.004368961 9.141289
 0.004405031 9.1403
 0.004441399 9.139304
 0.0044780676 9.1383
 0.0045150383 9.137287
 0.0045523145 9.136267
 0.0045898985 9.135238
 0.004627793 9.1342
 0.004666 9.133154
 0.004704523 9.1321
 0.0047433637 9.131037
 0.004782525 9.129966
 0.0048220092 9.128885
 0.00486182 9.127796
 0.0049019596 9.1266985
 0.00494243 9.125591
 0.0049832347 9.1244755
 0.005024377 9.12335
 0.005065858 9.122216
 0.0051076817 9.121074
 0.005149851 9.119921
 0.0051923683 9.118759
 0.0052352366 9.117588
 0.005278459 9.116406
 0.0053220377 9.115216
 0.0053659766 9.114017
 0.005410278 9.112806
 0.005454946 9.111587
 0.005499982 9.110357
 0.00554539 9.109118
 0.0055911727 9.107868
 0.0056373337 9.106609
 0.0056838756 9.105339
 0.0057308017 9.104059
 0.0057781152 9.102768
 0.0058258194 9.101467
 0.0058739176 9.100156
 0.005922413 9.098834
 0.005971309 9.097501
 0.006020608 9.096157
 0.006070314 9.094803
 0.006120431 9.093437
 0.006170961 9.092061
 0.0062219086 9.090673
 0.006273277 9.089274
 0.0063250693 9.087864
 0.006377289 9.086443
 0.0064299405 9.08501
 0.006483026 9.083565
 0.00653655 9.0821085
 0.006590516 9.08064
 0.0066449274 9.079161
 0.006699788 9.077668
 0.006755102 9.076164
 0.006810872 9.074648
 0.006867103 9.07312
 0.0069237975 9.071579
 0.0069809607 9.070025
 0.0070385956 9.06846
 0.0070967064 9.066882
 0.0071552973 9.06529
 0.0072143716 9.063687
 0.0072739334 9.06207
 0.0073339874 9.06044
 0.007394537 9.058797
 0.0074555865 9.057141
 0.00751714 9.055471
 0.0075792014 9.053788
 0.0076417755 9.052092
 0.007704866 9.050382
 0.007768478 9.048657
 0.007832615 9.04692
 0.007897281 9.045168
 0.007962481 9.043402
 0.008028219 9.041621
 0.008094501 9.039827
 0.008161329 9.038018
 0.008228709 9.036195
 0.008296645 9.034356
 0.008365143 9.032504
 0.008434205 9.030636
 0.008503838 9.028753
 0.008574046 9.026855
 0.008644834 9.024942
 0.008716206 9.023014
 0.0087881675 9.02107
 0.008860722 9.01911
 0.008933877 9.017135
 0.009007635 9.015143
 0.009082003 9.013137
 0.009156983 9.011113
 0.009232583 9.009074
 0.0093088085 9.007019
 0.009385662 9.004947
 0.00946315 9.002858
 0.009541278 9.000752
 0.009620051 8.99863
 0.009699474 8.9964905
 0.009779554 8.994334
 0.009860294 8.992161
 0.009941701 8.989969
 0.010023779 8.9877615
 0.010106537 8.985535
 0.010189976 8.983291
 0.010274105 8.9810295
 0.010358928 8.978749
 0.010444451 8.976451
 0.010530681 8.974134
 0.010617622 8.9718
 0.010705282 8.969446
 0.010793665 8.967074
 0.010882778 8.964683
 0.0109726265 8.962273
 0.011063216 8.959844
 0.011154555 8.957395
 0.011246647 8.9549265
 0.0113395 8.952438
 0.011433119 8.949931
 0.01152751 8.947403
 0.011622682 8.944856
 0.011718639 8.942287
 0.011815389 8.939699
 0.011912937 8.93709
 0.0120112905 8.934461
 0.012110456 8.93181
 0.01221044 8.929139
 0.01231125 8.926446
 0.012412892 8.923732
 0.012515373 8.920997
 0.0126187 8.91824
 0.012722881 8.915461
 0.012827921 8.91266
 0.012933828 8.909836
 0.013040611 8.90699
 0.013148274 8.904122
 0.013256826 8.901232
 0.0133662755 8.898318
 0.013476627 8.895382
 0.013587891 8.892422
 0.013700073 8.889439
 0.013813181 8.886432
 0.013927223 8.883402
 0.014042206 8.880347
 0.014158139 8.877269
 0.014275029 8.8741665
 0.0143928835 8.871039
 0.014511712 8.8678875
 0.014631521 8.864711
 0.014752319 8.861509
 0.014874115 8.858283
 0.014996916 8.855031
 0.015120731 8.851753
 0.015245568 8.848451
 0.015371435 8.845121
 0.015498342 8.841765
 0.015626296 8.838385
 0.015755309 8.834976
 0.015885385 8.831541
 0.016016534 8.828079
 0.016148767 8.824591
 0.016282093 8.8210745
 0.016416518 8.817531
 0.016552052 8.813959
 0.016688706 8.81036
 0.016826488 8.806733
 0.016965408 8.803077
 0.017105475 8.799393
 0.017246699 8.79568
 0.017389089 8.791938
 0.017532652 8.788167
 0.017677402 8.784367
 0.017823348 8.780537
 0.017970497 8.776676
 0.018118862 8.772787
 0.018268453 8.768867
 0.018419277 8.764916
 0.018571347 8.760935
 0.018724672 8.756923
 0.018879265 8.752879
 0.01903513 8.748805
 0.019192286 8.744699
 0.019350737 8.740561
 0.019510498 8.736391
 0.019671578 8.732189
 0.019833986 8.727954
 0.019997736 8.723686
 0.020162838 8.719386
 0.020329302 8.715053
 0.020497141 8.710686
 0.020666366 8.7062845
 0.020836988 8.70185
 0.02100902 8.697382
 0.02118247 8.692879
 0.021357354 8.68834
 0.021533681 8.683768
 0.021711463 8.67916
 0.021890713 8.674517
 0.022071443 8.669838
 0.022253666 8.665124
 0.022437392 8.660373
 0.022622636 8.655585
 0.022809409 8.650762
 0.022997724 8.645901
 0.023187594 8.641004
 0.023379032 8.636068
 0.02357205 8.631095
 0.023766661 8.626084
 0.02396288 8.621036
 0.024160717 8.615948
 0.02436019 8.610822
 0.024561306 8.605657
 0.024764085 8.600451
 0.024968538 8.595208
 0.02517468 8.589924
 0.025382522 8.5846
 0.025592081 8.579236
 0.025803369 8.573831
 0.026016403 8.568385
 0.026231194 8.562898
 0.02644776 8.557369
 0.026666114 8.5518
 0.02688627 8.546187
 0.027108243 8.540533
 0.027332049 8.534836
 0.027557703 8.529096
 0.027785221 8.523313
 0.028014615 8.517486
 0.028245905 8.511615
 0.028479105 8.505701
 0.028714228 8.499742
 0.028951293 8.493738
 0.029190317 8.48769
 0.029431311 8.481597
 0.029674297 8.475457
 0.029919289 8.469273
 0.030166304 8.463041
 0.030415358 8.456764
 0.030666467 8.450439
 0.03091965 8.444068
 0.031174924 8.43765
 0.031432305 8.431183
 0.031691812 8.424669
 0.031953458 8.418106
 0.032217268 8.411495
 0.032483254 8.404835
 0.032751437 8.398126
 0.033021834 8.391367
 0.03329446 8.384558
 0.033569343 8.377699
 0.03384649 8.37079
 0.034125928 8.36383
 0.03440767 8.356818
 0.034691744 8.349755
 0.03497816 8.342641
 0.03526694 8.335474
 0.035558105 8.328255
 0.035851672 8.320983
 0.036147665 8.313658
 0.036446102 8.306279
 0.036747 8.298847
 0.037050385 8.291361
 0.037356276 8.28382
 0.03766469 8.276225
 0.03797565 8.268575
 0.03828918 8.260868
 0.038605295 8.253107
 0.03892402 8.245289
 0.03924538 8.237414
 0.03956939 8.229484
 0.039896075 8.221496
 0.040225457 8.2134495
 0.04055756 8.205346
 0.040892404 8.197185
 0.04123001 8.188964
 0.041570406 8.180685
 0.041913614 8.172347
 0.042259652 8.163949
 0.04260855 8.155492
 0.042960327 8.146974
 0.04331501 8.138395
 0.043672618 8.129756
 0.04403318 8.121056
 0.04439672 8.112293
 0.04476326 8.103469
 0.045132827 8.094583
 0.045505445 8.085633
 0.045881137 8.07662
 0.046259936 8.067545
 0.046641856 8.058405
 0.047026936 8.049201
 0.04741519 8.039933
 0.04780665 8.030601
 0.048201345 8.021202
 0.048599295 8.011739
 0.04900053 8.002209
 0.049405083 7.992613
 0.049812973 7.98295
 0.05022423 7.973221
 0.05063888 7.963424
 0.051056955 7.9535594
 0.051478483 7.943627
 0.05190349 7.9336257
 0.052332006 7.9235563
 0.05276406 7.9134173
 0.053199682 7.9032087
 0.0536389 7.8929305
 0.054081745 7.882582
 0.054528244 7.8721633
 0.05497843 7.861673
 0.055432335 7.851112
 0.055889986 7.840479
 0.056351416 7.829774
 0.056816652 7.818997
 0.057285734 7.808147
 0.057758685 7.797224
 0.05823554 7.786227
 0.058716338 7.775157
 0.0592011 7.764013
 0.059689865 7.752794
 0.06018267 7.7415004
 0.060679536 7.730131
 0.061180506 7.718687
 0.061685614 7.7071667
 0.062194895 7.69557
 0.06270838 7.6838965
 0.0632261 7.6721463
 0.06374809 7.660319
 0.0642744 7.6484137
 0.06480505 7.6364307
 0.06534008 7.624369
 0.06587953 7.6122293
 0.06642343 7.60001
 0.06697183 7.5877113
 0.067524746 7.575333
 0.068082236 7.5628753
 0.06864432 7.5503364
 0.06921105 7.5377173
 0.06978246 7.525017
 0.07035859 7.512235
 0.07093947 7.4993715
 0.07152515 7.4864264
 0.07211566 7.4733987
 0.07271105 7.460288
 0.07331135 7.4470944
 0.073916614 7.433818
 0.07452687 7.4204574
 0.07514217 7.4070134
 0.07576254 7.3934846
 0.07638804 7.3798714
 0.0770187 7.3661737
 0.07765457 7.3523903
 0.078295685 7.338522
 0.0789421 7.3245673
 0.079593845 7.3105273
 0.08025097 7.2964005
 0.08091353 7.282187
 0.081581555 7.2678866
 0.08225509 7.253499
 0.08293419 7.239024
 0.083618894 7.224461
 0.08430926 7.2098103
 0.08500531 7.195071
 0.08570712 7.1802435
 0.086414725 7.165327
 0.08712816 7.150321
 0.08784749 7.1352262
 0.08857277 7.1200414
 0.08930403 7.1047673
 0.090041324 7.0894027
 0.090784706 7.073948
 0.09153423 7.0584025
 0.09228993 7.042766
 0.09305188 7.027039
 0.093820125 7.0112205
 0.0945947 6.9953103
 0.09537568 6.979309
 0.0961631 6.9632154
 0.09695703 6.94703
 0.09775751 6.9307523
 0.098564595 6.9143825
 0.09937835 6.8979197
 0.10019882 6.881364
 0.10102606 6.864715
 0.101860136 6.8479733
 0.1027011 6.8311386
 0.103548996 6.81421
 0.1044039 6.797188
 0.10526586 6.7800717
 0.106134936 6.762862
 0.10701119 6.7455583
 0.10789468 6.7281604
 0.10878546 6.710668
 0.109683596 6.693082
 0.11058915 6.6754007
 0.11150217 6.6576247
 0.112422734 6.639755
 0.1133509 6.6217895
 0.11428673 6.6037297
 0.115230285 6.5855746
 0.11618163 6.567325
 0.11714082 6.54898
 0.118107945 6.5305405
 0.11908305 6.5120053
 0.120066196 6.4933753
 0.121057466 6.4746504
 0.12205692 6.4558296
 0.12306462 6.4369144
 0.12408065 6.4179034
 0.12510507 6.398798
 0.12613793 6.3795967
 0.12717932 6.3603005
 0.12822932 6.3409095
 0.12928799 6.3214235
 0.13035539 6.301842
 0.13143161 6.2821665
 0.13251671 6.2623954
 0.13361077 6.24253
 0.13471387 6.22257
 0.13582607 6.202515
 0.13694745 6.182366
 0.1380781 6.1621227
 0.13921806 6.141785
 0.14036746 6.1213536
 0.14152634 6.100828
 0.14269479 6.080209
 0.14387287 6.0594964
 0.14506069 6.0386906
 0.14625831 6.0177913
 0.14746583 5.9967995
 0.14868331 5.9757147
 0.14991084 5.954538
 0.15114851 5.9332685
 0.1523964 5.911907
 0.15365458 5.8904543
 0.15492316 5.86891
 0.15620221 5.8472743
 0.15749182 5.825548
 0.15879206 5.803731
 0.16010307 5.781824
 0.16142488 5.7598276
 0.1627576 5.737741
 0.16410133 5.7155657
 0.16545616 5.6933017
 0.16682217 5.670949
 0.16819945 5.6485085
 0.16958812 5.625981
 0.17098823 5.603366
 0.17239992 5.580664
 0.17382325 5.557876
 0.17525835 5.5350027
 0.17670529 5.512044
 0.17816417 5.4890003
 0.1796351 5.4658723
 0.18111818 5.442661
 0.18261348 5.4193664
 0.18412115 5.395989
 0.18564126 5.37253
 0.18717392 5.348989
 0.18871923 5.3253675
 0.1902773 5.3016653
 0.19184823 5.277884
 0.19343214 5.2540236
 0.19502911 5.230085
 0.19663928 5.206068
 0.19826274 5.181975
 0.1998996 5.157805
 0.20154998 5.1335597
 0.20321397 5.1092396
 0.20489171 5.084845
 0.2065833 5.0603776
 0.20828886 5.0358377
 0.2100085 5.0112257
 0.21174234 4.9865427
 0.21349049 4.9617896
 0.21525307 4.9369674
 0.2170302 4.912077
 0.218822 4.8871183
 0.2206286 4.8620934
 0.22245012 4.8370028
 0.22428668 4.8118467
 0.2261384 4.7866273
 0.2280054 4.7613444
 0.22988781 4.7359996
 0.23178577 4.7105937
 0.2336994 4.6851277
 0.23562883 4.659603
 0.23757419 4.63402
 0.2395356 4.60838
 0.24151322 4.5826836
 0.24350716 4.556933
 0.24551755 4.531128
 0.24754456 4.5052705
 0.2495883 4.4793615
 0.2516489 4.4534025
 0.2537265 4.4273934
 0.2558213 4.4013367
 0.25793335 4.3752327
 0.26006284 4.3490834
 0.26220995 4.3228893
 0.26437476 4.296652
 0.26655743 4.2703724
 0.26875815 4.244052
 0.27097702 4.217692
 0.27321422 4.1912937
 0.27546987 4.164859
 0.27774414 4.138388
 0.28003722 4.1118827
 0.28234923 4.085345
 0.2846803 4.0587754
 0.28703064 4.0321755
 0.28940037 4.0055466
 0.29178965 3.9788904
 0.29419866 3.9522083
 0.29662758 3.9255016
 0.29907656 3.8987718
 0.30154574 3.8720202
 0.3040353 3.8452485
 0.30654544 3.8184578
 0.30907628 3.7916503
 0.311628 3.7648268
 0.31420082 3.7379892
 0.31679487 3.711139
 0.31941032 3.6842778
 0.32204738 3.6574068
 0.32470623 3.630528
 0.327387 3.603643
 0.33008993 3.576753
 0.33281514 3.54986
 0.33556288 3.5229652
 0.3383333 3.4960709
 0.3411266 3.469178
 0.34394294 3.4422886
 0.34678254 3.4154046
 0.34964558 3.388527
 0.35253227 3.3616579
 0.35544276 3.3347988
 0.3583773 3.3079517
 0.36133608 3.2811182
 0.3643193 3.2542999
 0.36732712 3.2274985
 0.37035978 3.200716
 0.37341747 3.1739538
 0.37650043 3.147214
 0.3796088 3.1204982
 0.38274288 3.093808
 0.38590282 3.0671453
 0.38908884 3.0405123
 0.39230117 3.01391
 0.39554 2.987341
 0.3988056 2.9608064
 0.40209815 2.9343085
 0.4054179 2.9078488
 0.40876502 2.8814294
 0.4121398 2.8550518
 0.41554242 2.828718
 0.41897315 2.80243
 0.4224322 2.776189
 0.42591983 2.7499976
 0.42943624 2.7238572
 0.43298167 2.6977696
 0.43655637 2.671737
 0.44016057 2.6457608
 0.44379455 2.6198432
 0.44745854 2.5939858
 0.45115277 2.5681903
 0.4548775 2.542459
 0.45863298 2.5167933
 0.46241945 2.4911952
 0.46623722 2.4656668
 0.4700865 2.4402094
 0.47396752 2.414825
 0.4778806 2.3895156
 0.481826 2.364283
 0.48580396 2.339129
 0.48981476 2.3140552
 0.4938587 2.2890635
 0.497936 2.2641559
 0.502047 2.2393339
 0.5061919 2.2145994
 0.510371 2.1899543
 0.51458466 2.1654003
 0.5188331 2.140939
 0.5231166 2.1165724
 0.5274354 2.092302
 0.53178996 2.06813
 0.53618044 2.0440576
 0.54060715 2.0200868
 0.5450704 1.996219
 0.5495705 1.9724562
 0.5541078 1.9488001
 0.5586825 1.9252522
 0.563295 1.9018142
 0.5679456 1.8784878
 0.5726346 1.8552747
 0.57736224 1.8321763
 0.58212894 1.8091943
 0.58693504 1.7863305
 0.5917808 1.7635862
 0.5966665 1.7409629
 0.60159266 1.7184625
 0.6065594 1.6960862
 0.61156714 1.6738355
 0.6166163 1.6517122
 0.6217071 1.6297175
 0.62683994 1.6078529
 0.6320151 1.5861199
 0.637233 1.5645198
 0.6424941 1.5430541
 0.6477985 1.5217241
 0.65314674 1.5005313
 0.6585391 1.4794768
 0.6639761 1.458562
 0.66945785 1.4377882
 0.67498493 1.4171568
 0.6805576 1.3966688
 0.6861763 1.3763256
 0.69184136 1.3561282
 0.6975533 1.336078
 0.7033123 1.3161759
 0.70911884 1.2964233
 0.71497333 1.276821
 0.72087616 1.2573702
 0.72682774 1.238072
 0.73282844 1.2189274
 0.73887867 1.1999372
 0.7449789 1.1811026
 0.75112945 1.1624244
 0.7573308 1.1439035
 0.76358336 1.1255409
 0.7698875 1.1073371
 0.7762437 1.0892934
 0.7826524 1.0714102
 0.789114 1.0536884
 0.79562896 1.0361289
 0.8021977 1.0187321
 0.8088206 1.0014987
 0.8154983 0.98442954
 0.82223105 0.96752506
 0.8290194 0.9507859
 0.8358638 0.9342125
 0.84276474 0.9178055
 0.8497226 0.9015653
 0.8567379 0.8854924
 0.8638112 0.8695871
 0.87094283 0.85384995
 0.87813336 0.8382811
 0.88538325 0.82288104
 0.892693 0.8076499
 0.9000631 0.792588
 0.907494 0.7776956
 0.9149863 0.7629728
 0.9225405 0.74841976
 0.930157 0.73403656
 0.9378364 0.71982336
 0.9455792 0.7057802
 0.9533859 0.691907
 0.9612571 0.6782038
 0.9691932 0.6646706
 0.9771949 0.65130717
 0.9852627 0.63811344
 0.993397 0.6250893
 1.0015985 0.61223453
 1.0098678 0.5995489
 1.0182053 0.58703214
 1.0266116 0.57468396
 1.0350873 0.56250405
 1.043633 0.550492
 1.0522493 0.5386475
 1.0609367 0.52697
 1.0696958 0.5154592
 1.0785272 0.50411445
 1.0874316 0.4929353
 1.0964094 0.4819212
 1.1054614 0.4710715
 1.1145881 0.46038568
 1.1237901 0.44986302
 1.1330682 0.4395028
 1.1424229 0.4293044
 1.1518548 0.419267
 1.1613644 0.40938982
 1.1709527 0.3996721
 1.1806202 0.39011294
 1.1903673 0.38071153
 1.2001951 0.37146696
 1.2101039 0.3623783
 1.2200946 0.35344458
 1.2301676 0.3446648
 1.240324 0.33603805
 1.2505641 0.3275632
 1.2608888 0.3192392
 1.2712988 0.311065
 1.2817945 0.30303946
 1.2923771 0.29516146
 1.3030471 0.2874298
 1.313805 0.27984333
 1.3246518 0.27240083
 1.3355882 0.26510108
 1.3466148 0.25794277
 1.3577325 0.2509247
 1.368942 0.24404551
 1.380244 0.23730393
 1.3916394 0.23069859
 1.4031287 0.22422813
 1.414713 0.21789119
 1.4263929 0.21168637
 1.4381692 0.20561226
 1.4500428 0.19966742
 1.4620144 0.19385044
 1.4740849 0.18815982
 1.4862549 0.18259412
 1.4985255 0.17715183
 1.5108973 0.17183146
 1.5233713 0.16663149
 1.5359483 0.1615504
 1.5486292 0.15658665
 1.5614146 0.1517387
 1.5743058 0.14700499
 1.5873033 0.14238396
 1.6004081 0.13787404
 1.613621 0.13347365
 1.6269431 0.12918119
 1.6403753 0.124995075
 1.6539181 0.12091372
 1.667573 0.116935514
 1.6813405 0.11305884
 1.6952217 0.10928212
 1.7092174 0.10560372
 1.7233288 0.10202203
 1.7375567 0.09853545
 1.751902 0.09514236
 1.7663658 0.09184115
 1.7809489 0.08863021
 1.7956524 0.08550793
 1.8104774 0.08247271
 1.8254247 0.07952295
 1.8404955 0.07665706
 1.8556906 0.07387343
 1.8710113 0.071170494
 1.8864584 0.06854666
 1.902033 0.06600036
 1.9177363 0.06353003
 1.9335692 0.061134107
 1.9495327 0.058811054
 1.9656281 0.056559328
 1.9818563 0.054377403
 1.9982187 0.052263763
 2.014716 0.050216902
 2.0313494 0.048235323
 2.0481205 0.046317548
 2.0650296 0.044462107
 2.0820787 0.042667545
 2.0992684 0.040932424
 2.1166 0.039255317
 2.1340747 0.03763481
 2.1516936 0.036069505
 2.1694582 0.034558024
 2.187369 0.033099007
 2.2054281 0.031691097
 2.2236362 0.030332973
 2.2419946 0.029023316
 2.2605045 0.02776083
 2.2791674 0.02654424
 2.2979841 0.025372284
 2.3169565 0.024243724
 2.3360853 0.023157334
 2.355372 0.022111915
 2.374818 0.02110628
 2.3944247 0.020139268
 2.414193 0.019209733
 2.4341247 0.01831655
 2.4542208 0.017458616
 2.474483 0.016634846
 2.4949124 0.015844176
 2.5155103 0.015085561
 2.5362785 0.01435798
 2.557218 0.013660431
 2.5783305 0.012991929
 2.5996172 0.012351516
 2.6210797 0.011738248
 2.6427195 0.011151208
 2.664538 0.0105894925
 2.6865363 0.010052226
 2.7087164 0.009538546
 2.7310796 0.009047617
 2.7536275 0.008578621
 2.7763615 0.008130758
 2.7992833 0.007703251
 2.8223941 0.0072953426
 2.845696 0.0069062943
 2.86919 0.0065353867
 2.8928783 0.0061819213
 2.9167619 0.0058452175
 2.9408426 0.0055246144
 2.9651225 0.0052194693
 2.9896026 0.0049291593
 3.0142846 0.0046530785
 3.0391707 0.0043906393
 3.0642622 0.004141272
 3.0895607 0.003904425
 3.1150682 0.0036795635
 3.1407864 0.0034661693
 3.1667168 0.0032637413
 3.1928613 0.0030717948
 3.2192216 0.002889861
 3.2457995 0.0027174868
 3.272597 0.0025542346
 3.2996156 0.0023996818
 3.3268573 0.0022534207
 3.3543239 0.0021150575
 3.3820174 0.0019842135
 3.4099393 0.0018605227
 3.4380918 0.0017436327
 3.466477 0.0016332044
 3.4950962 0.001528911
 3.5239518 0.001430438
 3.5530455 0.0013374831
 3.5823796 0.0012497552
 3.611956 0.0011669785
 3.641776 0.0010889297
 3.6718428 0.0010154002
 3.7021575 0.0009461858
 3.7327228 0.0008810865
 3.7635403 0.0008199071
 3.794612 0.0007624572
 3.8259404 0.00070855196
 3.8575275 0.000658012
 3.8893754 0.00061066373
 3.9214861 0.00056633935
 3.953862 0.0005248773
 3.9865053 0.00048612172
 4.019418 0.00044992307
 4.0526023 0.00041613771
 4.0860605 0.0003846281
 4.1197953 0.00035526254
 4.1538086 0.00032791516
 4.1881022 0.00030246592
 4.2226796 0.00027880038
 4.257542 0.0002568095
 4.292692 0.00023638966
 4.328133 0.00021744244
 4.363866 0.00019987444
 4.399894 0.00018359712
 4.4362197 0.00016852666
 4.4728456 0.00015458377
 4.5097733 0.00014169354
 4.547006 0.00012978524
 4.584546 0.00011879216
 4.6223965 0.00010865147
 4.660559 0.00009930399
 4.6990366 0.00009069409
 4.737832 0.0000827695
 4.7769475 0.000075481126
 4.816386 0.00006878295
 4.8561506 0.00006263183
 4.896243 0.000056987366
 4.9366665 0.000051811796
 4.9774237 0.000047069792
 5.0185175 0.000042728385
 5.0599504 0.000038756803
 5.1017256 0.00003512636
 5.1438456 0.00003181034
 5.186313 0.000028783877
 5.2291317 0.000026023848
 5.2723036 0.000023508772
 5.3158317 0.000021218708
 5.3597193 0.000019135154
 5.4039693 0.000017240973
 5.4485846 0.000015520287
 5.4935684 0.000013958411
 5.5389233 0.0000125417655
 5.584653 0.000011257806
 5.6307597 0.000010094956
 5.6772475 0.000009042534
 5.7241187 0.000008090696
 5.7713776 0.0000072303746
 5.819026 0.0000064532232
 5.867068 0.0000057515626
 5.915507 0.000005118331
 5.964345 0.000004547038
 6.013587 0.000004031717
 6.0632353 0.000003566887
 6.1132936 0.0000031475101
 6.163765 0.0000027689548
 6.214653 0.0000024269598
 6.2659616 0.0000021176008
 6.317693 0.000001837258
 6.3698525 0.0000015825846
 6.422442 0.0000013504782
 6.475466 0.0000011380515
 6.528928 9.426051E-7
 6.5828304 7.615994E-7
 6.6371784 5.926287E-7
 6.691975 4.3339355E-7
 6.7472243 2.8167398E-7
 6.8029294 1.3530143E-7
 6.8590946 -7.870014E-9
 6.915724 0.0000010783934
 6.97282 1.0940085E-8
 7.030388 6.3863546E-9
 7.088431 1.9712092E-9
 7.146953 -2.3761164E-9
 7.2059584 3.8732929E-19
 7.265451 1.9155347E-19
 7.3254347 6.3001946E-22
 7.385914 -1.8872848E-19
 7.446892 6.29E-43
 7.5083737 6.03E-43
 7.570363 5.89E-43
 7.632864 5.86E-43
 7.6958814 0.
 7.7594185 0.
 7.8234806 0.
 7.8880715 0.
 7.9531956 0.
 8.018857 0.
 8.085061 0.
 8.151812 0.
 8.219113 0.
 8.28697 0.
 8.355388 0.
 8.42437 0.
 8.493922 0.
 8.564048 0.
 8.634753 0.
 8.706041 0.
 8.777919 0.
 8.8503895 0.
 8.923459 0.
 8.99713 0.
 9.071411 0.
 9.146305 0.
 9.221817 0.
 9.297953 0.
 9.374717 0.
 9.452115 0.
 9.530151 0.
 9.608833 0.
 9.688164 0.
 9.768149 0.
 9.848795 0.
 9.930107 0.
 10.012091 0.
 10.09475 0.
 10.178093 0.
 10.262124 0.
 10.346848 0.
 10.432272 0.
 10.518401 0.
 10.605241 0.
 10.692799 0.
 10.781078 0.
 10.870087 0.
 10.95983 0.
 11.050315 0.
 11.141547 0.
 11.233532 0.
 11.326276 0.
 11.419786 0.
 11.514069 0.
 11.609129 0.
 11.704974 0.
 11.80161 0.
 11.899045 0.
 11.997284 0.
 12.0963335 0.
 12.196201 0.
 12.296893 0.
 12.3984165 0.
 12.500778 0.
 12.603985 0.
 12.708044 0.
 12.812962 0.
 12.918746 0.
 13.025403 0.
 13.132941 0.
 13.241367 0.
 13.350688 0.
 13.460912 0.
 13.572045 0.
 13.684096 0.
 13.797072 0.
 13.910982 0.
 14.025831 0.
 14.141628 0.
 14.258382 0.
 14.3761 0.
 14.494789 0.
 14.614459 0.
 14.735116 0.
 14.85677 0.
 14.979427 0.
 15.103098 0.
 15.227789 0.
 15.35351 0.
 15.480269 0.
 15.608074 0.
 15.736936 0.
 15.866859 0.
 15.997857 0.
 16.129936 0.
 16.263105 0.
 16.397373 0.
 16.532751 0.
 16.669245 0.
 16.806868 0.
 16.945625 0.
 17.085527 0.
 17.226587 0.
 17.36881 0.
 17.512207 0.
 17.656788 0.
 17.802563 0.
 17.949541 0.
 18.097733 0.
 18.247149 0.
 18.397799 0.
 18.54969 0.
 18.702837 0.
 18.857248 0.
 19.012934 0.
 19.169905 0.
 19.328173 0.
 19.487747 0.
 19.648638 0.
 19.810858 0.
 19.974417 0.
  20. 0.
  20. -100000.
  0. -100000.
 0.000033608536 0.000014187531
 0.000033886008 0.000014304657
 0.000034165772 0.0000144227515
 0.000034447843 0.00001454182
 0.000034732246 0.000014661871
 0.000035018995 0.000014782913
 0.000035308116 0.000014904956
 0.00003559962 0.000015028005
 0.00003589353 0.000015152069
 0.000036189867 0.000015277159
 0.00003648865 0.00001540328
 0.000036789905 0.000015530442
 0.000037093643 0.000015658656
 0.00003739989 0.000015787928
 0.00003770866 0.000015918265
 0.000038019985 0.000016049678
 0.00003833388 0.000016182177
 0.000038650363 0.000016315771
 0.000038969465 0.000016450467
 0.000039291197 0.000016586275
 0.000039615585 0.000016723203
 0.000039942654 0.000016861262
 0.00004027242 0.00001700046
 0.00004060491 0.000017140808
 0.000040940144 0.000017282315
 0.00004127815 0.000017424989
 0.00004161894 0.00001756884
 0.000041962547 0.00001771388
 0.00004230899 0.000017860117
 0.000042658296 0.000018007562
 0.000043010485 0.000018156223
 0.00004336558 0.000018306111
 0.00004372361 0.000018457236
 0.00004408459 0.000018609611
 0.000044448552 0.000018763241
 0.000044815522 0.000018918141
 0.00004518552 0.00001907432
 0.000045558572 0.000019231786
 0.000045934707 0.000019390554
 0.000046313944 0.00001955063
 0.000046696314 0.00001971203
 0.000047081838 0.000019874762
 0.00004747055 0.000020038837
 0.000047862464 0.000020204267
 0.000048257618 0.00002037106
 0.000048656035 0.000020539233
 0.00004905774 0.000020708792
 0.00004946276 0.000020879752
 0.000049871127 0.000021052123
 0.000050282866 0.000021225916
 0.000050698 0.000021401145
 0.000051116564 0.00002157782
 0.000051538584 0.000021755954
 0.00005196409 0.000021935557
 0.000052393105 0.000022116643
 0.000052825664 0.000022299224
 0.000053261792 0.000022483313
 0.000053701526 0.00002266892
 0.000054144886 0.00002285606
 0.000054591907 0.000023044746
 0.00005504262 0.000023234988
 0.000055497054 0.0000234268
 0.000055955235 0.000023620196
 0.000056417204 0.000023815188
 0.000056882986 0.000024011792
 0.000057352612 0.000024210016
 0.000057826117 0.000024409877
 0.000058303533 0.000024611389
 0.000058784888 0.000024814562
 0.000059270216 0.000025019413
 0.000059759554 0.000025225956
 0.00006025293 0.000025434203
 0.00006075038 0.000025644169
 0.000061251936 0.000025855868
 0.00006175763 0.000026069316
 0.00006226751 0.000026284524
 0.00006278159 0.00002650151
 0.000063299914 0.000026720287
 0.00006382252 0.000026940868
 0.00006434944 0.00002716327
 0.00006488071 0.00002738751
 0.00006541637 0.0000276136
 0.00006595645 0.000027841555
 0.00006650099 0.000028071394
 0.000067050016 0.000028303128
 0.000067603585 0.000028536777
 0.000068161724 0.000028772352
 0.00006872447 0.000029009872
 0.000069291855 0.000029249355
 0.000069863934 0.000029490813
 0.00007044073 0.000029734263
 0.00007102229 0.000029979725
 0.00007160865 0.000030227211
 0.00007219985 0.00003047674
 0.00007279594 0.00003072833
 0.00007339694 0.000030981995
 0.00007400291 0.000031237756
 0.00007461388 0.000031495627
 0.000075229895 0.000031755626
 0.00007585099 0.00003201777
 0.00007647722 0.00003228208
 0.00007710862 0.00003254857
 0.00007774523 0.00003281726
 0.00007838709 0.00003308817
 0.00007903426 0.000033361313
 0.00007968677 0.000033636712
 0.00008034467 0.000033914384
 0.000081007995 0.00003419435
 0.0000816768 0.000034476623
 0.00008235112 0.00003476123
 0.00008303102 0.000035048182
 0.00008371652 0.000035337504
 0.000084407686 0.000035629215
 0.00008510456 0.000035923335
 0.00008580719 0.000036219877
 0.00008651561 0.00003651887
 0.000087229884 0.000036820333
 0.00008795006 0.000037124282
 0.00008867618 0.000037430742
 0.00008940829 0.00003773973
 0.000090146445 0.000038051265
 0.000090890695 0.000038365375
 0.00009164109 0.00003868208
 0.000092397684 0.000039001392
 0.000093160525 0.000039323346
 0.00009392966 0.000039647955
 0.000094705145 0.000039975243
 0.00009548703 0.000040305233
 0.00009627538 0.000040637944
 0.000097070224 0.000040973402
 0.00009787164 0.000041311632
 0.000098679666 0.00004165265
 0.00009949437 0.000041996485
 0.000100315796 0.000042343156
 0.00010114401 0.00004269269
 0.00010197906 0.000043045107
 0.000102820995 0.000043400432
 0.00010366989 0.000043758693
 0.00010452579 0.000044119908
 0.00010538876 0.000044484106
 0.00010625885 0.00004485131
 0.000107136126 0.000045221543
 0.00010802064 0.000045594832
 0.00010891246 0.000045971203
 0.00010981165 0.00004635068
 0.000110718254 0.00004673329
 0.00011163235 0.000047119054
 0.000112553986 0.000047508005
 0.000113483235 0.00004790017
 0.00011442016 0.000048295562
 0.00011536481 0.000048694223
 0.00011631727 0.000049096176
 0.00011727759 0.000049501443
 0.00011824583 0.000049910053
 0.00011922207 0.00005032204
 0.00012020637 0.000050737424
 0.0001211988 0.00005115624
 0.00012219942 0.000051578507
 0.0001232083 0.000052004263
 0.00012422551 0.00005243353
 0.00012525111 0.000052866344
 0.0001262852 0.000053302727
 0.0001273278 0.00005374271
 0.00012837903 0.000054186326
 0.00012943894 0.0000546336
 0.00013050759 0.00005508457
 0.00013158505 0.00005553926
 0.00013267143 0.0000559977
 0.00013376676 0.00005645993
 0.00013487115 0.00005692597
 0.00013598465 0.000057395853
 0.00013710734 0.00005786962
 0.0001382393 0.000058347294
 0.0001393806 0.000058828908
 0.00014053134 0.000059314498
 0.00014169156 0.000059804097
 0.00014286138 0.000060297734
 0.00014404084 0.000060795446
 0.00014523005 0.000061297265
 0.00014642907 0.00006180323
 0.00014763798 0.00006231336
 0.0001488569 0.00006282771
 0.00015008586 0.0000633463
 0.00015132497 0.00006386917
 0.00015257431 0.00006439635
 0.00015383397 0.00006492789
 0.00015510403 0.00006546381
 0.00015638457 0.000066004155
 0.00015767569 0.00006654896
 0.00015897746 0.000067098255
 0.00016028999 0.00006765209
 0.00016161334 0.00006821049
 0.00016294762 0.0000687735
 0.00016429293 0.00006934116
 0.00016564933 0.0000699135
 0.00016701693 0.00007049056
 0.00016839583 0.00007107238
 0.00016978612 0.00007165901
 0.00017118787 0.00007225048
 0.0001726012 0.00007284682
 0.0001740262 0.00007344809
 0.00017546296 0.00007405432
 0.00017691159 0.00007466555
 0.00017837218 0.00007528183
 0.00017984482 0.00007590319
 0.00018132963 0.00007652968
 0.00018282668 0.000077161334
 0.00018433611 0.000077798206
 0.00018585799 0.00007844033
 0.00018739243 0.00007908775
 0.00018893955 0.000079740516
 0.00019049944 0.00008039867
 0.00019207221 0.00008106225
 0.00019365796 0.00008173131
 0.00019525681 0.00008240589
 0.00019686886 0.00008308603
 0.0001984942 0.00008377179
 0.00020013298 0.0000844632
 0.00020178528 0.00008516032
 0.00020345123 0.00008586319
 0.00020513093 0.00008657186
 0.0002068245 0.00008728638
 0.00020853204 0.00008800679
 0.00021025368 0.00008873315
 0.00021198954 0.0000894655
 0.00021373974 0.000090203896
 0.00021550438 0.00009094838
 0.00021728358 0.000091699
 0.00021907748 0.000092455826
 0.00022088618 0.00009321889
 0.00022270983 0.00009398825
 0.00022454852 0.00009476396
 0.00022640241 0.000095546064
 0.00022827159 0.000096334625
 0.0002301562 0.00009712969
 0.00023205638 0.00009793132
 0.00023397224 0.00009873956
 0.00023590392 0.00009955447
 0.00023785155 0.0001003761
 0.00023981526 0.0001012045
 0.00024179518 0.00010203975
 0.00024379145 0.00010288189
 0.0002458042 0.00010373096
 0.00024783355 0.00010458705
 0.0002498797 0.000105450206
 0.0002519427 0.000106320476
 0.00025402274 0.00010719792
 0.00025611997 0.00010808261
 0.0002582345 0.0001089746
 0.00026036648 0.000109873945
 0.00026251609 0.00011078071
 0.00026468342 0.00011169496
 0.00026686865 0.00011261674
 0.00026907193 0.000113546135
 0.0002712934 0.00011448319
 0.0002735332 0.00011542798
 0.00027579148 0.000116380565
 0.00027806842 0.000117341006
 0.00028036415 0.00011830936
 0.00028267887 0.000119285716
 0.00028501265 0.000120270124
 0.00028736572 0.000121262645
 0.00028973824 0.00012226336
 0.0002921303 0.00012327233
 0.00029454214 0.00012428961
 0.00029697389 0.0001253153
 0.0002994257 0.00012634943
 0.0003018978 0.00012739211
 0.00030439027 0.00012844338
 0.00030690333 0.00012950333
 0.0003094371 0.000130572
 0.00031199184 0.00013164952
 0.00031456765 0.0001327359
 0.00031716473 0.00013383126
 0.00031978326 0.00013493563
 0.00032242338 0.00013604913
 0.0003250853 0.00013717181
 0.00032776923 0.00013830375
 0.0003304753 0.00013944502
 0.0003332037 0.0001405957
 0.00033595465 0.00014175588
 0.0003387283 0.00014292562
 0.00034152484 0.00014410501
 0.00034434447 0.00014529414
 0.0003471874 0.00014649307
 0.0003500538 0.00014770188
 0.00035294384 0.00014892066
 0.00035585774 0.0001501495
 0.00035879572 0.00015138848
 0.00036175796 0.00015263766
 0.00036474463 0.00015389716
 0.00036775597 0.00015516703
 0.00037079217 0.00015644738
 0.00037385346 0.0001577383
 0.00037693998 0.00015903985
 0.00038005202 0.00016035214
 0.00038318973 0.00016167524
 0.00038635335 0.00016300926
 0.0003895431 0.0001643543
 0.00039275916 0.0001657104
 0.0003960018 0.0001670777
 0.0003992712 0.00016845627
 0.0004025676 0.00016984621
 0.00040589122 0.00017124761
 0.00040924226 0.00017266057
 0.00041262095 0.00017408517
 0.0004160276 0.00017552153
 0.0004194623 0.00017696973
 0.0004229254 0.00017842987
 0.00042641707 0.00017990205
 0.0004299376 0.00018138636
 0.00043348718 0.00018288293
 0.00043706605 0.00018439181
 0.00044067448 0.00018591316
 0.0004443127 0.00018744703
 0.00044798094 0.00018899357
 0.0004516795 0.00019055285
 0.00045540856 0.00019212498
 0.00045916843 0.00019371008
 0.00046295935 0.00019530824
 0.00046678152 0.00019691959
 0.0004706353 0.0001985442
 0.00047452087 0.00020018223
 0.00047843854 0.00020183375
 0.00048238854 0.00020349889
 0.00048637114 0.00020517776
 0.0004903866 0.00020687046
 0.00049443525 0.00020857713
 0.00049851736 0.00021029786
 0.0005026331 0.00021203277
 0.00050678285 0.00021378198
 0.0005109669 0.00021554563
 0.0005151854 0.0002173238
 0.0005194388 0.00021911664
 0.0005237273 0.00022092425
 0.0005280512 0.00022274676
 0.0005324108 0.00022458429
 0.0005368064 0.00022643697
 0.0005412383 0.00022830493
 0.0005457068 0.00023018828
 0.00055021216 0.00023208714
 0.0005547547 0.00023400167
 0.00055933476 0.00023593198
 0.00056395266 0.0002378782
 0.0005686087 0.00023984045
 0.00057330314 0.00024181887
 0.0005780363 0.0002438136
 0.0005828086 0.00024582478
 0.0005876203 0.00024785253
 0.0005924717 0.00024989698
 0.00059736316 0.0002519583
 0.000602295 0.0002540366
 0.00060726755 0.000256132
 0.00061228115 0.0002582447
 0.0006173362 0.0002603748
 0.0006224329 0.00026252246
 0.0006275717 0.0002646878
 0.000632753 0.000266871
 0.00063797703 0.0002690722
 0.0006432442 0.0002712915
 0.0006485548 0.00027352912
 0.0006539093 0.0002757852
 0.000659308 0.00027805983
 0.0006647512 0.00028035318
 0.00067023945 0.00028266548
 0.00067577296 0.00028499682
 0.00068135216 0.00028734733
 0.0006869774 0.00028971725
 0.0006926491 0.00029210668
 0.00069836766 0.00029451578
 0.00070413336 0.00029694475
 0.00070994673 0.00029939372
 0.00071580807 0.00030186286
 0.0007217178 0.00030435238
 0.0007276763 0.00030686238
 0.00073368405 0.00030939304
 0.0007397413 0.00031194458
 0.00074584864 0.00031451712
 0.0007520064 0.00031711085
 0.00075821497 0.00031972595
 0.0007644748 0.00032236258
 0.00077078637 0.00032502096
 0.00077715 0.00032770121
 0.00078356615 0.00033040353
 0.0007900353 0.00033312812
 0.0007965578 0.00033587514
 0.00080313423 0.0003386448
 0.00080976496 0.00034143726
 0.0008164504 0.00034425274
 0.000823191 0.00034709138
 0.0008299873 0.00034995342
 0.00083683967 0.00035283904
 0.0008437486 0.0003557484
 0.0008507147 0.00035868172
 0.0008577382 0.0003616392
 0.0008648197 0.00036462102
 0.00087195967 0.00036762742
 0.00087915856 0.00037065856
 0.00088641694 0.00037371466
 0.0008937352 0.0003767959
 0.0009011139 0.00037990254
 0.00090855354 0.00038303476
 0.0009160546 0.00038619278
 0.0009236175 0.00038937677
 0.00093124295 0.00039258698
 0.0009389313 0.00039582365
 0.00094668317 0.00039908694
 0.000954499 0.0004023771
 0.00096237933 0.00040569433
 0.0009703248 0.00040903888
 0.0009783359 0.00041241097
 0.000986413 0.00041581082
 0.0009945568 0.00041923864
 0.0010027679 0.0004226947
 0.0010110468 0.00042617918
 0.001019394 0.00042969236
 0.0010278102 0.00043323444
 0.0010362958 0.00043680568
 0.0010448515 0.00044040632
 0.0010534778 0.0004440366
 0.0010621753 0.00044769672
 0.0010709446 0.000451387
 0.0010797863 0.00045510763
 0.0010887012 0.00045885888
 0.0010976895 0.000462641
 0.0011067521 0.00046645425
 0.0011158894 0.00047029887
 0.0011251022 0.00047417512
 0.0011343911 0.00047808327
 0.0011437567 0.00048202355
 0.0011531995 0.00048599628
 0.0011627204 0.0004900017
 0.0011723198 0.0004940401
 0.0011819985 0.00049811165
 0.0011917572 0.00050221675
 0.0012015963 0.00050635554
 0.0012115167 0.00051052845
 0.001221519 0.0005147357
 0.0012316039 0.0005189775
 0.0012417721 0.0005232542
 0.0012520242 0.0005275661
 0.0012623608 0.0005319135
 0.0012727829 0.00053629663
 0.0012832911 0.0005407158
 0.001293886 0.0005451713
 0.0013045684 0.00054966344
 0.0013153389 0.0005541926
 0.0013261983 0.0005587589
 0.0013371474 0.0005633628
 0.001348187 0.0005680045
 0.0013593177 0.00057268445
 0.0013705402 0.0005774028
 0.0013818555 0.00058216
 0.001393264 0.00058695633
 0.0014047669 0.00059179205
 0.0014163647 0.0005966675
 0.0014280583 0.0006015831
 0.0014398483 0.0006065391
 0.0014517357 0.0006115358
 0.0014637213 0.00061657355
 0.0014758058 0.00062165275
 0.00148799 0.0006267737
 0.001500275 0.00063193677
 0.0015126612 0.0006371422
 0.0015251498 0.00064239046
 0.0015377415 0.0006476818
 0.0015504372 0.00065301673
 0.0015632376 0.0006583954
 0.0015761437 0.0006638183
 0.0015891563 0.0006692858
 0.0016022765 0.00067479815
 0.001615505 0.0006803558
 0.0016288426 0.0006859592
 0.0016422904 0.0006916085
 0.0016558492 0.0006973043
 0.0016695198 0.0007030469
 0.0016833035 0.00070883665
 0.0016972008 0.00071467395
 0.001711213 0.0007205592
 0.0017253408 0.0007264928
 0.0017395853 0.0007324751
 0.0017539473 0.00073850655
 0.0017684279 0.00074458757
 0.0017830281 0.00075071846
 0.0017977488 0.0007568997
 0.0018125911 0.0007631318
 0.0018275559 0.00076941494
 0.0018426443 0.00077574974
 0.0018578571 0.0007821366
 0.0018731956 0.0007885758
 0.0018886608 0.00079506787
 0.0019042536 0.00080161326
 0.0019199752 0.0008082124
 0.0019358266 0.0008148657
 0.0019518088 0.0008215736
 0.001967923 0.0008283365
 0.0019841702 0.000835155
 0.0020005517 0.0008420294
 0.0020170682 0.00084896025
 0.0020337212 0.00085594796
 0.0020505115 0.000862993
 0.0020674407 0.00087009586
 0.0020845095 0.00087725697
 0.0021017191 0.0008844768
 0.002119071 0.000891756
 0.0021365662 0.0008990948
 0.0021542057 0.0009064938
 0.002171991 0.0009139535
 0.0021899228 0.0009214744
 0.002208003 0.000929057
 0.0022262323 0.0009367018
 0.0022446122 0.0009444092
 0.0022631437 0.0009521799
 0.0022818283 0.0009600143
 0.002300667 0.0009679129
 0.0023196614 0.0009758763
 0.0023388127 0.0009839049
 0.002358122 0.0009919994
 0.0023775906 0.0010001602
 0.00239722 0.001008388
 0.0024170117 0.0010166832
 0.0024369664 0.0010250463
 0.0024570862 0.0010334781
 0.0024773718 0.0010419788
 0.002497825 0.0010505493
 0.0025184473 0.00105919
 0.0025392396 0.0010679015
 0.0025602037 0.0010766843
 0.0025813407 0.0010855392
 0.0026026524 0.0010944665
 0.00262414 0.0011034671
 0.0026458048 0.0011125412
 0.0026676487 0.0011216898
 0.0026896729 0.0011309133
 0.0027118789 0.0011402122
 0.002734268 0.0011495873
 0.0027568424 0.0011590392
 0.002779603 0.0011685685
 0.0028025515 0.0011781758
 0.0028256893 0.0011878618
 0.0028490182 0.001197627
 0.00287254 0.0012074722
 0.0028962556 0.001217398
 0.002920167 0.0012274049
 0.0029442762 0.0012374938
 0.0029685842 0.0012476653
 0.0029930929 0.0012579199
 0.003017804 0.0012682586
 0.0030427189 0.0012786817
 0.0030678397 0.0012891901
 0.003093168 0.0012997845
 0.0031187052 0.0013104655
 0.0031444533 0.0013212339
 0.003170414 0.0013320904
 0.003196589 0.0013430356
 0.00322298 0.0013540703
 0.0032495891 0.0013651953
 0.0032764177 0.0013764112
 0.003303468 0.0013877187
 0.0033307413 0.0013991188
 0.00335824 0.001410612
 0.0033859657 0.0014221991
 0.0034139205 0.0014338809
 0.0034421058 0.0014456582
 0.003470524 0.0014575317
 0.0034991766 0.0014695022
 0.003528066 0.0014815705
 0.0035571938 0.0014937375
 0.0035865621 0.0015060037
 0.0036161728 0.0015183701
 0.003646028 0.0015308376
 0.0036761297 0.0015434069
 0.00370648 0.0015560787
 0.0037370806 0.001568854
 0.0037679342 0.0015817336
 0.0037990422 0.0015947183
 0.0038304073 0.0016078091
 0.0038620313 0.0016210066
 0.0038939163 0.0016343119
 0.0039260644 0.0016477257
 0.003958478 0.001661249
 0.0039911596 0.0016748826
 0.0040241107 0.0016886274
 0.004057334 0.0017024842
 0.004090831 0.0017164542
 0.004124605 0.001730538
 0.004158658 0.0017447367
 0.004192992 0.0017590511
 0.0042276094 0.0017734822
 0.0042625125 0.001788031
 0.004297704 0.0018026984
 0.004333186 0.0018174852
 0.004368961 0.0018323925
 0.004405031 0.0018474214
 0.004441399 0.0018625726
 0.0044780676 0.0018778474
 0.0045150383 0.0018932464
 0.0045523145 0.001908771
 0.0045898985 0.001924422
 0.004627793 0.0019402003
 0.004666 0.001956107
 0.004704523 0.0019721435
 0.0047433637 0.0019883104
 0.004782525 0.0020046087
 0.0048220092 0.0020210398
 0.00486182 0.0020376046
 0.0049019596 0.0020543041
 0.00494243 0.0020711394
 0.0049832347 0.0020881118
 0.005024377 0.002105222
 0.005065858 0.0021224716
 0.0051076817 0.0021398615
 0.005149851 0.0021573924
 0.0051923683 0.0021750662
 0.0052352366 0.0021928833
 0.005278459 0.0022108452
 0.0053220377 0.0022289534
 0.0053659766 0.0022472085
 0.005410278 0.002265612
 0.005454946 0.0022841648
 0.005499982 0.0023028683
 0.00554539 0.0023217236
 0.0055911727 0.0023407321
 0.0056373337 0.002359895
 0.0056838756 0.0023792132
 0.0057308017 0.0023986883
 0.0057781152 0.0024183216
 0.0058258194 0.002438114
 0.0058739176 0.002458067
 0.005922413 0.0024781819
 0.005971309 0.0024984598
 0.006020608 0.002518902
 0.006070314 0.0025395101
 0.006120431 0.0025602854
 0.006170961 0.002581229
 0.0062219086 0.002602342
 0.006273277 0.0026236265
 0.0063250693 0.0026450832
 0.006377289 0.0026667137
 0.0064299405 0.0026885194
 0.006483026 0.0027105017
 0.00653655 0.002732662
 0.006590516 0.0027550017
 0.0066449274 0.002777522
 0.006699788 0.0028002246
 0.006755102 0.002823111
 0.006810872 0.0028461823
 0.006867103 0.0028694405
 0.0069237975 0.0028928865
 0.0069809607 0.0029165223
 0.0070385956 0.002940349
 0.0070967064 0.0029643683
 0.0071552973 0.0029885818
 0.0072143716 0.0030129908
 0.0072739334 0.003037597
 0.0073339874 0.003062402
 0.007394537 0.0030874072
 0.0074555865 0.0031126144
 0.00751714 0.003138025
 0.0075792014 0.0031636406
 0.0076417755 0.003189463
 0.007704866 0.0032154936
 0.007768478 0.0032417343
 0.007832615 0.0032681867
 0.007897281 0.003294852
 0.007962481 0.0033217326
 0.008028219 0.00334883
 0.008094501 0.0033761454
 0.008161329 0.0034036809
 0.008228709 0.0034314382
 0.008296645 0.0034594191
 0.008365143 0.0034876254
 0.008434205 0.0035160587
 0.008503838 0.0035447206
 0.008574046 0.0035736135
 0.008644834 0.0036027385
 0.008716206 0.003632098
 0.0087881675 0.0036616933
 0.008860722 0.0036915268
 0.008933877 0.0037216
 0.009007635 0.0037519147
 0.009082003 0.0037824733
 0.009156983 0.003813277
 0.009232583 0.0038443282
 0.0093088085 0.0038756288
 0.009385662 0.0039071804
 0.00946315 0.0039389855
 0.009541278 0.003971046
 0.009620051 0.0040033627
 0.009699474 0.0040359395
 0.009779554 0.004068777
 0.009860294 0.004101878
 0.009941701 0.004135244
 0.010023779 0.0041688774
 0.010106537 0.00420278
 0.010189976 0.0042369543
 0.010274105 0.004271402
 0.010358928 0.0043061255
 0.010444451 0.004341127
 0.010530681 0.004376408
 0.010617622 0.0044119717
 0.010705282 0.004447819
 0.010793665 0.0044839536
 0.010882778 0.0045203767
 0.0109726265 0.004557091
 0.011063216 0.004594098
 0.011154555 0.0046314006
 0.011246647 0.004669001
 0.0113395 0.0047069015
 0.011433119 0.0047451044
 0.01152751 0.0047836117
 0.011622682 0.004822426
 0.011718639 0.00486155
 0.011815389 0.0049009854
 0.011912937 0.004940735
 0.0120112905 0.0049808016
 0.012110456 0.0050211865
 0.01221044 0.0050618933
 0.01231125 0.0051029236
 0.012412892 0.0051442804
 0.012515373 0.0051859664
 0.0126187 0.0052279835
 0.012722881 0.0052703344
 0.012827921 0.0053130216
 0.012933828 0.005356048
 0.013040611 0.0053994157
 0.013148274 0.005443128
 0.013256826 0.005487187
 0.0133662755 0.005531595
 0.013476627 0.0055763554
 0.013587891 0.0056214705
 0.013700073 0.0056669433
 0.013813181 0.005712776
 0.013927223 0.0057589714
 0.014042206 0.005805533
 0.014158139 0.0058524623
 0.014275029 0.005899763
 0.0143928835 0.005947438
 0.014511712 0.005995489
 0.014631521 0.0060439208
 0.014752319 0.006092734
 0.014874115 0.006141933
 0.014996916 0.0061915205
 0.015120731 0.006241499
 0.015245568 0.006291872
 0.015371435 0.0063426415
 0.015498342 0.006393811
 0.015626296 0.006445384
 0.015755309 0.006497363
 0.015885385 0.006549751
 0.016016534 0.0066025513
 0.016148767 0.0066557666
 0.016282093 0.0067094006
 0.016416518 0.0067634555
 0.016552052 0.0068179355
 0.016688706 0.006872843
 0.016826488 0.0069281813
 0.016965408 0.006983954
 0.017105475 0.007040164
 0.017246699 0.0070968145
 0.017389089 0.0071539087
 0.017532652 0.0072114505
 0.017677402 0.007269442
 0.017823348 0.007327888
 0.017970497 0.007386791
 0.018118862 0.007446154
 0.018268453 0.0075059813
 0.018419277 0.0075662755
 0.018571347 0.0076270406
 0.018724672 0.00768828
 0.018879265 0.007749997
 0.01903513 0.007812195
 0.019192286 0.007874878
 0.019350737 0.007938049
 0.019510498 0.008001711
 0.019671578 0.008065869
 0.019833986 0.008130526
 0.019997736 0.008195686
 0.020162838 0.008261352
 0.020329302 0.008327527
 0.020497141 0.008394216
 0.020666366 0.008461423
 0.020836988 0.008529151
 0.02100902 0.008597404
 0.02118247 0.008666185
 0.021357354 0.008735498
 0.021533681 0.008805348
 0.021711463 0.008875738
 0.021890713 0.008946672
 0.022071443 0.009018154
 0.022253666 0.009090187
 0.022437392 0.009162777
 0.022622636 0.009235926
 0.022809409 0.009309639
 0.022997724 0.00938392
 0.023187594 0.009458772
 0.023379032 0.009534201
 0.02357205 0.00961021
 0.023766661 0.009686802
 0.02396288 0.009763982
 0.024160717 0.009841755
 0.02436019 0.009920125
 0.024561306 0.009999095
 0.024764085 0.01007867
 0.024968538 0.0101588555
 0.02517468 0.010239653
 0.025382522 0.0103210695
 0.025592081 0.010403108
 0.025803369 0.010485772
 0.026016403 0.010569068
 0.026231194 0.010652998
 0.02644776 0.010737569
 0.026666114 0.010822784
 0.02688627 0.010908647
 0.027108243 0.010995164
 0.027332049 0.011082338
 0.027557703 0.011170174
 0.027785221 0.011258677
 0.028014615 0.011347851
 0.028245905 0.011437701
 0.028479105 0.011528232
 0.028714228 0.011619449
 0.028951293 0.011711354
 0.029190317 0.011803955
 0.029431311 0.011897255
 0.029674297 0.011991259
 0.029919289 0.012085972
 0.030166304 0.012181398
 0.030415358 0.012277544
 0.030666467 0.012374412
 0.03091965 0.012472009
 0.031174924 0.01257034
 0.031432305 0.012669408
 0.031691812 0.012769219
 0.031953458 0.012869779
 0.032217268 0.012971091
 0.032483254 0.013073161
 0.032751437 0.013175995
 0.033021834 0.013279596
 0.03329446 0.0133839715
 0.033569343 0.013489125
 0.03384649 0.013595061
 0.034125928 0.013701787
 0.03440767 0.013809307
 0.034691744 0.013917625
 0.03497816 0.014026747
 0.03526694 0.0141366795
 0.035558105 0.014247426
 0.035851672 0.014358994
 0.036147665 0.014471386
 0.036446102 0.014584609
 0.036747 0.014698668
 0.037050385 0.014813569
 0.037356276 0.014929317
 0.03766469 0.015045917
 0.03797565 0.015163375
 0.03828918 0.015281697
 0.038605295 0.015400887
 0.03892402 0.015520951
 0.03924538 0.015641894
 0.03956939 0.015763724
 0.039896075 0.015886445
 0.040225457 0.016010063
 0.04055756 0.016134582
 0.040892404 0.01626001
 0.04123001 0.01638635
 0.041570406 0.01651361
 0.041913614 0.016641796
 0.042259652 0.01677091
 0.04260855 0.016900964
 0.042960327 0.017031958
 0.04331501 0.0171639
 0.043672618 0.017296797
 0.04403318 0.017430652
 0.04439672 0.017565472
 0.04476326 0.017701264
 0.045132827 0.017838035
 0.045505445 0.017975787
 0.045881137 0.018114528
 0.046259936 0.018254263
 0.046641856 0.018395001
 0.047026936 0.018536745
 0.04741519 0.018679501
 0.04780665 0.018823277
 0.048201345 0.018968077
 0.048599295 0.019113908
 0.04900053 0.019260775
 0.049405083 0.019408686
 0.049812973 0.019557646
 0.05022423 0.019707661
 0.05063888 0.019858737
 0.051056955 0.02001088
 0.051478483 0.020164097
 0.05190349 0.020318393
 0.052332006 0.020473775
 0.05276406 0.020630248
 0.053199682 0.020787818
 0.0536389 0.020946495
 0.054081745 0.02110628
 0.054528244 0.021267183
 0.05497843 0.021429209
 0.055432335 0.021592364
 0.055889986 0.021756655
 0.056351416 0.021922085
 0.056816652 0.022088666
 0.057285734 0.022256399
 0.057758685 0.022425292
 0.05823554 0.022595352
 0.058716338 0.022766585
 0.0592011 0.022938997
 0.059689865 0.023112595
 0.06018267 0.023287384
 0.060679536 0.023463372
 0.061180506 0.023640564
 0.061685614 0.023818966
 0.062194895 0.023998585
 0.06270838 0.024179427
 0.0632261 0.024361499
 0.06374809 0.024544807
 0.0642744 0.024729358
 0.06480505 0.024915155
 0.06534008 0.02510221
 0.06587953 0.025290523
 0.06642343 0.025480105
 0.06697183 0.02567096
 0.067524746 0.025863096
 0.068082236 0.026056519
 0.06864432 0.026251232
 0.06921105 0.026447246
 0.06978246 0.026644563
 0.07035859 0.026843194
 0.07093947 0.027043141
 0.07152515 0.027244411
 0.07211566 0.027447013
 0.07271105 0.02765095
 0.07331135 0.027856229
 0.073916614 0.028062858
 0.07452687 0.028270843
 0.07514217 0.028480185
 0.07576254 0.028690897
 0.07638804 0.028902983
 0.0770187 0.029116446
 0.07765457 0.029331297
 0.078295685 0.029547539
 0.0789421 0.029765178
 0.079593845 0.029984219
 0.08025097 0.030204672
 0.08091353 0.03042654
 0.081581555 0.03064983
 0.08225509 0.030874547
 0.08293419 0.031100696
 0.083618894 0.031328287
 0.08430926 0.03155732
 0.08500531 0.031787805
 0.08570712 0.03201975
 0.086414725 0.032253154
 0.08712816 0.032488026
 0.08784749 0.032724373
 0.08857277 0.0329622
 0.08930403 0.03320151
 0.090041324 0.03344231
 0.090784706 0.033684608
 0.09153423 0.03392841
 0.09228993 0.034173716
 0.09305188 0.03442053
 0.093820125 0.034668867
 0.0945947 0.034918725
 0.09537568 0.03517011
 0.0961631 0.035423033
 0.09695703 0.035677493
 0.09775751 0.035933495
 0.098564595 0.036191043
 0.09937835 0.036450148
 0.10019882 0.036710806
 0.10102606 0.03697303
 0.101860136 0.03723682
 0.1027011 0.037502185
 0.103548996 0.037769128
 0.1044039 0.038037647
 0.10526586 0.038307756
 0.106134936 0.038579453
 0.10701119 0.038852744
 0.10789468 0.039127633
 0.10878546 0.039404128
 0.109683596 0.039682224
 0.11058915 0.039961934
 0.11150217 0.040243257
 0.112422734 0.0405262
 0.1133509 0.04081076
 0.11428673 0.041096948
 0.115230285 0.041384764
 0.11618163 0.04167421
 0.11714082 0.041965295
 0.118107945 0.042258013
 0.11908305 0.042552374
 0.120066196 0.04284838
 0.121057466 0.043146025
 0.12205692 0.043445326
 0.12306462 0.043746274
 0.12408065 0.044048876
 0.12510507 0.044353135
 0.12613793 0.04465905
 0.12717932 0.044966623
 0.12822932 0.04527586
 0.12928799 0.045586754
 0.13035539 0.045899313
 0.13143161 0.046213537
 0.13251671 0.046529427
 0.13361077 0.046846986
 0.13471387 0.047166206
 0.13582607 0.047487095
 0.13694745 0.047809653
 0.1380781 0.048133876
 0.13921806 0.04845977
 0.14036746 0.048787322
 0.14152634 0.049116544
 0.14269479 0.049447432
 0.14387287 0.04977998
 0.14506069 0.050114192
 0.14625831 0.050450064
 0.14746583 0.050787594
 0.14868331 0.05112678
 0.14991084 0.05146762
 0.15114851 0.051810108
 0.1523964 0.052154243
 0.15365458 0.052500024
 0.15492316 0.05284744
 0.15620221 0.053196497
 0.15749182 0.05354718
 0.15879206 0.053899493
 0.16010307 0.054253425
 0.16142488 0.054608975
 0.1627576 0.05496613
 0.16410133 0.05532489
 0.16545616 0.055685245
 0.16682217 0.056047186
 0.16819945 0.05641071
 0.16958812 0.05677581
 0.17098823 0.057142474
 0.17239992 0.057510708
 0.17382325 0.057880502
 0.17525835 0.05825186
 0.17670529 0.058624774
 0.17816417 0.058999244
 0.1796351 0.059375264
 0.18111818 0.05975283
 0.18261348 0.060131937
 0.18412115 0.060512584
 0.18564126 0.060894765
 0.18717392 0.061278477
 0.18871923 0.061663713
 0.1902773 0.06205047
 0.19184823 0.06243874
 0.19343214 0.062828526
 0.19502911 0.06321981
 0.19663928 0.063612595
 0.19826274 0.06400687
 0.1998996 0.06440264
 0.20154998 0.06479989
 0.20321397 0.065198615
 0.20489171 0.0655988
 0.2065833 0.066000454
 0.20828886 0.06640357
 0.2100085 0.06680812
 0.21174234 0.06721412
 0.21349049 0.067621544
 0.21525307 0.0680304
 0.2170302 0.068440676
 0.218822 0.06885236
 0.2206286 0.06926544
 0.22245012 0.069679916
 0.22428668 0.07009578
 0.2261384 0.07051302
 0.2280054 0.07093162
 0.22988781 0.07135158
 0.23178577 0.07177289
 0.2336994 0.07219554
 0.23562883 0.07261951
 0.23757419 0.07304481
 0.2395356 0.07347141
 0.24151322 0.073899314
 0.24350716 0.074328505
 0.24551755 0.07475897
 0.24754456 0.0751907
 0.2495883 0.07562369
 0.2516489 0.07605792
 0.2537265 0.07649338
 0.2558213 0.07693007
 0.25793335 0.07736796
 0.26006284 0.07780705
 0.26220995 0.078247316
 0.26437476 0.07868876
 0.26655743 0.079131365
 0.26875815 0.079575114
 0.27097702 0.080019996
 0.27321422 0.080465995
 0.27546987 0.080913104
 0.27774414 0.0813613
 0.28003722 0.08181058
 0.28234923 0.08226092
 0.2846803 0.082712315
 0.28703064 0.08316475
 0.28940037 0.0836182
 0.29178965 0.084072664
 0.29419866 0.08452811
 0.29662758 0.08498454
 0.29907656 0.08544193
 0.30154574 0.08590027
 0.3040353 0.08635954
 0.30654544 0.08681972
 0.30907628 0.0872808
 0.311628 0.08774277
 0.31420082 0.0882056
 0.31679487 0.08866928
 0.31941032 0.08913379
 0.32204738 0.089599125
 0.32470623 0.090065256
 0.327387 0.09053217
 0.33008993 0.09099984
 0.33281514 0.09146827
 0.33556288 0.09193742
 0.3383333 0.09240729
 0.3411266 0.09287786
 0.34394294 0.09334909
 0.34678254 0.09382099
 0.34964558 0.09429352
 0.35253227 0.09476668
 0.35544276 0.09524044
 0.3583773 0.09571477
 0.36133608 0.09618968
 0.3643193 0.09666513
 0.36732712 0.0971411
 0.37035978 0.09761758
 0.37341747 0.09809455
 0.37650043 0.098571986
 0.3796088 0.099049866
 0.38274288 0.09952817
 0.38590282 0.100006886
 0.38908884 0.10048599
 0.39230117 0.10096545
 0.39554 0.101445265
 0.3988056 0.101925395
 0.40209815 0.10240584
 0.4054179 0.10288656
 0.40876502 0.103367545
 0.4121398 0.10384877
 0.41554242 0.10433021
 0.41897315 0.104811855
 0.4224322 0.10529367
 0.42591983 0.10577565
 0.42943624 0.10625775
 0.43298167 0.10673996
 0.43655637 0.10722227
 0.44016057 0.10770464
 0.44379455 0.10818705
 0.44745854 0.10866949
 0.45115277 0.10915192
 0.4548775 0.10963434
 0.45863298 0.110116705
 0.46241945 0.110599
 0.46623722 0.111081205
 0.4700865 0.111563295
 0.47396752 0.11204524
 0.4778806 0.112527035
 0.481826 0.11300864
 0.48580396 0.11349004
 0.48981476 0.113971196
 0.4938587 0.1144521
 0.497936 0.11493273
 0.502047 0.115413055
 0.5061919 0.11589304
 0.510371 0.11637269
 0.51458466 0.11685195
 0.5188331 0.11733081
 0.5231166 0.11780925
 0.5274354 0.118287235
 0.53178996 0.11876474
 0.53618044 0.11924175
 0.54060715 0.11971823
 0.5450704 0.12019416
 0.5495705 0.120669514
 0.5541078 0.121144265
 0.5586825 0.12161839
 0.563295 0.12209185
 0.5679456 0.12256464
 0.5726346 0.12303672
 0.57736224 0.12350807
 0.58212894 0.12397866
 0.58693504 0.12444846
 0.5917808 0.124917455
 0.5966665 0.1253856
 0.60159266 0.12585288
 0.6065594 0.12631927
 0.61156714 0.12678474
 0.6166163 0.12724926
 0.6217071 0.1277128
 0.62683994 0.12817533
 0.6320151 0.12863682
 0.637233 0.12909727
 0.6424941 0.12955661
 0.6477985 0.13001484
 0.65314674 0.13047192
 0.6585391 0.1309278
 0.6639761 0.1313825
 0.66945785 0.13183594
 0.67498493 0.13228811
 0.6805576 0.132739
 0.6861763 0.13318855
 0.69184136 0.13363673
 0.6975533 0.13408352
 0.7033123 0.1345289
 0.70911884 0.13497281
 0.71497333 0.13541524
 0.72087616 0.13585615
 0.72682774 0.1362955
 0.73282844 0.13673326
 0.73887867 0.1371694
 0.7449789 0.1376039
 0.75112945 0.1380367
 0.7573308 0.13846777
 0.76358336 0.13889709
 0.7698875 0.13932462
 0.7762437 0.13975032
 0.7826524 0.14017415
 0.789114 0.14059608
 0.79562896 0.14101607
 0.8021977 0.14143407
 0.8088206 0.14185007
 0.8154983 0.14226402
 0.82223105 0.14267588
 0.8290194 0.14308558
 0.8358638 0.14349315
 0.84276474 0.14389847
 0.8497226 0.14430156
 0.8567379 0.14470236
 0.8638112 0.14510082
 0.87094283 0.14549689
 0.87813336 0.14589055
 0.88538325 0.14628175
 0.892693 0.14667043
 0.9000631 0.14705656
 0.907494 0.1474401
 0.9149863 0.147821
 0.9225405 0.1481992
 0.930157 0.14857467
 0.9378364 0.14894734
 0.9455792 0.14931719
 0.9533859 0.14968416
 0.9612571 0.1500482
 0.9691932 0.15040925
 0.9771949 0.15076727
 0.9852627 0.1511222
 0.993397 0.151474
 1.0015985 0.15182261
 1.0098678 0.15216798
 1.0182053 0.15251005
 1.0266116 0.15284878
 1.0350873 0.15318409
 1.043633 0.15351593
 1.0522493 0.15384427
 1.0609367 0.15416902
 1.0696958 0.15449013
 1.0785272 0.15480754
 1.0874316 0.1551212
 1.0964094 0.15543105
 1.1054614 0.15573701
 1.1145881 0.15603903
 1.1237901 0.15633705
 1.1330682 0.15663101
 1.1424229 0.15692082
 1.1518548 0.15720645
 1.1613644 0.15748781
 1.1709527 0.15776484
 1.1806202 0.15803747
 1.1903673 0.15830564
 1.2001951 0.15856928
 1.2101039 0.1588283
 1.2200946 0.15908265
 1.2301676 0.15933226
 1.240324 0.15957706
 1.2505641 0.15981697
 1.2608888 0.1600519
 1.2712988 0.1602818
 1.2817945 0.1605066
 1.2923771 0.1607262
 1.3030471 0.16094056
 1.313805 0.16114956
 1.3246518 0.16135314
 1.3355882 0.16155125
 1.3466148 0.16174378
 1.3577325 0.16193065
 1.368942 0.16211179
 1.380244 0.16228713
 1.3916394 0.16245657
 1.4031287 0.16262004
 1.414713 0.16277745
 1.4263929 0.16292875
 1.4381692 0.16307381
 1.4500428 0.16321257
 1.4620144 0.16334495
 1.4740849 0.16347085
 1.4862549 0.16359021
 1.4985255 0.16370293
 1.5108973 0.16380893
 1.5233713 0.16390812
 1.5359483 0.16400042
 1.5486292 0.16408575
 1.5614146 0.164164
 1.5743058 0.16423512
 1.5873033 0.164299
 1.6004081 0.16435555
 1.613621 0.1644047
 1.6269431 0.16444635
 1.6403753 0.16448043
 1.6539181 0.16450684
 1.667573 0.1645255
 1.6813405 0.16453633
 1.6952217 0.16453922
 1.7092174 0.1645341
 1.7233288 0.1645209
 1.7375567 0.16449954
 1.751902 0.16446988
 1.7663658 0.1644319
 1.7809489 0.16438548
 1.7956524 0.16433056
 1.8104774 0.16426702
 1.8254247 0.16419482
 1.8404955 0.16411385
 1.8556906 0.16402406
 1.8710113 0.16392532
 1.8864584 0.1638176
 1.902033 0.1637008
 1.9177363 0.16357484
 1.9335692 0.16343966
 1.9495327 0.16329516
 1.9656281 0.1631413
 1.9818563 0.16297796
 1.9982187 0.16280511
 2.014716 0.16262265
 2.0313494 0.16243052
 2.0481205 0.16222866
 2.0650296 0.162017
 2.0820787 0.16179547
 2.0992684 0.161564
 2.1166 0.16132255
 2.1340747 0.16107103
 2.1516936 0.1608094
 2.1694582 0.16053759
 2.187369 0.16025555
 2.2054281 0.15996324
 2.2236362 0.15966058
 2.2419946 0.15934753
 2.2605045 0.15902407
 2.2791674 0.15869011
 2.2979841 0.15834564
 2.3169565 0.1579906
 2.3360853 0.15762496
 2.355372 0.15724868
 2.374818 0.15686171
 2.3944247 0.15646404
 2.414193 0.15605563
 2.4341247 0.15563646
 2.4542208 0.1552065
 2.474483 0.15476573
 2.4949124 0.15431412
 2.5155103 0.15385166
 2.5362785 0.15337835
 2.557218 0.15289417
 2.5783305 0.1523991
 2.5996172 0.15189314
 2.6210797 0.1513763
 2.6427195 0.15084858
 2.664538 0.15030997
 2.6865363 0.14976048
 2.7087164 0.14920014
 2.7310796 0.14862894
 2.7536275 0.14804691
 2.7763615 0.14745407
 2.7992833 0.14685044
 2.8223941 0.14623605
 2.845696 0.14561093
 2.86919 0.14497511
 2.8928783 0.14432864
 2.9167619 0.14367156
 2.9408426 0.1430039
 2.9651225 0.14232571
 2.9896026 0.14163706
 3.0142846 0.140938
 3.0391707 0.14022858
 3.0642622 0.13950887
 3.0895607 0.13877894
 3.1150682 0.13803886
 3.1407864 0.1372887
 3.1667168 0.13652855
 3.1928613 0.13575849
 3.2192216 0.1349786
 3.2457995 0.13418896
 3.272597 0.1333897
 3.2996156 0.13258089
 3.3268573 0.13176264
 3.3543239 0.13093504
 3.3820174 0.13009822
 3.4099393 0.1292523
 3.4380918 0.12839739
 3.466477 0.1275336
 3.4950962 0.12666108
 3.5239518 0.12577993
 3.5530455 0.1248903
 3.5823796 0.123992324
 3.611956 0.123086154
 3.641776 0.12217192
 3.6718428 0.12124978
 3.7021575 0.12031989
 3.7327228 0.11938239
 3.7635403 0.118437454
 3.794612 0.11748524
 3.8259404 0.116525926
 3.8575275 0.11555966
 3.8893754 0.11458664
 3.9214861 0.11360703
 3.953862 0.11262102
 3.9865053 0.11162878
 4.019418 0.11063051
 4.0526023 0.109626405
 4.0860605 0.10861664
 4.1197953 0.10760144
 4.1538086 0.10658098
 4.1881022 0.105555475
 4.2226796 0.104525134
 4.257542 0.10349016
 4.292692 0.102450766
 4.328133 0.10140716
 4.363866 0.10035958
 4.399894 0.09930822
 4.4362197 0.098253325
 4.4728456 0.0971951
 4.5097733 0.096133776
 4.547006 0.09506959
 4.584546 0.09400276
 4.6223965 0.09293353
 4.660559 0.09186213
 4.6990366 0.09078879
 4.737832 0.08971375
 4.7769475 0.088637255
 4.816386 0.087559536
 4.8561506 0.08648084
 4.896243 0.0854014
 4.9366665 0.08432148
 4.9774237 0.0832413
 5.0185175 0.08216111
 5.0599504 0.081081174
 5.1017256 0.08000171
 5.1438456 0.07892299
 5.186313 0.07784524
 5.2291317 0.076768704
 5.2723036 0.075693645
 5.3158317 0.0746203
 5.3597193 0.07354891
 5.4039693 0.072479725
 5.4485846 0.07141299
 5.4935684 0.07034893
 5.5389233 0.06928782
 5.584653 0.06822988
 5.6307597 0.06717534
 5.6772475 0.06612446
 5.7241187 0.06507746
 5.7713776 0.06403459
 5.819026 0.06299607
 5.867068 0.06196213
 5.915507 0.060933005
 5.964345 0.059908923
 6.013587 0.058890104
 6.0632353 0.05787677
 6.1132936 0.05686914
 6.163765 0.05586743
 6.214653 0.05487185
 6.2659616 0.053882614
 6.317693 0.052899923
 6.3698525 0.051923987
 6.422442 0.050954998
 6.475466 0.049993157
 6.528928 0.049038652
 6.5828304 0.048091676
 6.6371784 0.047152404
 6.691975 0.046221025
 6.7472243 0.04529771
 6.8029294 0.044382628
 6.8590946 0.043475952
 6.915724 0.042577837
 6.97282 0.041688442
 7.030388 0.04080792
 7.088431 0.039936423
 7.146953 0.039074086
 7.2059584 0.038221046
 7.265451 0.037377443
 7.3254347 0.0365434
 7.385914 0.035719033
 7.446892 0.034904465
 7.5083737 0.034099806
 7.570363 0.03330516
 7.632864 0.032520626
 7.6958814 0.031746298
 7.7594185 0.030982263
 7.8234806 0.030228607
 7.8880715 0.029485406
 7.9531956 0.02875273
 8.018857 0.028030643
 8.085061 0.027319208
 8.151812 0.026618475
 8.219113 0.025928495
 8.28697 0.025249308
 8.355388 0.024580952
 8.42437 0.023923455
 8.493922 0.023276843
 8.564048 0.022641134
 8.634753 0.02201634
 8.706041 0.021402473
 8.777919 0.020799529
 8.8503895 0.020207508
 8.923459 0.019626398
 8.99713 0.019056182
 9.071411 0.018496845
 9.146305 0.017948356
 9.221817 0.017410684
 9.297953 0.016883794
 9.374717 0.016367646
 9.452115 0.015862187
 9.530151 0.01536737
 9.608833 0.014883136
 9.688164 0.014409425
 9.768149 0.013946167
 9.848795 0.013493294
 9.930107 0.0130507285
 10.012091 0.012618391
 10.09475 0.012196197
 10.178093 0.011784058
 10.262124 0.011381881
 10.346848 0.010989571
 10.432272 0.0106070265
 10.518401 0.010234144
 10.605241 0.009870816
 10.692799 0.009516931
 10.781078 0.009172377
 10.870087 0.008837035
 10.95983 0.008510786
 11.050315 0.008193508
 11.141547 0.007885073
 11.233532 0.007585357
 11.326276 0.0072942264
 11.419786 0.007011551
 11.514069 0.0067371954
 11.609129 0.0064710234
 11.704974 0.0062128976
 11.80161 0.005962678
 11.899045 0.005720224
 11.997284 0.005485393
 12.0963335 0.0052580424
 12.196201 0.0050380267
 12.296893 0.0048252023
 12.3984165 0.0046194224
 12.500778 0.0044205408
 12.603985 0.0042284112
 12.708044 0.0040428867
 12.812962 0.0038638199
 12.918746 0.0036910644
 13.025403 0.003524473
 13.132941 0.0033638994
 13.241367 0.0032091977
 13.350688 0.003060222
 13.460912 0.0029168278
 13.572045 0.0027788712
 13.684096 0.0026462087
 13.797072 0.0025186988
 13.910982 0.0023962
 14.025831 0.002278573
 14.141628 0.0021656794
 14.258382 0.0020573821
 14.3761 0.0019535457
 14.494789 0.0018540368
 14.614459 0.0017587229
 14.735116 0.0016674738
 14.85677 0.0015801612
 14.979427 0.0014966583
 15.103098 0.0014168407
 15.227789 0.001340586
 15.35351 0.0012677736
 15.480269 0.0011982854
 15.608074 0.0011320052
 15.736936 0.0010688194
 15.866859 0.0010086164
 15.997857 0.00095128716
 16.129936 0.00089672464
 16.263105 0.0008448246
 16.397373 0.00079548487
 16.532751 0.000748606
 16.669245 0.00070409063
 16.806868 0.00066184415
 16.945625 0.00062177435
 17.085527 0.0005837913
 17.226587 0.0005478077
 17.36881 0.00051373866
 17.512207 0.0004815017
 17.656788 0.00045101682
 17.802563 0.00042220642
 17.949541 0.00039499532
 18.097733 0.00036931067
 18.247149 0.00034508205
 18.397799 0.00032224137
 18.54969 0.00030072278
 18.702837 0.00028046276
 18.857248 0.00026140007
 19.012934 0.00024347562
 19.169905 0.0002266325
 19.328173 0.00021081598
 19.487747 0.00019597339
 19.648638 0.00018205415
 19.810858 0.00016900965
 19.974417 0.0001567933
  20. 0.
  20. -100000.
  0. -100000.
