  1.215775037524561E-006   30.4755835606837     
  1.226830421750313E-006   30.4755835592850     
  1.237986335693001E-006   30.4755835597489     
  1.249243693497602E-006   30.4755835597472     
  1.260603417621676E-006   30.4755835597453     
  1.272066438910944E-006   30.4755835602092     
  1.283633696675570E-006   30.4755835597416     
  1.295306138767131E-006   30.4755835606711     
  1.307084721656284E-006   30.4755835597378     
  1.318970410511143E-006   30.4755835597358     
  1.330964179276365E-006   30.4755835597338     
  1.343067010752962E-006   30.4755835597318     
  1.355279896678832E-006   30.4755835597297     
  1.367603837810021E-006   30.4755835592619     
  1.380039844002736E-006   30.4755835597254     
  1.392588934296086E-006   30.4755835592575     
  1.405252136995594E-006   30.4755835601866     
  1.418030489757448E-006   30.4755835592530     
  1.430925039673541E-006   30.4755835592507     
  1.443936843357265E-006   30.4755835597140     
  1.457066967030092E-006   30.4755835592459     
  1.470316486608951E-006   30.4755835597091     
  1.483686487794382E-006   30.4755835601723     
  1.497178066159505E-006   30.4755835597041     
  1.510792327239798E-006   30.4755835597015     
  1.524530386623681E-006   30.4755835596989     
  1.538393370043933E-006   30.4755835596962     
  1.552382413469940E-006   30.4755835601591     
  1.566498663200774E-006   30.4755835592250     
  1.580743275959129E-006   30.4755835596878     
  1.595117418986103E-006   30.4755835596849     
  1.609622270136845E-006   30.4755835601477     
  1.624259017977073E-006   30.4755835606103     
  1.639028861880466E-006   30.4755835601416     
  1.653933012126946E-006   30.4755835601385     
  1.668972690001851E-006   30.4755835606010     
  1.684149127896008E-006   30.4755835601321     
  1.699463569406722E-006   30.4755835596632     
  1.714917269439678E-006   30.4755835596599     
  1.730511494311769E-006   30.4755835601221     
  1.746247521854867E-006   30.4755835601187     
  1.762126641520526E-006   30.4755835605808     
  1.778150154485646E-006   30.4755835601116     
  1.794319373759094E-006   30.4755835601079     
  1.810635624289298E-006   30.4755835605698     
  1.827100243072811E-006   30.4755835596347     
  1.843714579263874E-006   30.4755835605622     
  1.860479994284967E-006   30.4755835600926     
  1.877397861938365E-006   30.4755835596229     
  1.894469568518716E-006   30.4755835600845     
  1.911696512926634E-006   30.4755835605460     
  1.929080106783329E-006   30.4755835600762     
  1.946621774546280E-006   30.4755835600719     
  1.964322953625958E-006   30.4755835596018     
  1.982185094503613E-006   30.4755835600630     
  2.000209660850127E-006   30.4755835600585     
  2.018398129645952E-006   30.4755835600539     
  2.036751991302144E-006   30.4755835600492     
  2.055272749782477E-006   30.4755835600444     
  2.073961922726699E-006   30.4755835595738     
  2.092821041574877E-006   30.4755835600345     
  2.111851651692896E-006   30.4755835600294     
  2.131055312499086E-006   30.4755835604900     
  2.150433597592007E-006   30.4755835600191     
  2.169988094879394E-006   30.4755835604794     
  2.189720406708272E-006   30.4755835604740     
  2.209632149996258E-006   30.4755835600027     
  2.229724956364056E-006   30.4755835599971     
  2.250000472269157E-006   30.4755835599913     
  2.270460359140750E-006   30.4755835599855     
  2.291106293515870E-006   30.4755835599795     
  2.311939967176771E-006   30.4755835599735     
  2.332963087289563E-006   30.4755835599673     
  2.354177376544093E-006   30.4755835599610     
  2.375584573295115E-006   30.4755835604203     
  2.397186431704728E-006   30.4755835594824     
  2.418984721886122E-006   30.4755835597086     
  2.440981230048625E-006   30.4755835597019     
  2.463177758644066E-006   30.4755835596950     
  2.485576126514476E-006   30.4755835603865     
  2.508178169041131E-006   30.4755835599137     
  2.530985738294940E-006   30.4755835596736     
  2.554000703188216E-006   30.4755835598990     
  2.577224949627819E-006   30.4755835598915     
  2.600660380669686E-006   30.4755835596510     
  2.624308916674781E-006   30.4755835596431     
  2.648172495466446E-006   30.4755835601009     
  2.672253072489201E-006   30.4755835598599     
  2.696552620968965E-006   30.4755835598517     
  2.721073132074761E-006   30.4755835600761     
  2.745816615081871E-006   30.4755835600675     
  2.770785097536482E-006   30.4755835598260     
  2.795980625421825E-006   30.4755835595843     
  2.821405263325837E-006   30.4755835595753     
  2.847061094610328E-006   30.4755835600317     
  2.872950221581709E-006   30.4755835597895     
  2.899074765663249E-006   30.4755835597800     
  2.925436867568917E-006   30.4755835597703     
  2.952038687478797E-006   30.4755835595276     
  2.978882405216097E-006   30.4755835597503     
  3.005970220425769E-006   30.4755835597401     
  3.033304352754756E-006   30.4755835594968     
  3.060887042033876E-006   30.4755835594862     
  3.088720548461358E-006   30.4755835599410     
  3.116807152788046E-006   30.4755835596972     
  3.145149156504296E-006   30.4755835599188     
  3.173748882028561E-006   30.4755835594417     
  3.202608672897700E-006   30.4755835596629     
  3.231730893959008E-006   30.4755835596510     
  3.261117931564005E-006   30.4755835598718     
  3.290772193763975E-006   30.4755835598595     
  3.320696110507288E-006   30.4755835596142     
  3.350892133838518E-006   30.4755835596014     
  3.381362738099372E-006   30.4755835595884     
  3.412110420131440E-006   30.4755835595752     
  3.443137699480794E-006   30.4755835595618     
  3.474447118604449E-006   30.4755835595481     
  3.506041243078693E-006   30.4755835590685     
  3.537922661809324E-006   30.4755835592871     
  3.570093987243787E-006   30.4755835597383     
  3.602557855585245E-006   30.4755835592579     
  3.635316927008598E-006   30.4755835594758     
  3.668373885878466E-006   30.4755835599262     
  3.701731440969149E-006   30.4755835596778     
  3.735392325686595E-006   30.4755835594291     
  3.769359298292378E-006   30.4755835598787     
  3.803635142129723E-006   30.4755835596294     
  3.838222665851578E-006   30.4755835596127     
  3.873124703650757E-006   30.4755835595957     
  3.908344115492190E-006   30.4755835595783     
  3.943883787347273E-006   30.4755835600264     
  3.979746631430350E-006   30.4755835597756     
  4.015935586437346E-006   30.4755835592916     
  4.052453617786579E-006   30.4755835592730     
  4.089303717861747E-006   30.4755835594868     
  4.126488906257133E-006   30.4755835594675     
  4.164012230025044E-006   30.4755835592150     
  4.201876763925485E-006   30.4755835596606     
  4.240085610678122E-006   30.4755835594074     
  4.278641901216521E-006   30.4755835593866     
  4.317548794944710E-006   30.4755835593655     
  4.356809479996062E-006   30.4755835593440     
  4.396427173494547E-006   30.4755835595549     
  4.436405121818345E-006   30.4755835592997     
  4.476746600865867E-006   30.4755835592770     
  4.517454916324189E-006   30.4755835592538     
  4.558533403939929E-006   30.4755835594631     
  4.599985429792585E-006   30.4755835594390     
  4.641814390570366E-006   30.4755835591818     
  4.684023713848518E-006   30.4755835596225     
  4.726616858370195E-006   30.4755835593644     
  4.769597314329873E-006   30.4755835593386     
  4.812968603659350E-006   30.4755835593123     
  4.856734280316338E-006   30.4755835592855     
  4.900897930575686E-006   30.4755835592582     
  4.945463173323248E-006   30.4755835593469     
  4.990433660352426E-006   30.4755835589694     
  5.035813076663405E-006   30.4755835590571     
  5.081605140765114E-006   30.4755835592606     
  5.127813604979927E-006   30.4755835591143     
  5.174442255751142E-006   30.4755835593168     
  5.221494913953250E-006   30.4755835592859     
  5.268975435205028E-006   30.4755835590215     
  5.316887710185476E-006   30.4755835591059     
  5.365235664952637E-006   30.4755835590732     
  5.414023261265301E-006   30.4755835592728     
  5.463254496907642E-006   30.4755835591225     
  5.512933406016814E-006   30.4755835589716     
  5.563064059413512E-006   30.4755835590529     
  5.613650564935550E-006   30.4755835591336     
  5.664697067774460E-006   30.4755835589808     
  5.716207750815174E-006   30.4755835589437     
  5.768186834978766E-006   30.4755835587895     
  5.820638579568341E-006   30.4755835591003     
  5.873567282618032E-006   30.4755835590612     
  5.926977281245215E-006   30.4755835589049     
  5.980872952005890E-006   30.4755835588643     
  6.035258711253311E-006   30.4755835587066     
  6.090139015499875E-006   30.4755835588973     
  6.145518361782295E-006   30.4755835586216     
  6.201401288030110E-006   30.4755835588108     
  6.257792373437524E-006   30.4755835589992     
  6.314696238838641E-006   30.4755835588376     
  6.372117547086107E-006   30.4755835586751     
  6.430061003433205E-006   30.4755835587446     
  6.488531355919403E-006   30.4755835588133     
  6.547533395759427E-006   30.4755835587646     
  6.607071957735868E-006   30.4755835585987     
  6.667151920595352E-006   30.4755835585482     
  6.727778207448322E-006   30.4755835586133     
  6.788955786172447E-006   30.4755835585610     
  6.850689669819703E-006   30.4755835583913     
  6.912984917027163E-006   30.4755835584535     
  6.975846632431499E-006   30.4755835585147     
  7.039279967087289E-006   30.4755835583421     
  7.103290118889093E-006   30.4755835584013     
  7.167882332997389E-006   30.4755835583430     
  7.233061902268377E-006   30.4755835582836     
  7.298834167687678E-006   30.4755835583396     
  7.365204518808008E-006   30.4755835583945     
  7.432178394190792E-006   30.4755835582154     
  7.499761281851830E-006   30.4755835583844     
  7.567958719710984E-006   30.4755835582030     
  7.636776296045988E-006   30.4755835579040     
  7.706219649950349E-006   30.4755835581859     
  7.776294471795441E-006   30.4755835581173     
  7.847006503696785E-006   30.4755835581638     
  7.918361539984566E-006   30.4755835582091     
  7.990365427678453E-006   30.4755835581366     
  8.063024066966700E-006   30.4755835579465     
  8.136343411689639E-006   30.4755835578714     
  8.210329469827537E-006   30.4755835577949     
  8.284988303992923E-006   30.4755835578334     
  8.360326031927360E-006   30.4755835577541     
  8.436348827002760E-006   30.4755835577898     
  8.513062918727238E-006   30.4755835575911     
  8.590474593255582E-006   30.4755835577402     
  8.668590193904344E-006   30.4755835577714     
  8.747416121671649E-006   30.4755835575682     
  8.826958835761685E-006   30.4755835575962     
  8.907224854114010E-006   30.4755835575062     
  8.988220753937634E-006   30.4755835575309     
  9.069953172249977E-006   30.4755835574376     
  9.152428806420727E-006   30.4755835573425     
  9.235654414720636E-006   30.4755835573622     
  9.319636816875310E-006   30.4755835572636     
  9.404382894624042E-006   30.4755835572797     
  9.489899592283712E-006   30.4755835571775     
  9.576193917317826E-006   30.4755835571317     
  9.663272940910726E-006   30.4755835570840     
  9.751143798547024E-006   30.4755835570343     
  9.839813690596293E-006   30.4755835569244     
  9.929289882903098E-006   30.4755835569872     
  1.001957970738237E-005   30.4755835569315     
  1.011069056262019E-005   30.4755835568737     
  1.020262991448010E-005   30.4755835566974     
  1.029540529671478E-005   30.4755835567518     
  1.038902431158350E-005   30.4755835565711     
  1.048349463047497E-005   30.4755835565628     
  1.057882399453602E-005   30.4755835565523     
  1.067502021530589E-005   30.4755835563648     
  1.077209117535634E-005   30.4755835563495     
  1.087004482893758E-005   30.4755835562155     
  1.096888920263005E-005   30.4755835563118     
  1.106863239600215E-005   30.4755835561146     
  1.116928258227392E-005   30.4755835562059     
  1.127084800898679E-005   30.4755835559453     
  1.137333699867941E-005   30.4755835559732     
  1.147675794956962E-005   30.4755835558237     
  1.158111933624259E-005   30.4755835557298     
  1.168642971034531E-005   30.4755835557494     
  1.179269770128726E-005   30.4755835556499     
  1.189993201694761E-005   30.4755835556056     
  1.200814144438869E-005   30.4755835555002     
  1.211733485057607E-005   30.4755835553918     
  1.222752118310513E-005   30.4755835553386     
  1.233870947093426E-005   30.4755835551659     
  1.245090882512470E-005   30.4755835551064     
  1.256412843958712E-005   30.4755835550437     
  1.267837759183501E-005   30.4755835550360     
  1.279366564374492E-005   30.4755835549085     
  1.291000204232356E-005   30.4755835547194     
  1.302739632048191E-005   30.4755835546432     
  1.314585809781641E-005   30.4755835546218     
  1.326539708139719E-005   30.4755835544803     
  1.338602306656351E-005   30.4755835544517     
  1.350774593772639E-005   30.4755835543028     
  1.363057566917857E-005   30.4755835541503     
  1.375452232591186E-005   30.4755835539938     
  1.387959606444186E-005   30.4755835539499     
  1.400580713364022E-005   30.4755835537855     
  1.413316587557445E-005   30.4755835537335     
  1.426168272635542E-005   30.4755835536191     
  1.439136821699245E-005   30.4755835534424     
  1.452223297425633E-005   30.4755835533195     
  1.465428772155003E-005   30.4755835532505     
  1.478754327978746E-005   30.4755835530024     
  1.492201056828012E-005   30.4755835530408     
  1.505770060563190E-005   30.4755835529000     
  1.519462451064195E-005   30.4755835528126     
  1.533279350321579E-005   30.4755835526623     
  1.547221890528467E-005   30.4755835525071     
  1.561291214173337E-005   30.4755835524052     
  1.575488474133635E-005   30.4755835522400     
  1.589814833770247E-005   30.4755835521278     
  1.604271467022824E-005   30.4755835520104     
  1.618859558505982E-005   30.4755835517713     
  1.633580303606371E-005   30.4755835516431     
  1.648434908580628E-005   30.4755835515095     
  1.663424590654220E-005   30.4755835513119     
  1.678550578121186E-005   30.4755835511087     
  1.693814110444791E-005   30.4755835510160     
  1.709216438359087E-005   30.4755835508592     
  1.724758823971400E-005   30.4755835506963     
  1.740442540865757E-005   30.4755835504690     
  1.756268874207238E-005   30.4755835502937     
  1.772239120847294E-005   30.4755835501701     
  1.788354589430009E-005   30.4755835500401     
  1.804616600499336E-005   30.4755835497870     
  1.821026486607307E-005   30.4755835495272     
  1.837585592423220E-005   30.4755835494351     
  1.854295274843834E-005   30.4755835492196     
  1.871156903104549E-005   30.4755835490552     
  1.888171858891607E-005   30.4755835488253     
  1.905341536455314E-005   30.4755835485881     
  1.922667342724283E-005   30.4755835484015     
  1.940150697420726E-005   30.4755835482072     
  1.957793033176788E-005   30.4755835479761     
  1.975595795651941E-005   30.4755835477661     
  1.993560443651446E-005   30.4755835475771     
  2.011688449245888E-005   30.4755835473508     
  2.029981297891806E-005   30.4755835471161     
  2.048440488553410E-005   30.4755835468146     
  2.067067533825417E-005   30.4755835466209     
  2.085863960056990E-005   30.4755835463600     
  2.104831307476815E-005   30.4755835461193     
  2.123971130319311E-005   30.4755835458403     
  2.143284996951986E-005   30.4755835456102     
  2.162774490003957E-005   30.4755835453414     
  2.182441206495631E-005   30.4755835450629     
  2.202286757969570E-005   30.4755835448328     
  2.222312770622546E-005   30.4755835445635     
  2.242520885438798E-005   30.4755835442839     
  2.262912758324492E-005   30.4755835439358     
  2.283490060243416E-005   30.4755835436352     
  2.304254477353902E-005   30.4755835433238     
  2.325207711146994E-005   30.4755835430306     
  2.346351478585873E-005   30.4755835427552     
  2.367687512246545E-005   30.4755835424393     
  2.389217560459821E-005   30.4755835421117     
  2.410943387454574E-005   30.4755835417724     
  2.432866773502306E-005   30.4755835414210     
  2.454989515063029E-005   30.4755835410864     
  2.477313424932471E-005   30.4755835407685     
  2.499840332390619E-005   30.4755835404087     
  2.522572083351621E-005   30.4755835400942     
  2.545510540515038E-005   30.4755835397083     
  2.568657583518483E-005   30.4755835393380     
  2.592015109091644E-005   30.4755835389541     
  2.615585031211701E-005   30.4755835385562     
  2.639369281260170E-005   30.4755835382024     
  2.663369808181163E-005   30.4755835378050     
  2.687588578641086E-005   30.4755835373056     
  2.712027577189795E-005   30.4755835369077     
  2.736688806423221E-005   30.4755835365527     
  2.761574287147457E-005   30.4755835360658     
  2.786686058544356E-005   30.4755835356213     
  2.812026178338625E-005   30.4755835352189     
  2.837596722966443E-005   30.4755835348001     
  2.863399787745601E-005   30.4755835343064     
  2.889437487047208E-005   30.4755835338248     
  2.915711954468944E-005   30.4755835333550     
  2.942225343009892E-005   30.4755835328385     
  2.968979825246959E-005   30.4755835323913     
  2.995977593512907E-005   30.4755835318677     
  3.023220860075995E-005   30.4755835313546     
  3.050711857321260E-005   30.4755835308225     
  3.078452837933444E-005   30.4755835303003     
  3.106446075081582E-005   30.4755835297584     
  3.134693862605278E-005   30.4755835291965     
  3.163198515202662E-005   30.4755835286142     
  3.191962368620065E-005   30.4755835280403     
  3.220987779843418E-005   30.4755835274744     
  3.250277127291385E-005   30.4755835268869     
  3.279832811010261E-005   30.4755835262776     
  3.309657252870638E-005   30.4755835256751     
  3.339752896765854E-005   30.4755835250207     
  3.370122208812262E-005   30.4755835244015     
  3.400767677551299E-005   30.4755835237296     
  3.431691814153412E-005   30.4755835231211     
  3.462897152623827E-005   30.4755835224299     
  3.494386250010190E-005   30.4755835216848     
  3.526161686612102E-005   30.4755835210016     
  3.558226066192552E-005   30.4755835203218     
  3.590582016191280E-005   30.4755835195867     
  3.623232187940073E-005   30.4755835188539     
  3.656179256880021E-005   30.4755835180649     
  3.689425922780758E-005   30.4755835173354     
  3.722974909961676E-005   30.4755835165777     
  3.756828967515173E-005   30.4755835157331     
  3.790990869531917E-005   30.4755835149465     
  3.825463415328160E-005   30.4755835141447     
  3.860249429675125E-005   30.4755835132689     
  3.895351763030475E-005   30.4755835124350     
  3.930773291771884E-005   30.4755835115696     
  3.966516918432738E-005   30.4755835107013     
  4.002585571939975E-005   30.4755835097713     
  4.038982207854088E-005   30.4755835088517     
  4.075709808611315E-005   30.4755835079420     
  4.112771383768023E-005   30.4755835069833     
  4.150169970247322E-005   30.4755835060186     
  4.187908632587916E-005   30.4755835050182     
  4.225990463195226E-005   30.4755835040397     
  4.264418582594776E-005   30.4755835030096     
  4.303196139687917E-005   30.4755835019709     
  4.342326312009836E-005   30.4755835009084     
  4.381812305989947E-005   30.4755834998214     
  4.421657357214622E-005   30.4755834987382     
  4.461864730692338E-005   30.4755834975999     
  4.502437721121202E-005   30.4755834964786     
  4.543379653158946E-005   30.4755834953007     
  4.584693881695344E-005   30.4755834941092     
  4.626383792127128E-005   30.4755834929322     
  4.668452800635395E-005   30.4755834916964     
  4.710904354465535E-005   30.4755834904299     
  4.753741932209709E-005   30.4755834891902     
  4.796969044091900E-005   30.4755834878891     
  4.840589232255539E-005   30.4755834865839     
  4.884606071053764E-005   30.4755834852302     
  4.929023167342313E-005   30.4755834838416     
  4.973844160775074E-005   30.4755834824462     
  5.019072724102335E-005   30.4755834810433     
  5.064712563471734E-005   30.4755834796027     
  5.110767418731948E-005   30.4755834781380     
  5.157241063739154E-005   30.4755834766483     
  5.204137306666261E-005   30.4755834750888     
  5.251459990314965E-005   30.4755834735752     
  5.299212992430642E-005   30.4755834719898     
  5.347400226020093E-005   30.4755834703607     
  5.396025639672192E-005   30.4755834687306     
  5.445093217881440E-005   30.4755834670693     
  5.494606981374467E-005   30.4755834653901     
  5.544570987439503E-005   30.4755834636192     
  5.594989330258837E-005   30.4755834619011     
  5.645866141244312E-005   30.4755834601035     
  5.697205589375860E-005   30.4755834582689     
  5.749011881543115E-005   30.4755834563962     
  5.801289262890149E-005   30.4755834545277     
  5.854042017163315E-005   30.4755834525895     
  5.907274467062279E-005   30.4755834506238     
  5.960990974594233E-005   30.4755834486441     
  6.015195941431323E-005   30.4755834466052     
  6.069893809271341E-005   30.4755834445060     
  6.125089060201679E-005   30.4755834424030     
  6.180786217066619E-005   30.4755834402369     
  6.236989843837927E-005   30.4755834380789     
  6.293704545988859E-005   30.4755834358403     
  6.350934970871526E-005   30.4755834335923     
  6.408685808097723E-005   30.4755834312608     
  6.466961789923196E-005   30.4755834289168     
  6.525767691635434E-005   30.4755834265298     
  6.585108331944947E-005   30.4755834240837     
  6.644988573380143E-005   30.4755834216058     
  6.705413322685762E-005   30.4755834190656     
  6.766387531224957E-005   30.4755834164904     
  6.827916195385015E-005   30.4755834138930     
  6.890004356986783E-005   30.4755834112135     
  6.952657103697793E-005   30.4755834085084     
  7.015879569449178E-005   30.4755834057176     
  7.079676934856344E-005   30.4755834029122     
  7.144054427643494E-005   30.4755834000610     
  7.209017323071993E-005   30.4755833971041     
  7.274570944372642E-005   30.4755833941413     
  7.340720663181872E-005   30.4755833910979     
  7.407471899981926E-005   30.4755833880156     
  7.474830124545004E-005   30.4755833848922     
  7.542800856381487E-005   30.4755833816968     
  7.611389665192219E-005   30.4755833784416     
  7.680602171324893E-005   30.4755833751027     
  7.750444046234606E-005   30.4755833717361     
  7.820921012948598E-005   30.4755833682814     
  7.892038846535194E-005   30.4755833647800     
  7.963803374577039E-005   30.4755833612076     
  8.036220477648639E-005   30.4755833575838     
  8.109296089798202E-005   30.4755833538844     
  8.183036199033911E-005   30.4755833501214     
  8.257446847814592E-005   30.4755833462924     
  8.332534133544848E-005   30.4755833423947     
  8.408304209074692E-005   30.4755833384187     
  8.484763283203734E-005   30.4755833343616     
  8.561917621189949E-005   30.4755833302426     
  8.639773545263061E-005   30.4755833260517     
  8.718337435142599E-005   30.4755833217715     
  8.797615728560690E-005   30.4755833174211     
  8.877614921789557E-005   30.4755833129757     
  8.958341570173859E-005   30.4755833084762     
  9.039802288667844E-005   30.4755833038684     
  9.122003752377400E-005   30.4755832991932     
  9.204952697107028E-005   30.4755832944255     
  9.288655919911796E-005   30.4755832895768     
  9.373120279654303E-005   30.4755832846365     
  9.458352697566714E-005   30.4755832796160     
  9.544360157817901E-005   30.4755832744829     
  9.631149708085756E-005   30.4755832692773     
  9.718728460134677E-005   30.4755832639595     
  9.807103590398340E-005   30.4755832585405     
  9.896282340567751E-005   30.4755832530385     
  9.986272018184645E-005   30.4755832474354     
  1.007707999724029E-004   30.4755832417274     
  1.016871371877974E-004   30.4755832359036     
  1.026118069151154E-004   30.4755832299964     
  1.035448849242306E-004   30.4755832239583     
  1.044864476740132E-004   30.4755832178143     
  1.054365723185956E-004   30.4755832115677     
  1.063953367136943E-004   30.4755832052071     
  1.073628194229899E-004   30.4755831987210     
  1.083390997245644E-004   30.4755831921197     
  1.093242576173978E-004   30.4755831853988     
  1.103183738279234E-004   30.4755831785538     
  1.113215298166424E-004   30.4755831715875     
  1.123338077847995E-004   30.4755831644808     
  1.133552906811184E-004   30.4755831572653     
  1.143860622085987E-004   30.4755831499072     
  1.154262068313750E-004   30.4755831424160     
  1.164758097816382E-004   30.4755831347870     
  1.175349570666190E-004   30.4755831270077     
  1.186037354756366E-004   30.4755831191022     
  1.196822325872095E-004   30.4755831110579     
  1.207705367762324E-004   30.4755831028476     
  1.218687372212178E-004   30.4755830944878     
  1.229769239116034E-004   30.4755830859875     
  1.240951876551263E-004   30.4755830773337     
  1.252236200852637E-004   30.4755830685064     
  1.263623136687419E-004   30.4755830595285     
  1.275113617131132E-004   30.4755830503871     
  1.286708583744015E-004   30.4755830410905     
  1.298408986648180E-004   30.4755830316109     
  1.310215784605467E-004   30.4755830219491     
  1.322129945096006E-004   30.4755830121207     
  1.334152444397497E-004   30.4755830021046     
  1.346284267665207E-004   30.4755829919086     
  1.358526409012696E-004   30.4755829815335     
  1.370879871593279E-004   30.4755829709650     
  1.383345667682227E-004   30.4755829602034     
  1.395924818759712E-004   30.4755829492415     
  1.408618355594515E-004   30.4755829381013     
  1.421427318328487E-004   30.4755829267318     
  1.434352756561779E-004   30.4755829151544     
  1.447395729438854E-004   30.4755829033616     
  1.460557305735272E-004   30.4755828913746     
  1.473838563945269E-004   30.4755828791638     
  1.487240592370134E-004   30.4755828667210     
  1.500764489207386E-004   30.4755828540598     
  1.514411362640759E-004   30.4755828411573     
  1.528182330931018E-004   30.4755828280195     
  1.542078522507584E-004   30.4755828146523     
  1.556101076061006E-004   30.4755828010287     
  1.570251140636266E-004   30.4755827871723     
  1.584529875726934E-004   30.4755827730486     
  1.598938451370181E-004   30.4755827586664     
  1.613478048242657E-004   30.4755827440308     
  1.628149857757236E-004   30.4755827291211     
  1.642955082160641E-004   30.4755827139458     
  1.657894934631968E-004   30.4755826984874     
  1.672970639382087E-004   30.4755826827466     
  1.688183431753964E-004   30.4755826667132     
  1.703534558323884E-004   30.4755826503945     
  1.719025277003603E-004   30.4755826337727     
  1.734656857143421E-004   30.4755826168584     
  1.750430579636197E-004   30.4755825996261     
  1.766347737022308E-004   30.4755825820751     
  1.782409633595568E-004   30.4755825642085     
  1.798617585510096E-004   30.4755825460181     
  1.814972920888173E-004   30.4755825274845     
  1.831476979929071E-004   30.4755825086246     
  1.848131115018867E-004   30.4755824894187     
  1.864936690841269E-004   30.4755824698541     
  1.881895084489433E-004   30.4755824499432     
  1.899007685578814E-004   30.4755824296621     
  1.916275896361030E-004   30.4755824090009     
  1.933701131838766E-004   30.4755823879787     
  1.951284819881726E-004   30.4755823665671     
  1.969028401343633E-004   30.4755823447591     
  1.986933330180300E-004   30.4755823225623     
  2.005001073568766E-004   30.4755822999509     
  2.023233112027527E-004   30.4755822769283     
  2.041630939537847E-004   30.4755822534828     
  2.060196063666181E-004   30.4755822296136     
  2.078930005687714E-004   30.4755822053120     
  2.097834300711011E-004   30.4755821805584     
  2.116910497803809E-004   30.4755821553546     
  2.136160160119957E-004   30.4755821296985     
  2.155584865027499E-004   30.4755821035549     
  2.175186204237932E-004   30.4755820769574     
  2.194965783936631E-004   30.4755820498559     
  2.214925224914468E-004   30.4755820222650     
  2.235066162700622E-004   30.4755819941701     
  2.255390247696596E-004   30.4755819655601     
  2.275899145311462E-004   30.4755819364304     
  2.296594536098321E-004   30.4755819067654     
  2.317478115892019E-004   30.4755818765639     
  2.338551595948103E-004   30.4755818458020     
  2.359816703083049E-004   30.4755818144778     
  2.381275179815760E-004   30.4755817825849     
  2.402928784510353E-004   30.4755817501133     
  2.424779291520245E-004   30.4755817170488     
  2.446828491333547E-004   30.4755816833768     
  2.469078190719783E-004   30.4755816490894     
  2.491530212877937E-004   30.4755816141751     
  2.514186397585858E-004   30.4755815786289     
  2.537048601351011E-004   30.4755815424273     
  2.560118697562602E-004   30.4755815055609     
  2.583398576645096E-004   30.4755814680198     
  2.606890146213119E-004   30.4755814298048     
  2.630595331227770E-004   30.4755813908833     
  2.654516074154362E-004   30.4755813512477     
  2.678654335121592E-004   30.4755813109009     
  2.703012092082159E-004   30.4755812698054     
  2.727591340974838E-004   30.4755812279558     
  2.752394095888041E-004   30.4755811853498     
  2.777422389224850E-004   30.4755811419630     
  2.802678271869560E-004   30.4755810977849     
  2.828163813355733E-004   30.4755810527971     
  2.853881102035782E-004   30.4755810069881     
  2.879832245252096E-004   30.4755809603386     
  2.906019369509720E-004   30.4755809128467     
  2.932444620650607E-004   30.4755808644811     
  2.959110164029456E-004   30.4755808152317     
  2.986018184691143E-004   30.4755807650767     
  3.013170887549774E-004   30.4755807140122     
  3.040570497569354E-004   30.4755806620188     
  3.068219259946117E-004   30.4755806090678     
  3.096119440292494E-004   30.4755805551513     
  3.124273324822766E-004   30.4755805002501     
  3.152683220540408E-004   30.4755804443461     
  3.181351455427121E-004   30.4755803874168     
  3.210280378633601E-004   30.4755803294520     
  3.239472360672031E-004   30.4755802704260     
  3.268929793610327E-004   30.4755802103234     
  3.298655091268153E-004   30.4755801491190     
  3.328650689414711E-004   30.4755800867979     
  3.358919045968340E-004   30.4755800233388     
  3.389462641197920E-004   30.4755799587199     
  3.420283977926113E-004   30.4755798929219     
  3.451385581734453E-004   30.4755798259179     
  3.482770001170293E-004   30.4755797576943     
  3.514439807955649E-004   30.4755796882226     
  3.546397597197925E-004   30.4755796174785     
  3.578645987602564E-004   30.4755795454444     
  3.611187621687640E-004   30.4755794720945     
  3.644025166000382E-004   30.4755793973967     
  3.677161311335683E-004   30.4755793213452     
  3.710598772956593E-004   30.4755792438989     
  3.744340290816809E-004   30.4755791650374     
  3.778388629785201E-004   30.4755790847378     
  3.812746579872366E-004   30.4755790029669     
  3.847416956459252E-004   30.4755789197017     
  3.882402600527859E-004   30.4755788349216     
  3.917706378894034E-004   30.4755787485851     
  3.953331184442387E-004   30.4755786606734     
  3.989279936363341E-004   30.4755785711556     
  4.025555580392338E-004   30.4755784800015     
  4.062161089051221E-004   30.4755783871820     
  4.099099461891809E-004   30.4755782926665     
  4.136373725741689E-004   30.4755781964254     
  4.173986934952244E-004   30.4755780984203     
  4.211942171648931E-004   30.4755779986302     
  4.250242545983840E-004   30.4755778970147     
  4.288891196390549E-004   30.4755777935446     
  4.327891289841297E-004   30.4755776881790     
  4.367246022106489E-004   30.4755775808935     
  4.406958618016569E-004   30.4755774716464     
  4.447032331726273E-004   30.4755773604018     
  4.487470446981279E-004   30.4755772471226     
  4.528276277387288E-004   30.4755771317756     
  4.569453166681551E-004   30.4755770143175     
  4.611004489006858E-004   30.4755768947178     
  4.652933649188031E-004   30.4755767729321     
  4.695244083010922E-004   30.4755766489179     
  4.737939257503948E-004   30.4755765226389     
  4.781022671222190E-004   30.4755763940533     
  4.824497854534075E-004   30.4755762631180     
  4.868368369910662E-004   30.4755761297919     
  4.912637812217563E-004   30.4755759940233     
  4.957309809009507E-004   30.4755758557751     
  5.002388020827607E-004   30.4755757150087     
  5.047876141499301E-004   30.4755755716619     
  5.093777898441038E-004   30.4755754256964     
  5.140097052963713E-004   30.4755752770667     
  5.186837400580879E-004   30.4755751257217     
  5.234002771319760E-004   30.4755749716087     
  5.281597030035097E-004   30.4755748146768     
  5.329624076725841E-004   30.4755746548822     
  5.378087846854723E-004   30.4755744921648     
  5.426992311670754E-004   30.4755743264734     
  5.476341478534621E-004   30.4755741577585     
  5.526139391247072E-004   30.4755739859541     
  5.576390130380271E-004   30.4755738110139     
  5.627097813612172E-004   30.4755736328767     
  5.678266596063931E-004   30.4755734514813     
  5.729900670640391E-004   30.4755732667769     
  5.782004268373657E-004   30.4755730786958     
  5.834581658769797E-004   30.4755728871776     
  5.887637150158699E-004   30.4755726921555     
  5.941175090047109E-004   30.4755724935698     
  5.995199865474868E-004   30.4755722913584     
  6.049715903374407E-004   30.4755720854512     
  6.104727670933500E-004   30.4755718757813     
  6.160239675961312E-004   30.4755716622773     
  6.216256467257786E-004   30.4755714448719     
  6.272782634986383E-004   30.4755712234976     
  6.329822811050205E-004   30.4755709980737     
  6.387381669471559E-004   30.4755707685330     
  6.445463926774944E-004   30.4755705347948     
  6.504074342373549E-004   30.4755702967854     
  6.563217718959240E-004   30.4755700544275     
  6.622898902896112E-004   30.4755698076402     
  6.683122784617611E-004   30.4755695563449     
  6.743894299027270E-004   30.4755693004564     
  6.805218425903086E-004   30.4755690398883     
  6.867100190305580E-004   30.4755687745603     
  6.929544662989560E-004   30.4755685043853     
  6.992556960819628E-004   30.4755682292719     
  7.056142247189482E-004   30.4755679491301     
  7.120305732445008E-004   30.4755676638686     
  7.185052674311232E-004   30.4755673733942     
  7.250388378323147E-004   30.4755670776114     
  7.316318198260474E-004   30.4755667764220     
  7.382847536586357E-004   30.4755664697278     
  7.449981844890053E-004   30.4755661574309     
  7.517726624333656E-004   30.4755658394247     
  7.586087426102871E-004   30.4755655156074     
  7.655069851861897E-004   30.4755651858722     
  7.724679554212442E-004   30.4755648501113     
  7.794922237156906E-004   30.4755645082137     
  7.865803656565791E-004   30.4755641600690     
  7.937329620649345E-004   30.4755638055589     
  8.009505990433503E-004   30.4755634445702     
  8.082338680240165E-004   30.4755630769842     
  8.155833658171812E-004   30.4755627026818     
  8.229996946600566E-004   30.4755623215392     
  8.304834622661668E-004   30.4755619334274     
  8.380352818751463E-004   30.4755615382254     
  8.456557723029893E-004   30.4755611357975     
  8.533455579927584E-004   30.4755607260187     
  8.611052690657523E-004   30.4755603087473     
  8.689355413731400E-004   30.4755598838514     
  8.768370165480636E-004   30.4755594511874     
  8.848103420582162E-004   30.4755590106186     
  8.928561712588962E-004   30.4755585619975     
  9.009751634465457E-004   30.4755581051769     
  9.091679839127747E-004   30.4755576400048     
  9.174353039988768E-004   30.4755571663322     
  9.257778011508408E-004   30.4755566840016     
  9.341961589748620E-004   30.4755561928570     
  9.426910672933596E-004   30.4755556927339     
  9.512632222015017E-004   30.4755551834701     
  9.599133261242453E-004   30.4755546648993     
  9.686420878738951E-004   30.4755541368486     
  9.774502227081854E-004   30.4755535991495     
  9.863384523888907E-004   30.4755530516219     
  9.953075052409673E-004   30.4755524940843     
  1.004358116212235E-003   30.4755519263582     
  1.013491026933603E-003   30.4755513482560     
  1.022706985779836E-003   30.4755507595866     
  1.032006747930882E-003   30.4755501601576     
  1.041391075433752E-003   30.4755495497692     
  1.050860737264966E-003   30.4755489282282     
  1.060416509393564E-003   30.4755482953250     
  1.070059174844687E-003   30.4755476508525     
  1.079789523763749E-003   30.4755469946020     
  1.089608353481175E-003   30.4755463263566     
  1.099516468577740E-003   30.4755456458956     
  1.109514680950499E-003   30.4755449529951     
  1.119603809879314E-003   30.4755442474319     
  1.129784682093992E-003   30.4755435289709     
  1.140058131842022E-003   30.4755427973773     
  1.150425000956944E-003   30.4755420524109     
  1.160886138927326E-003   30.4755412938257     
  1.171442402966373E-003   30.4755405213772     
  1.182094658082173E-003   30.4755397348068     
  1.192843777148572E-003   30.4755389338606     
  1.203690640976707E-003   30.4755381182723     
  1.214636138387178E-003   30.4755372877753     
  1.225681166282878E-003   30.4755364420976     
  1.236826629722492E-003   30.4755355809610     
  1.248073441994658E-003   30.4755347040835     
  1.259422524692804E-003   30.4755338111756     
  1.270874807790667E-003   30.4755329019470     
  1.282431229718495E-003   30.4755319760960     
  1.294092737439948E-003   30.4755310333223     
  1.305860286529691E-003   30.4755300733138     
  1.317734841251699E-003   30.4755290957551     
  1.329717374638271E-003   30.4755281003273     
  1.341808868569760E-003   30.4755270867018     
  1.354010313855036E-003   30.4755260545472     
  1.366322710312672E-003   30.4755250035243     
  1.378747066852870E-003   30.4755239332870     
  1.391284401560139E-003   30.4755228434846     
  1.403935741776714E-003   30.4755217337600     
  1.416702124186745E-003   30.4755206037490     
  1.429584594901240E-003   30.4755194530800     
  1.442584209543789E-003   30.4755182813745     
  1.455702033337064E-003   30.4755170882478     
  1.468939141190107E-003   30.4755158733102     
  1.482296617786410E-003   30.4755146361603     
  1.495775557672796E-003   30.4755133763945     
  1.509377065349111E-003   30.4755120935967     
  1.523102255358726E-003   30.4755107873477     
  1.536952252379874E-003   30.4755094572166     
  1.550928191317798E-003   30.4755081027690     
  1.565031217397754E-003   30.4755067235576     
  1.579262486258857E-003   30.4755053191310     
  1.593623164048769E-003   30.4755038890278     
  1.608114427519263E-003   30.4755024327791     
  1.622737464122647E-003   30.4755009499052     
  1.637493472109064E-003   30.4754994399208     
  1.652383660624685E-003   30.4754979023290     
  1.667409249810786E-003   30.4754963366244     
  1.682571470903732E-003   30.4754947422935     
  1.697871566335864E-003   30.4754931188136     
  1.713310789837312E-003   30.4754914656488     
  1.728890406538725E-003   30.4754897822601     
  1.744611693074942E-003   30.4754880680914     
  1.760475937689599E-003   30.4754863225816     
  1.776484440340697E-003   30.4754845451562     
  1.792638512807117E-003   30.4754827352312     
  1.808939478796118E-003   30.4754808922129     
  1.825388674051798E-003   30.4754790154972     
  1.841987446464553E-003   30.4754771044653     
  1.858737156181526E-003   30.4754751584908     
  1.875639175718059E-003   30.4754731769345     
  1.892694890070162E-003   30.4754711591448     
  1.909905696828005E-003   30.4754691044593     
  1.927273006290435E-003   30.4754670122028     
  1.944798241580546E-003   30.4754648816886     
  1.962482838762289E-003   30.4754627122171     
  1.980328246958149E-003   30.4754605030738     
  1.998335928467888E-003   30.4754582535350     
  2.016507358888371E-003   30.4754559628611     
  2.034844027234481E-003   30.4754536302982     
  2.053347436061133E-003   30.4754512550809     
  2.072019101586393E-003   30.4754488364301     
  2.090860553815727E-003   30.4754463735497     
  2.109873336667370E-003   30.4754438656301     
  2.129059008098839E-003   30.4754413118486     
  2.148419140234597E-003   30.4754387113652     
  2.167955319494877E-003   30.4754360633266     
  2.187669146725678E-003   30.4754333668607     
  2.207562237329941E-003   30.4754306210836     
  2.227636221399918E-003   30.4754278250907     
  2.247892743850751E-003   30.4754249779660     
  2.268333464555258E-003   30.4754220787708     
  2.288960058479945E-003   30.4754191265549     
  2.309774215822261E-003   30.4754161203474     
  2.330777642149095E-003   30.4754130591595     
  2.351972058536535E-003   30.4754099419858     
  2.373359201710899E-003   30.4754067678023     
  2.394940824191044E-003   30.4754035355648     
  2.416718694431974E-003   30.4754002442119     
  2.438694596969753E-003   30.4753968926611     
  2.460870332567731E-003   30.4753934798106     
  2.483247718364107E-003   30.4753900045395     
  2.505828588020829E-003   30.4753864657046     
  2.528614791873847E-003   30.4753828621435     
  2.551608197084736E-003   30.4753791926705     
  2.574810687793698E-003   30.4753754560803     
  2.598224165273950E-003   30.4753716511451     
  2.621850548087519E-003   30.4753677766117     
  2.645691772242462E-003   30.4753638312085     
  2.669749791351496E-003   30.4753598136376     
  2.694026576792089E-003   30.4753557225788     
  2.718524117868000E-003   30.4753515566858     
  2.743244421972284E-003   30.4753473145899     
  2.768189514751789E-003   30.4753429948954     
  2.793361440273135E-003   30.4753385961832     
  2.818762261190217E-003   30.4753341170065     
  2.844394058913222E-003   30.4753295558911     
  2.870258933779184E-003   30.4753249113387     
  2.896359005224093E-003   30.4753201818217     
  2.922696411956564E-003   30.4753153657843     
  2.949273312133095E-003   30.4753104616426     
  2.976091883534903E-003   30.4753054677843     
  3.003154323746385E-003   30.4753003825664     
  3.030462850335191E-003   30.4752952043178     
  3.058019701033935E-003   30.4752899313335     
  3.085827133923564E-003   30.4752845618801     
  3.113887427618390E-003   30.4752790941910     
  3.142202881452805E-003   30.4752735264681     
  3.170775815669696E-003   30.4752678568795     
  3.199608571610569E-003   30.4752620835610     
  3.228703511907409E-003   30.4752562046123     
  3.258063020676277E-003   30.4752502180996     
  3.287689503712670E-003   30.4752441220541     
  3.317585388688662E-003   30.4752379144694     
  3.347753125351831E-003   30.4752315933041     
  3.378195185725997E-003   30.4752251564766     
  3.408914064313792E-003   30.4752186018709     
  3.439912278301056E-003   30.4752119273296     
  3.471192367763110E-003   30.4752051306563     
  3.502756895872896E-003   30.4751982096136     
  3.534608449111006E-003   30.4751911619253     
  3.566749637477627E-003   30.4751839852713     
  3.599183094706413E-003   30.4751766772902     
  3.631911478480297E-003   30.4751692355765     
  3.664937470649270E-003   30.4751616576809     
  3.698263777450142E-003   30.4751539411095     
  3.731893129728291E-003   30.4751460833223     
  3.765828283161444E-003   30.4751380817323     
  3.800072018485474E-003   30.4751299337064     
  3.834627141722275E-003   30.4751216365618     
  3.869496484409682E-003   30.4751131875675     
  3.904682903833499E-003   30.4751045839413     
  3.940189283261637E-003   30.4750958228517     
  3.976018532180371E-003   30.4750869014128     
  4.012173586532749E-003   30.4750778166887     
  4.048657408959181E-003   30.4750685656870     
  4.085472989040193E-003   30.4750591453619     
  4.122623343541415E-003   30.4750495526117     
  4.160111516660766E-003   30.4750397842765     
  4.197940580277918E-003   30.4750298371408     
  4.236113634206008E-003   30.4750197079273     
  4.274633806445644E-003   30.4750093933011     
  4.313504253441223E-003   30.4749988898639     
  4.352728160339579E-003   30.4749881941574     
  4.392308741250983E-003   30.4749773026571     
  4.432249239512513E-003   30.4749662117765     
  4.472552927953821E-003   30.4749549178614     
  4.513223109165322E-003   30.4749434171913     
  4.554263115768812E-003   30.4749317059776     
  4.595676310690557E-003   30.4749197803614     
  4.637466087436854E-003   30.4749076364135     
  4.679635870372108E-003   30.4748952701333     
  4.722189114999433E-003   30.4748826774447     
  4.765129308243801E-003   30.4748698541999     
  4.808459968737778E-003   30.4748567961714     
  4.852184647109842E-003   30.4748434990568     
  4.896306926275335E-003   30.4748299584733     
  4.940830421730054E-003   30.4748161699585     
  4.985758781846518E-003   30.4748021289673     
  5.031095688172923E-003   30.4747878308717     
  5.076844855734817E-003   30.4747732709586     
  5.123010033339516E-003   30.4747584444278     
  5.169595003883303E-003   30.4747433463922     
  5.216603584661395E-003   30.4747279718733     
  5.264039627680746E-003   30.4747123158028     
  5.311907019975697E-003   30.4746963730184     
  5.360209683926482E-003   30.4746801382629     
  5.408951577580644E-003   30.4746636061827     
  5.458136694977360E-003   30.4746467713265     
  5.507769066474735E-003   30.4746296281417     
  5.557852759080046E-003   30.4746121709749     
  5.608391876783017E-003   30.4745943940677     
  5.659390560892100E-003   30.4745762915569     
  5.710852990373834E-003   30.4745578574711     
  5.762783382195268E-003   30.4745390857286     
  5.815185991669524E-003   30.4745199701376     
  5.868065112804482E-003   30.4745005043904     
  5.921425078654642E-003   30.4744806820654     
  5.975270261676185E-003   30.4744604966215     
  6.029605074085267E-003   30.4744399413979     
  6.084433968219566E-003   30.4744190096119     
  6.139761436903121E-003   30.4743976943555     
  6.195592013814475E-003   30.4743759885936     
  6.251930273858195E-003   30.4743538851619     
  6.308780833539735E-003   30.4743313767653     
  6.366148351343730E-003   30.4743084559736     
  6.424037528115731E-003   30.4742851152197     
  6.482453107447394E-003   30.4742613467983     
  6.541399876065192E-003   30.4742371428619     
  6.600882664222641E-003   30.4742124954188     
  6.660906346096118E-003   30.4741873963304     
  6.721475840184253E-003   30.4741618373085     
  6.782596109710964E-003   30.4741358099120     
  6.844272163032162E-003   30.4741093055452     
  6.906509054046150E-003   30.4740823154539     
  6.969311882607742E-003   30.4740548307229     
  7.032685794946169E-003   30.4740268422732     
  7.096635984086773E-003   30.4739983408583     
  7.161167690276533E-003   30.4739693170622     
  7.226286201413467E-003   30.4739397612949     
  7.291996853479941E-003   30.4739096637911     
  7.358305030979899E-003   30.4738790146046     
  7.425216167380103E-003   30.4738478036067     
  7.492735745555352E-003   30.4738160204826     
  7.560869298237766E-003   30.4737836547266     
  7.629622408470155E-003   30.4737506956411     
  7.699000710063507E-003   30.4737171323304     
  7.769009888058637E-003   30.4736829536989     
  7.839655679192033E-003   30.4736481484460     
  7.910943872365945E-003   30.4736127050643     
  7.982880309122732E-003   30.4735766118329     
  8.055470884123546E-003   30.4735398568166     
  8.128721545631349E-003   30.4735024278594     
  8.202638295998326E-003   30.4734643125818     
  8.277227192157744E-003   30.4734254983764     
  8.352494346120265E-003   30.4733859724036     
  8.428445925474778E-003   30.4733457215868     
  8.505088153893798E-003   30.4733047326093     
  8.582427311643442E-003   30.4732629919085     
  8.660469736098049E-003   30.4732204856719     
  8.739221822259492E-003   30.4731771998330     
  8.818690023281185E-003   30.4731331200657     
  8.898880850996885E-003   30.4730882317799     
  8.979800876454287E-003   30.4730425201168     
  9.061456730453466E-003   30.4729959699440     
  9.143855104090224E-003   30.4729485658495     
  9.227002749304384E-003   30.4729002921375     
  9.310906479433053E-003   30.4728511328232     
  9.395573169768927E-003   30.4728010716265     
  9.481009758123675E-003   30.4727500919678     
  9.567223245396437E-003   30.4726981769613     
  9.654220696147495E-003   30.4726453094100     
  9.742009239177164E-003   30.4725914717996     
  9.830596068109944E-003   30.4725366462932     
  9.919988441983987E-003   30.4724808147245     
  1.001019368584592E-002   30.4724239585922     
  1.010121919135108E-002   30.4723660590535     
  1.019307241736920E-002   30.4723070969187     
  1.028576089059561E-002   30.4722470526428     
  1.037929220616801E-002   30.4721859063216     
  1.047367402828880E-002   30.4721236376825     
  1.056891409085315E-002   30.4720602260791     
  1.066502019808271E-002   30.4719956504839     
  1.076200022516509E-002   30.4719298894815     
  1.085986211889921E-002   30.4718629212609     
  1.095861389834648E-002   30.4717947236086     
  1.105826365548788E-002   30.4717252739007     
  1.115881955588703E-002   30.4716545490958     
  1.126028983935933E-002   30.4715825257272     
  1.136268282064715E-002   30.4715091798941     
  1.146600689010114E-002   30.4714344872550     
  1.157027051436776E-002   30.4713584230184     
  1.167548223708306E-002   30.4712809619346     
  1.178165067957281E-002   30.4712020782880     
  1.188878454155889E-002   30.4711217458877     
  1.199689260187220E-002   30.4710399380583     
  1.210598371917202E-002   30.4709566276320     
  1.221606683267191E-002   30.4708717869386     
  1.232715096287221E-002   30.4707853877967     
  1.243924521229922E-002   30.4706974015036     
  1.255235876625104E-002   30.4706077988264     
  1.266650089355031E-002   30.4705165499910     
  1.278168094730364E-002   30.4704236246736     
  1.289790836566809E-002   30.4703289919892     
  1.301519267262452E-002   30.4702326204814     
  1.313354347875806E-002   30.4701344781124     
  1.325297048204555E-002   30.4700345322514     
  1.337348346865028E-002   30.4699327496638     
  1.349509231372389E-002   30.4698290965008     
  1.361780698221551E-002   30.4697235382865     
  1.374163752968839E-002   30.4696160399072     
  1.386659410314382E-002   30.4695065655994     
  1.399268694185265E-002   30.4693950789377     
  1.411992637819428E-002   30.4692815428221     
  1.424832283850335E-002   30.4691659194659     
  1.437788684392407E-002   30.4690481703827     
  1.450862901127241E-002   30.4689282563735     
  1.464056005390601E-002   30.4688061375132     
  1.477369078260208E-002   30.4686817731373     
  1.490803210644327E-002   30.4685551218278     
  1.504359503371159E-002   30.4684261413997     
  1.518039067279045E-002   30.4682947888862     
  1.531843023307492E-002   30.4681610205241     
  1.545772502589024E-002   30.4680247917396     
  1.559828646541872E-002   30.4678860571324     
  1.574012606963504E-002   30.4677447704606     
  1.588325546125004E-002   30.4676008846253     
  1.602768636866317E-002   30.4674543516539     
  1.617343062692348E-002   30.4673051226846     
  1.632050017869948E-002   30.4671531479491     
  1.646890707525771E-002   30.4669983767563     
  1.661866347745026E-002   30.4668407574745     
  1.676978165671126E-002   30.4666802375144     
  1.692227399606246E-002   30.4665167633106     
  1.707615299112791E-002   30.4663502803037     
  1.723143125115785E-002   30.4661807329219     
  1.738812150006201E-002   30.4660080645619     
  1.754623657745219E-002   30.4658322175694     
  1.770578943969441E-002   30.4656531332200     
  1.786679316097054E-002   30.4654707516985     
  1.802926093434970E-002   30.4652850120788     
  1.819320607286926E-002   30.4650958523037     
  1.835864201062579E-002   30.4649032091629     
  1.852558230387590E-002   30.4647070182714     
  1.869404063214701E-002   30.4645072140487     
  1.886403079935839E-002   30.4643037296949     
  1.903556673495216E-002   30.4640964971690     
  1.920866249503483E-002   30.4638854471648     
  1.938333226352900E-002   30.4636705090881     
  1.955959035333569E-002   30.4634516110316     
  1.973745120750714E-002   30.4632286797515     
  1.991692940043033E-002   30.4630016406413     
  2.009803963902124E-002   30.4627704177069     
  2.028079676392996E-002   30.4625349335404     
  2.046521575075680E-002   30.4622951092935     
  2.065131171127940E-002   30.4620508646510     
  2.083909989469105E-002   30.4618021178025     
  2.102859568885025E-002   30.4615487854153     
  2.121981462154160E-002   30.4612907826049     
  2.141277236174824E-002   30.4610280229063     
  2.160748472093576E-002   30.4607604182448     
  2.180396765434785E-002   30.4604878789048     
  2.200223726231372E-002   30.4602103134997     
  2.220230979156742E-002   30.4599276289407     
  2.240420163657908E-002   30.4596397304040     
  2.260792934089840E-002   30.4593465212990     
  2.281350959851020E-002   30.4590479032346     
  2.302095925520240E-002   30.4587437759858     
  2.323029530994642E-002   30.4584340374589     
  2.344153491629009E-002   30.4581185836565     
  2.365469538376328E-002   30.4577973086417     
  2.386979417929630E-002   30.4574701045015     
  2.408684892865113E-002   30.4571368613098     
  2.430587741786577E-002   30.4567974670896     
  2.452689759471170E-002   30.4564518077743     
  2.474992757016449E-002   30.4560997671680     
  2.497498561988792E-002   30.4557412269063     
  2.520209018573152E-002   30.4553760664146     
  2.543125987724174E-002   30.4550041628670     
  2.566251347318686E-002   30.4546253911436     
  2.589586992309579E-002   30.4542396237875     
  2.613134834881083E-002   30.4538467309607     
  2.636896804605457E-002   30.4534465803994     
  2.660874848601103E-002   30.4530390373678     
  2.685070931692118E-002   30.4526239646118     
  2.709487036569296E-002   30.4522012223117     
  2.734125163952598E-002   30.4517706680337     
  2.758987332755092E-002   30.4513321566801     
  2.784075580248391E-002   30.4508855404399     
  2.809391962229592E-002   30.4504306687369     
  2.834938553189732E-002   30.4499673881779     
  2.860717446483778E-002   30.4494955424992     
  2.886730754502164E-002   30.4490149725127     
  2.912980608843883E-002   30.4485255160506     
  2.939469160491156E-002   30.4480270079089     
  2.966198579985693E-002   30.4475192797904     
  2.993171057606546E-002   30.4470021602460     
  3.020388803549592E-002   30.4464754746150     
  3.047854048108643E-002   30.4459390449649     
  3.075569041858196E-002   30.4453926900289     
  3.103536055837857E-002   30.4448362251434     
  3.131757381738431E-002   30.4442694621833     
  3.160235332089715E-002   30.4436922094970     
  3.188972240449987E-002   30.4431042718389     
  3.217970461597228E-002   30.4425054503024     
  3.247232371722078E-002   30.4418955422500     
  3.276760368622544E-002   30.4412743412424     
  3.306556871900485E-002   30.4406416369670     
  3.336624323159882E-002   30.4399972151646     
  3.366965186206906E-002   30.4393408575543     
  3.397581947251811E-002   30.4386723417572     
  3.428477115112658E-002   30.4379914412193     
  3.459653221420897E-002   30.4372979251318     
  3.491112820828816E-002   30.4365915583509     
  3.522858491218871E-002   30.4358721013152     
  3.554892833914933E-002   30.4351393099620     
  3.587218473895438E-002   30.4343929356424     
  3.619838060008489E-002   30.4336327250335     
  3.652754265188913E-002   30.4328584200504     
  3.685969786677282E-002   30.4320697577555     
  3.719487346240934E-002   30.4312664702664     
  3.753309690397007E-002   30.4304482846620     
  3.787439590637486E-002   30.4296149228872     
  3.821879843656317E-002   30.4287661016548     
  3.856633271578565E-002   30.4279015323465     
  3.891702722191677E-002   30.4270209209118     
  3.927091069178827E-002   30.4261239677641     
  3.962801212354403E-002   30.4252103676763     
  3.998836077901616E-002   30.4242798096730     
  4.035198618612285E-002   30.4233319769217     
  4.071891814128797E-002   30.4223665466210     
  4.108918671188264E-002   30.4213831898875     
  4.146282223868903E-002   30.4203815716397     
  4.183985533838658E-002   30.4193613504805     
  4.222031690606078E-002   30.4183221785770     
  4.260423811773486E-002   30.4172637015377     
  4.299165043292436E-002   30.4161855582883     
  4.338258559721508E-002   30.4150873809439     
  4.377707564486430E-002   30.4139687946797     
  4.417515290142586E-002   30.4128294175990     
  4.457684998639892E-002   30.4116688605982     
  4.498219981590090E-002   30.4104867272300     
  4.539123560536480E-002   30.4092826135632     
  4.580399087226081E-002   30.4080561080402     
  4.622049943884295E-002   30.4068067913321     
  4.664079543492047E-002   30.4055342361903     
  4.706491330065461E-002   30.4042380072955     
  4.749288778938066E-002   30.4029176611046     
  4.792475397045575E-002   30.4015727456931     
  4.836054723213253E-002   30.4002028005962     
  4.880030328445900E-002   30.3988073566456     
  4.924405816220466E-002   30.3973859358035     
  4.969184822781329E-002   30.3959380509938     
  5.014371017438263E-002   30.3944632059298     
  5.059968102867101E-002   30.3929608949387     
  5.105979815413154E-002   30.3914306027824     
  5.152409925397369E-002   30.3898718044751     
  5.199262237425282E-002   30.3882839650978     
  5.246540590698776E-002   30.3866665396086     
  5.294248859330676E-002   30.3850189726498     
  5.342390952662206E-002   30.3833406983514     
  5.390970815583328E-002   30.3816311401301     
  5.439992428855994E-002   30.3798897104856     
  5.489459809440350E-002   30.3781158107919     
  5.539377010823885E-002   30.3763088310858     
  5.589748123353592E-002   30.3744681498500     
  5.640577274571136E-002   30.3725931337931     
  5.691868629551083E-002   30.3706831376255     
  5.743626391242191E-002   30.3687375038299     
  5.795854800811812E-002   30.3667555624285     
  5.848558137993426E-002   30.3647366307456     
  5.901740721437332E-002   30.3626800131654     
  5.955406909064532E-002   30.3605850008849     
  6.009561098423826E-002   30.3584508716634     
  6.064207727052165E-002   30.3562768895657     
  6.119351272838270E-002   30.3540623047012     
  6.174996254389560E-002   30.3518063529582     
  6.231147231402426E-002   30.3495082557328     
  6.287808805035859E-002   30.3471672196527     
  6.344985618288480E-002   30.3447824362963     
  6.402682356379004E-002   30.3423530819054     
  6.460903747130158E-002   30.3398783170937     
  6.519654561356085E-002   30.3373572865492     
  6.578939613253292E-002   30.3347891187306     
  6.638763760795117E-002   30.3321729255590     
  6.699131906129822E-002   30.3295078021031     
  6.760048995982283E-002   30.3267928262580     
  6.821520022059331E-002   30.3240270584195     
  6.883550021458792E-002   30.3212095411507     
  6.946144077082241E-002   30.3183392988434     
  7.009307318051504E-002   30.3154153373724     
  7.073044920128954E-002   30.3124366437441     
  7.137362106141627E-002   30.3094021857380     
  7.202264146409193E-002   30.3063109115415     
  7.267756359175821E-002   30.3031617493783     
  7.333844111045970E-002   30.2999536071296     
  7.400532817424141E-002   30.2966853719482     
  7.467827942958628E-002   30.2933559098656     
  7.535735001989317E-002   30.2899640653918     
  7.604259558999528E-002   30.2865086611077     
  7.673407229071995E-002   30.2829884972498     
  7.743183678348979E-002   30.2794023512874     
  7.813594624496566E-002   30.2757489774921     
  7.884645837173186E-002   30.2720271064991     
  7.956343138502395E-002   30.2682354448607     
  8.028692403549956E-002   30.2643726745917     
  8.101699560805256E-002   30.2604374527060     
  8.175370592667104E-002   30.2564284107454     
  8.249711535933942E-002   30.2523441542990     
  8.324728482298518E-002   30.2481832625150     
  8.400427578847056E-002   30.2439442876025     
  8.476815028562962E-002   30.2396257543250     
  8.553897090835115E-002   30.2352261594844     
  8.631680081970773E-002   30.2307439713959     
  8.710170375713155E-002   30.2261776293534     
  8.789374403763722E-002   30.2215255430854     
  8.869298656309202E-002   30.2167860922007     
  8.949949682553411E-002   30.2119576256251     
  9.031334091253920E-002   30.2070384610274     
  9.113458551263597E-002   30.2020268842351     
  9.196329792077054E-002   30.1969211486403     
  9.279954604382096E-002   30.1917194745950     
  9.364339840616155E-002   30.1864200487956     
  9.449492415527810E-002   30.1810210236564     
  9.535419306743394E-002   30.1755205166726     
  9.622127555338748E-002   30.1699166097723     
  9.709624266416203E-002   30.1642073486565     
  9.797916609686783E-002   30.1583907421287     
  9.887011820057706E-002   30.1524647614120     
  9.976917198225239E-002   30.1464273394556     
  0.100676401112729        30.1402763702279     
  0.101591879932753        30.1340097079992     
  0.102515683459070        30.1276251666116     
  0.103447887390574        30.1211205187360     
  0.104388568114513        30.1144934951175     
  0.105337802712743        30.1077417838078     
  0.106295668968047        30.1008630293853     
  0.107262245370510        30.0938548321613     
  0.108237611123949        30.0867147473741     
  0.109221846152404        30.0794402843696     
  0.110215031106686        30.0720289057688     
  0.111217247370987        30.0644780266210     
  0.112228577069547        30.0567850135448     
  0.113249103073387        30.0489471838539     
  0.114278909007096        30.0409618046704     
  0.115318079255685        30.0328260920228     
  0.116366698971503        30.0245372099313     
  0.117424854081211        30.0160922694774     
  0.118492631292828        30.0074883278608     
  0.119570118102830        29.9987223874402     
  0.120657402803326        29.9897913947608     
  0.121754574489289        29.9806922395670     
  0.122861723065856        29.9714217537994     
  0.123978939255701        29.9619767105787     
  0.125106314606459        29.9523538231729     
  0.126243941498239        29.9425497439512     
  0.127391913151184        29.9325610633216     
  0.128550323633116        29.9223843086544     
  0.129719267867243        29.9120159431901     
  0.130898841639933        29.9014523649321     
  0.132089141608570        29.8906899055249     
  0.133290265309470        29.8797248291167     
  0.134502311165872        29.8685533312066     
  0.135725378496007        29.8571715374771     
  0.136959567521235        29.8455755026117     
  0.138204979374256        29.8337612090967     
  0.139461716107398        29.8217245660090     
  0.140729880700981        29.8094614077877     
  0.142009577071751        29.7969674929924     
  0.143300910081402        29.7842385030454     
  0.144603985545162        29.7712700409603     
  0.145918910240467        29.7580576300554     
  0.147245791915712        29.7445967126533     
  0.148584739299077        29.7308826487663     
  0.149935862107437        29.7169107147679     
  0.151299271055356        29.7026761020503     
  0.152675077864154        29.6881739156690     
  0.154063395271066        29.6733991729743     
  0.155464337038479        29.6583468022291     
  0.156878017963250        29.6430116412154     
  0.158304553886121        29.6273884358280     
  0.159744061701202        29.6114718386568     
  0.161196659365557        29.5952564075570     
  0.162662465908865        29.5787366042101     
  0.164141601443176        29.5619067926726     
  0.165634187172753        29.5447612379166     
  0.167140345404002        29.5272941043602     
  0.168660199555497        29.5094994543896     
  0.170193874168092        29.4913712468732     
  0.171741494915125        29.4729033356684     
  0.173303188612717        29.4540894681221     
  0.174879083230164        29.4349232835655     
  0.176469307900424        29.4153983118033     
  0.178073992930694        29.3955079715998     
  0.179693269813094        29.3752455691619     
  0.181327271235438        29.3546042966193     
  0.182976131092107        29.3335772305045     
  0.184639984495023        29.3121573302325     
  0.186318967784716        29.2903374365818     
  0.188013218541500        29.2681102701783     
  0.189722875596747        29.2454684299830     
  0.191448079044259        29.2224043917842     
  0.193188970251752        29.1989105066974     
  0.194945691872439        29.1749789996728     
  0.196718387856717        29.1506019680127     
  0.198507203463965        29.1257713799006     
  0.200312285274447        29.1004790729432     
  0.202133781201322        29.0747167527278     
  0.203971840502766        29.0484759913966     
  0.205826613794199        29.0217482262396     
  0.207698253060632        28.9945247583099     
  0.209586911669118        28.9667967510607     
  0.211492744381318        28.9385552290092     
  0.213415907366187        28.9097910764284     
  0.215356558212765        28.8804950360688     
  0.217314855943096        28.8506577079142     
  0.219290961025256        28.8202695479729     
  0.221285035386500        28.7893208671081     
  0.223297242426536        28.7578018299096     
  0.225327747030910        28.7257024536108     
  0.227376715584518        28.6930126070536     
  0.229444315985243        28.6597220097044     
  0.231530717657707        28.6258202307259     
  0.233636091567162        28.5912966881061     
  0.235760610233491        28.5561406478503     
  0.237904447745352        28.5203412232393     
  0.240067779774438        28.4838873741568     
  0.242250783589875        28.4467679064920     
  0.244453638072748        28.4089714716204     
  0.246676523730756        28.3704865659668     
  0.248919622713006        28.3313015306576     
  0.251183118824938        28.2914045512634     
  0.253467197543388        28.2507836576404     
  0.255772046031783        28.2094267238734     
  0.258097853155481        28.1673214683264     
  0.260444809497244        28.1244554538065     
  0.262813107372859        28.0808160878454     
  0.265202940846892        28.0363906231063     
  0.267614505748596        27.9911661579197     
  0.270047999687952        27.9451296369566     
  0.272503622071863        27.8982678520424     
  0.274981574120498        27.8505674431214     
  0.277482058883777        27.8020148993750     
  0.280005281258007        27.7525965605029     
  0.282551448002679        27.7022986181726     
  0.285120767757403        27.6511071176454     
  0.287713451059009        27.5990079595848     
  0.290329710358798        27.5459869020561     
  0.292969760039949        27.4920295627237     
  0.295633816435088        27.4371214212539     
  0.298322097844016        27.3812478219320     
  0.301034824551593        27.3243939764998     
  0.303772218845792        27.2665449672238     
  0.306534505035915        27.2076857502004     
  0.309321909470968        27.1478011589081     
  0.312134660558215        27.0868759080140     
  0.314972988781890        27.0248945974434     
  0.317837126722086        26.9618417167223     
  0.320727309073811        26.8977016495996     
  0.323643772666222        26.8324586789601     
  0.326586756482030        26.7660969920354     
  0.329556501677080        26.6986006859233     
  0.332553251600120        26.6299537734226     
  0.335577251812732        26.5601401891951     
  0.338628750109461        26.4891437962616     
  0.341707996538116        26.4169483928424     
  0.344815243420264        26.3435377195501     
  0.347950745371899        26.2688954669454     
  0.351114759324312        26.1930052834626     
  0.354307544545142        26.1158507837164     
  0.357529362659622        26.0374155571955     
  0.360780477672017        25.9576831773551     
  0.364061155987255        25.8766372111138     
  0.367371666432761        25.7942612287641     
  0.370712280280483        25.7105388143062     
  0.374083271269120        25.6254535762094     
  0.377484915626556        25.5389891586125     
  0.380917492092490        25.4511292529665     
  0.384381281941282        25.3618576101299     
  0.387876569004998        25.2711580529205     
  0.391403639696668        25.1790144891307     
  0.394962783033757        25.0854109250119     
  0.398554290661847        24.9903314792324     
  0.402178456878535        24.8937603973138     
  0.405835578657548        24.7956820665497     
  0.409525955673082        24.6960810314087     
  0.413249890324350        24.5949420094269     
  0.417007687760369        24.4922499075875     
  0.420799655904961        24.3879898391932     
  0.424626105481986        24.2821471412277     
  0.428487350040804        24.1747073922070     
  0.432383705981966        24.0656564305200     
  0.436315492583144        23.9549803732523     
  0.440283032025290        23.8426656354937     
  0.444286649419038        23.7286989501209     
  0.448326672831347        23.6130673880518     
  0.452403433312378        23.4957583789623     
  0.456517264922625        23.3767597324588     
  0.460668504760289        23.2560596596956     
  0.464857492988898        23.1336467954264     
  0.469084572865185        23.0095102204768     
  0.473350090767211        22.8836394846248     
  0.477654396222751        22.7560246298726     
  0.481997841937934        22.6266562140936     
  0.486380783826145        22.4955253350355     
  0.490803581037189        22.3626236546585     
  0.495266595986722        22.2279434237887     
  0.499770194385947        22.0914775070601     
  0.504314745271583        21.9532194081228     
  0.508900621036101        21.8131632950873     
  0.513528197458243        21.6713040261792     
  0.518197853733814        21.5276371755704     
  0.522909972506751        21.3821590593568     
  0.527664939900481        21.2348667616464     
  0.532463145549559        21.0857581607233     
  0.537304982631597        20.9348319552481     
  0.542190847899482        20.7820876904569     
  0.547121141713887        20.6275257843153     
  0.552096268076076        20.4711475535870     
  0.557116634661010        20.3129552397698     
  0.562182652850754        20.1529520348543     
  0.567294737768184        19.9911421068567     
  0.572453308311008        19.8275306250768     
  0.577658787186086        19.6621237850303     
  0.582911600944071        19.4949288330035     
  0.588212180014362        19.3259540901768     
  0.593560958740373        19.1552089762637     
  0.598958375415124        18.9827040326095     
  0.604404872317157        18.8084509446934     
  0.609900895746778        18.6324625639781     
  0.615446896062625        18.4547529290493     
  0.621043327718578        18.2753372859881     
  0.626690649300988        18.0942321079179     
  0.632389323566267        17.9114551136686     
  0.638139817478795        17.7270252855013     
  0.643942602249194        17.5409628858354     
  0.649798153372937        17.3532894729230     
  0.655706950669310        17.1640279154146     
  0.661669478320729        16.9732024057611     
  0.667686224912420        16.7808384724012     
  0.673757683472450        16.5869629906802     
  0.679884351512128        16.3916041924525     
  0.686066731066776        16.1947916743190     
  0.692305328736862        15.9965564044549     
  0.698600655729515        15.7969307279847     
  0.704953227900414        15.5959483708635     
  0.711363565796059        15.3936444422290     
  0.717832194696427        15.1900554351882     
  0.724359644658010        14.9852192260099     
  0.730946450557257        14.7791750716943     
  0.737593152134396        14.5719636058967     
  0.744300294037665        14.3636268331857     
  0.751068425867942        14.1542081216197     
  0.757898102223782        13.9437521936302     
  0.764789882746857        13.7323051152041     
  0.771744332167820        13.5199142833614     
  0.778762020352580        13.3066284119287     
  0.785843522348994        13.0924975156143     
  0.792989418433994        12.8775728923919     
  0.800200294161129        12.6619071042078     
  0.807476740408557        12.4455539560262     
  0.814819353427451        12.2285684732344     
  0.822228734890868        12.0110068774311     
  0.829705491943046        11.7929265606240     
  0.837250237249154        11.5743860578681     
  0.844863589045501        11.3554450183751     
  0.852546171190191        11.1361641751298     
  0.860298613214246        10.9166053130489     
  0.868121550373188        10.6968312357198     
  0.876015623699099        10.4769057307576     
  0.883981480053145        10.2568935338183     
  0.892019772178582        10.0368602913077     
  0.900131158754245        9.81687252182054     
  0.908316304448519        9.59699757634802     
  0.916575879973807        9.37730359728622     
  0.924910562141488        9.15785947627592     
  0.933321033917377        8.93873481090204     
  0.941807984477689        8.71999986027581     
  0.950372109265514        8.50172549951896     
  0.959014110047798        8.28398317316399     
  0.967734694972854        8.06684484747911     
  0.976534578628386        7.85038296172015     
  0.985414482100045        7.63467037830612     
  0.994375133030515        7.41978033190728     
   1.00341726567914        7.20578637742891     
   1.01254162098210        6.99276233686571     
   1.02174894661309        6.78078224499564     
   1.03103999704464        6.56992029387414     
   1.04041553360991        6.36025077608352     
   1.04987632456505        6.15184802668527     
   1.05942314515220        5.94478636381714     
   1.06905677766300        5.73914002787164     
   1.07877801150267        5.53498311918743     
   1.08858764325472        5.33238953418173     
   1.09848647674623        5.13143289984877     
   1.10847532311369        4.93218650654829     
   1.11855500086948        4.73472323900729     
   1.12872633596897        4.53911550546021     
   1.13899016187813        4.34543516485543     
   1.14934731964192        4.15375345206076     
   1.15979865795312        3.96414090100738     
   1.17034503322193        3.77666726572037     
   1.18098730964612        3.59140143919456     
   1.19172635928186        3.40841137008754     
   1.20256306211518        3.22776397721647     
   1.21349830613405        3.04952506186284     
   1.22453298740118        2.87375921790843     
   1.23566801012741        2.70052973984755     
   1.24690428674586        2.52989852874407     
   1.25824273798663        2.36192599622726     
   1.26968429295228        2.19667096664795     
   1.28122988919397        2.03419057754539     
   1.29288047278829        1.87454017860564     
   1.30463699841473        1.71777322932394     
   1.31650042943399        1.56394119561615     
   1.32847173796685        1.41309344565727     
   1.34055190497388        1.26527714525879     
   1.35274192033579        1.12053715312994     
   1.36504278293455       0.978915916400682     
   1.37745550073526       0.840453366817007     
   1.38998109086870       0.705186818049292     
   1.40262057971474       0.573150864584465     
   1.41537500298639       0.444377282699536     
   1.42824540581469       0.318894934038956     
   1.44123284283437       0.196729672340081     
   1.45433837827023       7.790425386966593E-002
   1.46756308602436      -3.756174785098843E-002
   1.48090804976417      -0.149652022443612     
   1.49437436301114      -0.258353597598310     
   1.50796312923046      -0.363656907929949     
   1.52167546192143      -0.465555857171896     
   1.53551248470871      -0.564047873122007     
   1.54947533143442      -0.659133954769108     
   1.56356514625099      -0.750818711047565     
   1.57778308371498      -0.839110390691944     
   1.59213030888163      -0.924020902693933     
   1.60660799740038       -1.00556582689931     
   1.62121733561117       -1.08376441432342     
   1.63595952064165       -1.15863957681002     
   1.65083576050531       -1.23021786570892     
   1.66584727420045       -1.29852943930388     
   1.68099529181002       -1.36360801878185     
   1.69628105460252       -1.42549083259873     
   1.71170581513361       -1.48421854916379     
   1.72727083734882       -1.53983519783550     
   1.74297739668705       -1.59238807829380     
   1.75882678018518       -1.64192765842852     
   1.77482028658344       -1.68850746095942     
   1.79095922643187       -1.73218393907933     
   1.80724492219774       -1.77301634148843     
   1.82367870837386       -1.81106656726299     
   1.84026193158795       -1.84639901107606     
   1.85699595071303       -1.87908039935948     
   1.87388213697871       -1.90917961806593     
   1.89092187408357       -1.93676753275521     
   1.90811655830857       -1.96191680179086     
   1.92546759863144       -1.98470168348988     
   1.94297641684212       -2.00519783811984     
   1.96064444765932       -2.02348212568342     
   1.97847313884803       -2.03963240046944     
   1.99646395133817       -2.05372730338154     
