  1.2157750E-06  2.5102833E-27
  1.2268305E-06  2.6028431E-27
  1.2379863E-06  2.6988158E-27
  1.2492437E-06  2.7983273E-27
  1.2606034E-06  2.9015080E-27
  1.2720665E-06  3.0084932E-27
  1.2836337E-06  3.1194231E-27
  1.2953061E-06  3.2344433E-27
  1.3070847E-06  3.3537046E-27
  1.3189704E-06  3.4773632E-27
  1.3309642E-06  3.6055816E-27
  1.3430670E-06  3.7385274E-27
  1.3552799E-06  3.8763754E-27
  1.3676039E-06  4.0193064E-27
  1.3800399E-06  4.1675071E-27
  1.3925890E-06  4.3211724E-27
  1.4052522E-06  4.4805038E-27
  1.4180305E-06  4.6457105E-27
  1.4309251E-06  4.8170081E-27
  1.4439369E-06  4.9946224E-27
  1.4570670E-06  5.1787852E-27
  1.4703165E-06  5.3697388E-27
  1.4836864E-06  5.5677333E-27
  1.4971781E-06  5.7730282E-27
  1.5107923E-06  5.9858927E-27
  1.5245304E-06  6.2066062E-27
  1.5383933E-06  6.4354579E-27
  1.5523824E-06  6.6727479E-27
  1.5664987E-06  6.9187870E-27
  1.5807433E-06  7.1738988E-27
  1.5951174E-06  7.4384160E-27
  1.6096222E-06  7.7126877E-27
  1.6242590E-06  7.9970720E-27
  1.6390288E-06  8.2919419E-27
  1.6539331E-06  8.5976848E-27
  1.6689727E-06  8.9147006E-27
  1.6841491E-06  9.2434060E-27
  1.6994636E-06  9.5842317E-27
  1.7149173E-06  9.9376236E-27
  1.7305115E-06  1.0304046E-26
  1.7462476E-06  1.0683980E-26
  1.7621267E-06  1.1077922E-26
  1.7781501E-06  1.1486390E-26
  1.7943194E-06  1.1909920E-26
  1.8106356E-06  1.2349066E-26
  1.8271003E-06  1.2804403E-26
  1.8437146E-06  1.3276531E-26
  1.8604800E-06  1.3766067E-26
  1.8773978E-06  1.4273652E-26
  1.8944696E-06  1.4799955E-26
  1.9116965E-06  1.5345662E-26
  1.9290801E-06  1.5911492E-26
  1.9466218E-06  1.6498185E-26
  1.9643230E-06  1.7106510E-26
  1.9821850E-06  1.7737266E-26
  2.0002096E-06  1.8391280E-26
  2.0183982E-06  1.9069407E-26
  2.0367520E-06  1.9772540E-26
  2.0552727E-06  2.0501598E-26
  2.0739619E-06  2.1257538E-26
  2.0928210E-06  2.2041351E-26
  2.1118517E-06  2.2854066E-26
  2.1310552E-06  2.3696747E-26
  2.1504336E-06  2.4570500E-26
  2.1699882E-06  2.5476471E-26
  2.1897204E-06  2.6415846E-26
  2.2096322E-06  2.7389858E-26
  2.2297249E-06  2.8399785E-26
  2.2500005E-06  2.9446948E-26
  2.2704603E-06  3.0532723E-26
  2.2911063E-06  3.1658535E-26
  2.3119401E-06  3.2825855E-26
  2.3329630E-06  3.4036220E-26
  2.3541775E-06  3.5291212E-26
  2.3755845E-06  3.6592481E-26
  2.3971863E-06  3.7941726E-26
  2.4189846E-06  3.9340724E-26
  2.4409812E-06  4.0791307E-26
  2.4631777E-06  4.2295375E-26
  2.4855760E-06  4.3854901E-26
  2.5081781E-06  4.5471930E-26
  2.5309857E-06  4.7148583E-26
  2.5540007E-06  4.8887057E-26
  2.5772249E-06  5.0689635E-26
  2.6006603E-06  5.2558677E-26
  2.6243090E-06  5.4496631E-26
  2.6481725E-06  5.6506051E-26
  2.6722530E-06  5.8589556E-26
  2.6965527E-06  6.0749882E-26
  2.7210731E-06  6.2989872E-26
  2.7458166E-06  6.5312451E-26
  2.7707852E-06  6.7720664E-26
  2.7959807E-06  7.0217680E-26
  2.8214054E-06  7.2806765E-26
  2.8470611E-06  7.5491314E-26
  2.8729503E-06  7.8274853E-26
  2.8990748E-06  8.1161024E-26
  2.9254368E-06  8.4153617E-26
  2.9520386E-06  8.7256552E-26
  2.9788823E-06  9.0473896E-26
  3.0059703E-06  9.3809872E-26
  3.0333044E-06  9.7268855E-26
  3.0608871E-06  1.0085538E-25
  3.0887206E-06  1.0457415E-25
  3.1168072E-06  1.0843003E-25
  3.1451491E-06  1.1242809E-25
  3.1737488E-06  1.1657358E-25
  3.2026087E-06  1.2087191E-25
  3.2317309E-06  1.2532872E-25
  3.2611179E-06  1.2994987E-25
  3.2907722E-06  1.3474142E-25
  3.3206961E-06  1.3970965E-25
  3.3508920E-06  1.4486105E-25
  3.3813628E-06  1.5020241E-25
  3.4121103E-06  1.5574072E-25
  3.4431378E-06  1.6148323E-25
  3.4744471E-06  1.6743748E-25
  3.5060411E-06  1.7361128E-25
  3.5379226E-06  1.8001272E-25
  3.5700939E-06  1.8665020E-25
  3.6025579E-06  1.9353242E-25
  3.6353169E-06  2.0066839E-25
  3.6683739E-06  2.0806749E-25
  3.7017314E-06  2.1573941E-25
  3.7353923E-06  2.2369421E-25
  3.7693594E-06  2.3194231E-25
  3.8036351E-06  2.4049455E-25
  3.8382227E-06  2.4936214E-25
  3.8731246E-06  2.5855668E-25
  3.9083443E-06  2.6809026E-25
  3.9438837E-06  2.7797535E-25
  3.9797465E-06  2.8822493E-25
  4.0159357E-06  2.9885244E-25
  4.0524537E-06  3.0987181E-25
  4.0893037E-06  3.2129748E-25
  4.1264889E-06  3.3314444E-25
  4.1640124E-06  3.4542824E-25
  4.2018769E-06  3.5816496E-25
  4.2400857E-06  3.7137131E-25
  4.2786419E-06  3.8506463E-25
  4.3175487E-06  3.9926282E-25
  4.3568093E-06  4.1398454E-25
  4.3964274E-06  4.2924910E-25
  4.4364051E-06  4.4507651E-25
  4.4767467E-06  4.6148748E-25
  4.5174547E-06  4.7850355E-25
  4.5585334E-06  4.9614707E-25
  4.5999855E-06  5.1444114E-25
  4.6418145E-06  5.3340975E-25
  4.6840237E-06  5.5307778E-25
  4.7266167E-06  5.7347101E-25
  4.7695971E-06  5.9461618E-25
  4.8129687E-06  6.1654100E-25
  4.8567344E-06  6.3927429E-25
  4.9008981E-06  6.6284575E-25
  4.9454634E-06  6.8728639E-25
  4.9904338E-06  7.1262820E-25
  5.0358130E-06  7.3890441E-25
  5.0816052E-06  7.6614950E-25
  5.1278134E-06  7.9439915E-25
  5.1744423E-06  8.2369045E-25
  5.2214950E-06  8.5406184E-25
  5.2689757E-06  8.8555297E-25
  5.3168878E-06  9.1820530E-25
  5.3652357E-06  9.5206163E-25
  5.4140232E-06  9.8716634E-25
  5.4632546E-06  1.0235654E-24
  5.5129335E-06  1.0613065E-24
  5.5630640E-06  1.1004393E-24
  5.6136505E-06  1.1410150E-24
  5.6646973E-06  1.1830868E-24
  5.7162079E-06  1.2267099E-24
  5.7681868E-06  1.2719415E-24
  5.8206388E-06  1.3188408E-24
  5.8735673E-06  1.3674695E-24
  5.9269773E-06  1.4178912E-24
  5.9808731E-06  1.4701721E-24
  6.0352586E-06  1.5243806E-24
  6.0901389E-06  1.5805880E-24
  6.1455185E-06  1.6388679E-24
  6.2014014E-06  1.6992967E-24
  6.2577924E-06  1.7619536E-24
  6.3146963E-06  1.8269208E-24
  6.3721177E-06  1.8942834E-24
  6.4300611E-06  1.9641299E-24
  6.4885312E-06  2.0365519E-24
  6.5475333E-06  2.1116442E-24
  6.6070720E-06  2.1895053E-24
  6.6671519E-06  2.2702374E-24
  6.7277783E-06  2.3539462E-24
  6.7889559E-06  2.4407414E-24
  6.8506897E-06  2.5307372E-24
  6.9129851E-06  2.6240511E-24
  6.9758466E-06  2.7208059E-24
  7.0392798E-06  2.8211281E-24
  7.1032900E-06  2.9251495E-24
  7.1678824E-06  3.0330063E-24
  7.2330618E-06  3.1448401E-24
  7.2988341E-06  3.2607976E-24
  7.3652045E-06  3.3810306E-24
  7.4321783E-06  3.5056967E-24
  7.4997611E-06  3.6349598E-24
  7.5679586E-06  3.7689889E-24
  7.6367760E-06  3.9079601E-24
  7.7062195E-06  4.0520554E-24
  7.7762943E-06  4.2014641E-24
  7.8470066E-06  4.3563814E-24
  7.9183619E-06  4.5170112E-24
  7.9903657E-06  4.6835634E-24
  8.0630243E-06  4.8562573E-24
  8.1363432E-06  5.0353185E-24
  8.2103297E-06  5.2209820E-24
  8.2849883E-06  5.4134913E-24
  8.3603263E-06  5.6130991E-24
  8.4363492E-06  5.8200667E-24
  8.5130632E-06  6.0346660E-24
  8.5904749E-06  6.2571776E-24
  8.6685905E-06  6.4878938E-24
  8.7474164E-06  6.7271171E-24
  8.8269589E-06  6.9751618E-24
  8.9072246E-06  7.2323517E-24
  8.9882205E-06  7.4990246E-24
  9.0699532E-06  7.7755306E-24
  9.1524289E-06  8.0622318E-24
  9.2356540E-06  8.3595046E-24
  9.3196368E-06  8.6677386E-24
  9.4043826E-06  8.9873377E-24
  9.4898996E-06  9.3187216E-24
  9.5761943E-06  9.6623234E-24
  9.6632730E-06  1.0018596E-23
  9.7511438E-06  1.0388004E-23
  9.8398141E-06  1.0771033E-23
  9.9292902E-06  1.1168185E-23
  1.0019579E-05  1.1579982E-23
  1.0110691E-05  1.2006962E-23
  1.0202630E-05  1.2449686E-23
  1.0295405E-05  1.2908734E-23
  1.0389024E-05  1.3384709E-23
  1.0483494E-05  1.3878233E-23
  1.0578824E-05  1.4389954E-23
  1.0675020E-05  1.4920545E-23
  1.0772092E-05  1.5470700E-23
  1.0870045E-05  1.6041139E-23
  1.0968889E-05  1.6632612E-23
  1.1068632E-05  1.7245894E-23
  1.1169283E-05  1.7881789E-23
  1.1270848E-05  1.8541131E-23
  1.1373337E-05  1.9224785E-23
  1.1476758E-05  1.9933646E-23
  1.1581119E-05  2.0668645E-23
  1.1686429E-05  2.1430744E-23
  1.1792697E-05  2.2220945E-23
  1.1899932E-05  2.3040281E-23
  1.2008141E-05  2.3889829E-23
  1.2117335E-05  2.4770701E-23
  1.2227521E-05  2.5684052E-23
  1.2338710E-05  2.6631083E-23
  1.2450909E-05  2.7613032E-23
  1.2564128E-05  2.8631186E-23
  1.2678378E-05  2.9686881E-23
  1.2793666E-05  3.0781504E-23
  1.2910002E-05  3.1916489E-23
  1.3027397E-05  3.3093321E-23
  1.3145858E-05  3.4313547E-23
  1.3265397E-05  3.5578766E-23
  1.3386023E-05  3.6890635E-23
  1.3507746E-05  3.8250878E-23
  1.3630575E-05  3.9661273E-23
  1.3754522E-05  4.1123676E-23
  1.3879596E-05  4.2639996E-23
  1.4005807E-05  4.4212230E-23
  1.4133166E-05  4.5842436E-23
  1.4261683E-05  4.7532751E-23
  1.4391368E-05  4.9285391E-23
  1.4522233E-05  5.1102656E-23
  1.4654288E-05  5.2986922E-23
  1.4787543E-05  5.4940672E-23
  1.4922010E-05  5.6966461E-23
  1.5057701E-05  5.9066945E-23
  1.5194624E-05  6.1244876E-23
  1.5332793E-05  6.3503114E-23
  1.5472218E-05  6.5844617E-23
  1.5612912E-05  6.8272453E-23
  1.5754884E-05  7.0789815E-23
  1.5898147E-05  7.3399998E-23
  1.6042715E-05  7.6106422E-23
  1.6188596E-05  7.8912634E-23
  1.6335804E-05  8.1822325E-23
  1.6484350E-05  8.4839302E-23
  1.6634245E-05  8.7967514E-23
  1.6785505E-05  9.1211077E-23
  1.6938142E-05  9.4574237E-23
  1.7092165E-05  9.8061406E-23
  1.7247588E-05  1.0167715E-22
  1.7404425E-05  1.0542622E-22
  1.7562688E-05  1.0931352E-22
  1.7722392E-05  1.1334415E-22
  1.7883545E-05  1.1752341E-22
  1.8046167E-05  1.2185677E-22
  1.8210265E-05  1.2634991E-22
  1.8375857E-05  1.3100871E-22
  1.8542953E-05  1.3583930E-22
  1.8711569E-05  1.4084800E-22
  1.8881719E-05  1.4604139E-22
  1.9053416E-05  1.5142626E-22
  1.9226673E-05  1.5700969E-22
  1.9401507E-05  1.6279899E-22
  1.9577930E-05  1.6880176E-22
  1.9755958E-05  1.7502587E-22
  1.9935604E-05  1.8147947E-22
  2.0116884E-05  1.8817102E-22
  2.0299813E-05  1.9510932E-22
  2.0484405E-05  2.0230344E-22
  2.0670675E-05  2.0976282E-22
  2.0858639E-05  2.1749726E-22
  2.1048312E-05  2.2551688E-22
  2.1239712E-05  2.3383218E-22
  2.1432850E-05  2.4245411E-22
  2.1627746E-05  2.5139394E-22
  2.1824411E-05  2.6066340E-22
  2.2022867E-05  2.7027465E-22
  2.2223128E-05  2.8024030E-22
  2.2425209E-05  2.9057339E-22
  2.2629127E-05  3.0128749E-22
  2.2834900E-05  3.1239664E-22
  2.3042545E-05  3.2391543E-22
  2.3252078E-05  3.3585891E-22
  2.3463515E-05  3.4824279E-22
  2.3676876E-05  3.6108330E-22
  2.3892175E-05  3.7439725E-22
  2.4109433E-05  3.8820214E-22
  2.4328669E-05  4.0251601E-22
  2.4549896E-05  4.1735770E-22
  2.4773135E-05  4.3274663E-22
  2.4998404E-05  4.4870297E-22
  2.5225721E-05  4.6524764E-22
  2.5455105E-05  4.8240240E-22
  2.5686575E-05  5.0018966E-22
  2.5920152E-05  5.1863280E-22
  2.6155851E-05  5.3775595E-22
  2.6393693E-05  5.5758426E-22
  2.6633697E-05  5.7814366E-22
  2.6875885E-05  5.9946108E-22
  2.7120275E-05  6.2156459E-22
  2.7366888E-05  6.4448310E-22
  2.7615743E-05  6.6824662E-22
  2.7866861E-05  6.9288640E-22
  2.8120261E-05  7.1843469E-22
  2.8375967E-05  7.4492501E-22
  2.8633998E-05  7.7239206E-22
  2.8894376E-05  8.0087194E-22
  2.9157120E-05  8.3040189E-22
  2.9422254E-05  8.6102070E-22
  2.9689798E-05  8.9276850E-22
  2.9959776E-05  9.2568690E-22
  3.0232208E-05  9.5981900E-22
  3.0507119E-05  9.9520975E-22
  3.0784529E-05  1.0319054E-21
  3.1064461E-05  1.0699541E-21
  3.1346939E-05  1.1094057E-21
  3.1631986E-05  1.1503120E-21
  3.1919622E-05  1.1927266E-21
  3.2209879E-05  1.2367052E-21
  3.2502772E-05  1.2823052E-21
  3.2798329E-05  1.3295868E-21
  3.3096574E-05  1.3786117E-21
  3.3397529E-05  1.4294442E-21
  3.3701221E-05  1.4821510E-21
  3.4007677E-05  1.5368013E-21
  3.4316919E-05  1.5934666E-21
  3.4628971E-05  1.6522214E-21
  3.4943863E-05  1.7131425E-21
  3.5261615E-05  1.7763100E-21
  3.5582259E-05  1.8418065E-21
  3.5905821E-05  1.9097181E-21
  3.6232323E-05  1.9801337E-21
  3.6561793E-05  2.0531457E-21
  3.6894260E-05  2.1288499E-21
  3.7229751E-05  2.2073454E-21
  3.7568290E-05  2.2887352E-21
  3.7909907E-05  2.3731260E-21
  3.8254635E-05  2.4606287E-21
  3.8602495E-05  2.5513576E-21
  3.8953516E-05  2.6454318E-21
  3.9307732E-05  2.7429749E-21
  3.9665170E-05  2.8441147E-21
  4.0025854E-05  2.9489837E-21
  4.0389823E-05  3.0577194E-21
  4.0757099E-05  3.1704643E-21
  4.1127714E-05  3.2873666E-21
  4.1501698E-05  3.4085795E-21
  4.1879088E-05  3.5342612E-21
  4.2259904E-05  3.6645777E-21
  4.2644187E-05  3.7996990E-21
  4.3031960E-05  3.9398023E-21
  4.3423264E-05  4.0850718E-21
  4.3818123E-05  4.2356975E-21
  4.4216573E-05  4.3918775E-21
  4.4618646E-05  4.5538159E-21
  4.5024379E-05  4.7217255E-21
  4.5433797E-05  4.8958260E-21
  4.5846940E-05  5.0763464E-21
  4.6263838E-05  5.2635227E-21
  4.6684527E-05  5.4576008E-21
  4.7109042E-05  5.6588347E-21
  4.7537418E-05  5.8674889E-21
  4.7969690E-05  6.0838363E-21
  4.8405891E-05  6.3081613E-21
  4.8846061E-05  6.5407574E-21
  4.9290233E-05  6.7819302E-21
  4.9738443E-05  7.0319949E-21
  5.0190727E-05  7.2912804E-21
  5.0647126E-05  7.5601271E-21
  5.1107676E-05  7.8388861E-21
  5.1572410E-05  8.1279236E-21
  5.2041374E-05  8.4276182E-21
  5.2514599E-05  8.7383635E-21
  5.2992131E-05  9.0605665E-21
  5.3474003E-05  9.3946505E-21
  5.3960255E-05  9.7410526E-21
  5.4450931E-05  1.0100227E-20
  5.4946071E-05  1.0472645E-20
  5.5445711E-05  1.0858796E-20
  5.5949895E-05  1.1259184E-20
  5.6458663E-05  1.1674336E-20
  5.6972054E-05  1.2104795E-20
  5.7490121E-05  1.2551126E-20
  5.8012894E-05  1.3013915E-20
  5.8540420E-05  1.3493767E-20
  5.9072743E-05  1.3991313E-20
  5.9609909E-05  1.4507203E-20
  6.0151960E-05  1.5042118E-20
  6.0698938E-05  1.5596755E-20
  6.1250888E-05  1.6171843E-20
  6.1807863E-05  1.6768135E-20
  6.2369902E-05  1.7386414E-20
  6.2937048E-05  1.8027490E-20
  6.3509353E-05  1.8692204E-20
  6.4086860E-05  1.9381428E-20
  6.4669621E-05  2.0096065E-20
  6.5257678E-05  2.0837053E-20
  6.5851083E-05  2.1605363E-20
  6.6449888E-05  2.2402001E-20
  6.7054134E-05  2.3228014E-20
  6.7663874E-05  2.4084483E-20
  6.8279165E-05  2.4972533E-20
  6.8900044E-05  2.5893327E-20
  6.9526570E-05  2.6848073E-20
  7.0158792E-05  2.7838020E-20
  7.0796770E-05  2.8864474E-20
  7.1440547E-05  2.9928771E-20
  7.2090173E-05  3.1032314E-20
  7.2745708E-05  3.2176544E-20
  7.3407209E-05  3.3362966E-20
  7.4074720E-05  3.4593136E-20
  7.4748299E-05  3.5868661E-20
  7.5428012E-05  3.7191220E-20
  7.6113894E-05  3.8562546E-20
  7.6806020E-05  3.9984434E-20
  7.7504439E-05  4.1458751E-20
  7.8209210E-05  4.2987429E-20
  7.8920391E-05  4.4572472E-20
  7.9638034E-05  4.6215961E-20
  8.0362202E-05  4.7920050E-20
  8.1092963E-05  4.9686969E-20
  8.1830360E-05  5.1519041E-20
  8.2574472E-05  5.3418665E-20
  8.3325343E-05  5.5388330E-20
  8.4083040E-05  5.7430626E-20
  8.4847634E-05  5.9548222E-20
  8.5619176E-05  6.1743902E-20
  8.6397733E-05  6.4020535E-20
  8.7183376E-05  6.6381121E-20
  8.7976157E-05  6.8828742E-20
  8.8776149E-05  7.1366616E-20
  8.9583416E-05  7.3998059E-20
  9.0398025E-05  7.6726540E-20
  9.1220034E-05  7.9555621E-20
  9.2049529E-05  8.2489016E-20
  9.2886556E-05  8.5530572E-20
  9.3731200E-05  8.8684276E-20
  9.4583527E-05  9.1954270E-20
  9.5443604E-05  9.5344831E-20
  9.6311494E-05  9.8860413E-20
  9.7187287E-05  1.0250562E-19
  9.8071039E-05  1.0628523E-19
  9.8962824E-05  1.1020421E-19
  9.9862722E-05  1.1426769E-19
  1.0077080E-04  1.1848100E-19
  1.0168714E-04  1.2284966E-19
  1.0261180E-04  1.2737940E-19
  1.0354489E-04  1.3207617E-19
  1.0448645E-04  1.3694612E-19
  1.0543657E-04  1.4199563E-19
  1.0639534E-04  1.4723134E-19
  1.0736282E-04  1.5266009E-19
  1.0833910E-04  1.5828901E-19
  1.0932426E-04  1.6412549E-19
  1.1031837E-04  1.7017717E-19
  1.1132153E-04  1.7645198E-19
  1.1233381E-04  1.8295817E-19
  1.1335529E-04  1.8970426E-19
  1.1438606E-04  1.9669908E-19
  1.1542621E-04  2.0395182E-19
  1.1647581E-04  2.1147198E-19
  1.1753495E-04  2.1926942E-19
  1.1860373E-04  2.2735439E-19
  1.1968223E-04  2.3573748E-19
  1.2077054E-04  2.4442965E-19
  1.2186874E-04  2.5344232E-19
  1.2297693E-04  2.6278732E-19
  1.2409518E-04  2.7247689E-19
  1.2522363E-04  2.8252372E-19
  1.2636231E-04  2.9294100E-19
  1.2751136E-04  3.0374240E-19
  1.2867086E-04  3.1494206E-19
  1.2984090E-04  3.2655470E-19
  1.3102157E-04  3.3859550E-19
  1.3221300E-04  3.5108029E-19
  1.3341525E-04  3.6402544E-19
  1.3462843E-04  3.7744786E-19
  1.3585264E-04  3.9136523E-19
  1.3708799E-04  4.0579576E-19
  1.3833457E-04  4.2075837E-19
  1.3959248E-04  4.3627268E-19
  1.4086184E-04  4.5235902E-19
  1.4214273E-04  4.6903855E-19
  1.4343527E-04  4.8633303E-19
  1.4473958E-04  5.0426528E-19
  1.4605573E-04  5.2285864E-19
  1.4738385E-04  5.4213764E-19
  1.4872407E-04  5.6212749E-19
  1.5007645E-04  5.8285441E-19
  1.5144114E-04  6.0434555E-19
  1.5281823E-04  6.2662917E-19
  1.5420785E-04  6.4973440E-19
  1.5561011E-04  6.7369156E-19
  1.5702512E-04  6.9853211E-19
  1.5845298E-04  7.2428855E-19
  1.5989384E-04  7.5099474E-19
  1.6134781E-04  7.7868560E-19
  1.6281499E-04  8.0739750E-19
  1.6429550E-04  8.3716809E-19
  1.6578949E-04  8.6803641E-19
  1.6729707E-04  9.0004282E-19
  1.6881834E-04  9.3322951E-19
  1.7035345E-04  9.6763971E-19
  1.7190253E-04  1.0033188E-18
  1.7346568E-04  1.0403134E-18
  1.7504305E-04  1.0786722E-18
  1.7663477E-04  1.1184453E-18
  1.7824097E-04  1.1596849E-18
  1.7986176E-04  1.2024451E-18
  1.8149729E-04  1.2467819E-18
  1.8314770E-04  1.2927536E-18
  1.8481311E-04  1.3404204E-18
  1.8649366E-04  1.3898448E-18
  1.8818952E-04  1.4410915E-18
  1.8990076E-04  1.4942277E-18
  1.9162759E-04  1.5493233E-18
  1.9337011E-04  1.6064504E-18
  1.9512848E-04  1.6656839E-18
  1.9690284E-04  1.7271014E-18
  1.9869333E-04  1.7907836E-18
  2.0050010E-04  1.8568139E-18
  2.0232331E-04  1.9252788E-18
  2.0416309E-04  1.9962683E-18
  2.0601961E-04  2.0698751E-18
  2.0789300E-04  2.1461962E-18
  2.0978344E-04  2.2253311E-18
  2.1169105E-04  2.3073841E-18
  2.1361602E-04  2.3924628E-18
  2.1555848E-04  2.4806783E-18
  2.1751862E-04  2.5721464E-18
  2.1949658E-04  2.6669875E-18
  2.2149252E-04  2.7653252E-18
  2.2350662E-04  2.8672890E-18
  2.2553903E-04  2.9730124E-18
  2.2758992E-04  3.0826341E-18
  2.2965945E-04  3.1962979E-18
  2.3174781E-04  3.3141527E-18
  2.3385516E-04  3.4363531E-18
  2.3598167E-04  3.5630590E-18
  2.3812751E-04  3.6944372E-18
  2.4029288E-04  3.8306594E-18
  2.4247792E-04  3.9719046E-18
  2.4468286E-04  4.1183577E-18
  2.4690782E-04  4.2702111E-18
  2.4915303E-04  4.4276633E-18
  2.5141865E-04  4.5909215E-18
  2.5370487E-04  4.7601990E-18
  2.5601187E-04  4.9357185E-18
  2.5833986E-04  5.1177094E-18
  2.6068900E-04  5.3064112E-18
  2.6305954E-04  5.5020704E-18
  2.6545161E-04  5.7049443E-18
  2.6786543E-04  5.9152984E-18
  2.7030121E-04  6.1334090E-18
  2.7275912E-04  6.3595618E-18
  2.7523941E-04  6.5940535E-18
  2.7774225E-04  6.8371908E-18
  2.8026782E-04  7.0892935E-18
  2.8281639E-04  7.3506917E-18
  2.8538812E-04  7.6217290E-18
  2.8798322E-04  7.9027595E-18
  2.9060195E-04  8.1941521E-18
  2.9324446E-04  8.4962889E-18
  2.9591101E-04  8.8095662E-18
  2.9860181E-04  9.1343950E-18
  3.0131708E-04  9.4712006E-18
  3.0405706E-04  9.8204255E-18
  3.0682192E-04  1.0182527E-17
  3.0961193E-04  1.0557980E-17
  3.1242732E-04  1.0947277E-17
  3.1526832E-04  1.1350928E-17
  3.1813513E-04  1.1769462E-17
  3.2102803E-04  1.2203429E-17
  3.2394723E-04  1.2653398E-17
  3.2689297E-04  1.3119956E-17
  3.2986552E-04  1.3603720E-17
  3.3286508E-04  1.4105319E-17
  3.3589191E-04  1.4625415E-17
  3.3894627E-04  1.5164687E-17
  3.4202839E-04  1.5723843E-17
  3.4513857E-04  1.6303617E-17
  3.4827701E-04  1.6904769E-17
  3.5144397E-04  1.7528086E-17
  3.5463975E-04  1.8174386E-17
  3.5786460E-04  1.8844518E-17
  3.6111876E-04  1.9539358E-17
  3.6440251E-04  2.0259819E-17
  3.6771613E-04  2.1006844E-17
  3.7105987E-04  2.1781414E-17
  3.7443402E-04  2.2584544E-17
  3.7783885E-04  2.3417288E-17
  3.8127464E-04  2.4280735E-17
  3.8474170E-04  2.5176023E-17
  3.8824027E-04  2.6104320E-17
  3.9177065E-04  2.7066845E-17
  3.9533313E-04  2.8064862E-17
  3.9892798E-04  2.9099678E-17
  4.0255557E-04  3.0172647E-17
  4.0621610E-04  3.1285182E-17
  4.0990996E-04  3.2438738E-17
  4.1363738E-04  3.3634828E-17
  4.1739870E-04  3.4875020E-17
  4.2119421E-04  3.6160942E-17
  4.2502425E-04  3.7494277E-17
  4.2888912E-04  3.8876777E-17
  4.3278912E-04  4.0310252E-17
  4.3672460E-04  4.1796583E-17
  4.4069588E-04  4.3337719E-17
  4.4470324E-04  4.4935680E-17
  4.4874704E-04  4.6592559E-17
  4.5282763E-04  4.8310534E-17
  4.5694533E-04  5.0091854E-17
  4.6110046E-04  5.1938856E-17
  4.6529336E-04  5.3853958E-17
  4.6952441E-04  5.5839674E-17
  4.7379392E-04  5.7898613E-17
  4.7810227E-04  6.0033467E-17
  4.8244977E-04  6.2247035E-17
  4.8683683E-04  6.4542230E-17
  4.9126375E-04  6.6922048E-17
  4.9573096E-04  6.9389614E-17
  5.0023879E-04  7.1948170E-17
  5.0478760E-04  7.4601064E-17
  5.0937780E-04  7.7351777E-17
  5.1400968E-04  8.0203909E-17
  5.1868375E-04  8.3161212E-17
  5.2340026E-04  8.6227557E-17
  5.2815973E-04  8.9406961E-17
  5.3296238E-04  9.2703600E-17
  5.3780881E-04  9.6121795E-17
  5.4269924E-04  9.9666026E-17
  5.4763415E-04  1.0334094E-16
  5.5261393E-04  1.0715136E-16
  5.5763900E-04  1.1110227E-16
  5.6270976E-04  1.1519886E-16
  5.6782668E-04  1.1944651E-16
  5.7299004E-04  1.2385078E-16
  5.7820044E-04  1.2841743E-16
  5.8345817E-04  1.3315248E-16
  5.8876374E-04  1.3806212E-16
  5.9411750E-04  1.4315279E-16
  5.9951999E-04  1.4843116E-16
  6.0497160E-04  1.5390415E-16
  6.1047275E-04  1.5957896E-16
  6.1602396E-04  1.6546299E-16
  6.2162563E-04  1.7156400E-16
  6.2727829E-04  1.7788996E-16
  6.3298229E-04  1.8444917E-16
  6.3873816E-04  1.9125022E-16
  6.4454641E-04  1.9830206E-16
  6.5040746E-04  2.0561391E-16
  6.5632176E-04  2.1319537E-16
  6.6228991E-04  2.2105637E-16
  6.6831231E-04  2.2920722E-16
  6.7438942E-04  2.3765862E-16
  6.8052183E-04  2.4642163E-16
  6.8671000E-04  2.5550778E-16
  6.9295446E-04  2.6492893E-16
  6.9925567E-04  2.7469747E-16
  7.0561422E-04  2.8482618E-16
  7.1203057E-04  2.9532839E-16
  7.1850530E-04  3.0621784E-16
  7.2503882E-04  3.1750879E-16
  7.3163182E-04  3.2921606E-16
  7.3828473E-04  3.4135502E-16
  7.4499816E-04  3.5394156E-16
  7.5177266E-04  3.6699219E-16
  7.5860874E-04  3.8052405E-16
  7.6550699E-04  3.9455486E-16
  7.7246793E-04  4.0910299E-16
  7.7949220E-04  4.2418756E-16
  7.8658038E-04  4.3982834E-16
  7.9373294E-04  4.5604582E-16
  8.0095063E-04  4.7286128E-16
  8.0823386E-04  4.9029676E-16
  8.1558339E-04  5.0837515E-16
  8.2299969E-04  5.2712009E-16
  8.3048345E-04  5.4655627E-16
  8.3803531E-04  5.6670903E-16
  8.4565580E-04  5.8760491E-16
  8.5334555E-04  6.0927128E-16
  8.6110528E-04  6.3173650E-16
  8.6893555E-04  6.5503011E-16
  8.7683700E-04  6.7918257E-16
  8.8481035E-04  7.0422563E-16
  8.9285616E-04  7.3019206E-16
  9.0097514E-04  7.5711590E-16
  9.0916798E-04  7.8503252E-16
  9.1743533E-04  8.1397849E-16
  9.2577783E-04  8.4399178E-16
  9.3419617E-04  8.7511172E-16
  9.4269105E-04  9.0737907E-16
  9.5126324E-04  9.4083623E-16
  9.5991330E-04  9.7552710E-16
  9.6864207E-04  1.0114971E-15
  9.7745017E-04  1.0487933E-15
  9.8633848E-04  1.0874647E-15
  9.9530746E-04  1.1275621E-15
  1.0043582E-03  1.1691380E-15
  1.0134911E-03  1.2122468E-15
  1.0227070E-03  1.2569452E-15
  1.0320067E-03  1.3032917E-15
  1.0413910E-03  1.3513470E-15
  1.0508607E-03  1.4011744E-15
  1.0604165E-03  1.4528390E-15
  1.0700591E-03  1.5064086E-15
  1.0797895E-03  1.5619534E-15
  1.0896083E-03  1.6195463E-15
  1.0995165E-03  1.6792627E-15
  1.1095147E-03  1.7411810E-15
  1.1196038E-03  1.8053825E-15
  1.1297847E-03  1.8719513E-15
  1.1400582E-03  1.9409745E-15
  1.1504251E-03  2.0125427E-15
  1.1608861E-03  2.0867499E-15
  1.1714424E-03  2.1636934E-15
  1.1820947E-03  2.2434737E-15
  1.1928438E-03  2.3261960E-15
  1.2036907E-03  2.4119682E-15
  1.2146361E-03  2.5009033E-15
  1.2256812E-03  2.5931175E-15
  1.2368266E-03  2.6887318E-15
  1.2480734E-03  2.7878717E-15
  1.2594225E-03  2.8906672E-15
  1.2708748E-03  2.9972530E-15
  1.2824312E-03  3.1077688E-15
  1.2940927E-03  3.2223596E-15
  1.3058602E-03  3.3411757E-15
  1.3177348E-03  3.4643726E-15
  1.3297173E-03  3.5921121E-15
  1.3418088E-03  3.7245623E-15
  1.3540103E-03  3.8618955E-15
  1.3663227E-03  4.0042928E-15
  1.3787471E-03  4.1519408E-15
  1.3912844E-03  4.3050327E-15
  1.4039357E-03  4.4637696E-15
  1.4167022E-03  4.6283595E-15
  1.4295846E-03  4.7990181E-15
  1.4425842E-03  4.9759696E-15
  1.4557020E-03  5.1594454E-15
  1.4689391E-03  5.3496865E-15
  1.4822966E-03  5.5469422E-15
  1.4957755E-03  5.7514714E-15
  1.5093770E-03  5.9635422E-15
  1.5231023E-03  6.1834324E-15
  1.5369522E-03  6.4114304E-15
  1.5509282E-03  6.6478352E-15
  1.5650312E-03  6.8929572E-15
  1.5792624E-03  7.1471175E-15
  1.5936232E-03  7.4106489E-15
  1.6081145E-03  7.6838975E-15
  1.6227375E-03  7.9672215E-15
  1.6374935E-03  8.2609921E-15
  1.6523837E-03  8.5655953E-15
  1.6674092E-03  8.8814301E-15
  1.6825715E-03  9.2089100E-15
  1.6978716E-03  9.5484652E-15
  1.7133108E-03  9.9005404E-15
  1.7288905E-03  1.0265597E-14
  1.7446117E-03  1.0644115E-14
  1.7604759E-03  1.1036590E-14
  1.7764844E-03  1.1443536E-14
  1.7926386E-03  1.1865488E-14
  1.8089395E-03  1.2302998E-14
  1.8253886E-03  1.2756640E-14
  1.8419875E-03  1.3227009E-14
  1.8587372E-03  1.3714721E-14
  1.8756392E-03  1.4220418E-14
  1.8926949E-03  1.4744760E-14
  1.9099057E-03  1.5288436E-14
  1.9272730E-03  1.5852159E-14
  1.9447983E-03  1.6436668E-14
  1.9624829E-03  1.7042730E-14
  1.9803282E-03  1.7671137E-14
  1.9983358E-03  1.8322717E-14
  2.0165073E-03  1.8998322E-14
  2.0348441E-03  1.9698839E-14
  2.0533474E-03  2.0425185E-14
  2.0720190E-03  2.1178312E-14
  2.0908606E-03  2.1959211E-14
  2.1098733E-03  2.2768903E-14
  2.1290591E-03  2.3608451E-14
  2.1484192E-03  2.4478956E-14
  2.1679553E-03  2.5381557E-14
  2.1876690E-03  2.6317441E-14
  2.2075623E-03  2.7287832E-14
  2.2276363E-03  2.8294006E-14
  2.2478928E-03  2.9337278E-14
  2.2683335E-03  3.0419020E-14
  2.2889602E-03  3.1540647E-14
  2.3097743E-03  3.2703634E-14
  2.3307777E-03  3.3909504E-14
  2.3519720E-03  3.5159836E-14
  2.3733592E-03  3.6456271E-14
  2.3949409E-03  3.7800509E-14
  2.4167188E-03  3.9194315E-14
  2.4386947E-03  4.0639513E-14
  2.4608704E-03  4.2137999E-14
  2.4832478E-03  4.3691742E-14
  2.5058286E-03  4.5302771E-14
  2.5286148E-03  4.6973205E-14
  2.5516083E-03  4.8705235E-14
  2.5748108E-03  5.0501128E-14
  2.5982242E-03  5.2363241E-14
  2.6218505E-03  5.4294016E-14
  2.6456919E-03  5.6295981E-14
  2.6697498E-03  5.8371771E-14
  2.6940266E-03  6.0524096E-14
  2.7185241E-03  6.2755783E-14
  2.7432444E-03  6.5069762E-14
  2.7681894E-03  6.7469068E-14
  2.7933614E-03  6.9956837E-14
  2.8187623E-03  7.2536337E-14
  2.8443940E-03  7.5210956E-14
  2.8702589E-03  7.7984196E-14
  2.8963590E-03  8.0859690E-14
  2.9226965E-03  8.3841212E-14
  2.9492732E-03  8.6932679E-14
  2.9760918E-03  9.0138129E-14
  3.0031544E-03  9.3461778E-14
  3.0304629E-03  9.6907982E-14
  3.0580198E-03  1.0048126E-13
  3.0858272E-03  1.0418629E-13
  3.1138875E-03  1.0802795E-13
  3.1422030E-03  1.1201124E-13
  3.1707757E-03  1.1614143E-13
  3.1996085E-03  1.2042391E-13
  3.2287035E-03  1.2486428E-13
  3.2580630E-03  1.2946840E-13
  3.2876895E-03  1.3424228E-13
  3.3175854E-03  1.3919219E-13
  3.3477531E-03  1.4432463E-13
  3.3781952E-03  1.4964631E-13
  3.4089140E-03  1.5516423E-13
  3.4399123E-03  1.6088560E-13
  3.4711924E-03  1.6681793E-13
  3.5027568E-03  1.7296902E-13
  3.5346085E-03  1.7934692E-13
  3.5667496E-03  1.8596000E-13
  3.5991832E-03  1.9281691E-13
  3.6319115E-03  1.9992668E-13
  3.6649376E-03  2.0729860E-13
  3.6982638E-03  2.1494235E-13
  3.7318931E-03  2.2286796E-13
  3.7658282E-03  2.3108582E-13
  3.8000720E-03  2.3960667E-13
  3.8346271E-03  2.4844176E-13
  3.8694965E-03  2.5760261E-13
  3.9046828E-03  2.6710126E-13
  3.9401893E-03  2.7695015E-13
  3.9760186E-03  2.8716219E-13
  4.0121735E-03  2.9775081E-13
  4.0486576E-03  3.0872988E-13
  4.0854728E-03  3.2011378E-13
  4.1226232E-03  3.3191746E-13
  4.1601113E-03  3.4415637E-13
  4.1979407E-03  3.5684661E-13
  4.2361137E-03  3.7000475E-13
  4.2746337E-03  3.8364811E-13
  4.3135043E-03  3.9779454E-13
  4.3527284E-03  4.1246260E-13
  4.3923086E-03  4.2767154E-13
  4.4322493E-03  4.4344132E-13
  4.4725528E-03  4.5979258E-13
  4.5132232E-03  4.7674679E-13
  4.5542633E-03  4.9432615E-13
  4.5956764E-03  5.1255376E-13
  4.6374663E-03  5.3145346E-13
  4.6796361E-03  5.5105009E-13
  4.7221892E-03  5.7136939E-13
  4.7651292E-03  5.9243788E-13
  4.8084599E-03  6.1428331E-13
  4.8521846E-03  6.3693424E-13
  4.8963069E-03  6.6042045E-13
  4.9408306E-03  6.8477266E-13
  4.9857586E-03  7.1002292E-13
  5.0310958E-03  7.3620423E-13
  5.0768447E-03  7.6335097E-13
  5.1230099E-03  7.9149870E-13
  5.1695951E-03  8.2068445E-13
  5.2166036E-03  8.5094637E-13
  5.2640396E-03  8.8232422E-13
  5.3119068E-03  9.1485912E-13
  5.3602098E-03  9.4859374E-13
  5.4089515E-03  9.8357227E-13
  5.4581366E-03  1.0198408E-12
  5.5077691E-03  1.0574466E-12
  5.5578528E-03  1.0964391E-12
  5.6083919E-03  1.1368696E-12
  5.6593907E-03  1.1787909E-12
  5.7108528E-03  1.2222581E-12
  5.7627833E-03  1.2673280E-12
  5.8151861E-03  1.3140601E-12
  5.8680652E-03  1.3625154E-12
  5.9214253E-03  1.4127575E-12
  5.9752702E-03  1.4648523E-12
  6.0296049E-03  1.5188681E-12
  6.0844338E-03  1.5748760E-12
  6.1397613E-03  1.6329490E-12
  6.1955922E-03  1.6931636E-12
  6.2519303E-03  1.7555986E-12
  6.3087810E-03  1.8203360E-12
  6.3661481E-03  1.8874607E-12
  6.4240377E-03  1.9570606E-12
  6.4824531E-03  2.0292273E-12
  6.5413998E-03  2.1040550E-12
  6.6008829E-03  2.1816422E-12
  6.6609061E-03  2.2620905E-12
  6.7214756E-03  2.3455055E-12
  6.7825960E-03  2.4319967E-12
  6.8442724E-03  2.5216771E-12
  6.9065089E-03  2.6146650E-12
  6.9693117E-03  2.7110818E-12
  7.0326859E-03  2.8110541E-12
  7.0966361E-03  2.9147132E-12
  7.1611679E-03  3.0221949E-12
  7.2262860E-03  3.1336403E-12
  7.2919969E-03  3.2491954E-12
  7.3583052E-03  3.3690119E-12
  7.4252160E-03  3.4932469E-12
  7.4927355E-03  3.6220636E-12
  7.5608692E-03  3.7556308E-12
  7.6296222E-03  3.8941233E-12
  7.6990006E-03  4.0377233E-12
  7.7690100E-03  4.1866189E-12
  7.8396555E-03  4.3410059E-12
  7.9109436E-03  4.5010861E-12
  7.9828799E-03  4.6670697E-12
  8.0554709E-03  4.8391746E-12
  8.1287213E-03  5.0176265E-12
  8.2026385E-03  5.2026599E-12
  8.2772272E-03  5.3945164E-12
  8.3524948E-03  5.5934489E-12
  8.4284460E-03  5.7997175E-12
  8.5050883E-03  6.0135933E-12
  8.5824272E-03  6.2353568E-12
  8.6604701E-03  6.4652988E-12
  8.7392218E-03  6.7037209E-12
  8.8186897E-03  6.9509359E-12
  8.8988813E-03  7.2072682E-12
  8.9798011E-03  7.4730534E-12
  9.0614567E-03  7.7486420E-12
  9.1438554E-03  8.0343935E-12
  9.2270030E-03  8.3306842E-12
  9.3109068E-03  8.6379020E-12
  9.3955733E-03  8.9564502E-12
  9.4810100E-03  9.2867467E-12
  9.5672235E-03  9.6292245E-12
  9.6542211E-03  9.9843337E-12
  9.7420095E-03  1.0352540E-11
  9.8305959E-03  1.0734326E-11
  9.9199880E-03  1.1130193E-11
  1.0010194E-02  1.1540661E-11
  1.0101220E-02  1.1966267E-11
  1.0193072E-02  1.2407570E-11
  1.0285761E-02  1.2865150E-11
  1.0379292E-02  1.3339606E-11
  1.0473674E-02  1.3831563E-11
  1.0568914E-02  1.4341663E-11
  1.0665020E-02  1.4870579E-11
  1.0762000E-02  1.5419001E-11
  1.0859862E-02  1.5987652E-11
  1.0958614E-02  1.6577276E-11
  1.1058263E-02  1.7188648E-11
  1.1158819E-02  1.7822572E-11
  1.1260290E-02  1.8479876E-11
  1.1362683E-02  1.9161424E-11
  1.1466007E-02  1.9868112E-11
  1.1570270E-02  2.0600866E-11
  1.1675483E-02  2.1360648E-11
  1.1781651E-02  2.2148455E-11
  1.1888784E-02  2.2965319E-11
  1.1996892E-02  2.3812317E-11
  1.2105984E-02  2.4690555E-11
  1.2216067E-02  2.5601190E-11
  1.2327151E-02  2.6545413E-11
  1.2439245E-02  2.7524469E-11
  1.2552359E-02  2.8539638E-11
  1.2666501E-02  2.9592256E-11
  1.2781681E-02  3.0683699E-11
  1.2897909E-02  3.1815404E-11
  1.3015193E-02  3.2988858E-11
  1.3133544E-02  3.4205600E-11
  1.3252971E-02  3.5467226E-11
  1.3373484E-02  3.6775392E-11
  1.3495092E-02  3.8131817E-11
  1.3617807E-02  3.9538279E-11
  1.3741638E-02  4.0996626E-11
  1.3866594E-02  4.2508771E-11
  1.3992687E-02  4.4076704E-11
  1.4119927E-02  4.5702477E-11
  1.4248323E-02  4.7388229E-11
  1.4377886E-02  4.9136174E-11
  1.4508629E-02  5.0948603E-11
  1.4640560E-02  5.2827895E-11
  1.4773691E-02  5.4776524E-11
  1.4908032E-02  5.6797043E-11
  1.5043595E-02  5.8892106E-11
  1.5180390E-02  6.1064466E-11
  1.5318430E-02  6.3316977E-11
  1.5457725E-02  6.5652594E-11
  1.5598287E-02  6.8074379E-11
  1.5740126E-02  7.0585524E-11
  1.5883256E-02  7.3189323E-11
  1.6027687E-02  7.5889191E-11
  1.6173430E-02  7.8688681E-11
  1.6320501E-02  8.1591456E-11
  1.6468907E-02  8.4601347E-11
  1.6618663E-02  8.7722295E-11
  1.6769782E-02  9.0958407E-11
  1.6922275E-02  9.4313932E-11
  1.7076153E-02  9.7793273E-11
  1.7231431E-02  1.0140100E-10
  1.7388122E-02  1.0514186E-10
  1.7546237E-02  1.0902077E-10
  1.7705789E-02  1.1304281E-10
  1.7866794E-02  1.1721328E-10
  1.8029261E-02  1.2153765E-10
  1.8193206E-02  1.2602162E-10
  1.8358642E-02  1.3067106E-10
  1.8525582E-02  1.3549209E-10
  1.8694041E-02  1.4049105E-10
  1.8864030E-02  1.4567449E-10
  1.9035567E-02  1.5104924E-10
  1.9208662E-02  1.5662237E-10
  1.9383332E-02  1.6240118E-10
  1.9559590E-02  1.6839329E-10
  1.9737450E-02  1.7460655E-10
  1.9916929E-02  1.8104916E-10
  2.0098040E-02  1.8772957E-10
  2.0280797E-02  1.9465655E-10
  2.0465216E-02  2.0183924E-10
  2.0651313E-02  2.0928706E-10
  2.0839101E-02  2.1700980E-10
  2.1028595E-02  2.2501763E-10
  2.1219814E-02  2.3332106E-10
  2.1412773E-02  2.4193103E-10
  2.1607485E-02  2.5085886E-10
  2.1803968E-02  2.6011629E-10
  2.2002237E-02  2.6971547E-10
  2.2202309E-02  2.7966907E-10
  2.2404201E-02  2.8999014E-10
  2.2607930E-02  3.0069230E-10
  2.2813510E-02  3.1178959E-10
  2.3020959E-02  3.2329661E-10
  2.3230296E-02  3.3522854E-10
  2.3441534E-02  3.4760106E-10
  2.3654696E-02  3.6043044E-10
  2.3869794E-02  3.7373354E-10
  2.4086850E-02  3.8752793E-10
  2.4305878E-02  4.0183171E-10
  2.4526898E-02  4.1666373E-10
  2.4749927E-02  4.3204351E-10
  2.4974985E-02  4.4799131E-10
  2.5202090E-02  4.6452808E-10
  2.5431260E-02  4.8167564E-10
  2.5662513E-02  4.9945659E-10
  2.5895869E-02  5.1789423E-10
  2.6131349E-02  5.3701293E-10
  2.6368968E-02  5.5683791E-10
  2.6608748E-02  5.7739519E-10
  2.6850710E-02  5.9871186E-10
  2.7094871E-02  6.2081607E-10
  2.7341252E-02  6.4373684E-10
  2.7589872E-02  6.6750444E-10
  2.7840756E-02  6.9215017E-10
  2.8093919E-02  7.1770651E-10
  2.8349385E-02  7.4420714E-10
  2.8607175E-02  7.7168699E-10
  2.8867308E-02  8.0018225E-10
  2.9129807E-02  8.2973051E-10
  2.9394692E-02  8.6037072E-10
  2.9661985E-02  8.9214330E-10
  2.9931711E-02  9.2509012E-10
  3.0203888E-02  9.5925468E-10
  3.0478541E-02  9.9468200E-10
  3.0755691E-02  1.0314187E-09
  3.1035360E-02  1.0695135E-09
  3.1317573E-02  1.1090164E-09
  3.1602353E-02  1.1499797E-09
  3.1889722E-02  1.1924574E-09
  3.2179706E-02  1.2365055E-09
  3.2472324E-02  1.2821822E-09
  3.2767605E-02  1.3295478E-09
  3.3065569E-02  1.3786648E-09
  3.3366244E-02  1.4295982E-09
  3.3669651E-02  1.4824151E-09
  3.3975821E-02  1.5371853E-09
  3.4284770E-02  1.5939811E-09
  3.4596533E-02  1.6528776E-09
  3.4911130E-02  1.7139526E-09
  3.5228584E-02  1.7772870E-09
  3.5548929E-02  1.8429641E-09
  3.5872184E-02  1.9110711E-09
  3.6198381E-02  1.9816977E-09
  3.6527544E-02  2.0549378E-09
  3.6859699E-02  2.1308877E-09
  3.7194874E-02  2.2096480E-09
  3.7533097E-02  2.2913231E-09
  3.7874397E-02  2.3760209E-09
  3.8218800E-02  2.4638536E-09
  3.8566332E-02  2.5549372E-09
  3.8917027E-02  2.6493925E-09
  3.9270911E-02  2.7473446E-09
  3.9628014E-02  2.8489231E-09
  3.9988361E-02  2.9542624E-09
  4.0351987E-02  3.0635023E-09
  4.0718917E-02  3.1767875E-09
  4.1089188E-02  3.2942680E-09
  4.1462824E-02  3.4160994E-09
  4.1839857E-02  3.5424434E-09
  4.2220317E-02  3.6734675E-09
  4.2604238E-02  3.8093453E-09
  4.2991649E-02  3.9502575E-09
  4.3382585E-02  4.0963908E-09
  4.3777075E-02  4.2479389E-09
  4.4175152E-02  4.4051029E-09
  4.4576850E-02  4.5680921E-09
  4.4982199E-02  4.7371227E-09
  4.5391236E-02  4.9124185E-09
  4.5803990E-02  5.0942135E-09
  4.6220500E-02  5.2827480E-09
  4.6640795E-02  5.4782738E-09
  4.7064912E-02  5.6810503E-09
  4.7492888E-02  5.8913474E-09
  4.7924753E-02  6.1094445E-09
  4.8360549E-02  6.3356320E-09
  4.8800305E-02  6.5702110E-09
  4.9244057E-02  6.8134938E-09
  4.9691848E-02  7.0658039E-09
  5.0143711E-02  7.3274777E-09
  5.0599679E-02  7.5988638E-09
  5.1059797E-02  7.8803239E-09
  5.1524099E-02  8.1722336E-09
  5.1992621E-02  8.4749816E-09
  5.2465405E-02  8.7889722E-09
  5.2942488E-02  9.1146237E-09
  5.3423911E-02  9.4523713E-09
  5.3909708E-02  9.8026662E-09
  5.4399922E-02  1.0165976E-08
  5.4894596E-02  1.0542785E-08
  5.5393770E-02  1.0933599E-08
  5.5897482E-02  1.1338940E-08
  5.6405772E-02  1.1759348E-08
  5.6918688E-02  1.2195387E-08
  5.7436265E-02  1.2647641E-08
  5.7958547E-02  1.3116716E-08
  5.8485582E-02  1.3603238E-08
  5.9017409E-02  1.4107861E-08
  5.9554070E-02  1.4631260E-08
  6.0095612E-02  1.5174138E-08
  6.0642079E-02  1.5737223E-08
  6.1193511E-02  1.6321270E-08
  6.1749961E-02  1.6927064E-08
  6.2311471E-02  1.7555418E-08
  6.2878087E-02  1.8207178E-08
  6.3449860E-02  1.8883219E-08
  6.4026825E-02  1.9584448E-08
  6.4609036E-02  2.0311813E-08
  6.5196544E-02  2.1066290E-08
  6.5789394E-02  2.1848896E-08
  6.6387638E-02  2.2660684E-08
  6.6991322E-02  2.3502752E-08
  6.7600489E-02  2.4376234E-08
  6.8215199E-02  2.5282308E-08
  6.8835497E-02  2.6222198E-08
  6.9461443E-02  2.7197173E-08
  7.0093073E-02  2.8208550E-08
  7.0730448E-02  2.9257700E-08
  7.1373619E-02  3.0346040E-08
  7.2022639E-02  3.1475043E-08
  7.2677560E-02  3.2646241E-08
  7.3338442E-02  3.3861220E-08
  7.4005328E-02  3.5121626E-08
  7.4678279E-02  3.6429171E-08
  7.5357348E-02  3.7785632E-08
  7.6042593E-02  3.9192848E-08
  7.6734073E-02  4.0652736E-08
  7.7431835E-02  4.2167279E-08
  7.8135945E-02  4.3738538E-08
  7.8846462E-02  4.5368658E-08
  7.9563431E-02  4.7059860E-08
  8.0286928E-02  4.8814446E-08
  8.1016995E-02  5.0634814E-08
  8.1753708E-02  5.2523450E-08
  8.2497112E-02  5.4482939E-08
  8.3247282E-02  5.6515958E-08
  8.4004276E-02  5.8625290E-08
  8.4768154E-02  6.0813825E-08
  8.5538968E-02  6.3084570E-08
  8.6316802E-02  6.5440631E-08
  8.7101705E-02  6.7885246E-08
  8.7893747E-02  7.0421777E-08
  8.8692985E-02  7.3053712E-08
  8.9499496E-02  7.5784669E-08
  9.0313338E-02  7.8618420E-08
  9.1134585E-02  8.1558873E-08
  9.1963299E-02  8.4610079E-08
  9.2799544E-02  8.7776257E-08
  9.3643397E-02  9.1061786E-08
  9.4494924E-02  9.4471211E-08
  9.5354192E-02  9.8009252E-08
  9.6221276E-02  1.0168082E-07
  9.7096242E-02  1.0549101E-07
  9.7979166E-02  1.0944512E-07
  9.8870121E-02  1.1354864E-07
  9.9769175E-02  1.1780729E-07
  0.1006764      1.2222699E-07
  0.1015919      1.2681393E-07
  0.1025157      1.3157451E-07
  0.1034479      1.3651538E-07
  0.1043886      1.4164345E-07
  0.1053378      1.4696592E-07
  0.1062957      1.5249023E-07
  0.1072622      1.5822418E-07
  0.1082376      1.6417580E-07
  0.1092218      1.7035349E-07
  0.1102150      1.7676594E-07
  0.1112172      1.8342220E-07
  0.1122286      1.9033170E-07
  0.1132491      1.9750419E-07
  0.1142789      2.0494986E-07
  0.1153181      2.1267924E-07
  0.1163667      2.2070333E-07
  0.1174249      2.2903355E-07
  0.1184926      2.3768175E-07
  0.1195701      2.4666028E-07
  0.1206574      2.5598194E-07
  0.1217546      2.6566011E-07
  0.1228617      2.7570863E-07
  0.1239789      2.8614190E-07
  0.1251063      2.9697495E-07
  0.1262439      3.0822335E-07
  0.1273919      3.1990334E-07
  0.1285503      3.3203176E-07
  0.1297193      3.4462616E-07
  0.1308988      3.5770478E-07
  0.1320891      3.7128657E-07
  0.1332903      3.8539133E-07
  0.1345023      4.0003957E-07
  0.1357254      4.1525263E-07
  0.1369596      4.3105277E-07
  0.1382050      4.4746312E-07
  0.1394617      4.6450771E-07
  0.1407299      4.8221159E-07
  0.1420096      5.0060089E-07
  0.1433009      5.1970261E-07
  0.1446040      5.3954506E-07
  0.1459189      5.6015762E-07
  0.1472458      5.8157082E-07
  0.1485847      6.0381649E-07
  0.1499359      6.2692783E-07
  0.1512993      6.5093928E-07
  0.1526751      6.7588672E-07
  0.1540634      7.0180766E-07
  0.1554643      7.2874093E-07
  0.1568780      7.5672716E-07
  0.1583046      7.8580854E-07
  0.1597441      8.1602906E-07
  0.1611967      8.4743453E-07
  0.1626625      8.8007266E-07
  0.1641416      9.1399318E-07
  0.1656342      9.4924786E-07
  0.1671403      9.8589067E-07
  0.1686602      1.0239778E-06
  0.1701939      1.0635678E-06
  0.1717415      1.1047217E-06
  0.1733032      1.1475033E-06
  0.1748791      1.1919786E-06
  0.1764693      1.2382171E-06
  0.1780740      1.2862905E-06
  0.1796933      1.3362741E-06
  0.1813273      1.3882460E-06
  0.1829761      1.4422881E-06
  0.1846400      1.4984854E-06
  0.1863190      1.5569267E-06
  0.1880132      1.6177046E-06
  0.1897229      1.6809156E-06
  0.1914481      1.7466606E-06
  0.1931890      1.8150446E-06
  0.1949457      1.8861772E-06
  0.1967184      1.9601728E-06
  0.1985072      2.0371510E-06
  0.2003123      2.1172361E-06
  0.2021338      2.2005581E-06
  0.2039718      2.2872530E-06
  0.2058266      2.3774624E-06
  0.2076983      2.4713338E-06
  0.2095869      2.5690219E-06
  0.2114927      2.6706882E-06
  0.2134159      2.7765007E-06
  0.2153566      2.8866352E-06
  0.2173149      3.0012754E-06
  0.2192910      3.1206134E-06
  0.2212850      3.2448493E-06
  0.2232972      3.3741928E-06
  0.2253277      3.5088624E-06
  0.2273767      3.6490869E-06
  0.2294443      3.7951052E-06
  0.2315307      3.9471670E-06
  0.2336361      4.1055337E-06
  0.2357606      4.2704783E-06
  0.2379044      4.4422854E-06
  0.2400678      4.6212544E-06
  0.2422508      4.8076972E-06
  0.2444536      5.0019398E-06
  0.2466765      5.2043242E-06
  0.2489196      5.4152074E-06
  0.2511831      5.6349631E-06
  0.2534672      5.8639826E-06
  0.2557721      6.1026749E-06
  0.2580979      6.3514690E-06
  0.2604448      6.6108123E-06
  0.2628131      6.8811755E-06
  0.2652029      7.1630488E-06
  0.2676145      7.4569480E-06
  0.2700480      7.7634113E-06
  0.2725036      8.0830041E-06
  0.2749816      8.4163166E-06
  0.2774821      8.7639692E-06
  0.2800053      9.1266111E-06
  0.2825514      9.5049218E-06
  0.2851208      9.8996152E-06
  0.2877134      1.0311437E-05
  0.2903297      1.0741172E-05
  0.2929698      1.1189640E-05
  0.2956338      1.1657702E-05
  0.2983221      1.2146263E-05
  0.3010348      1.2656268E-05
  0.3037722      1.3188712E-05
  0.3065345      1.3744636E-05
  0.3093219      1.4325135E-05
  0.3121347      1.4931354E-05
  0.3149730      1.5564498E-05
  0.3178371      1.6225831E-05
  0.3207273      1.6916681E-05
  0.3236438      1.7638442E-05
  0.3265868      1.8392573E-05
  0.3295565      1.9180614E-05
  0.3325532      2.0004176E-05
  0.3355772      2.0864953E-05
  0.3386287      2.1764728E-05
  0.3417080      2.2705370E-05
  0.3448153      2.3688846E-05
  0.3479508      2.4717223E-05
  0.3511147      2.5792669E-05
  0.3543075      2.6917471E-05
  0.3575294      2.8094029E-05
  0.3607805      2.9324865E-05
  0.3640611      3.0612635E-05
  0.3673717      3.1960131E-05
  0.3707123      3.3370292E-05
  0.3740833      3.4846205E-05
  0.3774849      3.6391124E-05
  0.3809175      3.8008468E-05
  0.3843813      3.9701841E-05
  0.3878766      4.1475032E-05
  0.3914036      4.3332035E-05
  0.3949628      4.5277047E-05
  0.3985543      4.7314497E-05
  0.4021785      4.9449041E-05
  0.4058356      5.1685591E-05
  0.4095260      5.4029311E-05
  0.4132499      5.6485656E-05
  0.4170077      5.9060359E-05
  0.4207996      6.1759471E-05
  0.4246261      6.4589360E-05
  0.4284874      6.7556757E-05
  0.4323837      7.0668728E-05
  0.4363155      7.3932752E-05
  0.4402830      7.7356701E-05
  0.4442866      8.0948870E-05
  0.4483267      8.4718020E-05
  0.4524034      8.8673383E-05
  0.4565173      9.2824710E-05
  0.4606685      9.7182259E-05
  0.4648575      1.0175689E-04
  0.4690846      1.0656004E-04
  0.4733501      1.1160379E-04
  0.4776544      1.1690088E-04
  0.4819978      1.2246474E-04
  0.4863808      1.2830961E-04
  0.4908036      1.3445044E-04
  0.4952666      1.4090308E-04
  0.4997702      1.4768424E-04
  0.5043147      1.5481155E-04
  0.5089006      1.6230367E-04
  0.5135282      1.7018027E-04
  0.5181978      1.7846213E-04
  0.5229100      1.8717122E-04
  0.5276650      1.9633073E-04
  0.5324631      2.0596517E-04
  0.5373050      2.1610045E-04
  0.5421908      2.2676391E-04
  0.5471212      2.3798447E-04
  0.5520962      2.4979265E-04
  0.5571166      2.6222077E-04
  0.5621827      2.7530291E-04
  0.5672947      2.8907513E-04
  0.5724533      3.0357557E-04
  0.5776588      3.1884445E-04
  0.5829116      3.3492441E-04
  0.5882122      3.5186039E-04
  0.5935609      3.6969996E-04
  0.5989584      3.8849344E-04
  0.6044049      4.0829391E-04
  0.6099009      4.2915760E-04
  0.6154469      4.5114386E-04
  0.6210433      4.7431549E-04
  0.6266906      4.9873884E-04
  0.6323893      5.2448403E-04
  0.6381398      5.5162521E-04
  0.6439426      5.8024074E-04
  0.6497982      6.1041344E-04
  0.6557069      6.4223091E-04
  0.6616695      6.7578559E-04
  0.6676862      7.1117538E-04
  0.6737577      7.4850355E-04
  0.6798844      7.8787928E-04
  0.6860667      8.2941802E-04
  0.6923053      8.7324163E-04
  0.6986006      9.1947900E-04
  0.7049533      9.6826616E-04
  0.7113636      1.0197468E-03
  0.7178322      1.0740727E-03
  0.7243596      1.1314043E-03
  0.7309464      1.1919108E-03
  0.7375932      1.2557709E-03
  0.7443003      1.3231734E-03
  0.7510684      1.3943174E-03
  0.7578981      1.4694129E-03
  0.7647899      1.5486820E-03
  0.7717443      1.6323584E-03
  0.7787620      1.7206890E-03
  0.7858436      1.8139341E-03
  0.7929894      1.9123679E-03
  0.8002003      2.0162798E-03
  0.8074768      2.1259750E-03
  0.8148193      2.2417742E-03
  0.8222287      2.3640161E-03
  0.8297055      2.4930569E-03
  0.8372502      2.6292719E-03
  0.8448636      2.7730563E-03
  0.8525462      2.9248253E-03
  0.8602986      3.0850160E-03
  0.8681216      3.2540886E-03
  0.8760156      3.4325260E-03
  0.8839815      3.6208360E-03
  0.8920197      3.8195523E-03
  0.9001312      4.0292349E-03
  0.9083163      4.2504724E-03
  0.9165759      4.4838809E-03
  0.9249105      4.7301087E-03
  0.9333211      4.9898336E-03
  0.9418080      5.2637663E-03
  0.9503721      5.5526518E-03
  0.9590141      5.8572702E-03
  0.9677347      6.1784363E-03
  0.9765346      6.5170038E-03
  0.9854145      6.8738637E-03
  0.9943751      7.2499481E-03
   1.003417      7.6462291E-03
   1.012542      8.0637215E-03
   1.021749      8.5034817E-03
   1.031040      8.9666145E-03
   1.040416      9.4542671E-03
   1.049876      9.9676335E-03
   1.059423      1.0507956E-02
   1.069057      1.1076527E-02
   1.078778      1.1674684E-02
   1.088588      1.2303818E-02
   1.098486      1.2965372E-02
   1.108475      1.3660836E-02
   1.118555      1.4391757E-02
   1.128726      1.5159729E-02
   1.138990      1.5966402E-02
   1.149347      1.6813478E-02
   1.159799      1.7702706E-02
   1.170345      1.8635897E-02
   1.180987      1.9614905E-02
   1.191726      2.0641636E-02
   1.202563      2.1718048E-02
   1.213498      2.2846144E-02
   1.224533      2.4027977E-02
   1.235668      2.5265643E-02
   1.246904      2.6561284E-02
   1.258243      2.7917078E-02
   1.269684      2.9335244E-02
   1.281230      3.0818038E-02
   1.292880      3.2367744E-02
   1.304637      3.3986673E-02
   1.316500      3.5677169E-02
   1.328472      3.7441585E-02
   1.340552      3.9282300E-02
   1.352742      4.1201692E-02
   1.365043      4.3202151E-02
   1.377455      4.5286067E-02
   1.389981      4.7455817E-02
   1.402621      4.9713776E-02
   1.415375      5.2062280E-02
   1.428245      5.4503657E-02
   1.441233      5.7040192E-02
   1.454338      5.9674125E-02
   1.467563      6.2407650E-02
   1.480908      6.5242901E-02
   1.494374      6.8181947E-02
   1.507963      7.1226783E-02
   1.521675      7.4379310E-02
   1.535512      7.7641353E-02
   1.549475      8.1014611E-02
   1.563565      8.4500708E-02
   1.577783      8.8101104E-02
   1.592130      9.1817178E-02
   1.606608      9.5650129E-02
   1.621217      9.9601045E-02
   1.635960      0.1036708    
   1.650836      0.1078603    
   1.665847      0.1121699    
   1.680995      0.1166002    
   1.696281      0.1211513    
   1.711706      0.1258234    
   1.727271      0.1306161    
   1.742977      0.1355293    
   1.758827      0.1405622    
   1.774820      0.1457142    
   1.790959      0.1509842    
   1.807245      0.1563711    
   1.823679      0.1618733    
   1.840262      0.1674893    
   1.856996      0.1732171    
   1.873882      0.1790548    
   1.890922      0.1849999    
   1.908117      0.1910499    
   1.925468      0.1972021    
   1.942976      0.2034535    
   1.960644      0.2098010    
   1.978473      0.2162412    
   1.996464      0.2227705    
   2.014618      0.2293850    
   2.032938      0.2360810    
   2.051424      0.2428542    
   2.070078      0.2497002    
   2.088902      0.2566147    
   2.107897      0.2635930    
   2.127064      0.2706302    
   2.146407      0.2777215    
   2.165925      0.2848617    
   2.185620      0.2920458    
   2.205494      0.2992682    
   2.225549      0.3065237    
   2.245787      0.3138067    
   2.266209      0.3211115    
   2.286816      0.3284325    
   2.307611      0.3357639    
   2.328594      0.3430999    
   2.349769      0.3504345    
   2.371136      0.3577619    
   2.392697      0.3650759    
   2.414455      0.3723706    
   2.436410      0.3796399    
   2.458565      0.3868778    
   2.480922      0.3940780    
   2.503481      0.4012345    
   2.526246      0.4083412    
   2.549218      0.4153919    
   2.572399      0.4223805    
   2.595790      0.4293010    
   2.619395      0.4361470    
   2.643213      0.4429127    
   2.667249      0.4495920    
   2.691503      0.4561787    
   2.715977      0.4626669    
   2.740675      0.4690506    
   2.765596      0.4753239    
   2.790745      0.4814810    
   2.816122      0.4875159    
   2.841729      0.4934228    
   2.867570      0.4991962    
   2.893646      0.5048302    
   2.919959      0.5103194    
   2.946511      0.5156580    
   2.973304      0.5208409    
   3.000341      0.5258626    
   3.027624      0.5307177    
   3.055155      0.5354012    
   3.082937      0.5399081    
   3.110970      0.5442332    
   3.139259      0.5483719    
   3.167805      0.5523194    
   3.196611      0.5560711    
   3.225679      0.5596226    
   3.255011      0.5629695    
   3.284610      0.5661079    
   3.314478      0.5690336    
   3.344617      0.5717428    
   3.375031      0.5742320    
   3.405721      0.5764977    
   3.436690      0.5785366    
   3.467941      0.5803457    
   3.499476      0.5819222    
   3.531297      0.5832633    
   3.563408      0.5843668    
   3.595812      0.5852304    
   3.628509      0.5858522    
   3.661504      0.5862305    
   3.694799      0.5863637    
   3.728397      0.5862509    
   3.762300      0.5858910    
   3.796512      0.5852833    
   3.831035      0.5844275    
   3.865872      0.5833234    
   3.901025      0.5819713    
   3.936498      0.5803714    
   3.972294      0.5785248    
   4.008415      0.5764321    
   4.044865      0.5740950    
   4.081646      0.5715148    
   4.118762      0.5686935    
   4.156214      0.5656334    
   4.194008      0.5623369    
   4.232145      0.5588068    
   4.270629      0.5550462    
   4.309464      0.5510584    
   4.348650      0.5468471    
   4.388194      0.5424162    
   4.428097      0.5377700    
   4.468363      0.5329129    
   4.508995      0.5278496    
   4.549997      0.5225853    
   4.591371      0.5171251    
   4.633122      0.5114747    
   4.675252      0.5056397    
   4.717765      0.4996262    
   4.760665      0.4934404    
   4.803956      0.4870889    
   4.847639      0.4805781    
   4.891720      0.4739150    
   4.936202      0.4671065    
   4.981088      0.4601600    
   5.026383      0.4530827    
   5.072089      0.4458821    
   5.118211      0.4385659    
   5.164752      0.4311418    
   5.211717      0.4236178    
   5.259109      0.4160016    
   5.306931      0.4083015    
   5.355188      0.4005255    
   5.403884      0.3926817    
   5.453024      0.3847782    
   5.502610      0.3768234    
   5.552646      0.3688253    
   5.603138      0.3607922    
   5.654089      0.3527322    
   5.705503      0.3446535    
   5.757385      0.3365640    
   5.809739      0.3284718    
   5.862568      0.3203847    
   5.915878      0.3123106    
   5.969673      0.3042570    
   6.023957      0.2962316    
   6.078734      0.2882418    
   6.134010      0.2802947    
   6.189788      0.2723975    
   6.246074      0.2645570    
   6.302871      0.2567799    
   6.360185      0.2490727    
   6.418020      0.2414418    
   6.476380      0.2338930    
   6.535272      0.2264322    
   6.594699      0.2190651    
   6.654666      0.2117968    
   6.715179      0.2046325    
   6.776242      0.1975769    
   6.837861      0.1906346    
   6.900039      0.1838097    
   6.962783      0.1771064    
   7.026098      0.1705281    
   7.089988      0.1640784    
   7.154459      0.1577603    
   7.219517      0.1515767    
   7.285166      0.1455300    
   7.351412      0.1396225    
   7.418261      0.1338561    
   7.485717      0.1282326    
   7.553787      0.1227532    
   7.622475      0.1174192    
   7.691789      0.1122313    
   7.761732      0.1071901    
   7.832312      0.1022959    
   7.903533      9.7548783E-02
   7.975402      9.2948481E-02
   8.047925      8.8494584E-02
   8.121107      8.4186412E-02
   8.194954      8.0023043E-02
   8.269473      7.6003373E-02
   8.344670      7.2126061E-02
   8.420550      6.8389587E-02
   8.497121      6.4792238E-02
   8.574388      6.1332110E-02
   8.652357      5.8007162E-02
   8.731035      5.4815166E-02
   8.810429      5.1753767E-02
   8.890545      4.8820473E-02
   8.971389      4.6012666E-02
   9.052968      4.3327611E-02
   9.135289      4.0762484E-02
   9.218359      3.8314357E-02
   9.302184      3.5980236E-02
   9.386772      3.3757046E-02
   9.472128      3.1641658E-02
   9.558261      2.9630901E-02
   9.645177      2.7721556E-02
   9.732883      2.5910379E-02
   9.821387      2.4194112E-02
   9.910696      2.2569483E-02
   10.00082      2.1033216E-02
   10.09176      1.9582048E-02
   10.18352      1.8212732E-02
   10.27613      1.6922038E-02
   10.36957      1.5706770E-02
   10.46386      1.4563771E-02
   10.55901      1.3489923E-02
   10.65503      1.2482161E-02
   10.75192      1.1537472E-02
   10.84969      1.0652903E-02
   10.94835      9.8255659E-03
   11.04790      9.0526408E-03
   11.14837      8.3313780E-03
   11.24974      7.6591042E-03
   11.35204      7.0332228E-03
   11.45527      6.4512170E-03
   11.55943      5.9106527E-03
   11.66455      5.4091783E-03
   11.77061      4.9445266E-03
   11.87765      4.5145159E-03
   11.98565      4.1170497E-03
   12.09464      3.7501180E-03
   12.20462      3.4117948E-03
   12.31560      3.1002404E-03
   12.42759      2.8136985E-03
   12.54060      2.5504963E-03
   12.65464      2.3090420E-03
   12.76971      2.0878252E-03
   12.88583      1.8854134E-03
   13.00300      1.7004512E-03
   13.12124      1.5316579E-03
   13.24056      1.3778255E-03
   13.36096      1.2378163E-03
   13.48245      1.1105610E-03
   13.60505      9.9505554E-04
   13.72876      8.9035952E-04
   13.85360      7.9559284E-04
   13.97958      7.0993369E-04
   14.10670      6.3261570E-04
   14.23498      5.6292559E-04
   14.36442      5.0020037E-04
   14.49504      4.4382506E-04
   14.62685      3.9322992E-04
   14.75985      3.4788810E-04
   14.89407      3.0731325E-04
   15.02950      2.7105713E-04
   15.16617      2.3870717E-04
   15.30408      2.0988447E-04
   15.44324      1.8424141E-04
   15.58367      1.6145967E-04
   15.72538      1.4124819E-04
   15.86838      1.2334123E-04
   16.01267      1.0749647E-04
   16.15828      9.3493283E-05
   16.30521      8.1130958E-05
   16.45348      7.0227165E-05
   16.60310      6.0616287E-05
   16.75407      5.2148014E-05
   16.90642      4.4685868E-05
   17.06016      3.8105842E-05
   17.21529      3.2295069E-05
   17.37183      2.7150554E-05
   17.52980      2.2577895E-05
   17.68920      1.8490058E-05
   17.85006      1.4806127E-05
   18.01237      1.1450041E-05
   18.17616      8.3492841E-06
   18.34144      5.4335114E-06
   18.50823      2.6330579E-06
   18.67653     -1.2269224E-07
   18.84636      1.1349789E-05
   19.01773      1.1041243E-05
   19.19067      1.1045983E-05
   19.36518      0.0000000E+00
   19.54127      0.0000000E+00
   19.71896      0.0000000E+00
   19.89827      0.0000000E+00
   20.07921      0.0000000E+00
   20.26180      0.0000000E+00
   20.44604      0.0000000E+00
   20.63197      0.0000000E+00
   20.81958      0.0000000E+00
   21.00890      0.0000000E+00
   21.19994      0.0000000E+00
   21.39271      0.0000000E+00
   21.58724      0.0000000E+00
   21.78354      0.0000000E+00
   21.98163      0.0000000E+00
   22.18151      0.0000000E+00
   22.38321      0.0000000E+00
   22.58675      0.0000000E+00
   22.79214      0.0000000E+00
   22.99939      0.0000000E+00
   23.20853      0.0000000E+00
   23.41957      0.0000000E+00
   23.63254      0.0000000E+00
   23.84743      0.0000000E+00
   24.06429      0.0000000E+00
   24.28311      0.0000000E+00
   24.50392      0.0000000E+00
   24.72674      0.0000000E+00
   24.95159      0.0000000E+00
   25.17848      0.0000000E+00
   25.40744      0.0000000E+00
   25.63847      0.0000000E+00
   25.87161      0.0000000E+00
   26.10687      0.0000000E+00
   26.34427      0.0000000E+00
   26.58382      0.0000000E+00
   26.82556      0.0000000E+00
   27.06949      0.0000000E+00
   27.31564      0.0000000E+00
   27.56403      0.0000000E+00
   27.81468      0.0000000E+00
   28.06760      0.0000000E+00
   28.32283      0.0000000E+00
   28.58038      0.0000000E+00
   28.84027      0.0000000E+00
   29.10252      0.0000000E+00
   29.36716      0.0000000E+00
   29.63420      0.0000000E+00
   29.90367      0.0000000E+00
   30.17559      0.0000000E+00
   30.44999      0.0000000E+00
   30.72688      0.0000000E+00
   31.00629      0.0000000E+00
   31.28824      0.0000000E+00
   31.57275      0.0000000E+00
   31.85985      0.0000000E+00
   32.14956      0.0000000E+00
   32.44191      0.0000000E+00
   32.73691      0.0000000E+00
   33.03460      0.0000000E+00
   33.33499      0.0000000E+00
   33.63811      0.0000000E+00
   33.94399      0.0000000E+00
   34.25266      0.0000000E+00
   34.56413      0.0000000E+00
   34.87843      0.0000000E+00
   35.19558      0.0000000E+00
   35.51563      0.0000000E+00
   35.83858      0.0000000E+00
   36.16447      0.0000000E+00
   36.49332      0.0000000E+00
   36.82517      0.0000000E+00
   37.16003      0.0000000E+00
   37.49794      0.0000000E+00
   37.83892      0.0000000E+00
   38.18299      0.0000000E+00
   38.53020      0.0000000E+00
   38.88057      0.0000000E+00
   39.23412      0.0000000E+00
   39.59089      0.0000000E+00
   39.95090      0.0000000E+00
   40.31419      0.0000000E+00
   40.68077      0.0000000E+00
   41.05070      0.0000000E+00
   41.42398      0.0000000E+00
   41.80066      0.0000000E+00
   42.18077      0.0000000E+00
   42.56433      0.0000000E+00
   42.95138      0.0000000E+00
   43.34195      0.0000000E+00
   43.73606      0.0000000E+00
   44.13377      0.0000000E+00
   44.53509      0.0000000E+00
   44.94006      0.0000000E+00
   45.34871      0.0000000E+00
   45.76108      0.0000000E+00
   46.17720      0.0000000E+00
   46.59710      0.0000000E+00
   47.02082      0.0000000E+00
   47.44840      0.0000000E+00
   47.87986      0.0000000E+00
   48.31524      0.0000000E+00
   48.75459      0.0000000E+00
   49.19793      0.0000000E+00
   49.64530      0.0000000E+00
   50.09674      0.0000000E+00
   50.55228      0.0000000E+00
   51.01197      0.0000000E+00
   51.47583      0.0000000E+00
   51.94392      0.0000000E+00
   52.41626      0.0000000E+00
   52.89289      0.0000000E+00
   53.37386      0.0000000E+00
   53.85921      0.0000000E+00
   54.34896      0.0000000E+00
   54.84317      0.0000000E+00
   55.34188      0.0000000E+00
   55.84512      0.0000000E+00
   56.35293      0.0000000E+00
   56.86537      0.0000000E+00
   57.38246      0.0000000E+00
   57.90425      0.0000000E+00
   58.43079      0.0000000E+00
   58.96212      0.0000000E+00
   59.49828      0.0000000E+00
   60.03931      0.0000000E+00
   60.58527      0.0000000E+00
   61.13619      0.0000000E+00
   61.69212      0.0000000E+00
   62.25310      0.0000000E+00
   62.81919      0.0000000E+00
   63.39042      0.0000000E+00
   63.96685      0.0000000E+00
   64.54852      0.0000000E+00
   65.13548      0.0000000E+00
   65.72777      0.0000000E+00
   66.32545      0.0000000E+00
   66.92857      0.0000000E+00
   67.53716      0.0000000E+00
   68.15130      0.0000000E+00
   68.77102      0.0000000E+00
   69.39637      0.0000000E+00
   70.02741      0.0000000E+00
   70.66419      0.0000000E+00
   71.30676      0.0000000E+00
   71.95517      0.0000000E+00
   72.60948      0.0000000E+00
   73.26974      0.0000000E+00
   73.93600      0.0000000E+00
   74.60832      0.0000000E+00
   75.28676      0.0000000E+00
   75.97136      0.0000000E+00
   76.66219      0.0000000E+00
   77.35930      0.0000000E+00
   78.06275      0.0000000E+00
   78.77260      0.0000000E+00
   79.48890      0.0000000E+00
   80.21172      0.0000000E+00
   80.94110      0.0000000E+00
   81.67712      0.0000000E+00
   82.41984      0.0000000E+00
   83.16930      0.0000000E+00
   83.92558      0.0000000E+00
   84.68874      0.0000000E+00
   85.45884      0.0000000E+00
   86.23594      0.0000000E+00
   87.02011      0.0000000E+00
   87.81141      0.0000000E+00
  20. 0.
  20. -100000.
  0. -100000.
