s
I
0.55465000E+04
0.83821400E+03
0.18218700E+03
0.31212300E+02
0.19531400E+02
0.82409900E+01
0.21945500E+01
0.11091100E+01
0.37464100E+00
0.17708000E+00
0.81061000E-01
0.10010000E+00
0.41200000E-01

p
I
0.18898800E+03
0.21286800E+02
0.10039600E+02
0.34518000E+01
0.19745600E+01
0.10242000E+01
0.44943700E+00
0.18664800E+00
0.73481000E-01
0.59810000E+00
0.96180000E-01
0.35900000E-01

d
I
0.13266200E+03
0.37605400E+02
0.10389100E+02
0.64901700E+01
0.34545100E+01
0.18441300E+01
0.96247800E+00
0.47285300E+00
0.19320000E+00
0.78200000E-01

f
I
0.40640000E+00
0.18480000E+00

