  3.254338256422438E-006  -3994406.44478207     
  3.283122421036535E-006  -3959383.93918019     
  3.312161177542210E-006  -3924668.48687610     
  3.341456777768969E-006  -3890257.39583718     
  3.371011493463436E-006  -3856147.99763270     
  3.400827616465516E-006  -3822337.64722690     
  3.430907458886115E-006  -3788823.72277388     
  3.461253353286435E-006  -3755603.62541428     
  3.491867652858852E-006  -3722674.77907376     
  3.522752731609401E-006  -3690034.63026323     
  3.553910984541866E-006  -3657680.64788085     
  3.585344827843503E-006  -3625610.32301573     
  3.617056699072403E-006  -3593821.16875340     
  3.649049057346518E-006  -3562310.71998293     
  3.681324383534352E-006  -3531076.53320583     
  3.713885180447342E-006  -3500116.18634649     
  3.746733973033941E-006  -3469427.27856441     
  3.779873308575416E-006  -3439007.43006802     
  3.813305756883379E-006  -3408854.28193011     
  3.847033910499064E-006  -3378965.49590496     
  3.881060384894371E-006  -3349338.75424694     
  3.915387818674676E-006  -3319971.75953087     
  3.950018873783452E-006  -3290862.23447376     
  3.984956235708689E-006  -3262007.92175834     
  4.020202613691139E-006  -3233406.58385790     
  4.055760740934410E-006  -3205056.00286285     
  4.091633374816909E-006  -3176953.98030869     
  4.127823297105670E-006  -3149098.33700559     
  4.164333314172062E-006  -3121486.91286932     
  4.201166257209418E-006  -3094117.56675379     
  4.238324982452580E-006  -3066988.17628504     
  4.275812371399380E-006  -3040096.63769660     
  4.313631331034097E-006  -3013440.86566639     
  4.351784794052878E-006  -2987018.79315500     
  4.390275719091152E-006  -2960828.37124541     
  4.429107090953068E-006  -2934867.56898410     
  4.468281920842942E-006  -2909134.37322354     
  4.507803246598776E-006  -2883626.78846611     
  4.547674132927815E-006  -2858342.83670935     
  4.587897671644215E-006  -2833280.55729256     
  4.628476981908791E-006  -2808438.00674475     
  4.669415210470897E-006  -2783813.25863399     
  4.710715531912442E-006  -2759404.40341794     
  4.752381148894069E-006  -2735209.54829586     
  4.794415292403504E-006  -2711226.81706175     
  4.836821222006102E-006  -2687454.34995892     
  4.879602226097617E-006  -2663890.30353574     
  4.922761622159205E-006  -2640532.85050270     
  4.966302757014671E-006  -2617380.17959072     
  5.010229007090012E-006  -2594430.49541068     
  5.054543778675233E-006  -2571682.01831418     
  5.099250508188500E-006  -2549132.98425559     
  5.144352662442611E-006  -2526781.64465521     
  5.189853738913838E-006  -2504626.26626366     
  5.235757266013142E-006  -2482665.13102754     
  5.282066803359778E-006  -2460896.53595614     
  5.328785942057336E-006  -2439318.79298942     
  5.375918304972213E-006  -2417930.22886706     
  5.423467547014548E-006  -2396729.18499879     
  5.471437355421650E-006  -2375714.01733568     
  5.519831450043920E-006  -2354883.09624270     
  5.568653583633316E-006  -2334234.80637235     
  5.617907542134359E-006  -2313767.54653939     
  5.667597144977717E-006  -2293479.72959666     
  5.717726245376386E-006  -2273369.78231204     
  5.768298730624489E-006  -2253436.14524641     
  5.819318522398721E-006  -2233677.27263274     
  5.870789577062451E-006  -2214091.63225625     
  5.922715885972535E-006  -2194677.70533554     
  5.975101475788813E-006  -2175433.98640485     
  6.027950408786367E-006  -2156358.98319732     
  6.081266783170531E-006  -2137451.21652926     
  6.135054733394689E-006  -2118709.22018545     
  6.189318430480887E-006  -2100131.54080541     
  6.244062082343272E-006  -2081716.73777077     
  6.299289934114403E-006  -2063463.38309349     
  6.355006268474435E-006  -2045370.06130515     
  6.411215405983235E-006  -2027435.36934720     
  6.467921705415407E-006  -2009657.91646212     
  6.525129564098307E-006  -1992036.32408561     
  6.582843418253036E-006  -1974569.22573969     
  6.641067743338446E-006  -1957255.26692671     
  6.699807054398191E-006  -1940093.10502431     
  6.759065906410858E-006  -1923081.40918135     
  6.818848894643169E-006  -1906218.86021465     
  6.879160655006347E-006  -1889504.15050676     
  6.940005864415587E-006  -1872935.98390448     
  7.001389241152751E-006  -1856513.07561843     
  7.063315545232236E-006  -1840234.15212335     
  7.125789578770097E-006  -1824097.95105941     
  7.188816186356434E-006  -1808103.22113425     
  7.252400255431064E-006  -1792248.72202600     
  7.316546716662522E-006  -1776533.22428708     
  7.381260544330415E-006  -1760955.50924886     
  7.446546756711151E-006  -1745514.36892717     
  7.512410416467093E-006  -1730208.60592860     
  7.578856631039136E-006  -1715037.03335768     
  7.645890553042773E-006  -1699998.47472482     
  7.713517380667662E-006  -1685091.76385507     
  7.781742358080712E-006  -1670315.74479772     
  7.850570775832754E-006  -1655669.27173663     
  7.920007971268796E-006  -1641151.20890140     
  7.990059328941916E-006  -1626760.43047928     
  8.060730281030808E-006  -1612495.82052787     
  8.132026307761016E-006  -1598356.27288860     
  8.203952937829916E-006  -1584340.69110092     
  8.276515748835434E-006  -1570447.98831732     
  8.349720367708563E-006  -1556677.08721899     
  8.423572471149717E-006  -1543026.91993234     
  8.498077786068918E-006  -1529496.42794616     
  8.573242090029907E-006  -1516084.56202952     
  8.649071211698168E-006  -1502790.28215044     
  8.725571031292908E-006  -1489612.55739523     
  8.802747481043046E-006  -1476550.36588854     
  8.880606545647236E-006  -1463602.69471413     
  8.959154262737944E-006  -1450768.53983629     
  9.038396723349659E-006  -1438046.90602204     
  9.118340072391200E-006  -1425436.80676389     
  9.198990509122249E-006  -1412937.26420340     
  9.280354287634070E-006  -1400547.30905528     
  9.362437717334481E-006  -1388265.98053232     
  9.445247163437126E-006  -1376092.32627079     
  9.528789047455076E-006  -1364025.40225665     
  9.613069847698772E-006  -1352064.27275233     
  9.698096099778410E-006  -1340208.01022416     
  9.783874397110733E-006  -1328455.69527045     
  9.870411391430337E-006  -1316806.41655020     
  9.957713793305465E-006  -1305259.27071239     
  1.004578837265840E-005  -1293813.36232602     
  1.013464195929044E-005  -1282467.80381056     
  1.022428144341151E-005  -1271221.71536720     
  1.031471377617447E-005  -1260074.22491061     
  1.040594597021416E-005  -1249024.46800129     
  1.049798510019118E-005  -1238071.58777856     
  1.059083830334051E-005  -1227214.73489411     
  1.068451278002499E-005  -1216453.06744613     
  1.077901579429363E-005  -1205785.75091401     
  1.087435467444495E-005  -1195211.95809368     
  1.097053681359523E-005  -1184730.86903341     
  1.106756967025183E-005  -1174341.67097022     
  1.116546076889157E-005  -1164043.55826692     
  1.126421770054420E-005  -1153835.73234956     
  1.136384812338105E-005  -1143717.40164556     
  1.146435976330891E-005  -1133687.78152230     
  1.156576041456914E-005  -1123746.09422628     
  1.166805794034206E-005  -1113891.56882280     
  1.177126027335672E-005  -1104123.44113620     
  1.187537541650602E-005  -1094440.95369058     
  1.198041144346737E-005  -1084843.35565107     
  1.208637649932867E-005  -1075329.90276561     
  1.219327880122002E-005  -1065899.85730722     
  1.230112663895086E-005  -1056552.48801681     
  1.240992837565283E-005  -1047287.07004648     
  1.251969244842831E-005  -1038102.88490327     
  1.263042736900463E-005  -1028999.22039351     
  1.274214172439420E-005  -1019975.37056753     
  1.285484417756031E-005  -1011030.63566494     
  1.296854346808895E-005  -1002164.32206039     
  1.308324841286655E-005  -993375.742209742     
  1.319896790676362E-005  -984664.214596784     
  1.331571092332458E-005  -976029.063680365     
  1.343348651546357E-005  -967469.619842017     
  1.355230381616649E-005  -958985.219334027     
  1.367217203919923E-005  -950575.204227968     
  1.379310047982212E-005  -942238.922363675     
  1.391509851551077E-005  -933975.727298679     
  1.403817560668327E-005  -925784.978258073     
  1.416234129743374E-005  -917666.040084825     
  1.428760521627251E-005  -909618.283190524     
  1.441397707687268E-005  -901641.083506561     
  1.454146667882347E-005  -893733.822435727     
  1.467008390839008E-005  -885895.886804253     
  1.479983873928032E-005  -878126.668814255     
  1.493074123341805E-005  -870425.565996605     
  1.506280154172346E-005  -862791.981164210     
  1.519602990490015E-005  -855225.322365705     
  1.533043665422935E-005  -847725.002839545     
  1.546603221237100E-005  -840290.440968512     
  1.560282709417201E-005  -832921.060234606     
  1.574083190748164E-005  -825616.289174342     
  1.588005735397407E-005  -818375.561334435     
  1.602051422997828E-005  -811198.315227872     
  1.616221342731530E-005  -804083.994290376     
  1.630516593414274E-005  -797032.046837240     
  1.644938283580694E-005  -790041.926020553     
  1.659487531570259E-005  -783113.089786790     
  1.674165465613991E-005  -776245.000834779     
  1.688973223921957E-005  -769437.126574036     
  1.703911954771533E-005  -762688.939083467     
  1.718982816596447E-005  -755999.915070425     
  1.734186978076609E-005  -749369.535830136     
  1.749525618228742E-005  -742797.287205472     
  1.764999926497802E-005  -736282.659547082     
  1.780611102849222E-005  -729825.147673872     
  1.796360357861959E-005  -723424.250833829     
  1.812248912822371E-005  -717079.472665190     
  1.828277999818922E-005  -710790.321157950     
  1.844448861837725E-005  -704556.308615710     
  1.860762752858933E-005  -698376.951617862     
  1.877220937953974E-005  -692251.770982094     
  1.893824693383657E-005  -686180.291727239     
  1.910575306697138E-005  -680162.043036435     
  1.927474076831763E-005  -674196.558220623     
  1.944522314213799E-005  -668283.374682352     
  1.961721340860048E-005  -662422.033879907     
  1.979072490480364E-005  -656612.081291754     
  1.996577108581079E-005  -650853.066381291     
  2.014236552569337E-005  -645144.542561912     
  2.032052191858359E-005  -639486.067162375     
  2.050025407973635E-005  -633877.201392477     
  2.068157594660050E-005  -628317.510309026     
  2.086450157989971E-005  -622806.562782113     
  2.104904516472275E-005  -617343.931461680     
  2.123522101162350E-005  -611929.192744383     
  2.142304355773070E-005  -606561.926740739     
  2.161252736786745E-005  -601241.717242569     
  2.180368713568067E-005  -595968.151690722     
  2.199653768478052E-005  -590740.821143082     
  2.219109396988991E-005  -585559.320242858     
  2.238737107800418E-005  -580423.247187148     
  2.258538422956101E-005  -575332.203695781     
  2.278514877962072E-005  -570285.794980436     
  2.298668021905698E-005  -565283.629714024     
  2.318999417575807E-005  -560325.320000343     
  2.339510641583873E-005  -555410.481343998     
  2.360203284486278E-005  -550538.732620588     
  2.381078950907651E-005  -545709.696047147     
  2.402139259665300E-005  -540922.997152852     
  2.423385843894748E-005  -536178.264749984     
  2.444820351176368E-005  -531475.130905141     
  2.466444443663152E-005  -526813.230910710     
  2.488259798209601E-005  -522192.203256585     
  2.510268106501758E-005  -517611.689602130     
  2.532471075188393E-005  -513071.334748397     
  2.554870426013344E-005  -508570.786610575     
  2.577467895949030E-005  -504109.696190695     
  2.600265237331148E-005  -499687.717550559     
  2.623264217994558E-005  -495304.507784921     
  2.646466621410372E-005  -490959.726994890     
  2.669874246824250E-005  -486653.038261578     
  2.693488909395931E-005  -482384.107619968     
  2.717312440339986E-005  -478152.604033020     
  2.741346687067819E-005  -473958.199366002     
  2.765593513330930E-005  -469800.568361039     
  2.790054799365441E-005  -465679.388611895     
  2.814732442037894E-005  -461594.340538970     
  2.839628354992354E-005  -457545.107364521     
  2.864744468798794E-005  -453531.375088092     
  2.890082731102812E-005  -449552.832462169     
  2.915645106776653E-005  -445609.170968042     
  2.941433578071585E-005  -441700.084791883     
  2.967450144771607E-005  -437825.270801027     
  2.993696824348528E-005  -433984.428520470     
  3.020175652118410E-005  -430177.260109568     
  3.046888681399402E-005  -426403.470338936     
  3.073837983670963E-005  -422662.766567561     
  3.101025648734496E-005  -418954.858720102     
  3.128453784875401E-005  -415279.459264404     
  3.156124519026573E-005  -411636.283189193     
  3.184039996933323E-005  -408025.047981980     
  3.212202383319780E-005  -404445.473607150     
  3.240613862056756E-005  -400897.282484251     
  3.269276636331092E-005  -397380.199466463     
  3.298192928816504E-005  -393893.951819267     
  3.327364981845949E-005  -390438.269199292     
  3.356795057585503E-005  -387012.883633350     
  3.386485438209781E-005  -383617.529497662     
  3.416438426078914E-005  -380251.943497254     
  3.446656343917083E-005  -376915.864645541     
  3.477141534992641E-005  -373609.034244091     
  3.507896363299816E-005  -370331.195862561     
  3.538923213742037E-005  -367082.095318814     
  3.570224492316866E-005  -363861.480659207     
  3.601802626302577E-005  -360669.102139054     
  3.633660064446378E-005  -357504.712203260     
  3.665799277154303E-005  -354368.065467120     
  3.698222756682779E-005  -351258.918697299     
  3.730933017331893E-005  -348177.030792959     
  3.763932595640360E-005  -345122.162767074     
  3.797224050582227E-005  -342094.077727889     
  3.830809963765304E-005  -339092.540860554     
  3.864692939631361E-005  -336117.319408914     
  3.898875605658089E-005  -333168.182657463     
  3.933360612562849E-005  -330244.901913447     
  3.968150634508226E-005  -327347.250489134     
  4.003248369309398E-005  -324475.003684236     
  4.038656538643336E-005  -321627.938768482     
  4.074377888259866E-005  -318805.834964345     
  4.110415188194581E-005  -316008.473429928     
  4.146771232983652E-005  -313235.637241987     
  4.183448841880528E-005  -310487.111379112     
  4.220450859074563E-005  -307762.682705055     
  4.257780153911560E-005  -305062.139952198     
  4.295439621116287E-005  -302385.273705174     
  4.333432181016944E-005  -299731.876384626     
  4.371760779771625E-005  -297101.742231110     
  4.410428389596775E-005  -294494.667289141     
  4.449438008997680E-005  -291910.449391374     
  4.488792663000982E-005  -289348.888142929     
  4.528495403389258E-005  -286809.784905851     
  4.568549308937674E-005  -284292.942783707     
  4.608957485652730E-005  -281798.166606316     
  4.649723067013116E-005  -279325.262914615     
  4.690849214212702E-005  -276874.039945659     
  4.732339116405673E-005  -274444.307617745     
  4.774195990953834E-005  -272035.877515681     
  4.816423083676104E-005  -269648.562876167     
  4.859023669100215E-005  -267282.178573316     
  4.902001050716633E-005  -264936.541104298     
  4.945358561234739E-005  -262611.468575109     
  4.989099562841254E-005  -260306.780686469     
  5.033227447460973E-005  -258022.298719836     
  5.077745637019787E-005  -255757.845523552     
  5.122657583710040E-005  -253513.245499100     
  5.167966770258233E-005  -251288.324587492     
  5.213676710195095E-005  -249082.910255772     
  5.259790948128038E-005  -246896.831483630     
  5.306313060016030E-005  -244729.918750148     
  5.353246653446895E-005  -242582.004020650     
  5.400595367917060E-005  -240452.920733674     
  5.448362875113792E-005  -238342.503788053     
  5.496552879199912E-005  -236250.589530113     
  5.545169117101043E-005  -234177.015740986     
  5.594215358795389E-005  -232121.621624026     
  5.643695407606080E-005  -230084.247792341     
  5.693613100496106E-005  -228064.736256435     
  5.743972308365858E-005  -226062.930411956     
  5.794776936353295E-005  -224078.675027549     
  5.846030924136769E-005  -222111.816232825     
  5.897738246240540E-005  -220162.201506421     
  5.949902912342973E-005  -218229.679664179     
  6.002528967587474E-005  -216314.100847419     
  6.055620492896177E-005  -214415.316511320     
  6.109181605286394E-005  -212533.179413399     
  6.163216458189883E-005  -210667.543602095     
  6.217729241774918E-005  -208818.264405449     
  6.272724183271223E-005  -206985.198419887     
  6.328205547297776E-005  -205168.203499101     
  6.384177636193509E-005  -203367.138743020     
  6.440644790350943E-005  -201581.864486893     
  6.497611388552752E-005  -199812.242290450     
  6.555081848311334E-005  -198058.134927172     
  6.613060626211361E-005  -196319.406373648     
  6.671552218255372E-005  -194595.921799026     
  6.730561160212412E-005  -192887.547554560     
  6.790092027969774E-005  -191194.151163243     
  6.850149437887825E-005  -189515.601309536     
  6.910738047157992E-005  -187851.767829185     
  6.971862554163906E-005  -186202.521699125     
  7.033527698845739E-005  -184567.735027480     
  7.095738263067774E-005  -182947.281043639     
  7.158499070989206E-005  -181341.034088430     
  7.221814989438242E-005  -179748.869604376     
  7.285690928289499E-005  -178170.664126031     
  7.350131840844750E-005  -176606.295270413     
  7.415142724217021E-005  -175055.641727507     
  7.480728619718102E-005  -173518.583250862     
  7.546894613249478E-005  -171995.000648267     
  7.613645835696720E-005  -170484.775772505     
  7.680987463327356E-005  -168987.791512192     
  7.748924718192279E-005  -167503.931782697     
  7.817462868530682E-005  -166033.081517141     
  7.886607229178597E-005  -164575.126657470     
  7.956363161981038E-005  -163129.954145614     
  8.026736076207776E-005  -161697.451914717     
  8.097731428972817E-005  -160277.508880452     
  8.169354725657577E-005  -158870.014932399     
  8.241611520337792E-005  -157474.860925513     
  8.314507416214221E-005  -156091.938671657     
  8.388048066047144E-005  -154721.140931215     
  8.462239172594713E-005  -153362.361404770     
  8.537086489055172E-005  -152015.494724872     
  8.612595819513000E-005  -150680.436447854     
  8.688773019388986E-005  -149357.083045743     
  8.765623995894287E-005  -148045.331898228     
  8.843154708488520E-005  -146745.081284701     
  8.921371169341884E-005  -145456.230376373     
  9.000279443801376E-005  -144178.679228450     
  9.079885650861134E-005  -142912.328772387     
  9.160195963636945E-005  -141657.080808202     
  9.241216609844932E-005  -140412.837996867     
  9.322953872284496E-005  -139179.503852751     
  9.405414089325513E-005  -137956.982736147     
  9.488603655399850E-005  -136745.179845849     
  9.572529021497229E-005  -135544.001211803     
  9.657196695665467E-005  -134353.353687820     
  9.742613243515149E-005  -133173.144944354     
  9.828785288728764E-005  -132003.283461341     
  9.915719513574341E-005  -130843.678521100     
  1.000342265942363E-004  -129694.240201303     
  1.009190152727488E-004  -128554.879367997     
  1.018116297828018E-004  -127425.507668697     
  1.027121393427759E-004  -126306.037525530     
  1.036206137832782E-004  -125196.382128445     
  1.045371235525579E-004  -124096.455428485     
  1.054617397219689E-004  -123006.172131108     
  1.063945339914815E-004  -121925.447689578     
  1.073355786952418E-004  -120854.198298406     
  1.082849468071816E-004  -119792.340886852     
  1.092427119466768E-004  -118739.793112483     
  1.102089483842561E-004  -117696.473354790     
  1.111837310473608E-004  -116662.300708853     
  1.121671355261549E-004  -115637.194979074     
  1.131592380793867E-004  -114621.076672953     
  1.141601156403024E-004  -113613.866994928     
  1.151698458226122E-004  -112615.487840259     
  1.161885069265082E-004  -111625.861788978     
  1.172161779447371E-004  -110644.912099881     
  1.182529385687251E-004  -109672.562704578     
  1.192988691947581E-004  -108708.738201593     
  1.203540509302156E-004  -107753.363850522     
  1.214185655998607E-004  -106806.365566230     
  1.224924957521848E-004  -105867.669913112     
  1.235759246658094E-004  -104937.204099396     
  1.246689363559434E-004  -104014.895971495     
  1.257716155808986E-004  -103100.674008420     
  1.268840478486621E-004  -102194.467316226     
  1.280063194235272E-004  -101296.205622517     
  1.291385173327827E-004  -100405.819271000     
  1.302807293734615E-004  -99523.2392160769     
  1.314330441191490E-004  -98648.3970174972     
  1.325955509268514E-004  -97781.2248350459     
  1.337683399439253E-004  -96921.6554232849     
  1.349515021150677E-004  -96069.6221263380     
  1.361451291893688E-004  -95225.0588727218     
  1.373493137274268E-004  -94387.9001702226     
  1.385641491085251E-004  -93558.0811008172     
  1.397897295378738E-004  -92735.5373156393     
  1.410261500539150E-004  -91920.2050299893     
  1.422735065356923E-004  -91112.0210183880     
  1.435318957102860E-004  -90310.9226096739     
  1.448014151603140E-004  -89516.8476821431     
  1.460821633314985E-004  -88729.7346587325     
  1.473742395403004E-004  -87949.5225022441     
  1.486777439816208E-004  -87176.1507106124     
  1.499927777365705E-004  -86409.5593122123     
  1.513194427803086E-004  -85649.6888612090     
  1.526578419899501E-004  -84896.4804329479     
  1.540080791525438E-004  -84149.8756193852     
  1.553702589731199E-004  -83409.8165245590     
  1.567444870828106E-004  -82676.2457600994     
  1.581308700470399E-004  -81949.1064407783     
  1.595295153737886E-004  -81228.3421800982     
  1.609405315219300E-004  -80513.8970859199     
  1.623640279096412E-004  -79805.7157561280     
  1.638001149228875E-004  -79103.7432743349     
  1.652489039239828E-004  -78407.9252056223     
  1.667105072602249E-004  -77718.2075923197     
  1.681850382726075E-004  -77034.5369498206     
  1.696726113046097E-004  -76356.8602624348     
  1.711733417110625E-004  -75685.1249792773     
  1.726873458670942E-004  -75019.2790101932     
  1.742147411771547E-004  -74359.2707217185     
  1.757556460841198E-004  -73705.0489330757     
  1.773101800784760E-004  -73056.5629122055     
  1.788784637075861E-004  -72413.7623718324     
  1.804606185850377E-004  -71776.5974655651     
  1.820567674000733E-004  -71145.0187840317     
  1.836670339271045E-004  -70518.9773510472     
  1.852915430353103E-004  -69898.4246198167     
  1.869304206983200E-004  -69283.3124691700     
  1.885837940039819E-004  -68673.5931998304     
  1.902517911642184E-004  -68069.2195307157     
  1.919345415249686E-004  -67470.1445952720     
  1.936321755762179E-004  -66876.3219378388     
  1.953448249621176E-004  -66287.7055100474     
  1.970726224911928E-004  -65704.2496672494     
  1.988157021466416E-004  -65125.9091649773     
  2.005741990967243E-004  -64552.6391554362     
  2.023482497052457E-004  -63984.3951840258     
  2.041379915421294E-004  -63421.1331858935     
  2.059435633940855E-004  -62862.8094825167     
  2.077651052753729E-004  -62309.3807783164     
  2.096027584386571E-004  -61760.8041572995     
  2.114566653859638E-004  -61217.0370797309     
  2.133269698797286E-004  -60678.0373788347     
  2.152138169539461E-004  -60143.7632575244     
  2.171173529254160E-004  -59614.1732851616     
  2.190377254050895E-004  -59089.2263943435     
  2.209750833095161E-004  -58568.8818777179     
  2.229295768723910E-004  -58053.0993848269     
  2.249013576562054E-004  -57541.8389189778     
  2.268905785639997E-004  -57035.0608341413     
  2.288973938512199E-004  -56532.7258318774     
  2.309219591376799E-004  -56034.7949582880     
  2.329644314196289E-004  -55541.2296009957     
  2.350249690819258E-004  -55051.9914861503     
  2.371037319103216E-004  -54567.0426754605     
  2.392008811038496E-004  -54086.3455632515     
  2.413165792873260E-004  -53609.8628735498     
  2.434509905239604E-004  -53137.5576571917     
  2.456042803280788E-004  -52669.3932889586     
  2.477766156779580E-004  -52205.3334647367     
  2.499681650287740E-004  -51745.3421987018     
  2.521790983256655E-004  -51289.3838205286     
  2.544095870169118E-004  -50837.4229726249     
  2.566598040672285E-004  -50389.4246073896     
  2.589299239711793E-004  -49945.3539844949     
  2.612201227667082E-004  -49505.1766681925     
  2.635305780487899E-004  -49068.8585246428     
  2.658614689832018E-004  -48636.3657192688     
  2.682129763204172E-004  -48207.6647141316     
  2.705852824096223E-004  -47782.7222653298     
  2.729785712128560E-004  -47361.5054204222     
  2.753930283192756E-004  -46943.9815158715     
  2.778288409595482E-004  -46530.1181745124     
  2.802861980203705E-004  -46119.8833030399     
  2.827652900591148E-004  -45713.2450895216     
  2.852663093186070E-004  -45310.1720009300     
  2.877894497420336E-004  -44910.6327806977     
  2.903349069879812E-004  -44514.5964462933     
  2.929028784456097E-004  -44122.0322868193     
  2.954935632499575E-004  -43732.9098606300     
  2.981071622973852E-004  -43347.1989929714     
  3.007438782611530E-004  -42964.8697736410     
  3.034039156071380E-004  -42585.8925546685     
  3.060874806096889E-004  -42210.2379480167     
  3.087947813676222E-004  -41837.8768233024     
  3.115260278203591E-004  -41468.7803055378     
  3.142814317642057E-004  -41102.9197728913     
  3.170612068687765E-004  -40740.2668544678     
  3.198655686935636E-004  -40380.7934281087     
  3.226947347046528E-004  -40024.4716182114     
  3.255489242915866E-004  -39671.2737935674     
  3.284283587843774E-004  -39321.1725652197     
  3.313332614706704E-004  -38974.1407843389     
  3.342638576130585E-004  -38630.1515401181     
  3.372203744665508E-004  -38289.1781576857     
  3.402030412961949E-004  -37951.1941960373     
  3.432120893948555E-004  -37616.1734459850     
  3.462477521011503E-004  -37284.0899281253     
  3.493102648175442E-004  -36954.9178908240     
  3.523998650286039E-004  -36628.6318082199     
  3.555167923194136E-004  -36305.2063782450     
  3.586612883941541E-004  -35984.6165206625     
  3.618335970948455E-004  -35666.8373751219     
  3.650339644202563E-004  -35351.8442992313     
  3.682626385449800E-004  -35039.6128666465     
  3.715198698386790E-004  -34730.1188651765     
  3.748059108855002E-004  -34423.3382949065     
  3.781210165036620E-004  -34119.2473663366     
  3.814654437652142E-004  -33817.8224985366     
  3.848394520159726E-004  -33519.0403173182     
  3.882433028956302E-004  -33222.8776534215     
  3.916772603580466E-004  -32929.3115407193     
  3.951415906917159E-004  -32638.3192144355     
  3.986365625404168E-004  -32349.8781093800     
  4.021624469240443E-004  -32063.9658581987     
  4.057195172596264E-004  -31780.5602896394     
  4.093080493825261E-004  -31499.6394268323     
  4.129283215678317E-004  -31221.1814855856     
  4.165806145519353E-004  -30945.1648726965     
  4.202652115543031E-004  -30671.5681842767     
  4.239823982994377E-004  -30400.3702040923     
  4.277324630390346E-004  -30131.5499019193     
  4.315156965743352E-004  -29865.0864319120     
  4.353323922786770E-004  -29600.9591309868     
  4.391828461202434E-004  -29339.1475172201     
  4.430673566850150E-004  -29079.6312882598     
  4.469862251999230E-004  -28822.3903197509     
  4.509397555562089E-004  -28567.4046637751     
  4.549282543329895E-004  -28314.6545473035     
  4.589520308210305E-004  -28064.1203706641     
  4.630113970467313E-004  -27815.7827060211     
  4.671066677963206E-004  -27569.6222958688     
  4.712381606402675E-004  -27325.6200515384     
  4.754061959579070E-004  -27083.7570517171     
  4.796110969622845E-004  -26844.0145409817     
  4.838531897252190E-004  -26606.3739283434     
  4.881328032025892E-004  -26370.8167858068     
  4.924502692598424E-004  -26137.3248469404     
  4.968059226977289E-004  -25905.8800054604     
  5.012001012782649E-004  -25676.4643138267     
  5.056331457509239E-004  -25449.0599818506     
  5.101053998790607E-004  -25223.6493753162     
  5.146172104665687E-004  -25000.2150146120     
  5.191689273847730E-004  -24778.7395733760     
  5.237609035995613E-004  -24559.2058771519     
  5.283934951987554E-004  -24341.5969020573     
  5.330670614197233E-004  -24125.8957734637     
  5.377819646772374E-004  -23912.0857646878     
  5.425385705915776E-004  -23700.1502956946     
  5.473372480168841E-004  -23490.0729318114     
  5.521783690697597E-004  -23281.8373824537     
  5.570623091581267E-004  -23075.4274998617     
  5.619894470103375E-004  -22870.8272778482     
  5.669601647045439E-004  -22668.0208505573     
  5.719748476983247E-004  -22466.9924912343     
  5.770338848585771E-004  -22267.7266110058     
  5.821376684916713E-004  -22070.2077576714     
  5.872865943738727E-004  -21874.4206145048     
  5.924810617820315E-004  -21680.3499990664     
  5.977214735245457E-004  -21487.9808620262     
  6.030082359725973E-004  -21297.2982859961     
  6.083417590916639E-004  -21108.2874843740     
  6.137224564733104E-004  -20920.9338001963     
  6.191507453672609E-004  -20735.2227050022     
  6.246270467137547E-004  -20551.1397977060     
  6.301517851761885E-004  -20368.6708034816     
  6.357253891740466E-004  -20187.8015726546     
  6.413482909161242E-004  -20008.5180796052     
  6.470209264340419E-004  -19830.8064216812     
  6.527437356160589E-004  -19654.6528181192     
  6.585171622411843E-004  -19480.0436089762     
  6.643416540135904E-004  -19306.9652540705     
  6.702176625973297E-004  -19135.4043319314     
  6.761456436513597E-004  -18965.3475387588     
  6.821260568648777E-004  -18796.7816873912     
  6.881593659929671E-004  -18629.6937062833     
  6.942460388925600E-004  -18464.0706384924     
  7.003865475587172E-004  -18299.8996406734     
  7.065813681612295E-004  -18137.1679820831     
  7.128309810815428E-004  -17975.8630435928     
  7.191358709500090E-004  -17815.9723167101     
  7.254965266834678E-004  -17657.4834026083     
  7.319134415231594E-004  -17500.3840111656     
  7.383871130729736E-004  -17344.6619600115     
  7.449180433380363E-004  -17190.3051735825     
  7.515067387636388E-004  -17037.3016821855     
  7.581537102745095E-004  -16885.6396210698     
  7.648594733144342E-004  -16735.3072295067     
  7.716245478862267E-004  -16586.2928498777     
  7.784494585920525E-004  -16438.5849267707     
  7.853347346741097E-004  -16292.1720060836     
  7.922809100556690E-004  -16147.0427341362     
  7.992885233824779E-004  -16003.1858567899     
  8.063581180645293E-004  -15860.5902185749     
  8.134902423182015E-004  -15719.2447618250     
  8.206854492087693E-004  -15579.1385258203     
  8.279442966932927E-004  -15440.2606459374     
  8.352673476638828E-004  -15302.6003528064     
  8.426551699913529E-004  -15166.1469714764     
  8.501083365692537E-004  -15030.8899205871     
  8.576274253582988E-004  -14896.8187115488     
  8.652130194311830E-004  -14763.9229477286     
  8.728657070177974E-004  -14632.1923236447     
  8.805860815508434E-004  -14501.6166241667     
  8.883747417118517E-004  -14372.1857237239     
  8.962322914776069E-004  -14243.8895855197     
  9.041593401669835E-004  -14116.7182607538     
  9.121565024881955E-004  -13990.6618878504     
  9.202243985864651E-004  -13865.7106916932     
  9.283636540921117E-004  -13741.8549828683     
  9.365749001690664E-004  -13619.0851569116     
  9.448587735638176E-004  -13497.3916935652     
  9.532159166547860E-004  -13376.7651560382     
  9.616469775021401E-004  -13257.1961902755     
  9.701526098980489E-004  -13138.6755242324     
  9.787334734173809E-004  -13021.1939671552     
  9.873902334688524E-004  -12904.7424088690     
  9.961235613466265E-004  -12789.3118190707     
  1.004934134282368E-003  -12674.8932466293     
  1.013822635497760E-003  -12561.4778188916     
  1.022789754257488E-003  -12449.0567409938     
  1.031836185922685E-003  -12337.6212951800     
  1.040962632004854E-003  -12227.1628401260     
  1.050169800220273E-003  -12117.6728102691     
  1.059458404544866E-003  -12009.1427151440     
  1.068829165269577E-003  -11901.5641387244     
  1.078282809056222E-003  -11794.9287387703     
  1.087820068993837E-003  -11689.2282461811     
  1.097441684655529E-003  -11584.4544643545     
  1.107148402155825E-003  -11480.5992685508     
  1.116940974208529E-003  -11377.6546052628     
  1.126820160185095E-003  -11275.6124915916     
  1.136786726173508E-003  -11174.4650146270     
  1.146841445037696E-003  -11074.2043308345     
  1.156985096477459E-003  -10974.8226654465     
  1.167218467088932E-003  -10876.3123118601     
  1.177542350425582E-003  -10778.6656310386     
  1.187957547059746E-003  -10681.8750509202     
  1.198464864644710E-003  -10585.9330658297     
  1.209065117977339E-003  -10490.8322358972     
  1.219759129061264E-003  -10396.5651864813     
  1.230547727170621E-003  -10303.1246075964     
  1.241431748914360E-003  -10210.5032533467     
  1.252412038301119E-003  -10118.6939413640     
  1.263489446804674E-003  -10027.6895522505     
  1.274664833429966E-003  -9937.48302902723     
  1.285939064779717E-003  -9848.06737658636     
  1.297313015121624E-003  -9759.43566114901     
  1.308787566456163E-003  -9671.58100972753     
  1.320363608584978E-003  -9584.49660959248     
  1.332042039179883E-003  -9498.17570774437     
  1.343823763852475E-003  -9412.61161039003     
  1.355709696224357E-003  -9327.79768242350     
  1.367700757997987E-003  -9243.72734691153     
  1.379797879028153E-003  -9160.39408458356     
  1.392001997394076E-003  -9077.79143332621     
  1.404314059472156E-003  -8995.91298768214     
  1.416735020009360E-003  -8914.75239835337     
  1.429265842197259E-003  -8834.30337170892     
  1.441907497746717E-003  -8754.55966929677     
  1.454660966963242E-003  -8675.51510736010     
  1.467527238823009E-003  -8597.16355635777     
  1.480507311049549E-003  -8519.49894048902     
  1.493602190191114E-003  -8442.51523722231     
  1.506812891698738E-003  -8366.20647682831     
  1.520140440004974E-003  -8290.56674191699     
  1.533585868603338E-003  -8215.59016697874     
  1.547150220128449E-003  -8141.27093792957     
  1.560834546436886E-003  -8067.60329166020     
  1.574639908688750E-003  -7994.58151558922     
  1.588567377429953E-003  -7922.19994722009     
  1.602618032675237E-003  -7850.45297370204     
  1.616792963991921E-003  -7779.33503139483     
  1.631093270584395E-003  -7708.84060543732     
  1.645520061379357E-003  -7638.96422931985     
  1.660074455111806E-003  -7569.70048446030     
  1.674757580411795E-003  -7501.04399978394     
  1.689570575891950E-003  -7432.98945130693     
  1.704514590235767E-003  -7365.53156172347     
  1.719590782286686E-003  -7298.66509999659     
  1.734800321137954E-003  -7232.38488095250     
  1.750144386223284E-003  -7166.68576487853     
  1.765624167408314E-003  -7101.56265712456     
  1.781240865082876E-003  -7037.01050770797     
  1.796995690254082E-003  -6973.02431092203     
  1.812889864640232E-003  -6909.59910494777     
  1.828924620765553E-003  -6846.72997146920     
  1.845101202055773E-003  -6784.41203529193     
  1.861420862934550E-003  -6722.64046396512     
  1.877884868920739E-003  -6661.41046740679     
  1.894494496726535E-003  -6600.71729753234     
  1.911251034356470E-003  -6540.55624788640     
  1.928155781207296E-003  -6480.92265327785     
  1.945210048168748E-003  -6421.81188941808     
  1.962415157725196E-003  -6363.21937256241     
  1.979772444058197E-003  -6305.14055915464     
  1.997283253149957E-003  -6247.57094547475     
  2.014948942887707E-003  -6190.50606728965     
  2.032770883168998E-003  -6133.94149950702     
  2.050750456007934E-003  -6077.87285583216     
  2.068889055642337E-003  -6022.29578842789     
  2.087188088641870E-003  -5967.20598757739     
  2.105648974017103E-003  -5912.59918135002     
  2.124273143329559E-003  -5858.47113527008     
  2.143062040802720E-003  -5804.81765198840     
  2.162017123434020E-003  -5751.63457095695     
  2.181139861107834E-003  -5698.91776810616     
  2.200431736709455E-003  -5646.66315552517     
  2.219894246240090E-003  -5594.86668114479     
  2.239528898932864E-003  -5543.52432842339     
  2.259337217369860E-003  -5492.63211603534     
  2.279320737600183E-003  -5442.18609756237     
  2.299481009259078E-003  -5392.18236118753     
  2.319819595688095E-003  -5342.61702939186     
  2.340338074056321E-003  -5293.48625865374     
  2.361038035482683E-003  -5244.78623915082     
  2.381921085159330E-003  -5196.51319446465     
  2.402988842476108E-003  -5148.66338128782     
  2.424242941146143E-003  -5101.23308913370     
  2.445685029332522E-003  -5054.21864004876     
  2.467316769776102E-003  -5007.61638832735     
  2.489139839924450E-003  -4961.42272022898     
  2.511155932061921E-003  -4915.63405369820     
  2.533366753440889E-003  -4870.24683808676     
  2.555774026414132E-003  -4825.25755387832     
  2.578379488568398E-003  -4780.66271241557     
  2.601184892859148E-003  -4736.45885562968     
  2.624192007746484E-003  -4692.64255577221     
  2.647402617332290E-003  -4649.21041514928     
  2.670818521498582E-003  -4606.15906585814     
  2.694441536047078E-003  -4563.48516952601     
  2.718273492840010E-003  -4521.18541705126     
  2.742316239942169E-003  -4479.25652834677     
  2.766571641764223E-003  -4437.69525208565     
  2.791041579207290E-003  -4396.49836544911     
  2.815727949808793E-003  -4355.66267387658     
  2.840632667889608E-003  -4315.18501081799     
  2.865757664702510E-003  -4275.06223748828     
  2.891104888581933E-003  -4235.29124262400     
  2.916676305095055E-003  -4195.86894224204     
  2.942473897194220E-003  -4156.79227940059     
  2.968499665370708E-003  -4118.05822396204     
  2.994755627809861E-003  -4079.66377235807     
  3.021243820547587E-003  -4041.60594735673     
  3.047966297628248E-003  -4003.88179783164     
  3.074925131263938E-003  -3966.48839853317     
  3.102122411995176E-003  -3929.42284986156     
  3.129560248853017E-003  -3892.68227764219     
  3.157240769522603E-003  -3856.26383290268     
  3.185166120508146E-003  -3820.16469165200     
  3.213338467299393E-003  -3784.38205466151     
  3.241759994539538E-003  -3748.91314724795     
  3.270432906194642E-003  -3713.75521905828     
  3.299359425724531E-003  -3678.90554385644     
  3.328541796255224E-003  -3644.36141931199     
  3.357982280752875E-003  -3610.12016679058     
  3.387683162199253E-003  -3576.17913114625     
  3.417646743768781E-003  -3542.53568051562     
  3.447875349007138E-003  -3509.18720611378     
  3.478371322011436E-003  -3476.13112203207     
  3.509137027611996E-003  -3443.36486503757     
  3.540174851555734E-003  -3410.88589437437     
  3.571487200691158E-003  -3378.69169156660     
  3.603076503155018E-003  -3346.77976022313     
  3.634945208560588E-003  -3315.14762584411     
  3.667095788187629E-003  -3283.79283562902     
  3.699530735174024E-003  -3252.71295828659     
  3.732252564709109E-003  -3221.90558384627     
  3.765263814228720E-003  -3191.36832347138     
  3.798567043611953E-003  -3161.09880927394     
  3.832164835379675E-003  -3131.09469413107     
  3.866059794894789E-003  -3101.35365150306     
  3.900254550564265E-003  -3071.87337525295     
  3.934751754042967E-003  -3042.65157946779     
  3.969554080439268E-003  -3013.68599828141     
  4.004664228522503E-003  -2984.97438569876     
  4.040084920932241E-003  -2956.51451542179     
  4.075818904389415E-003  -2928.30418067688     
  4.111868949909320E-003  -2900.34119404372     
  4.148237853016491E-003  -2872.62338728581     
  4.184928433961485E-003  -2845.14861118228     
  4.221943537939579E-003  -2817.91473536139     
  4.259286035311402E-003  -2790.91964813528     
  4.296958821825521E-003  -2764.16125633636     
  4.334964818842990E-003  -2737.63748515498     
  4.373306973563891E-003  -2711.34627797865     
  4.411988259255881E-003  -2685.28559623260     
  4.451011675484745E-003  -2659.45341922173     
  4.490380248347011E-003  -2633.84774397402     
  4.530097030704601E-003  -2608.46658508524     
  4.570165102421580E-003  -2583.30797456507     
  4.610587570602968E-003  -2558.36996168453     
  4.651367569835696E-003  -2533.65061282481     
  4.692508262431680E-003  -2509.14801132738     
  4.734012838673037E-003  -2484.86025734540     
  4.775884517059480E-003  -2460.78546769652     
  4.818126544557901E-003  -2436.92177571687     
  4.860742196854159E-003  -2413.26733111640     
  4.903734778607093E-003  -2389.82029983546     
  4.947107623704786E-003  -2366.57886390268     
  4.990864095523090E-003  -2343.54122129403     
  5.035007587186446E-003  -2320.70558579318     
  5.079541521831005E-003  -2298.07018685307     
  5.124469352870076E-003  -2275.63326945867     
  5.169794564261919E-003  -2253.39309399099     
  5.215520670779922E-003  -2231.34793609223     
  5.261651218285145E-003  -2209.49608653221     
  5.308189784001292E-003  -2187.83585107582     
  5.355139976792110E-003  -2166.36555035183     
  5.402505437441235E-003  -2145.08351972264     
  5.450289838934527E-003  -2123.98810915540     
  5.498496886744885E-003  -2103.07768309405     
  5.547130319119600E-003  -2082.35062033264     
  5.596193907370233E-003  -2061.80531388968     
  5.645691456165065E-003  -2041.44017088364     
  5.695626803824133E-003  -2021.25361240953     
  5.746003822616878E-003  -2001.24407341654     
  5.796826419062418E-003  -1981.41000258677     
  5.848098534232484E-003  -1961.74986221511     
  5.899824144057033E-003  -1942.26212808999     
  5.952007259632566E-003  -1922.94528937540     
  6.004651927533164E-003  -1903.79784849374     
  6.057762230124290E-003  -1884.81832100991     
  6.111342285879356E-003  -1866.00523551619     
  6.165396249699095E-003  -1847.35713351837     
  6.219928313233749E-003  -1828.87256932267     
  6.274942705208118E-003  -1810.55010992382     
  6.330443691749480E-003  -1792.38833489401     
  6.386435576718409E-003  -1774.38583627292     
  6.442922702042525E-003  -1756.54121845860     
  6.499909448053179E-003  -1738.85309809941     
  6.557400233825144E-003  -1721.32010398688     
  6.615399517519286E-003  -1703.94087694951     
  6.673911796728280E-003  -1686.71406974748     
  6.732941608825372E-003  -1669.63834696835     
  6.792493531316241E-003  -1652.71238492361     
  6.852572182193959E-003  -1635.93487154622     
  6.913182220297094E-003  -1619.30450628894     
  6.974328345670995E-003  -1602.82000002372     
  7.036015299932244E-003  -1586.48007494177     
  7.098247866636358E-003  -1570.28346445474     
  7.161030871648732E-003  -1554.22891309655     
  7.224369183518859E-003  -1538.31517642626     
  7.288267713857874E-003  -1522.54102093173     
  7.352731417719414E-003  -1506.90522393406     
  7.417765293983879E-003  -1491.40657349303     
  7.483374385746052E-003  -1476.04386831324     
  7.549563780706192E-003  -1460.81591765111     
  7.616338611564546E-003  -1445.72154122277     
  7.683704056419375E-003  -1430.75956911268     
  7.751665339168490E-003  -1415.92884168307     
  7.820227729914345E-003  -1401.22820948424     
  7.889396545372712E-003  -1386.65653316560     
  7.959177149284964E-003  -1372.21268338747     
  8.029574952834014E-003  -1357.89554073376     
  8.100595415063928E-003  -1343.70399562532     
  8.172244043303247E-003  -1329.63694823412     
  8.244526393592064E-003  -1315.69330839813     
  8.317448071112860E-003  -1301.87199553704     
  8.391014730625172E-003  -1288.17193856865     
  8.465232076904090E-003  -1274.59207582601     
  8.540105865182638E-003  -1261.13135497536     
  8.615641901598064E-003  -1247.78873293470     
  8.691846043642088E-003  -1234.56317579316     
  8.768724200615120E-003  -1221.45365873104     
  8.846282334084502E-003  -1208.45916594058     
  8.924526458346805E-003  -1195.57869054742     
  9.003462640894197E-003  -1182.81123453278     
  9.083097002884974E-003  -1170.15580865631     
  9.163435719618212E-003  -1157.61143237960     
  9.244485021012640E-003  -1145.17713379045     
  9.326251192089737E-003  -1132.85194952772     
  9.408740573461130E-003  -1120.63492470691     
  9.491959561820246E-003  -1108.52511284639     
  9.575914610438378E-003  -1096.52157579425     
  9.660612229665095E-003  -1084.62338365585     
  9.746058987433090E-003  -1072.82961472201     
  9.832261509767501E-003  -1061.13935539777     
  9.919226481299726E-003  -1049.55170013190     
  1.000696064578579E-002  -1038.06575134693     
  1.009547080662928E-002  -1026.68061936990     
  1.018476382740896E-002  -1015.39542236360     
  1.027484663241096E-002  -1004.20928625860     
  1.036572620716576E-002  -993.121344685718     
  1.045740959898985E-002  -982.130738909176     
  1.054990391753229E-002  -971.236617760362     
  1.064321633532594E-002  -960.438137572145     
  1.073735408834375E-002  -949.734462113797     
  1.083232447655979E-002  -939.124762526502     
  1.092813486451539E-002  -928.608217259425     
  1.102479268189024E-002  -918.184012006378     
  1.112230542407848E-002  -907.851339643030     
  1.122068065276995E-002  -897.609400164700     
  1.131992599653658E-002  -887.457400624695     
  1.142004915142396E-002  -877.394555073207     
  1.152105788154812E-002  -867.420084496763     
  1.162296001969758E-002  -857.533216758212     
  1.172576346794079E-002  -847.733186537257     
  1.182947619823891E-002  -838.019235271521     
  1.193410625306394E-002  -828.390611098148     
  1.203966174602242E-002  -818.846568795923     
  1.214615086248462E-002  -809.386369727922     
  1.225358186021925E-002  -800.009281784675     
  1.236196307003381E-002  -790.714579327847     
  1.247130289642064E-002  -781.501543134425     
  1.258160981820863E-002  -772.369460341411     
  1.269289238922071E-002  -763.317624391019     
  1.280515923893719E-002  -754.345334976366     
  1.291841907316490E-002  -745.451897987657     
  1.303268067471232E-002  -736.636625458858     
  1.314795290407065E-002  -727.898835514857     
  1.326424470010085E-002  -719.237852319101     
  1.338156508072690E-002  -710.653006021719     
  1.349992314363501E-002  -702.143632708104     
  1.361932806697916E-002  -693.709074347979     
  1.373978911009282E-002  -685.348678744920     
  1.386131561420695E-002  -677.061799486343     
  1.398391700317440E-002  -668.847795893951     
  1.410760278420066E-002  -660.706032974629     
  1.423238254858113E-002  -652.635881371799     
  1.435826597244486E-002  -644.636717317218     
  1.448526281750490E-002  -636.707922583211     
  1.461338293181529E-002  -628.848884435364     
  1.474263625053473E-002  -621.058995585632     
  1.487303279669698E-002  -613.337654145893     
  1.500458268198814E-002  -605.684263581929     
  1.513729610753075E-002  -598.098232667832     
  1.527118336467485E-002  -590.578975440833     
  1.540625483579602E-002  -583.125911156549     
  1.554252099510049E-002  -575.738464244654     
  1.567999240943738E-002  -568.416064264950     
  1.581867973911810E-002  -561.158145863859     
  1.595859373874303E-002  -553.964148731318     
  1.609974525803545E-002  -546.833517558075     
  1.624214524268295E-002  -539.765701993387     
  1.638580473518618E-002  -532.760156603119     
  1.653073487571513E-002  -525.816340828230     
  1.667694690297307E-002  -518.933718943657     
  1.682445215506800E-002  -512.111760017581     
  1.697326207039188E-002  -505.349937871084     
  1.712338818850766E-002  -498.647731038185     
  1.727484215104410E-002  -492.004622726255     
  1.742763570259852E-002  -485.420100776813     
  1.758178069164757E-002  -478.893657626688     
  1.773728907146599E-002  -472.424790269560     
  1.789417290105356E-002  -466.013000217864     
  1.805244434607025E-002  -459.657793465062     
  1.821211567977954E-002  -453.358680448278     
  1.837319928400021E-002  -447.115176011287     
  1.853570765006652E-002  -440.926799367875     
  1.869965337979679E-002  -434.793074065537     
  1.886504918647067E-002  -428.713527949542     
  1.903190789581496E-002  -422.687693127337     
  1.920024244699826E-002  -416.715105933306     
  1.937006589363424E-002  -410.795306893869     
  1.954139140479398E-002  -404.927840692923     
  1.971423226602715E-002  -399.112256137629     
  1.988860188039223E-002  -393.348106124529     
  2.006451376949586E-002  -387.634947605999     
  2.024198157454139E-002  -381.972341557043     
  2.042101905738672E-002  -376.359852942406     
  2.060164010161143E-002  -370.797050684022     
  2.078385871359342E-002  -365.283507628788     
  2.096768902359503E-002  -359.818800516658     
  2.115314528685878E-002  -354.402509949060     
  2.134024188471281E-002  -349.034220357637     
  2.152899332568610E-002  -343.713519973293     
  2.171941424663352E-002  -338.440000795571     
  2.191151941387085E-002  -333.213258562328     
  2.210532372431988E-002  -328.032892719730     
  2.230084220666358E-002  -322.898506392555     
  2.249809002251149E-002  -317.809706354797     
  2.269708246757547E-002  -312.766103000583     
  2.289783497285581E-002  -307.767310315388     
  2.310036310583781E-002  -302.812945847549     
  2.330468257169900E-002  -297.902630680085     
  2.351080921452700E-002  -293.035989402804     
  2.371875901854815E-002  -288.212650084716     
  2.392854810936705E-002  -283.432244246733     
  2.414019275521697E-002  -278.694406834660     
  2.435370936822145E-002  -273.998776192479     
  2.456911450566693E-002  -269.344994035918     
  2.478642487128676E-002  -264.732705426310     
  2.500565731655642E-002  -260.161558744734     
  2.522682884200034E-002  -255.631205666434     
  2.544995659851022E-002  -251.141301135533     
  2.567505788867496E-002  -246.691503340010     
  2.590215016812244E-002  -242.281473686963     
  2.613125104687312E-002  -237.910876778154     
  2.636237829070560E-002  -233.579380385814     
  2.659554982253430E-002  -229.286655428734     
  2.683078372379933E-002  -225.032375948620     
  2.706809823586856E-002  -220.816219086726     
  2.730751176145220E-002  -216.637865060740     
  2.754904286602986E-002  -212.496997141957     
  2.779271027929021E-002  -208.393301632701     
  2.803853289658336E-002  -204.326467844021     
  2.828652978038618E-002  -200.296188073643     
  2.853672016178043E-002  -196.302157584187     
  2.878912344194410E-002  -192.344074581645     
  2.904375919365586E-002  -188.421640194111     
  2.930064716281290E-002  -184.534558450773     
  2.955980726996205E-002  -180.682536261165     
  2.982125961184459E-002  -176.865283394659     
  3.008502446295466E-002  -173.082512460225     
  3.035112227711146E-002  -169.333938886435     
  3.061957368904532E-002  -165.619280901719     
  3.089039951599789E-002  -161.938259514867     
  3.116362075933637E-002  -158.290598495786     
  3.143925860618213E-002  -154.676024356498     
  3.171733443105363E-002  -151.094266332380     
  3.199786979752395E-002  -147.545056363658     
  3.228088645989294E-002  -144.028129077136     
  3.256640636487418E-002  -140.543221768170     
  3.285445165329685E-002  -137.090074382878     
  3.314504466182266E-002  -133.668429500595     
  3.343820792467792E-002  -130.278032316564     
  3.373396417540106E-002  -126.918630624862     
  3.403233634860541E-002  -123.589974801563     
  3.433334758175777E-002  -120.291817788136     
  3.463702121697256E-002  -117.023915075075     
  3.494338080282193E-002  -113.786024685761     
  3.525245009616184E-002  -110.577907160559     
  3.556425306397432E-002  -107.399325541138     
  3.587881388522596E-002  -104.250045355025     
  3.619615695274293E-002  -101.129834600386     
  3.651630687510251E-002  -98.0384637310299     
  3.683928847854141E-002  -94.9757056416406     
  3.716512680888089E-002  -91.9413356532334     
  3.749384713346898E-002  -88.9351314988322     
  3.782547494313989E-002  -85.9568733093695     
  3.816003595419062E-002  -83.0063435998075     
  3.849755611037525E-002  -80.0833272554774     
  3.883806158491670E-002  -77.1876115186372     
  3.918157878253637E-002  -74.3189859752467     
  3.952813434150171E-002  -71.4772425419578     
  3.987775513569191E-002  -68.6621754533195     
  4.023046827668184E-002  -65.8735812491964     
  4.058630111584443E-002  -63.1112587623974     
  4.094528124647169E-002  -60.3750091065182     
  4.130743650591439E-002  -57.6646356639902     
  4.167279497774078E-002  -54.9799440743387     
  4.204138499391429E-002  -52.3207422226480     
  4.241323513699063E-002  -49.6868402282306     
  4.278837424233417E-002  -47.0780504335022     
  4.316683140035404E-002  -44.4941873930574     
  4.354863595875995E-002  -41.9350678629468     
  4.393381752483796E-002  -39.4005107901550     
  4.432240596774643E-002  -36.8903373022741     
  4.471443142083224E-002  -34.4043706973756     
  4.510992428396747E-002  -31.9424364340769     
  4.550891522590681E-002  -29.5043621217993     
  4.591143518666576E-002  -27.0899775112204     
  4.631751537991993E-002  -24.6991144849125     
  4.672718729542550E-002  -22.3316070481727     
  4.714048270146111E-002  -19.9872913200363     
  4.755743364729135E-002  -17.6660055244757     
  4.797807246565209E-002  -15.3675899817814     
  4.840243177525767E-002  -13.0918871001227     
  4.883054448333038E-002  -10.8387413672874     
  4.926244378815230E-002  -8.60799934259626     
  4.969816318163960E-002  -6.39950964899316     
  5.013773645193979E-002  -4.21312296530419     
  5.058119768605176E-002  -2.04869201866865     
  5.102858127246913E-002  9.392842286604264E-002
  5.147992190384693E-002   2.21488155758288     
  5.193525457969182E-002   4.31430855717440     
  5.239461460907621E-002   6.39234857366046     
  5.285803761337626E-002   8.44913874615344     
  5.332555952903421E-002   10.4848142074667     
  5.379721661034510E-002   12.4995080905760     
  5.427304543226812E-002   14.4933515349322     
  5.475308289326277E-002   16.4664736926303     
  5.523736621815033E-002   18.4190017344398     
  5.572593296100032E-002   20.3510608556957     
  5.621882100804278E-002   22.2627742820581     
  5.671606858060611E-002   24.1542632751418     
  5.721771423808096E-002   26.0256471380198     
  5.772379688091044E-002   27.8770432206054     
  5.823435575360655E-002   29.7085669249169     
  5.874943044779352E-002   31.5203317102296     
  5.926906090527793E-002   33.3124490981178     
  5.979328742114600E-002   35.0850286773940     
  6.032215064688835E-002   36.8381781089483     
  6.085569159355234E-002   38.5720031304947     
  6.139395163492224E-002   40.2866075612254     
  6.193697251072765E-002   41.9820933063853     
  6.248479632988022E-002   43.6585603617656     
  6.303746557373897E-002   45.3161068181259     
  6.359502309940465E-002   46.9548288655505     
  6.415751214304297E-002   48.5748207977438     
  6.472497632323747E-002   50.1761750162717     
  6.529745964437192E-002   51.7589820347573     
  6.587500650004273E-002   53.3233304830352     
  6.645766167650140E-002   54.8693071112731     
  6.704547035612751E-002   56.3969967940679     
  6.763847812093249E-002   57.9064825345235     
  6.823673095609421E-002   59.3978454683197     
  6.884027525352300E-002   60.8711648677777     
  6.944915781545911E-002   62.3265181459335     
  7.006342585810206E-002   63.7639808606268     
  7.068312701527196E-002   65.1836267186135     
  7.130830934210342E-002   66.5855275797146     
  7.193902131877190E-002   67.9697534610056     
  7.257531185425330E-002   69.3363725410636     
  7.321723029011647E-002   70.6854511642759     
  7.386482640434948E-002   72.0170538452256     
  7.451815041521977E-002   73.3312432731631     
  7.517725298516829E-002   74.6280803165749     
  7.584218522473812E-002   75.9076240278633     
  7.651299869653796E-002   77.1699316481481     
  7.718974541924051E-002   78.4150586122022     
  7.787247787161632E-002   79.6430585535374     
  7.856124899660331E-002   80.8539833096492     
  7.925611220541226E-002   82.0478829274399     
  7.995712138166852E-002   83.2248056688295     
  8.066433088559068E-002   84.3847980165740     
  8.137779555820567E-002   85.5279046803013     
  8.209757072560171E-002   86.6541686027864     
  8.282371220321845E-002   87.7636309664772     
  8.355627630017526E-002   88.8563312002908     
  8.429531982363778E-002   89.9323069866956     
  8.504090008322300E-002   90.9915942691002     
  8.579307489544351E-002   92.0342272595631     
  8.655190258819073E-002   93.0602384468470     
  8.731744200525815E-002   94.0696586048324     
  8.808975251090433E-002   95.0625168013152     
  8.886889399445633E-002   96.0388404072058     
  8.965492687495392E-002   96.9986551061515     
  9.044791210583479E-002   97.9419849046059     
  9.124791117966120E-002   98.8688521423647     
  9.205498613288850E-002   99.7792775035942     
  9.286919955067577E-002   100.673280028374     
  9.369061457173901E-002   101.550877124779     
  9.451929489324733E-002   102.412084581523     
  9.535530477576229E-002   103.256916581201     
  9.619870904822116E-002   104.085385714132     
  9.704957311296399E-002   104.897502992862     
  9.790796295080537E-002   105.693277867326     
  9.877394512615094E-002   106.472718240711     
  9.964758679215910E-002   107.235830486050     
  0.100528955695949        107.982619463573     
  0.101418120183852        108.713088538842     
  0.102315149206715        109.427239601707     
  0.103220112325244        110.125073086115     
  0.104133079715402        110.806587990797     
  0.105054122173845        111.471781900877     
  0.105983311123418        112.120651010422     
  0.106920718618691        112.753190145985     
  0.107866417351545        113.369392791161     
  0.108820480656813        113.969251112205     
  0.109782982517960        114.552755984728     
  0.110753997572830        115.119897021539     
  0.111733601119423        115.670662601640     
  0.112721869121743        116.205039900428     
  0.113718878215683        116.723014921149     
  0.114724705714969        117.224572527619     
  0.115739429617160        117.709696478287     
  0.116763128609687        118.178369461643     
  0.117795882075964        118.630573133049     
  0.118837770101539        119.066288153001     
  0.119888873480305        119.485494226890     
  0.120949273720768        119.888170146289     
  0.122019053052361        120.274293831819     
  0.123098294431829        120.643842377626     
  0.124187081549654        120.996792097527     
  0.125285498836553        121.333118572854     
  0.126393631470016        121.652796702055     
  0.127511565380920        121.955800752078     
  0.128639387260186        122.242104411604     
  0.129777184565505        122.511680846158     
  0.130925045528119        122.764502755141     
  0.132083059159662        123.000542430843     
  0.133251315259065        123.219771819465     
  0.134429904419517        123.422162584200     
  0.135618918035490        123.607686170419     
  0.136818448309829        123.776313872999     
  0.138028588260900        123.928016905844     
  0.139249431729803        124.062766473631     
  0.140481073387648        124.180533845827     
  0.141723608742901        124.281290433021     
  0.142977134148783        124.365007865604     
  0.144241746810748        124.431658074836     
  0.145517544794019        124.481213376339     
  0.146804627031191        124.513646556054     
  0.148103093329904        124.528930958689     
  0.149413044380583        124.527040578690     
  0.150734581764245        124.507950153780     
  0.152067807960378        124.471635261072     
  0.153412826354885        124.418072415798     
  0.154769741248104        124.347239172674     
  0.156138657862896        124.259114229916     
  0.157519682352799        124.153677535932     
  0.158912921810270        124.030910398705     
  0.160318484274979        123.890795597871     
  0.161736478742194        123.733317499510     
  0.163167015171231        123.558462173646     
  0.164610204493979        123.366217514464     
  0.166066158623505        123.156573363235     
  0.167534990462733        122.929521633941     
  0.169016813913194        122.685056441592     
  0.170511743883866        122.423174233207     
  0.172019896300076        122.143873921446     
  0.173541388112499        121.847157020858     
  0.175076337306220        121.533027786713     
  0.176624862909884        121.201493356365     
  0.178187085004932        120.852563893122     
  0.179763124734903        120.486252732538     
  0.181353104314838        120.102576531091     
  0.182957147040752        119.701555417157     
  0.184575377299193        119.283213144215     
  0.186207920576895        118.847577246189     
  0.187854903470500        118.394679194840     
  0.189516453696384        117.924554559090     
  0.191192700100553        117.437243166177     
  0.192883772668639        116.932789264516     
  0.194589802535978        116.411241688123     
  0.196310921997782        115.872654022472     
  0.198047264519392        115.317084771615     
  0.199798964746634        114.744597526409     
  0.201566158516256        114.155261133669     
  0.203348982866464        113.549149866058     
  0.205147576047547        112.926343592505     
  0.206962077532598        112.286927948950     
  0.208792628028330        111.630994509170     
  0.210639369485988        110.958640955462     
  0.212502445112355        110.269971248913     
  0.214381999380858        109.565095799000     
  0.216278178042772        108.844131632235     
  0.218191128138520        108.107202559545     
  0.220120998009078        107.354439342092     
  0.222067937307478        106.585979855201     
  0.224032097010409        105.801969250045     
  0.226013629429930        105.002560112743     
  0.228012688225278        104.187912620495     
  0.230029428414786        103.358194694356     
  0.232064006387900        102.513582148266     
  0.234116579917309        101.654258833909     
  0.236187308171181        100.780416780955     
  0.238276351725502        99.8922563322643     
  0.240383872576531        98.9899862735748     
  0.242510034153362        98.0738239571928     
  0.244655001330596        97.1439954192095     
  0.246818940441124        96.2007354897294     
  0.249002019289033        95.2442878955968     
  0.251204407162608        94.2749053550889     
  0.253426274847470        93.2928496640343     
  0.255667794639813        92.2983917728035     
  0.257929140359764        91.2918118536078     
  0.260210487364869        90.2733993575334     
  0.262512012563685        89.2434530607291     
  0.264833894429498        88.2022810991598     
  0.267176313014170        87.1502009913297     
  0.269539449962092        86.0875396483773     
  0.271923488524276        85.0146333709377     
  0.274328613572564        83.9318278321706     
  0.276755011613962        82.8394780463477     
  0.279202870805105        81.7379483223978     
  0.281672380966848        80.6276122018131     
  0.284163733598982        79.5088523803222     
  0.286677121895091        78.3820606127480     
  0.289212740757524        77.2476376004759     
  0.291770786812519        76.1059928609733     
  0.294351458425441        74.9575445788142     
  0.296954955716172        73.8027194376866     
  0.299581480574624        72.6419524328729     
  0.302231236676399        71.4756866637288     
  0.304904429498580        70.3043731057040     
  0.307601266335665        69.1284703614841     
  0.310321956315644        67.9484443908669     
  0.313066710416214        66.7647682190199     
  0.315835741481141        65.5779216228141     
  0.318629264236764        64.3883907949643     
  0.321447495308644        63.1966679857633     
  0.324290653238369        62.0032511222457     
  0.327158958500492        60.8086434046698     
  0.330052633519637        59.6133528802739     
  0.332971902687738        58.4178919943175     
  0.335916992381447        57.2227771184936     
  0.338888130979685        56.0285280568630     
  0.341885548881353        54.8356675295417     
  0.344909478523197        53.6447206344469     
  0.347960154397833        52.4562142874927     
  0.351037813071933        51.2706766417106     
  0.354142693204567        50.0886364858589     
  0.357275035565710        48.9106226231787     
  0.360435083054915        47.7371632310482     
  0.363623080720146        46.5687852023846     
  0.366839275776784        45.4060134697452     
  0.370083917626794        44.2493703131781     
  0.373357257878065        43.0993746529821     
  0.376659550363925        41.9565413286348     
  0.379991051162821        40.8213803652601     
  0.383352018618177        39.6943962291089     
  0.386742713358428        38.5760870736369     
  0.390163398317235        37.4669439778669     
  0.393614338753864        36.3674501788308     
  0.397095802273768        35.2780802999885     
  0.400608058849327        34.1992995776217     
  0.404151380840794        33.1315630873014     
  0.407726043017407        32.0753149726173     
  0.411332322578699        31.0309876784532     
  0.414970499175996        29.9990011911716     
  0.418640854934099        28.9797622881528     
  0.422343674473165        27.9736637992042     
  0.426079244930774        26.9810838824198     
  0.429847855984199        26.0023853171238     
  0.433649799872868        25.0379148165828     
  0.437485371421025        24.0880023632015     
  0.441354868060592        23.1529605689458     
  0.445258589854237        22.2330840637498     
  0.449196839518639        21.3286489146630     
  0.453169922447963        20.4399120784812     
  0.457178146737542        19.5671108905803     
  0.461221823207771        18.7104625926280     
  0.465301265428206        17.8701639017938     
  0.469416789741883        17.0463906240044     
  0.473568715289845        16.2392973137028     
  0.477757364035896        15.4490169824648     
  0.481983060791563        14.6756608587032     
  0.486246133241285        13.9193182005506     
  0.490546911967824        13.1800561638566     
  0.494885730477902        12.4579197270576     
  0.499262925228058        11.7529316744912     
  0.503678835650744        11.0650926395159     
  0.508133804180643        10.3943812085746     
  0.512628176281225        9.74075408710122     
  0.517162300471537        9.10414632791616     
  0.521736528353228        8.48447162248612     
  0.526351214637811        7.88162265514680     
  0.531006717174176        7.29547152009202     
  0.535703396976335        6.72587020063227     
  0.540441618251419        6.17265110991472     
  0.545221748427917        5.63562769197998     
  0.550044158184175        5.11459508170862     
  0.554909221477135        4.60933082188657     
  0.559817315571336        4.11959563529280     
  0.564768821068168        3.64513424938980     
  0.569764121935389        3.18567627087870     
  0.574803605536895        2.74093710706763     
  0.579887662662763        2.31061893069984     
  0.585016687559554        1.89441168459637     
  0.590191077960883        1.49199412219158     
  0.595411235118262        1.10303487978029     
  0.600677563832220       0.727193576055633     
  0.605990472483685       0.364121934299352     
  0.611350373065661       1.346492239320085E-002
  0.616757681215170      -0.325138094344901     
  0.622212816245486      -0.652052192633313     
  0.627716201178649      -0.967645728245156     
  0.633268262778271       -1.27228917588353     
  0.638869431582626       -1.56635397725996     
  0.644520141938041       -1.85021140272543     
  0.650220832032574       -2.12423143176661     
  0.655971943929994       -2.38878165760786     
  0.661773923604064       -2.64422622104773     
  0.667627220973120       -2.89092477851089     
  0.673532289934965       -3.12923150910931     
  0.679489588402061       -3.35949416528445     
  0.685499578337045       -3.58205317134374     
  0.691562725788545       -3.79724077391269     
  0.697679500927327       -4.00538024800055     
  0.703850378082749       -4.20678516202365     
  0.710075835779547       -4.40175870475154     
  0.716356356774940       -4.59059307673690     
  0.722692428096067       -4.77356894836658     
  0.729084541077754       -4.95095498623153     
  0.735533191400615       -5.12300744905956     
  0.742038879129488       -5.28996985399429     
  0.748602108752214       -5.45207271353757     
  0.755223389218760       -5.60953334300747     
  0.761903233980684       -5.76255573790268     
  0.768642161030948       -5.91133052011274     
  0.775440692944091       -6.05603495147417     
  0.782299356916750       -6.19683301275204     
  0.789218684808544       -6.33387554572661     
  0.796199213183312       -6.46730045569039     
  0.803241483350728       -6.59723297131549     
  0.810346041408272       -6.72378595853771     
  0.817513438283580       -6.84706028482445     
  0.824744229777167       -6.96714522995209     
  0.832038976605522       -7.08411893921464     
  0.839398244444596       -7.19804891482278     
  0.846822603973664       -7.30899254112994     
  0.854312630919576       -7.41699763924079     
  0.861868906101408       -7.52210304651769     
  0.869492015475499       -7.62433921650029     
  0.877182550180887       -7.72372883479240     
  0.884941106585155       -7.82028744654631     
  0.892768286330672       -7.91402409128548     
  0.900664696381248       -8.00494194094994     
  0.908630949069204       -8.09303893722113     
  0.916667662142855       -8.17830842438212     
  0.924775458814411       -8.26073977419021     
  0.932954967808308       -8.34031899947981     
  0.941206823409962       -8.41702935346905     
  0.949531665514952       -8.49085191201108     
  0.957930139678645       -8.56176613630589     
  0.966402897166254       -8.62975041386759     
  0.974950595003341       -8.69478257582159     
  0.983573896026770       -8.75684038888283     
  0.992273468936098       -8.81590202063697     
   1.00104998834544       -8.87194647700858     
   1.00990413483578       -8.92495401105133     
   1.01883659500774       -8.97490650243291     
   1.02784806153482       -9.02178780721016     
   1.03693923321715       -9.06558407769674     
   1.04611081503562       -9.10628405241470     
   1.05536351820657       -9.14387931629336     
   1.06469806023699       -9.17836453143248     
   1.07411516498008       -9.20973763888268     
   1.08361556269143       -9.23800003201501     
   1.09319999008565       -9.26315670215340     
   1.10286919039347       -9.28521635723035     
   1.11262391341941       -9.30419151429849     
   1.12246491559988       -9.32009856678920     
   1.13239296006189       -9.33295782745699     
   1.14240881668218       -9.34279354798506     
   1.15251326214697       -9.34963391625593     
   1.16270708001212       -9.35351103231140     
   1.17299106076397       -9.35446086404161     
   1.18336600188057       -9.35252318365288     
   1.19383270789358       -9.34774148597131     
   1.20439199045060       -9.34016288964347     
   1.21504466837817       -9.32983802229909     
   1.22579156774521       -9.31682089074270     
   1.23663352192712       -9.30116873724430     
   1.24757137167037       -9.28294188300102     
   1.25860596515773       -9.26220355984584     
   1.26973815807403       -9.23901973128257     
   1.28096881367250       -9.21345890393137     
   1.29229880284173       -9.18559193047325     
   1.30372900417319       -9.15549180518734     
   1.31526030402939       -9.12323345317884     
   1.32689359661256       -9.08889351439936     
   1.33862978403405       -9.05255012356368     
   1.35046977638424       -9.01428268706721     
   1.36241449180314       -8.97417165800641     
   1.37446485655158       -8.93229831039926     
   1.38662180508303       -8.88874451369409     
   1.39888628011609       -8.84359250864206     
   1.41125923270754       -8.79692468559124     
   1.42374162232615       -8.74882336623780     
   1.43633441692705       -8.69937058984185     
   1.44903859302679       -8.64864790488245     
   1.46185513577909       -8.59673616708707     
   1.47478503905119       -8.54371534472633     
   1.48782930550096       -8.48966433201397     
   1.50098894665464       -8.43466077139661     
   1.51426498298528       -8.37878088545562     
   1.52765844399186       -8.32209931907783     
   1.54117036827914       -8.26468899248002     
   1.55480180363819       -8.20662096559730     
   1.56855380712765       -8.14796431426657     
   1.58242744515570       -8.08878601855418     
   1.59642379356273       -8.02915086349321     
   1.61054393770481       -7.96912135240985     
   1.62478897253782       -7.90875763293199     
   1.63916000270238       -7.84811743568701     
   1.65365814260947       -7.78725602560983     
   1.66828451652693       -7.72622616569877     
   1.68304025866655       -7.66507809297540     
   1.69792651327207       -7.60385950632624     
   1.71294443470793       -7.54261556583053     
   1.72809518754874       -7.48138890310886     
   1.74337994666960       -7.42021964216376     
   1.75879989733725       -7.35914543012549     
   1.77435623530190       -7.29820147726539     
   1.79005016689005       -7.23742060559459     
   1.80588290909795       -7.17683330532951     
   1.82185568968604       -7.11646779847615     
   1.83796974727411       -7.05635010876387     
   1.85422633143738       -6.99650413714585     
   1.87062670280337       -6.93695174207774     
   1.88717213314970       -6.87771282378770     
   1.90386390550265       -6.81880541176071     
   1.92070331423673       -6.76024575467609     
   1.93769166517496       -6.70204841206041     
   1.95483027569023       -6.64422634694711     
   1.97212047480738       -6.58679101886882     
   1.98956360330628       -6.52975247654816     
