  1.215775037524561E-006   5553946116059.95     
  1.226830421750313E-006   5454300066863.93     
  1.237986335693001E-006   5356441815234.24     
  1.249243693497602E-006   5260339285443.30     
  1.260603417621676E-006   5165960977249.38     
  1.272066438910944E-006   5073275955571.52     
  1.283633696675570E-006   4982253840349.75     
  1.295306138767131E-006   4892864796587.17     
  1.307084721656284E-006   4805079524570.71     
  1.318970410511143E-006   4718869250267.35     
  1.330964179276365E-006   4634205715892.69     
  1.343067010752962E-006   4551061170648.62     
  1.355279896678832E-006   4469408361627.27     
  1.367603837810021E-006   4389220524878.15     
  1.380039844002736E-006   4310471376635.49     
  1.392588934296086E-006   4233135104703.04     
  1.405252136995594E-006   4157186359993.44     
  1.418030489757448E-006   4082600248219.31     
  1.430925039673541E-006   4009352321733.51     
  1.443936843357265E-006   3937418571515.76     
  1.457066967030092E-006   3866775419302.99     
  1.470316486608951E-006   3797399709860.96     
  1.483686487794382E-006   3729268703394.47     
  1.497178066159505E-006   3662360068093.79     
  1.510792327239798E-006   3596651872814.79     
  1.524530386623681E-006   3532122579890.42     
  1.538393370043933E-006   3468751038071.14     
  1.552382413469940E-006   3406516475592.01     
  1.566498663200774E-006   3345398493364.21     
  1.580743275959129E-006   3285377058288.65     
  1.595117418986103E-006   3226432496689.60     
  1.609622270136845E-006   3168545487866.07     
  1.624259017977073E-006   3111697057758.95     
  1.639028861880466E-006   3055868572731.76     
  1.653933012126946E-006   3001041733462.92     
  1.668972690001851E-006   2947198568947.68     
  1.684149127896008E-006   2894321430607.62     
  1.699463569406722E-006   2842392986505.87     
  1.714917269439678E-006   2791396215666.04     
  1.730511494311769E-006   2741314402493.21     
  1.746247521854867E-006   2692131131294.86     
  1.762126641520526E-006   2643830280900.21     
  1.778150154485646E-006   2596396019376.08     
  1.794319373759094E-006   2549812798837.53     
  1.810635624289298E-006   2504065350351.60     
  1.827100243072811E-006   2459138678932.52     
  1.843714579263874E-006   2415018058626.69     
  1.860479994284967E-006   2371689027685.84     
  1.877397861938365E-006   2329137383826.80     
  1.894469568518716E-006   2287349179576.32     
  1.911696512926634E-006   2246310717699.39     
  1.929080106783329E-006   2206008546709.61     
  1.946621774546280E-006   2166429456460.10     
  1.964322953625958E-006   2127560473813.49     
  1.982185094503613E-006   2089388858389.66     
  2.000209660850127E-006   2051902098389.68     
  2.018398129645952E-006   2015087906494.79     
  2.036751991302144E-006   1978934215838.82     
  2.055272749782477E-006   1943429176053.02     
  2.073961922726699E-006   1908561149381.71     
  2.092821041574877E-006   1874318706867.77     
  2.111851651692896E-006   1840690624606.37     
  2.131055312499086E-006   1807665880066.15     
  2.150433597592007E-006   1775233648476.21     
  2.169988094879394E-006   1743383299278.00     
  2.189720406708272E-006   1712104392640.92     
  2.209632149996258E-006   1681386676040.28     
  2.229724956364056E-006   1651220080896.88     
  2.250000472269157E-006   1621594719276.64     
  2.270460359140750E-006   1592500880649.63     
  2.291106293515870E-006   1563929028707.16     
  2.311939967176771E-006   1535869798235.99     
  2.332963087289563E-006   1508313992048.63     
  2.354177376544093E-006   1481252577968.71     
  2.375584573295115E-006   1454676685870.45     
  2.397186431704728E-006   1428577604771.18     
  2.418984721886122E-006   1402946779976.16     
  2.440981230048625E-006   1377775810274.48     
  2.463177758644066E-006   1353056445185.36     
  2.485576126514476E-006   1328780582253.82     
  2.508178169041131E-006   1304940264394.90     
  2.530985738294940E-006   1281527677285.47     
  2.554000703188216E-006   1258535146802.90     
  2.577224949627819E-006   1235955136509.66     
  2.600660380669686E-006   1213780245183.03     
  2.624308916674781E-006   1192003204389.14     
  2.648172495466446E-006   1170616876100.58     
  2.672253072489201E-006   1149614250356.67     
  2.696552620968965E-006   1128988442965.78     
  2.721073132074761E-006   1108732693248.85     
  2.745816615081871E-006   1088840361823.37     
  2.770785097536482E-006   1069304928427.18     
  2.795980625421825E-006   1050119989781.22     
  2.821405263325837E-006   1031279257490.75     
  2.847061094610328E-006   1012776555984.07     
  2.872950221581709E-006   994605820488.411     
  2.899074765663249E-006   976761095041.936     
  2.925436867568917E-006   959236530541.586     
  2.952038687478797E-006   942026382825.841     
  2.978882405216097E-006   925125010791.923     
  3.005970220425769E-006   908526874546.771     
  3.033304352754756E-006   892226533591.185     
  3.060887042033876E-006   876218645036.558     
  3.088720548461358E-006   860497961853.597     
  3.116807152788046E-006   845059331152.464     
  3.145149156504296E-006   829897692493.774     
  3.173748882028561E-006   815008076229.904     
  3.202608672897700E-006   800385601876.048     
  3.231730893959008E-006   786025476510.507     
  3.261117931564005E-006   771922993203.679     
  3.290772193763975E-006   758073529475.230     
  3.320696110507288E-006   744472545778.956     
  3.350892133838518E-006   731115584014.817     
  3.381362738099372E-006   717998266067.673     
  3.412110420131440E-006   705116292372.241     
  3.443137699480794E-006   692465440503.790     
  3.474447118604449E-006   680041563794.128     
  3.506041243078693E-006   667840589972.417     
  3.537922661809324E-006   655858519830.377     
  3.570093987243787E-006   644091425911.433     
  3.602557855585245E-006   632535451223.386     
  3.635316927008598E-006   621186807974.173     
  3.668373885878466E-006   610041776330.325     
  3.701731440969149E-006   599096703197.676     
  3.735392325686595E-006   588348001023.974     
  3.769359298292378E-006   577792146622.953     
  3.803635142129723E-006   567425680019.518     
  3.838222665851578E-006   557245203315.640     
  3.873124703650757E-006   547247379576.605     
  3.908344115492190E-006   537428931737.239     
  3.943883787347273E-006   527786641527.762     
  3.979746631430350E-006   518317348418.909     
  4.015935586437346E-006   509017948585.987     
  4.052453617786579E-006   499885393891.502     
  4.089303717861747E-006   490916690886.056     
  4.126488906257133E-006   482108899827.158     
  4.164012230025044E-006   473459133715.643     
  4.201876763925485E-006   464964557349.382     
  4.240085610678122E-006   456622386393.961     
  4.278641901216521E-006   448429886470.046     
  4.317548794944710E-006   440384372257.109     
  4.356809479996062E-006   432483206613.245     
  4.396427173494547E-006   424723799710.775     
  4.436405121818345E-006   417103608187.356     
  4.476746600865867E-006   409620134312.329     
  4.517454916324189E-006   402270925168.018     
  4.558533403939929E-006   395053571845.717     
  4.599985429792585E-006   387965708656.104     
  4.641814390570366E-006   381005012353.826     
  4.684023713848518E-006   374169201375.985     
  4.726616858370195E-006   367456035094.299     
  4.769597314329873E-006   360863313080.669     
  4.812968603659350E-006   354388874385.936     
  4.856734280316338E-006   348030596831.562     
  4.900897930575686E-006   341786396314.033     
  4.945463173323248E-006   335654226121.737     
  4.990433660352426E-006   329632076264.095     
  5.035813076663405E-006   323717972812.734     
  5.081605140765114E-006   317909977254.477     
  5.127813604979927E-006   312206185855.942     
  5.174442255751142E-006   306604729039.542     
  5.221494913953250E-006   301103770770.677     
  5.268975435205028E-006   295701507955.927     
  5.316887710185476E-006   290396169852.036     
  5.365235664952637E-006   285186017485.504     
  5.414023261265301E-006   280069343082.587     
  5.463254496907642E-006   275044469509.532     
  5.512933406016814E-006   270109749722.850     
  5.563064059413512E-006   265263566229.446     
  5.613650564935550E-006   260504330556.451     
  5.664697067774460E-006   255830482730.548     
  5.716207750815174E-006   251240490766.651     
  5.768186834978766E-006   246732850165.756     
  5.820638579568341E-006   242306083421.800     
  5.873567282618032E-006   237958739537.364     
  5.926977281245215E-006   233689393548.073     
  5.980872952005890E-006   229496646055.524     
  6.035258711253311E-006   225379122768.594     
  6.090139015499875E-006   221335474052.977     
  6.145518361782295E-006   217364374488.806     
  6.201401288030110E-006   213464522436.210     
  6.257792373437524E-006   209634639608.666     
  6.314696238838641E-006   205873470654.005     
  6.372117547086107E-006   202179782742.935     
  6.430061003433205E-006   198552365164.949     
  6.488531355919403E-006   194990028931.479     
  6.547533395759427E-006   191491606386.175     
  6.607071957735868E-006   188055950822.173     
  6.667151920595352E-006   184681936106.228     
  6.727778207448322E-006   181368456309.594     
  6.788955786172447E-006   178114425345.528     
  6.850689669819703E-006   174918776613.291     
  6.912984917027163E-006   171780462648.543     
  6.975846632431499E-006   168698454780.008     
  7.039279967087289E-006   165671742792.296     
  7.103290118889093E-006   162699334594.780     
  7.167882332997389E-006   159780255896.409     
  7.233061902268377E-006   156913549886.359     
  7.298834167687678E-006   154098276920.409     
  7.365204518808008E-006   151333514212.952     
  7.432178394190792E-006   148618355534.521     
  7.499761281851830E-006   145951910914.749     
  7.567958719710984E-006   143333306350.660     
  7.636776296045988E-006   140761683520.185     
  7.706219649950349E-006   138236199500.829     
  7.776294471795441E-006   135756026493.375     
  7.847006503696785E-006   133320351550.552     
  7.918361539984566E-006   130928376310.570     
  7.990365427678453E-006   128579316735.435     
  8.063024066966700E-006   126272402853.956     
  8.136343411689639E-006   124006878509.369     
  8.210329469827537E-006   121782001111.484     
  8.284988303992923E-006   119597041393.283     
  8.360326031927360E-006   117451283171.877     
  8.436348827002760E-006   115344023113.765     
  8.513062918727238E-006   113274570504.292     
  8.590474593255582E-006   111242247021.247     
  8.668590193904344E-006   109246386512.530     
  8.747416121671649E-006   107286334777.796     
  8.826958835761685E-006   105361449354.028     
  8.907224854114010E-006   103471099304.948     
  8.988220753937634E-006   101614665014.212     
  9.069953172249977E-006   99791537982.3153     
  9.152428806420727E-006   98001120627.1354     
  9.235654414720636E-006   96242826088.0628     
  9.319636816875310E-006   94516078033.6383     
  9.404382894624042E-006   92820310472.6458     
  9.489899592283712E-006   91154967568.5923     
  9.576193917317826E-006   89519503457.5175     
  9.663272940910726E-006   87913382069.0720     
  9.751143798547024E-006   86336076950.8047     
  9.839813690596293E-006   84787071095.6046     
  9.929289882903098E-006   83265856772.2362     
  1.001957970738237E-005   81771935358.9174     
  1.011069056262019E-005   80304817179.8822     
  1.020262991448010E-005   78864021344.8759     
  1.029540529671478E-005   77449075591.5300     
  1.038902431158350E-005   76059516130.5651     
  1.048349463047497E-005   74694887493.7714     
  1.057882399453602E-005   73354742384.7161     
  1.067502021530589E-005   72038641532.1299     
  1.077209117535634E-005   70746153545.9234     
  1.087004482893758E-005   69476854775.7872     
  1.096888920263005E-005   68230329172.3289     
  1.106863239600215E-005   67006168150.7012     
  1.116928258227392E-005   65803970456.6770     
  1.127084800898679E-005   64623342035.1273     
  1.137333699867941E-005   63463895900.8587     
  1.147675794956962E-005   62325252011.7681     
  1.158111933624259E-005   61207037144.2734     
  1.168642971034531E-005   60108884770.9797     
  1.179269770128726E-005   59030434940.5387     
  1.189993201694761E-005   57971334159.6658     
  1.200814144438869E-005   56931235277.2723     
  1.211733485057607E-005   55909797370.6769     
  1.222752118310513E-005   54906685633.8594     
  1.233870947093426E-005   53921571267.7179     
  1.245090882512470E-005   52954131372.2968     
  1.256412843958712E-005   52004048840.9465     
  1.267837759183501E-005   51071012256.3833     
  1.279366564374492E-005   50154715788.6140     
  1.291000204232356E-005   49254859094.6908     
  1.302739632048191E-005   48371147220.2667     
  1.314585809781641E-005   47503290502.9150     
  1.326539708139719E-005   46651004477.1850     
  1.338602306656351E-005   45814009781.3603     
  1.350774593772639E-005   44992032065.8906     
  1.363057566917857E-005   44184801903.4654     
  1.375452232591186E-005   43392054700.7022     
  1.387959606444186E-005   42613530611.4186     
  1.400580713364022E-005   41848974451.4602     
  1.413316587557445E-005   41098135615.0575     
  1.426168272635542E-005   40360767992.6820     
  1.439136821699245E-005   39636629890.3781     
  1.452223297425633E-005   38925483950.5400     
  1.465428772155003E-005   38227097074.1119     
  1.478754327978746E-005   37541240344.1834     
  1.492201056828012E-005   36867688950.9549     
  1.505770060563190E-005   36206222118.0506     
  1.519462451064195E-005   35556623030.1526     
  1.533279350321579E-005   34918678761.9336     
  1.547221890528467E-005   34292180208.2651     
  1.561291214173337E-005   33676922015.6767     
  1.575488474133635E-005   33072702515.0464     
  1.589814833770247E-005   32479323655.4975     
  1.604271467022824E-005   31896590939.4823     
  1.618859558505982E-005   31324313359.0298     
  1.633580303606371E-005   30762303333.1374     
  1.648434908580628E-005   30210376646.2866     
  1.663424590654220E-005   29668352388.0606     
  1.678550578121186E-005   29136052893.8461     
  1.693814110444791E-005   28613303686.5987     
  1.709216438359087E-005   28099933419.6536     
  1.724758823971400E-005   27595773820.5610     
  1.740442540865757E-005   27100659635.9314     
  1.756268874207238E-005   26614428577.2679     
  1.772239120847294E-005   26136921267.7725     
  1.788354589430009E-005   25667981190.1055     
  1.804616600499336E-005   25207454635.0829     
  1.821026486607307E-005   24755190651.2934     
  1.837585592423220E-005   24311040995.6203     
  1.854295274843834E-005   23874860084.6506     
  1.871156903104549E-005   23446504946.9556     
  1.888171858891607E-005   23025835176.2287     
  1.905341536455314E-005   22612712885.2627     
  1.922667342724283E-005   22207002660.7536     
  1.940150697420726E-005   21808571518.9151     
  1.957793033176788E-005   21417288861.8898     
  1.975595795651941E-005   21033026434.9412     
  1.993560443651446E-005   20655658284.4157     
  2.011688449245888E-005   20285060716.4570     
  2.029981297891806E-005   19921112256.4621     
  2.048440488553410E-005   19563693609.2650     
  2.067067533825417E-005   19212687620.0338     
  2.085863960056990E-005   18867979235.8703     
  2.104831307476815E-005   18529455468.0981     
  2.123971130319311E-005   18197005355.2275     
  2.143284996951986E-005   17870519926.5842     
  2.162774490003957E-005   17549892166.5919     
  2.182441206495631E-005   17235016979.6946     
  2.202286757969570E-005   16925791155.9082     
  2.222312770622546E-005   16622113336.9913     
  2.242520885438798E-005   16323883983.2213     
  2.262912758324492E-005   16031005340.7683     
  2.283490060243416E-005   15743381409.6530     
  2.304254477353902E-005   15460917912.2802     
  2.325207711146994E-005   15183522262.5366     
  2.346351478585873E-005   14911103535.4430     
  2.367687512246545E-005   14643572437.3516     
  2.389217560459821E-005   14380841276.6765     
  2.410943387454574E-005   14122823935.1515     
  2.432866773502306E-005   13869435839.6014     
  2.454989515063029E-005   13620593934.2213     
  2.477313424932471E-005   13376216653.3527     
  2.499840332390619E-005   13136223894.7478     
  2.522572083351621E-005   12900536993.3140     
  2.545510540515038E-005   12669078695.3290     
  2.568657583518483E-005   12441773133.1188     
  2.592015109091644E-005   12218545800.1900     
  2.615585031211701E-005   11999323526.8079     
  2.639369281260170E-005   11784034456.0134     
  2.663369808181163E-005   11572608020.0698     
  2.687588578641086E-005   11364974917.3319     
  2.712027577189795E-005   11161067089.5310     
  2.736688806423221E-005   10960817699.4662     
  2.761574287147457E-005   10764161109.0971     
  2.786686058544356E-005   10571032858.0290     
  2.812026178338625E-005   10381369642.3840     
  2.837596722966443E-005   10195109294.0516     
  2.863399787745601E-005   10012190760.3111     
  2.889437487047208E-005   9832554083.81998     
  2.915711954468944E-005   9656140382.96119     
  2.942225343009892E-005   9482891832.54295     
  2.968979825246959E-005   9312751644.84500     
  2.995977593512907E-005   9145664051.00470     
  3.023220860075995E-005   8981574282.73732     
  3.050711857321260E-005   8820428554.38407     
  3.078452837933444E-005   8662174045.28240     
  3.106446075081582E-005   8506758882.45250     
  3.134693862605278E-005   8354132123.59443     
  3.163198515202662E-005   8204243740.39038     
  3.191962368620065E-005   8057044602.10643     
  3.220987779843418E-005   7912486459.48857     
  3.250277127291385E-005   7770521928.94761     
  3.279832811010261E-005   7631104477.02788     
  3.309657252870638E-005   7494188405.15457     
  3.339752896765854E-005   7359728834.65471     
  3.370122208812262E-005   7227681692.04687     
  3.400767677551299E-005   7098003694.59489     
  3.431691814153412E-005   6970652336.12066     
  3.462897152623827E-005   6845585873.07154     
  3.494386250010190E-005   6722763310.83772     
  3.526161686612102E-005   6602144390.31505     
  3.558226066192552E-005   6483689574.70896     
  3.590582016191280E-005   6367360036.57517     
  3.623232187940073E-005   6253117645.09288     
  3.656179256880021E-005   6140924953.56627     
  3.689425922780758E-005   6030745187.15032     
  3.722974909961676E-005   5922542230.79676     
  3.756828967515173E-005   5816280617.41634     
  3.790990869531917E-005   5711925516.25349     
  3.825463415328160E-005   5609442721.46951     
  3.860249429675125E-005   5508798640.93065     
  3.895351763030475E-005   5409960285.19733     
  3.930773291771884E-005   5312895256.71086     
  3.966516918432738E-005   5217571739.17424     
  4.002585571939975E-005   5123958487.12347     
  4.038982207854088E-005   5032024815.68592     
  4.075709808611315E-005   4941740590.52247     
  4.112771383768023E-005   4853076217.95016     
  4.150169970247322E-005   4766002635.24194     
  4.187908632587916E-005   4680491301.10061     
  4.225990463195226E-005   4596514186.30349     
  4.264418582594776E-005   4514043764.51512     
  4.303196139687917E-005   4433053003.26464     
  4.342326312009836E-005   4353515355.08515     
  4.381812305989947E-005   4275404748.81202     
  4.421657357214622E-005   4198695581.03728     
  4.461864730692338E-005   4123362707.71740     
  4.502437721121202E-005   4049381435.93156     
  4.543379653158946E-005   3976727515.78787     
  4.584693881695344E-005   3905377132.47472     
  4.626383792127128E-005   3835306898.45483     
  4.668452800635395E-005   3766493845.79928     
  4.710904354465535E-005   3698915418.65912     
  4.753741932209709E-005   3632549465.87201     
  4.796969044091900E-005   3567374233.70155     
  4.840589232255539E-005   3503368358.70688     
  4.884606071053764E-005   3440510860.74015     
  4.929023167342313E-005   3378781136.06968     
  4.973844160775074E-005   3318158950.62651     
  5.019072724102335E-005   3258624433.37205     
  5.064712563471734E-005   3200158069.78482     
  5.110767418731948E-005   3142740695.46395     
  5.157241063739154E-005   3086353489.84751     
  5.204137306666261E-005   3030977970.04354     
  5.251459990314965E-005   2976595984.77167     
  5.299212992430642E-005   2923189708.41361     
  5.347400226020093E-005   2870741635.17019     
  5.396025639672192E-005   2819234573.32338     
  5.445093217881440E-005   2768651639.60116     
  5.494606981374467E-005   2718976253.64357     
  5.544570987439503E-005   2670192132.56799     
  5.594989330258837E-005   2622283285.63193     
  5.645866141244312E-005   2575234008.99164     
  5.697205589375860E-005   2529028880.55467     
  5.749011881543115E-005   2483652754.92485     
  5.801289262890149E-005   2439090758.43793     
  5.854042017163315E-005   2395328284.28629     
  5.907274467062279E-005   2352350987.73115     
  5.960990974594233E-005   2310144781.40065     
  6.015195941431323E-005   2268695830.67229     
  6.069893809271341E-005   2227990549.13822     
  6.125089060201679E-005   2188015594.15192     
  6.180786217066619E-005   2148757862.45472     
  6.236989843837927E-005   2110204485.88083     
  6.293704545988859E-005   2072342827.13945     
  6.350934970871526E-005   2035160475.67245     
  6.408685808097723E-005   1998645243.58651     
  6.466961789923196E-005   1962785161.65816     
  6.525767691635434E-005   1927568475.41048     
  6.585108331944947E-005   1892983641.26026     
  6.644988573380143E-005   1859019322.73422     
  6.705413322685762E-005   1825664386.75315     
  6.766387531224957E-005   1792907899.98273     
  6.827916195385015E-005   1760739125.24977     
  6.890004356986783E-005   1729147518.02280     
  6.952657103697793E-005   1698122722.95580     
  7.015879569449178E-005   1667654570.49389     
  7.079676934856344E-005   1637733073.53998     
  7.144054427643494E-005   1608348424.18120     
  7.209017323071993E-005   1579490990.47404     
  7.274570944372642E-005   1551151313.28721     
  7.340720663181872E-005   1523320103.20114     
  7.407471899981926E-005   1495988237.46305     
  7.474830124545004E-005   1469146756.99673     
  7.542800856381487E-005   1442786863.46592     
  7.611389665192219E-005   1416899916.39040     
  7.680602171324893E-005   1391477430.31380     
  7.750444046234606E-005   1366511072.02223     
  7.820921012948598E-005   1341992657.81283     
  7.892038846535194E-005   1317914150.81133     
  7.963803374577039E-005   1294267658.33768     
  8.036220477648639E-005   1271045429.31901     
  8.109296089798202E-005   1248239851.74899     
  8.183036199033911E-005   1225843450.19273     
  8.257446847814592E-005   1203848883.33653     
  8.332534133544848E-005   1182248941.58148     
  8.408304209074692E-005   1161036544.68036     
  8.484763283203734E-005   1140204739.41680     
  8.561917621189949E-005   1119746697.32624     
  8.639773545263061E-005   1099655712.45760     
  8.718337435142599E-005   1079925199.17526     
  8.797615728560690E-005   1060548690.00040     
  8.877614921789557E-005   1041519833.49109     
  8.958341570173859E-005   1022832392.16040     
  9.039802288667844E-005   1004480240.43186     
  9.122003752377400E-005   986457362.631677     
  9.204952697107028E-005   968757851.016823     
  9.288655919911796E-005   951375903.838659     
  9.373120279654303E-005   934305823.441203     
  9.458352697566714E-005   917542014.393555     
  9.544360157817901E-005   901078981.655823     
  9.631149708085756E-005   884911328.777948     
  9.718728460134677E-005   869033756.130858     
  9.807103590398340E-005   853441059.169346     
  9.896282340567751E-005   838128126.726119     
  9.986272018184645E-005   823089939.336457     
  1.007707999724029E-004   808321567.592922     
  1.016871371877974E-004   793818170.529600     
  1.026118069151154E-004   779574994.035315     
  1.035448849242306E-004   765587369.295327     
  1.044864476740132E-004   751850711.260977     
  1.054365723185956E-004   738360517.146799     
  1.063953367136943E-004   725112364.954590     
  1.073628194229899E-004   712101912.023958     
  1.083390997245644E-004   699324893.608884     
  1.093242576173978E-004   686777121.479813     
  1.103183738279234E-004   674454482.550834     
  1.113215298166424E-004   662352937.531484     
  1.123338077847995E-004   650468519.602746     
  1.133552906811184E-004   638797333.116795     
  1.143860622085987E-004   627335552.320078     
  1.154262068313750E-004   616079420.099306     
  1.164758097816382E-004   605025246.749935     
  1.175349570666190E-004   594169408.766753     
  1.186037354756366E-004   583508347.656160     
  1.196822325872095E-004   573038568.769755     
  1.207705367762324E-004   562756640.158861     
  1.218687372212178E-004   552659191.449587     
  1.229769239116034E-004   542742912.738085     
  1.240951876551263E-004   533004553.505623     
  1.252236200852637E-004   523440921.553121     
  1.263623136687419E-004   514048881.954806     
  1.275113617131132E-004   504825356.030644     
  1.286708583744015E-004   495767320.337196     
  1.298408986648180E-004   486871805.676594     
  1.310215784605467E-004   478135896.123288     
  1.322129945096006E-004   469556728.068255     
  1.334152444397497E-004   461131489.280363     
  1.346284267665207E-004   452857417.984571     
  1.358526409012696E-004   444731801.956661     
  1.370879871593279E-004   436751977.634228     
  1.383345667682227E-004   428915329.243604     
  1.395924818759712E-004   421219287.942457     
  1.408618355594515E-004   413661330.977768     
  1.421427318328487E-004   406238980.858912     
  1.434352756561779E-004   398949804.545589     
  1.447395729438854E-004   391791412.650307     
  1.460557305735272E-004   384761458.655186     
  1.473838563945269E-004   377857638.142806     
  1.487240592370134E-004   371077688.040864     
  1.500764489207386E-004   364419385.880373     
  1.514411362640759E-004   357880549.067176     
  1.528182330931018E-004   351459034.166529     
  1.542078522507584E-004   345152736.200519     
  1.556101076061006E-004   338959587.958088     
  1.570251140636266E-004   332877559.317433     
  1.584529875726934E-004   326904656.580572     
  1.598938451370181E-004   321038921.819838     
  1.613478048242657E-004   315278432.236105     
  1.628149857757236E-004   309621299.528526     
  1.642955082160641E-004   304065669.275578     
  1.657894934631968E-004   298609720.327217     
  1.672970639382087E-004   293251664.207929     
  1.688183431753964E-004   287989744.530502     
  1.703534558323884E-004   282822236.420309     
  1.719025277003603E-004   277747445.949922     
  1.734656857143421E-004   272763709.583869     
  1.750430579636197E-004   267869393.633357     
  1.766347737022308E-004   263062893.720772     
  1.782409633595568E-004   258342634.253790     
  1.798617585510096E-004   253707067.908926     
  1.814972920888173E-004   249154675.124341     
  1.831476979929071E-004   244683963.601758     
  1.848131115018867E-004   240293467.817308     
  1.864936690841269E-004   235981748.541154     
  1.881895084489433E-004   231747392.365736     
  1.899007685578814E-004   227589011.242475     
  1.916275896361030E-004   223505242.026795     
  1.933701131838766E-004   219494746.031303     
  1.951284819881726E-004   215556208.586989     
  1.969028401343633E-004   211688338.612299     
  1.986933330180300E-004   207889868.189935     
  2.005001073568766E-004   204159552.151252     
  2.023233112027527E-004   200496167.668113     
  2.041630939537847E-004   196898513.852060     
  2.060196063666181E-004   193365411.360684     
  2.078930005687714E-004   189895702.011054     
  2.097834300711011E-004   186488248.400079     
  2.116910497803809E-004   183141933.531688     
  2.136160160119957E-004   179855660.450690     
  2.155584865027499E-004   176628351.883214     
  2.175186204237932E-004   173458949.883590     
  2.194965783936631E-004   170346415.487571     
  2.214925224914468E-004   167289728.371775     
  2.235066162700622E-004   164287886.519239     
  2.255390247696596E-004   161339905.890969     
  2.275899145311462E-004   158444820.103391     
  2.296594536098321E-004   155601680.111579     
  2.317478115892019E-004   152809553.898172     
  2.338551595948103E-004   150067526.167877     
  2.359816703083049E-004   147374698.047440     
  2.381275179815760E-004   144730186.791013     
  2.402928784510353E-004   142133125.490801     
  2.424779291520245E-004   139582662.792900     
  2.446828491333547E-004   137077962.618235     
  2.469078190719783E-004   134618203.888507     
  2.491530212877937E-004   132202580.257051     
  2.514186397585858E-004   129830299.844527     
  2.537048601351011E-004   127500584.979355     
  2.560118697562602E-004   125212671.942801     
  2.583398576645096E-004   122965810.718641     
  2.606890146213119E-004   120759264.747317     
  2.630595331227770E-004   118592310.684501     
  2.654516074154362E-004   116464238.163989     
  2.678654335121592E-004   114374349.564859     
  2.703012092082159E-004   112321959.782792     
  2.727591340974838E-004   110306396.005508     
  2.752394095888041E-004   108326997.492224     
  2.777422389224850E-004   106383115.357072     
  2.802678271869560E-004   104474112.356406     
  2.828163813355733E-004   102599362.679912     
  2.853881102035782E-004   100758251.745485     
  2.879832245252096E-004   98950175.9977692     
  2.906019369509720E-004   97174542.7103227     
  2.932444620650607E-004   95430769.7913281     
  2.959110164029456E-004   93718285.5927897     
  2.986018184691143E-004   92036528.7231534     
  3.013170887549774E-004   90384947.8632891     
  3.040570497569354E-004   88763001.5857748     
  3.068219259946117E-004   87170158.1774221     
  3.096119440292494E-004   85605895.4649869     
  3.124273324822766E-004   84069700.6440067     
  3.152683220540408E-004   82561070.1107088     
  3.181351455427121E-004   81079509.2969340     
  3.210280378633601E-004   79624532.5080232     
  3.239472360672031E-004   78195662.7636109     
  3.268929793610327E-004   76792431.6412765     
  3.298655091268153E-004   75414379.1230003     
  3.328650689414711E-004   74061053.4443737     
  3.358919045968340E-004   72732010.9465161     
  3.389462641197920E-004   71426815.9306472     
  3.420283977926113E-004   70145040.5152699     
  3.451385581734453E-004   68886264.4959142     
  3.482770001170293E-004   67650075.2073988     
  3.514439807955649E-004   66436067.3885628     
  3.546397597197925E-004   65243843.0494253     
  3.578645987602564E-004   64073011.3407279     
  3.611187621687640E-004   62923188.4258174     
  3.644025166000382E-004   61793997.3548281     
  3.677161311335683E-004   60685067.9411210     
  3.710598772956593E-004   59596036.6399391     
  3.744340290816809E-004   58526546.4292416     
  3.778388629785201E-004   57476246.6926740     
  3.812746579872366E-004   56444793.1046401     
  3.847416956459252E-004   55431847.5174338     
  3.882402600527859E-004   54437077.8503976     
  3.917706378894034E-004   53460157.9810694     
  3.953331184442387E-004   52500767.6382813     
  3.989279936363341E-004   51558592.2971781     
  4.025555580392338E-004   50633323.0761175     
  4.062161089051221E-004   49724656.6354218     
  4.099099461891809E-004   48832295.0779448     
  4.136373725741689E-004   47955945.8514232     
  4.173986934952244E-004   47095321.6525805     
  4.211942171648931E-004   46250140.3329505     
  4.250242545983840E-004   45420124.8063909     
  4.288891196390549E-004   44605002.9582567     
  4.327891289841297E-004   43804507.5562020     
  4.367246022106489E-004   43018376.1625836     
  4.406958618016569E-004   42246351.0484354     
  4.447032331726273E-004   41488179.1089860     
  4.487470446981279E-004   40743611.7806928     
  4.528276277387288E-004   40012404.9597639     
  4.569453166681551E-004   39294318.9221426     
  4.611004489006858E-004   38589118.2449268     
  4.652933649188031E-004   37896571.7291989     
  4.695244083010922E-004   37216452.3242395     
  4.737939257503948E-004   36548537.0531018     
  4.781022671222190E-004   35892606.9395202     
  4.824497854534075E-004   35248446.9361314     
  4.868368369910662E-004   34615845.8539825     
  4.912637812217563E-004   33994596.2933042     
  4.957309809009507E-004   33384494.5755259     
  5.002388020827607E-004   32785340.6765109     
  5.047876141499301E-004   32196938.1609889     
  5.093777898441038E-004   31619094.1181652     
  5.140097052963713E-004   31051619.0984857     
  5.186837400580879E-004   30494327.0515352     
  5.234002771319760E-004   29947035.2650511     
  5.281597030035097E-004   29409564.3050304     
  5.329624076725841E-004   28881737.9569124     
  5.378087846854723E-004   28363383.1678153     
  5.426992311670754E-004   27854329.9898099     
  5.476341478534621E-004   27354411.5242117     
  5.526139391247072E-004   26863463.8668708     
  5.576390130380271E-004   26381326.0544452     
  5.627097813612172E-004   25907840.0116369     
  5.678266596063931E-004   25442850.4993750     
  5.729900670640391E-004   24986205.0639286     
  5.782004268373657E-004   24537753.9869325     
  5.834581658769797E-004   24097350.2363098     
  5.887637150158699E-004   23664849.4180745     
  5.941175090047109E-004   23240109.7289997     
  5.995199865474868E-004   22822991.9101339     
  6.049715903374407E-004   22413359.2011525     
  6.104727670933500E-004   22011077.2955272     
  6.160239675961312E-004   21616014.2965005     
  6.216256467257786E-004   21228040.6738499     
  6.272782634986383E-004   20847029.2214276     
  6.329822811050205E-004   20472855.0154621     
  6.387381669471559E-004   20105395.3736085     
  6.445463926774944E-004   19744529.8147322     
  6.504074342373549E-004   19390140.0194158     
  6.563217718959240E-004   19042109.7911732     
  6.622898902896112E-004   18700325.0183601     
  6.683122784617611E-004   18364673.6367685     
  6.743894299027270E-004   18035045.5928910     
  6.805218425903086E-004   17711332.8078453     
  6.867100190305580E-004   17393429.1419457     
  6.929544662989560E-004   17081230.3599099     
  6.992556960819628E-004   16774634.0966904     
  7.056142247189482E-004   16473539.8239186     
  7.120305732445008E-004   16177848.8169517     
  7.185052674311232E-004   15887464.1225098     
  7.250388378323147E-004   15602290.5268944     
  7.316318198260474E-004   15322234.5247768     
  7.382847536586357E-004   15047204.2885466     
  7.449981844890053E-004   14777109.6382103     
  7.517726624333656E-004   14511862.0118292     
  7.586087426102871E-004   14251374.4364891     
  7.655069851861897E-004   13995561.4997891     
  7.724679554212442E-004   13744339.3218438     
  7.794922237156906E-004   13497625.5277862     
  7.865803656565791E-004   13255339.2207650     
  7.937329620649345E-004   13017400.9554258     
  8.009505990433503E-004   12783732.7118684     
  8.082338680240165E-004   12554257.8700715     
  8.155833658171812E-004   12328901.1847756     
  8.229996946600566E-004   12107588.7608173     
  8.304834622661668E-004   11890248.0289057     
  8.380352818751463E-004   11676807.7218333     
  8.456557723029893E-004   11467197.8511146     
  8.533455579927584E-004   11261349.6840426     
  8.611052690657523E-004   11059195.7211576     
  8.689355413731400E-004   10860669.6741204     
  8.768370165480636E-004   10665706.4439824     
  8.848103420582162E-004   10474242.0998451     
  8.928561712588962E-004   10286213.8579029     
  9.009751634465457E-004   10101560.0608623     
  9.091679839127747E-004   9920220.15772935     
  9.174353039988768E-004   9742134.68396058     
  9.257778011508408E-004   9567245.24196981     
  9.341961589748620E-004   9395494.48198461     
  9.426910672933596E-004   9226826.08324631     
  9.512632222015017E-004   9061184.73554734     
  9.599133261242453E-004   8898516.12109976     
  9.686420878738951E-004   8738766.89672915     
  9.774502227081854E-004   8581884.67638795     
  9.863384523888907E-004   8427818.01398253     
  9.953075052409673E-004   8276516.38650842     
  1.004358116212235E-003   8127930.17748808     
  1.013491026933603E-003   7982010.66070585     
  1.022706985779836E-003   7838709.98423471     
  1.032006747930882E-003   7697981.15474964     
  1.041391075433752E-003   7559778.02212242     
  1.050860737264966E-003   7424055.26429285     
  1.060416509393564E-003   7290768.37241135     
  1.070059174844687E-003   7159873.63624820     
  1.079789523763749E-003   7031328.12986451     
  1.089608353481175E-003   6905089.69754036     
  1.099516468577740E-003   6781116.93995525     
  1.109514680950499E-003   6659369.20061671     
  1.119603809879314E-003   6539806.55253225     
  1.129784682093992E-003   6422389.78512050     
  1.140058131842022E-003   6307080.39135718     
  1.150425000956944E-003   6193840.55515169     
  1.160886138927326E-003   6082633.13895022     
  1.171442402966373E-003   5973421.67156122     
  1.182094658082173E-003   5866170.33619936     
  1.192843777148572E-003   5760843.95874397     
  1.203690640976707E-003   5657407.99620820     
  1.214636138387178E-003   5555828.52541495     
  1.225681166282878E-003   5456072.23187612     
  1.236826629722492E-003   5358106.39887131     
  1.248073441994658E-003   5261898.89672241     
  1.259422524692804E-003   5167418.17226079     
  1.270874807790667E-003   5074633.23848328     
  1.282431229718495E-003   4983513.66439388     
  1.294092737439948E-003   4894029.56502767     
  1.305860286529691E-003   4806151.59165372     
  1.317734841251699E-003   4719850.92215376     
  1.329717374638271E-003   4635099.25157353     
  1.341808868569760E-003   4551868.78284360     
  1.354010313855036E-003   4470132.21766667     
  1.366322710312672E-003   4389862.74756845     
  1.378747066852870E-003   4311034.04510903     
  1.391284401560139E-003   4233620.25525192     
  1.403935741776714E-003   4157595.98688806     
  1.416702124186745E-003   4082936.30451174     
  1.429584594901240E-003   4009616.72004602     
  1.442584209543789E-003   3937613.18481476     
  1.455702033337064E-003   3866902.08165862     
  1.468939141190107E-003   3797460.21719266     
  1.482296617786410E-003   3729264.81420271     
  1.495775557672796E-003   3662293.50417827     
  1.509377065349111E-003   3596524.31997932     
  1.523102255358726E-003   3531935.68863471     
  1.536952252379874E-003   3468506.42426981     
  1.550928191317798E-003   3406215.72116101     
  1.565031217397754E-003   3345043.14691481     
  1.579262486258857E-003   3284968.63576936     
  1.593623164048769E-003   3225972.48201613     
  1.608114427519263E-003   3168035.33353965     
  1.622737464122647E-003   3111138.18547308     
  1.637493472109064E-003   3055262.37396776     
  1.652383660624685E-003   3000389.57007435     
  1.667409249810786E-003   2946501.77373396     
  1.682571470903732E-003   2893581.30787692     
  1.697871566335864E-003   2841610.81262752     
  1.713310789837312E-003   2790573.23961275     
  1.728890406538725E-003   2740451.84637306     
  1.744611693074942E-003   2691230.19087349     
  1.760475937689599E-003   2642892.12611322     
  1.776484440340697E-003   2595421.79483190     
  1.792638512807117E-003   2548803.62431090     
  1.808939478796118E-003   2503022.32126786     
  1.825388674051798E-003   2458062.86684286     
  1.841987446464553E-003   2413910.51167451     
  1.858737156181526E-003   2370550.77106440     
  1.875639175718059E-003   2327969.42022836     
  1.892694890070162E-003   2286152.48963283     
  1.909905696828005E-003   2245086.26041499     
  1.927273006290435E-003   2204757.25988499     
  1.944798241580546E-003   2165152.25710895     
  1.962482838762289E-003   2126258.25857117     
  1.980328246958149E-003   2088062.50391417     
  1.998335928467888E-003   2050552.46175515     
  2.016507358888371E-003   2013715.82557758     
  2.034844027234481E-003   1977540.50969639     
  2.053347436061133E-003   1942014.64529570     
  2.072019101586393E-003   1907126.57653746     
  2.090860553815727E-003   1872864.85674011     
  2.109873336667370E-003   1839218.24462561     
  2.129059008098839E-003   1806175.70063398     
  2.148419140234597E-003   1773726.38330382     
  2.167955319494877E-003   1741859.64571787     
  2.187669146725678E-003   1710565.03201232     
  2.207562237329941E-003   1679832.27394869     
  2.227636221399918E-003   1649651.28754733     
  2.247892743850751E-003   1620012.16978123     
  2.268333464555258E-003   1590905.19532917     
  2.288960058479945E-003   1562320.81338717     
  2.309774215822261E-003   1534249.64453708     
  2.330777642149095E-003   1506682.47767146     
  2.351972058536535E-003   1479610.26697346     
  2.373359201710899E-003   1453024.12895109     
  2.394940824191044E-003   1426915.33952457     
  2.416718694431974E-003   1401275.33116597     
  2.438694596969753E-003   1376095.69009019     
  2.460870332567731E-003   1351368.15349633     
  2.483247718364107E-003   1327084.60685853     
  2.505828588020829E-003   1303237.08126548     
  2.528614791873847E-003   1279817.75080759     
  2.551608197084736E-003   1256818.93001113     
  2.574810687793698E-003   1234233.07131828     
  2.598224165273950E-003   1212052.76261255     
  2.621850548087519E-003   1190270.72478846     
  2.645691772242462E-003   1168879.80936494     
  2.669749791351496E-003   1147872.99614143     
  2.694026576792089E-003   1127243.39089617     
  2.718524117868000E-003   1106984.22312566     
  2.743244421972284E-003   1087088.84382480     
  2.768189514751789E-003   1067550.72330673     
  2.793361440273135E-003   1048363.44906193     
  2.818762261190217E-003   1029520.72365560     
  2.844394058913222E-003   1011016.36266287     
  2.870258933779184E-003   992844.292640974     
  2.896359005224093E-003   974998.549137880     
  2.922696411956564E-003   957473.274736598     
  2.949273312133095E-003   940262.717134606     
  2.976091883534903E-003   923361.227257726     
  3.003154323746385E-003   906763.257407841     
  3.030462850335191E-003   890463.359443848     
  3.058019701033935E-003   874456.182995258     
  3.085827133923564E-003   858736.473707829     
  3.113887427618390E-003   843299.071520696     
  3.142202881452805E-003   828138.908974404     
  3.170775815669696E-003   813251.009549301     
  3.199608571610569E-003   798630.486033745     
  3.228703511907409E-003   784272.538921590     
  3.258063020676277E-003   770172.454838421     
  3.287689503712670E-003   756325.604996035     
  3.317585388688662E-003   742727.443674645     
  3.347753125351831E-003   729373.506732319     
  3.378195185725997E-003   716259.410141165     
  3.408914064313792E-003   703380.848549782     
  3.439912278301056E-003   690733.593871499     
  3.471192367763110E-003   678313.493897952     
  3.502756895872896E-003   666116.470937529     
  3.534608449111006E-003   654138.520478255     
  3.566749637477627E-003   642375.709874658     
  3.599183094706413E-003   630824.177058200     
  3.631911478480297E-003   619480.129270855     
  3.664937470649270E-003   608339.841821394     
  3.698263777450142E-003   597399.656863995     
  3.731893129728291E-003   586655.982198774     
  3.765828283161444E-003   576105.290093822     
  3.800072018485474E-003   565744.116128394     
  3.834627141722275E-003   555569.058056841     
  3.869496484409682E-003   545576.774692937     
  3.904682903833499E-003   535763.984814220     
  3.940189283261637E-003   526127.466085985     
  3.976018532180371E-003   516664.054004601     
  4.012173586532749E-003   507370.640859768     
  4.048657408959181E-003   498244.174715410     
  4.085472989040193E-003   489281.658408845     
  4.122623343541415E-003   480480.148567911     
  4.160111516660766E-003   471836.754645739     
  4.197940580277918E-003   463348.637972833     
  4.236113634206008E-003   455013.010826163     
  4.274633806445644E-003   446827.135514962     
  4.313504253441223E-003   438788.323482927     
  4.352728160339579E-003   430893.934426525     
  4.392308741250983E-003   423141.375429124     
  4.432249239512513E-003   415528.100110657     
  4.472552927953821E-003   408051.607792549     
  4.513223109165322E-003   400709.442677617     
  4.554263115768812E-003   393499.193044697     
  4.595676310690557E-003   386418.490457714     
  4.637466087436854E-003   379465.008988948     
  4.679635870372108E-003   372636.464456232     
  4.722189114999433E-003   365930.613673846     
  4.765129308243801E-003   359345.253716840     
  4.808459968737778E-003   352878.221198568     
  4.852184647109842E-003   346527.391561180     
  4.896306926275335E-003   340290.678378847     
  4.940830421730054E-003   334166.032673486     
  4.985758781846518E-003   328151.442242763     
  5.031095688172923E-003   322244.931000160     
  5.076844855734817E-003   316444.558326872     
  5.123010033339516E-003   310748.418435348     
  5.169595003883303E-003   305154.639744232     
  5.216603584661395E-003   299661.384264544     
  5.264039627680746E-003   294266.846996853     
  5.311907019975697E-003   288969.255339279     
  5.360209683926482E-003   283766.868506114     
  5.408951577580644E-003   278657.976956877     
  5.458136694977360E-003   273640.901835609     
  5.507769066474735E-003   268713.994420233     
  5.557852759080046E-003   263875.635581791     
  5.608391876783017E-003   259124.235253392     
  5.659390560892100E-003   254458.231908676     
  5.710852990373834E-003   249876.092049646     
  5.762783382195268E-003   245376.309703691     
  5.815185991669524E-003   240957.405929622     
  5.868065112804482E-003   236617.928332590     
  5.921425078654642E-003   232356.450587687     
  5.975270261676185E-003   228171.571972117     
  6.029605074085267E-003   224061.916905743     
  6.084433968219566E-003   220026.134499887     
  6.139761436903121E-003   216062.898114228     
  6.195592013814475E-003   212170.904921647     
  6.251930273858195E-003   208348.875480879     
  6.308780833539735E-003   204595.553316835     
  6.366148351343730E-003   200909.704508460     
  6.424037528115731E-003   197290.117283974     
  6.482453107447394E-003   193735.601623390     
  6.541399876065192E-003   190244.988868150     
  6.600882664222641E-003   186817.131337780     
  6.660906346096118E-003   183450.901953411     
  6.721475840184253E-003   180145.193868066     
  6.782596109710964E-003   176898.920103571     
  6.844272163032162E-003   173711.013193989     
  6.906509054046150E-003   170580.424835450     
  6.969311882607742E-003   167506.125542262     
  7.032685794946169E-003   164487.104309197     
  7.096635984086773E-003   161522.368279831     
  7.161167690276533E-003   158610.942420841     
  7.226286201413467E-003   155751.869202144     
  7.291996853479941E-003   152944.208282775     
  7.358305030979899E-003   150187.036202403     
  7.425216167380103E-003   147479.446078380     
  7.492735745555352E-003   144820.547308230     
  7.560869298237766E-003   142209.465277475     
  7.629622408470155E-003   139645.341072698     
  7.699000710063507E-003   137127.331199768     
  7.769009888058637E-003   134654.607307105     
  7.839655679192033E-003   132226.355913925     
  7.910943872365945E-003   129841.778143355     
  7.982880309122732E-003   127500.089460332     
  8.055470884123546E-003   125200.519414219     
  8.128721545631349E-003   122942.311386023     
  8.202638295998326E-003   120724.722340163     
  8.277227192157744E-003   118547.022580684     
  8.352494346120265E-003   116408.495511850     
  8.428445925474778E-003   114308.437403026     
  8.505088153893798E-003   112246.157157794     
  8.582427311643442E-003   110220.976087190     
  8.660469736098049E-003   108232.227687034     
  8.739221822259492E-003   106279.257419236     
  8.818690023281185E-003   104361.422497036     
  8.898880850996885E-003   102478.091674101     
  8.979800876454287E-003   100628.645037396     
  9.061456730453466E-003   98812.4738037790     
  9.143855104090224E-003   97028.9801202472     
  9.227002749304384E-003   95277.5768677623     
  9.310906479433053E-003   93557.6874686000     
  9.395573169768927E-003   91868.7456971554     
  9.481009758123675E-003   90210.1954941437     
  9.567223245396437E-003   88581.4907841340     
  9.654220696147495E-003   86982.0952963594     
  9.742009239177164E-003   85411.4823887406     
  9.830596068109944E-003   83869.1348750685     
  9.919988441983987E-003   82354.5448552877     
  1.001019368584592E-002   80867.2135488256     
  1.010121919135108E-002   79406.6511309123     
  1.019307241736920E-002   77972.3765718378     
  1.028576089059561E-002   76563.9174790935     
  1.037929220616801E-002   75180.8099423473     
  1.047367402828880E-002   73822.5983811990     
  1.056891409085315E-002   72488.8353956698     
  1.066502019808271E-002   71179.0816193732     
  1.076200022516509E-002   69892.9055753211     
  1.085986211889921E-002   68629.8835343184     
  1.095861389834648E-002   67389.5993758970     
  1.105826365548788E-002   66171.6444517474     
  1.115881955588703E-002   64975.6174515998     
  1.126028983935933E-002   63801.1242715116     
  1.136268282064715E-002   62647.7778845201     
  1.146600689010114E-002   61515.1982136150     
  1.157027051436776E-002   60403.0120069910     
  1.167548223708306E-002   59310.8527155391     
  1.178165067957281E-002   58238.3603725360     
  1.188878454155889E-002   57185.1814754932     
  1.199689260187220E-002   56150.9688701258     
  1.210598371917202E-002   55135.3816364038     
  1.221606683267191E-002   54138.0849766479     
  1.232715096287221E-002   53158.7501056344     
  1.243924521229922E-002   52197.0541426712     
  1.255235876625104E-002   51252.6800056113     
  1.266650089355031E-002   50325.3163067681     
  1.278168094730364E-002   49414.6572506982     
  1.289790836566809E-002   48520.4025338194     
  1.301519267262452E-002   47642.2572458292     
  1.313354347875806E-002   46779.9317728934     
  1.325297048204555E-002   45933.1417025712     
  1.337348346865028E-002   45101.6077304472     
  1.349509231372389E-002   44285.0555684383     
  1.361780698221551E-002   43483.2158547471     
  1.374163752968839E-002   42695.8240654302     
  1.386659410314382E-002   41922.6204275544     
  1.399268694185265E-002   41163.3498339110     
  1.411992637819428E-002   40417.7617592603     
  1.424832283850335E-002   39685.6101780804     
  1.437788684392407E-002   38966.6534837908     
  1.450862901127241E-002   38260.6544094261     
  1.464056005390601E-002   37567.3799497339     
  1.477369078260208E-002   36886.6012846699     
  1.490803210644327E-002   36218.0937042666     
  1.504359503371159E-002   35561.6365348500     
  1.518039067279045E-002   34917.0130665806     
  1.531843023307492E-002   34284.0104822951     
  1.545772502589024E-002   33662.4197876243     
  1.559828646541872E-002   33052.0357423664     
  1.574012606963504E-002   32452.6567930908     
  1.588325546125004E-002   31864.0850069521     
  1.602768636866317E-002   31286.1260066916     
  1.617343062692348E-002   30718.5889068057     
  1.632050017869948E-002   30161.2862508594     
  1.646890707525771E-002   29614.0339499256     
  1.661866347745026E-002   29076.6512221281     
  1.676978165671126E-002   28548.9605332707     
  1.692227399606246E-002   28030.7875385316     
  1.707615299112791E-002   27521.9610252034     
  1.723143125115785E-002   27022.3128564621     
  1.738812150006201E-002   26531.6779161444     
  1.754623657745219E-002   26049.8940545162     
  1.770578943969441E-002   25576.8020350147     
  1.786679316097054E-002   25112.2454819461     
  1.802926093434970E-002   24656.0708291225     
  1.819320607286926E-002   24208.1272694196     
  1.835864201062579E-002   23768.2667052409     
  1.852558230387590E-002   23336.3436998705     
  1.869404063214701E-002   22912.2154296984     
  1.886403079935839E-002   22495.7416373045     
  1.903556673495216E-002   22086.7845853836     
  1.920866249503483E-002   21685.2090114978     
  1.938333226352900E-002   21290.8820836408     
  1.955959035333569E-002   20903.6733566002     
  1.973745120750714E-002   20523.4547291025     
  1.991692940043033E-002   20150.1004017273     
  2.009803963902124E-002   19783.4868355774     
  2.028079676392996E-002   19423.4927116903     
  2.046521575075680E-002   19069.9988911778     
  2.065131171127940E-002   18722.8883760820     
  2.083909989469105E-002   18382.0462709334     
  2.102859568885025E-002   18047.3597449984     
  2.121981462154160E-002   17718.7179952056     
  2.141277236174824E-002   17396.0122097365     
  2.160748472093576E-002   17079.1355322701     
  2.180396765434785E-002   16767.9830268697     
  2.200223726231372E-002   16462.4516434988     
  2.220230979156742E-002   16162.4401841575     
  2.240420163657908E-002   15867.8492696253     
  2.260792934089840E-002   15578.5813068015     
  2.281350959851020E-002   15294.5404566323     
  2.302095925520240E-002   15015.6326026122     
  2.323029530994642E-002   14741.7653198526     
  2.344153491629009E-002   14472.8478447036     
  2.365469538376328E-002   14208.7910449232     
  2.386979417929630E-002   13949.5073903798     
  2.408684892865113E-002   13694.9109242827     
  2.430587741786577E-002   13444.9172349272     
  2.452689759471170E-002   13199.4434279478     
  2.474992757016449E-002   12958.4080990695     
  2.497498561988792E-002   12721.7313073479     
  2.520209018573152E-002   12489.3345488898     
  2.543125987724174E-002   12261.1407310454     
  2.566251347318686E-002   12037.0741470637     
  2.589586992309579E-002   11817.0604512034     
  2.613134834881083E-002   11601.0266342898     
  2.636896804605457E-002   11388.9009997108     
  2.660874848601103E-002   11180.6131398441     
  2.685070931692118E-002   10976.0939129069     
  2.709487036569296E-002   10775.2754202221     
  2.734125163952598E-002   10578.0909838911     
  2.758987332755092E-002   10384.4751248693     
  2.784075580248391E-002   10194.3635414336     
  2.809391962229592E-002   10007.6930880370     
  2.834938553189732E-002   9824.40175454311     
  2.860717446483778E-002   9644.42864583309     
  2.886730754502164E-002   9467.71396177844     
  2.912980608843883E-002   9294.19897757383     
  2.939469160491156E-002   9123.82602442263     
  2.966198579985693E-002   8956.53847056934     
  2.993171057606546E-002   8792.28070267245     
  3.020388803549592E-002   8630.99810751169     
  3.047854048108643E-002   8472.63705402371     
  3.075569041858196E-002   8317.14487566021     
  3.103536055837857E-002   8164.46985306289     
  3.131757381738431E-002   8014.56119704927     
  3.160235332089715E-002   7867.36903190405     
  3.188972240449987E-002   7722.84437897048     
  3.217970461597228E-002   7580.93914053615     
  3.247232371722078E-002   7441.60608400826     
  3.276760368622544E-002   7304.79882637289     
  3.306556871900485E-002   7170.47181893325     
  3.336624323159882E-002   7038.58033232199     
  3.366965186206906E-002   6909.08044178256     
  3.397581947251811E-002   6781.92901271484     
  3.428477115112658E-002   6657.08368648024     
  3.459653221420897E-002   6534.50286646166     
  3.491112820828816E-002   6414.14570437378     
  3.522858491218871E-002   6295.97208681902     
  3.554892833914933E-002   6179.94262208501     
  3.587218473895438E-002   6066.01862717897     
  3.619838060008489E-002   5954.16211509502     
  3.652754265188913E-002   5844.33578230991     
  3.685969786677282E-002   5736.50299650347     
  3.719487346240934E-002   5630.62778449937     
  3.753309690397007E-002   5526.67482042246     
  3.787439590637486E-002   5424.60941406877     
  3.821879843656317E-002   5324.39749948428     
  3.856633271578565E-002   5226.00562374879     
  3.891702722191677E-002   5129.40093596117     
  3.927091069178827E-002   5034.55117642238     
  3.962801212354403E-002   4941.42466601271     
  3.998836077901616E-002   4849.99029575979     
  4.035198618612285E-002   4760.21751659386     
  4.071891814128797E-002   4672.07632928708     
  4.108918671188264E-002   4585.53727457338     
  4.146282223868903E-002   4500.57142344581     
  4.183985533838658E-002   4417.15036762810     
  4.222031690606078E-002   4335.24621021726     
  4.260423811773486E-002   4254.83155649429     
  4.299165043292436E-002   4175.87950489987     
  4.338258559721508E-002   4098.36363817202     
  4.377707564486430E-002   4022.25801464310     
  4.417515290142586E-002   3947.53715969284     
  4.457684998639892E-002   3874.17605735510     
  4.498219981590090E-002   3802.15014207513     
  4.539123560536480E-002   3731.43529061503     
  4.580399087226081E-002   3662.00781410451     
  4.622049943884295E-002   3593.84445023432     
  4.664079543492047E-002   3526.92235559002     
  4.706491330065461E-002   3461.21909812333     
  4.749288778938066E-002   3396.71264975872     
  4.792475397045575E-002   3333.38137913274     
  4.836054723213253E-002   3271.20404446382     
  4.880030328445900E-002   3210.15978655001     
  4.924405816220466E-002   3150.22812189263     
  4.969184822781329E-002   3091.38893594326     
  5.014371017438263E-002   3033.62247647213     
  5.059968102867101E-002   2976.90934705554     
  5.105979815413154E-002   2921.23050068032     
  5.152409925397369E-002   2866.56723346306     
  5.199262237425282E-002   2812.90117848225     
  5.246540590698776E-002   2760.21429972115     
  5.294248859330676E-002   2708.48888611944     
  5.342390952662206E-002   2657.70754573172     
  5.390970815583328E-002   2607.85319999098     
  5.439992428855994E-002   2558.90907807504     
  5.489459809440350E-002   2510.85871137421     
  5.539377010823885E-002   2463.68592805836     
  5.589748123353592E-002   2417.37484774148     
  5.640577274571136E-002   2371.90987624222     
  5.691868629551083E-002   2327.27570043838     
  5.743626391242191E-002   2283.45728321401     
  5.795854800811812E-002   2240.43985849714     
  5.848558137993426E-002   2198.20892638667     
  5.901740721437332E-002   2156.75024836691     
  5.955406909064532E-002   2116.04984260793     
  6.009561098423826E-002   2076.09397935045     
  6.064207727052165E-002   2036.86917637360     
  6.119351272838270E-002   1998.36219454409     
  6.174996254389560E-002   1960.56003344539     
  6.231147231402426E-002   1923.44992708534     
  6.287808805035859E-002   1887.01933968101     
  6.344985618288480E-002   1851.25596151916     
  6.402682356379004E-002   1816.14770489116     
  6.460903747130158E-002   1781.68270010090     
  6.519654561356085E-002   1747.84929154445     
  6.578939613253292E-002   1714.63603386015     
  6.638763760795117E-002   1682.03168814787     
  6.699131906129822E-002   1650.02521825623     
  6.760048995982283E-002   1618.60578713647     
  6.821520022059331E-002   1587.76275326191     
  6.883550021458792E-002   1557.48566711168     
  6.946144077082241E-002   1527.76426771770     
  7.009307318051504E-002   1498.58847927367     
  7.073044920128954E-002   1469.94840780500     
  7.137362106141627E-002   1441.83433789859     
  7.202264146409193E-002   1414.23672949135     
  7.267756359175821E-002   1387.14621471649     
  7.333844111045970E-002   1360.55359480647     
  7.400532817424141E-002   1334.44983705153     
  7.467827942958628E-002   1308.82607181301     
  7.535735001989317E-002   1283.67358959023     
  7.604259558999528E-002   1258.98383814020     
  7.673407229071995E-002   1234.74841964897     
  7.743183678348979E-002   1210.95908795394     
  7.813594624496566E-002   1187.60774581601     
  7.884645837173186E-002   1164.68644224085     
  7.956343138502395E-002   1142.18736984818     
  8.028692403549956E-002   1120.10286228850     
  8.101699560805256E-002   1098.42539170615     
  8.175370592667104E-002   1077.14756624797     
  8.249711535933942E-002   1056.26212761685     
  8.324728482298518E-002   1035.76194866913     
  8.400427578847056E-002   1015.64003105525     
  8.476815028562962E-002   995.889502902862     
  8.553897090835115E-002   976.503616541487     
  8.631680081970773E-002   957.475746268186     
  8.710170375713155E-002   938.799386153331     
  8.789374403763722E-002   920.468147885862     
  8.869298656309202E-002   902.475758657272     
  8.949949682553411E-002   884.816059083641     
  9.031334091253920E-002   867.483001165037     
  9.113458551263597E-002   850.470646281600     
  9.196329792077054E-002   833.773163225672     
  9.279954604382096E-002   817.384826269304     
  9.364339840616155E-002   801.300013266514     
  9.449492415527810E-002   785.513203789680     
  9.535419306743394E-002   770.018977299433     
  9.622127555338748E-002   754.812011347480     
  9.709624266416203E-002   739.887079811729     
  9.797916609686783E-002   725.239051163168     
  9.887011820057706E-002   710.862886763910     
  9.976917198225239E-002   696.753639195845     
  0.100676401112729        682.906450619359     
  0.101591879932753        669.316551161567     
  0.102515683459070        655.979257333540     
  0.103447887390574        642.889970476006     
  0.104388568114513        630.044175232995     
  0.105337802712743        617.437438052954     
  0.106295668968047        605.065405716818     
  0.107262245370510        592.923803892560     
  0.108237611123949        581.008435715738     
  0.109221846152404        569.315180395588     
  0.110215031106686        557.839991846182     
  0.111217247370987        546.578897342213     
  0.112228577069547        535.527996198971     
  0.113249103073387        524.683458476051     
  0.114278909007096        514.041523704400     
  0.115318079255685        503.598499636250     
  0.116366698971503        493.350761017547     
  0.117424854081211        483.294748382469     
  0.118492631292828        473.426966869622     
  0.119570118102830        463.743985059545     
  0.120657402803326        454.242433833118     
  0.121754574489289        444.919005250519     
  0.122861723065856        435.770451450344     
  0.123978939255701        426.793583568529     
  0.125106314606459        417.985270676734     
  0.126243941498239        409.342438739807     
  0.127391913151184        400.862069592023     
  0.128550323633116        392.541199931723     
  0.129719267867243        384.376920334054     
  0.130898841639933        376.366374281453     
  0.132089141608570        368.506757211582     
  0.133290265309470        360.795315582384     
  0.134502311165872        353.229345953955     
  0.135725378496007        345.806194086932     
  0.136959567521235        338.523254057089     
  0.138204979374256        331.377967385865     
  0.139461716107398        324.367822186522     
  0.140729880700981        317.490352325651     
  0.142009577071751        310.743136599768     
  0.143300910081402        304.123797926696     
  0.144603985545162        297.630002551496     
  0.145918910240467        291.259459266662     
  0.147245791915712        285.009918646335     
  0.148584739299077        278.879172294277     
  0.149935862107437        272.865052105357     
  0.151299271055356        266.965429540302     
  0.152675077864154        261.178214913479     
  0.154063395271066        255.501356693462     
  0.155464337038479        249.932840816160     
  0.156878017963250        244.470690010281     
  0.158304553886121        239.112963134887     
  0.159744061701202        233.857754528856     
  0.161196659365557        228.703193371996     
  0.162662465908865        223.647443057629     
  0.164141601443176        218.688700576418     
  0.165634187172753        213.825195911243     
  0.167140345404002        209.055191442914     
  0.168660199555497        204.376981366532     
  0.170193874168092        199.788891118306     
  0.171741494915125        195.289276812616     
  0.173303188612717        190.876524689163     
  0.174879083230164        186.549050569994     
  0.176469307900424        182.305299326242     
  0.178073992930694        178.143744354384     
  0.179693269813094        174.062887061863     
  0.181327271235438        170.061256361879     
  0.182976131092107        166.137408177203     
  0.184639984495023        162.289924952826     
  0.186318967784716        158.517415177295     
  0.188013218541500        154.818512912572     
  0.189722875596747        151.191877332254     
  0.191448079044259        147.636192267998     
  0.193188970251752        144.150165764015     
  0.194945691872439        140.732529639453     
  0.196718387856717        137.382039058554     
  0.198507203463965        134.097472108417     
  0.200312285274447        130.877629384234     
  0.202133781201322        127.721333581865     
  0.203971840502766        124.627429097595     
  0.205826613794199        121.594781634966     
  0.207698253060632        118.622277818521     
  0.209586911669118        115.708824814355     
  0.211492744381318        112.853349957328     
  0.213415907366187        110.054800384819     
  0.215356558212765        107.312142676902     
  0.217314855943096        104.624362502808     
  0.219290961025256        101.990464273577     
  0.221285035386500        99.4094708007470     
  0.223297242426536        96.8804229610038     
  0.225327747030910        94.4023793666435     
  0.227376715584518        91.9744160417574     
  0.229444315985243        89.5956261040182     
  0.231530717657707        87.2651194519640     
  0.233636091567162        84.9820224576708     
  0.235760610233491        82.7454776647100     
  0.237904447745352        80.5546434912875     
  0.240067779774438        78.4086939384641     
  0.242250783589875        76.3068183033552     
  0.244453638072748        74.2482208972148     
  0.246676523730756        72.2321207683059     
  0.248919622713006        70.2577514294623     
  0.251183118824938        68.3243605902511     
  0.253467197543388        66.4312098936414     
  0.255772046031783        64.5775746570927     
  0.258097853155481        62.7627436179722     
  0.260444809497244        60.9860186832152     
  0.262813107372859        59.2467146831452     
  0.265202940846892        57.5441591293662     
  0.267614505748596        55.8776919766496     
  0.270047999687952        54.2466653887316     
  0.272503622071863        52.6504435079440     
  0.274981574120498        51.0884022285996     
  0.277482058883777        49.5599289740565     
  0.280005281258007        48.0644224773869     
  0.282551448002679        46.6012925655764     
  0.285120767757403        45.1699599471816     
  0.287713451059009        43.7698560033779     
  0.290329710358798        42.4004225823245     
  0.292969760039949        41.0611117967833     
  0.295633816435088        39.7513858249223     
  0.298322097844016        38.4707167142410     
  0.301034824551593        37.2185861885526     
  0.303772218845792        35.9944854579628     
  0.306534505035915        34.7979150317843     
  0.309321909470968        33.6283845343272     
  0.312134660558215        32.4854125235091     
  0.314972988781890        31.3685263122281     
  0.317837126722086        30.2772617924437     
  0.320727309073811        29.2111632619141     
  0.323643772666222        28.1697832535364     
  0.326586756482030        27.1526823672408     
  0.329556501677080        26.1594291043898     
  0.332553251600120        25.1895997046358     
  0.335577251812732        24.2427779851903     
  0.338628750109461        23.3185551824632     
  0.341707996538116        22.4165297960266     
  0.344815243420264        21.5363074348654     
  0.347950745371899        20.6775006658741     
  0.351114759324312        19.8397288645617     
  0.354307544545142        19.0226180679303     
  0.357529362659622        18.2258008294930     
  0.360780477672017        17.4489160763971     
  0.364061155987255        16.6916089686242     
  0.367371666432761        15.9535307602364     
  0.370712280280483        15.2343386626426     
  0.374083271269120        14.5336957098586     
  0.377484915626556        13.8512706257378     
  0.380917492092490        13.1867376931517     
  0.384381281941282        12.5397766250977     
  0.387876569004998        11.9100724377197     
  0.391403639696668        11.2973153252224     
  0.394962783033757        10.7012005366668     
  0.398554290661847        10.1214282546338     
  0.402178456878535        9.55770347574636     
  0.405835578657548        9.00973589304103     
  0.409525955673082        8.47723978018331     
  0.413249890324350        7.95993387752176     
  0.417007687760369        7.45754127997886     
  0.420799655904961        6.96978932677828     
  0.424626105481986        6.49640949300987     
  0.428487350040804        6.03713728303640     
  0.432383705981966        5.59171212574725     
  0.436315492583144        5.15987727166685     
  0.440283032025290        4.74137969192755     
  0.444286649419038        4.33596997911815     
  0.448326672831347        3.94340225002173     
  0.452403433312378        3.56343405025804     
  0.456517264922625        3.19582626084767     
  0.460668504760289        2.84034300671706     
  0.464857492988898        2.49675156716510     
  0.469084572865185        2.16482228831375     
  0.473350090767211        1.84432849756702     
  0.477654396222751        1.53504642010405     
  0.481997841937934        1.23675509743338     
  0.486380783826145       0.949236308037342     
  0.490803581037189       0.672274490136402     
  0.495266595986722       0.405656666604919     
  0.499770194385947       0.149172372070534     
  0.504314745271583      -9.738641776945300E-002
  0.508900621036101      -0.334225354580244     
  0.513528197458243      -0.561547783535605     
  0.518197853733814      -0.779554807142091     
  0.522909972506751      -0.988445346705532     
  0.527664939900481       -1.18841620140362     
  0.532463145549559       -1.37966210492843     
  0.537304982631597       -1.56237577966260     
  0.542190847899482       -1.73674798835366     
  0.547121141713887       -1.90296758325110     
  0.552096268076076       -2.06122155267187     
  0.557116634661010       -2.21169506496090     
  0.562182652850754       -2.35457150981450     
  0.567294737768184       -2.49003253693586     
  0.572453308311008       -2.61825809199407     
  0.577658787186086       -2.73942644985948     
  0.582911600944071       -2.85371424509120     
  0.588212180014362       -2.96129649965454     
  0.593560958740373       -3.06234664784959     
  0.598958375415124       -3.15703655843496     
  0.604404872317157       -3.24553655393431     
  0.609900895746778       -3.32801542711711     
  0.615446896062625       -3.40464045464910     
  0.621043327718578       -3.47557740791236     
  0.626690649300988       -3.54099056099935     
  0.632389323566267       -3.60104269589070     
  0.638139817478795       -3.65589510483128     
  0.643942602249194       -3.70570758992508     
  0.649798153372937       -3.75063845997487     
  0.655706950669310       -3.79084452459895     
  0.661669478320729       -3.82648108566360     
  0.667686224912420       -3.85770192607629     
  0.673757683472450       -3.88465929599157     
  0.679884351512128       -3.90750389648855     
  0.686066731066776       -3.92638486078609     
  0.692305328736862       -3.94144973306891     
  0.698600655729515       -3.95284444500551     
  0.704953227900414       -3.96071329004623     
  0.711363565796059       -3.96519889559709     
  0.717832194696427       -3.96644219317320     
  0.724359644658010       -3.96458238664245     
  0.730946450557257       -3.95975691867836     
  0.737593152134396       -3.95210143554779     
  0.744300294037665       -3.94174975036706     
  0.751068425867942       -3.92883380496676     
  0.757898102223782       -3.91348363051256     
  0.764789882746857       -3.89582730703591     
  0.771744332167820       -3.87599092203481     
  0.778762020352580       -3.85409852831067     
  0.785843522348994       -3.83027210121277     
  0.792989418433994       -3.80463149546685     
  0.800200294161129       -3.77729440176876     
  0.807476740408557       -3.74837630332788     
  0.814819353427451       -3.71799043254855     
  0.822228734890868       -3.68624772803983     
  0.829705491943046       -3.65325679214639     
  0.837250237249154       -3.61912384919361     
  0.844863589045501       -3.58395270464099     
  0.852546171190191       -3.54784470533691     
  0.860298613214246       -3.51089870106651     
  0.868121550373188       -3.47321100758197     
  0.876015623699099       -3.43487537130150     
  0.883981480053145       -3.39598293585876     
  0.892019772178582       -3.35662221067947     
  0.900131158754245       -3.31687904175593     
  0.908316304448519       -3.27683658478286     
  0.916575879973807       -3.23657528081025     
  0.924910562141488       -3.19617283455973     
  0.933321033917377       -3.15570419554140     
  0.941807984477689       -3.11524154209719     
  0.950372109265514       -3.07485426848543     
  0.959014110047798       -3.03460897510917     
  0.967734694972854       -2.99456946197750     
  0.976534578628386       -2.95479672547600     
  0.985414482100045       -2.91534895850796     
  0.994375133030515       -2.87628155405348     
   1.00341726567914       -2.83764711217865     
   1.01254162098210       -2.79949545051166     
   1.02174894661309       -2.76187361818716     
   1.03103999704464       -2.72482591324471     
   1.04041553360991       -2.68839390345170     
   1.04987632456505       -2.65261645050559     
   1.05942314515220       -2.61752973755541     
   1.06905677766300       -2.58316729996761     
   1.07877801150267       -2.54956005924729     
   1.08858764325472       -2.51673636001207     
   1.09848647674623       -2.48472200990328     
   1.10847532311369       -2.45354032230690     
   1.11855500086948       -2.42321216174580     
   1.12872633596897       -2.39375599179480     
   1.13899016187813       -2.36518792536114     
   1.14934731964192       -2.33752177716543     
   1.15979865795312       -2.31076911825163     
   1.17034503322193       -2.28493933234984     
   1.18098730964612       -2.26003967391161     
   1.19172635928186       -2.23607532763590     
   1.20256306211518       -2.21304946930223     
   1.21349830613405       -2.19096332772893     
   1.22453298740118       -2.16981624767600     
   1.23566801012741       -2.14960575351553     
   1.24690428674586       -2.13032761349763     
   1.25824273798663       -2.11197590444559     
   1.26968429295228       -2.09454307672124     
   1.28122988919397       -2.07802001931003     
   1.29288047278829       -2.06239612488419     
   1.30463699841473       -2.04765935471309     
   1.31650042943399       -2.03379630330031     
   1.32847173796685       -2.02079226263885     
   1.34055190497388       -2.00863128598775     
   1.35274192033579       -1.99729625108581     
   1.36504278293455       -1.98676892273048     
   1.37745550073526       -1.97703001466268     
   1.38998109086870       -1.96805925071050     
   1.40262057971474       -1.95983542515677     
   1.41537500298639       -1.95233646230743     
   1.42824540581469       -1.94553947524822     
   1.44123284283437       -1.93942082378770     
   1.45433837827023       -1.93395617159433     
   1.46756308602436       -1.92912054254328     
   1.48090804976417       -1.92488837629677     
   1.49437436301114       -1.92123358314741     
   1.50796312923046       -1.91812959815976     
   1.52167546192143       -1.91554943464870     
   1.53551248470871       -1.91346573703608     
   1.54947533143442       -1.91185083312838     
   1.56356514625099       -1.91067678585813     
   1.57778308371498       -1.90991544453034     
   1.59213030888163       -1.90953849561315     
   1.60660799740038       -1.90951751310770     
   1.62121733561117       -1.90982400852772     
   1.63595952064165       -1.91042948051333     
   1.65083576050531       -1.91130546409677     
   1.66584727420045       -1.91242357962997     
   1.68099529181002       -1.91375558137557     
   1.69628105460252       -1.91527340575385     
   1.71170581513361       -1.91694921922851     
   1.72727083734882       -1.91875546580410     
   1.74297739668705       -1.92066491409809     
   1.75882678018518       -1.92265070393977     
   1.77482028658344       -1.92468639243827     
   1.79095922643187       -1.92674599945148     
   1.80724492219774       -1.92880405237809     
   1.82367870837386       -1.93083563018521     
   1.84026193158795       -1.93281640657496     
   1.85699595071303       -1.93472269218536     
   1.87388213697871       -1.93653147571284     
   1.89092187408357       -1.93822046383684     
   1.90811655830857       -1.93976811982126     
   1.92546759863144       -1.94115370066211     
   1.94297641684212       -1.94235729264716     
   1.96064444765932       -1.94335984519024     
   1.97847313884803       -1.94414320280135     
   1.99646395133817       -1.94469013505311     
