                                                  

     Z,SCF,CCSD
   1.679,   -127.0556129,   -127.8434265
   1.629,   -127.0560577,   -127.8463754
   1.579,   -127.0556059,   -127.8485010
   1.529,   -127.0540747,   -127.8495512
   1.479,   -127.0512343,   -127.8492097
   1.429,   -127.0467864,   -127.8470847
   1.379,   -127.0403357,   -127.8426973
   1.329,   -127.0313579,   -127.8354504
   1.279,   -127.0191654,   -127.8246067
   1.229,   -127.0028675,   -127.8092374
   1.179,   -126.9813185,   -127.7881614
                                                  
