                                                  

     Z,SCF,CCSD
   1.985,   -141.6716312,   -142.6536501
   1.935,   -141.6706676,   -142.6565477
   1.885,   -141.6679964,   -142.6585673
   1.835,   -141.6632361,   -142.6594128
   1.785,   -141.6559463,   -142.6586811
   1.735,   -141.6456252,   -142.6558233
   1.685,   -141.6317098,   -142.6500794
   1.635,   -141.6135754,   -142.6404623
   1.585,   -141.5905290,   -142.6257329
   1.535,   -141.5618108,   -142.6043814
   1.485,   -141.5266533,   -142.5745388
                                                  

     Z,SCF,CCSD
   1.985,   -141.6716312,   -142.6536501
   1.935,   -141.6706676,   -142.6565476
   1.885,   -141.6679964,   -142.6585673
   1.835,   -141.6632361,   -142.6594128
   1.785,   -141.6559463,   -142.6586811
   1.735,   -141.6456252,   -142.6558233
   1.685,   -141.6317098,   -142.6500794
   1.635,   -141.6135754,   -142.6404623
   1.585,   -141.5905290,   -142.6257329
   1.535,   -141.5618108,   -142.6043814
   1.485,   -141.5266533,   -142.5745388
                                                  
